pointID glacierID mankoffID
132 132 
133 133 
134 134 164
135 135 166
136 136 170
137 137 
138 138 
139 139 
140 140 
141 141 
142 142 181
143 143 
144 144 183
145 145 185
146 146 186
147 147 187,189
148 148 193
149 149 197
150 150 191
151 151 188
152 152 
153 153 190
154 154 202
155 155 203,204
156 156 205
157 157 
158 158 206,207,208
159 159 209
160 160 210
161 161 211
162 162 212
163 163
164 164 
165 165 224
166 166 225
167 167
168 168 226
169 169 227
170 170 
171 171 
172 172 
173 173 228
174 174 230
175 175 231
176 176 238
177 177 
178 178 
179 179 239
180 180 
181 181 244
182 182 245
183 183 246,251,252
184 184 254,257,258
185 185 259,260
186 186 264,266
187 187 272,274
188 188 276
189 189 286,287
190 190 290,292
191 191 299
192 192 302
193 193 303
194 194 304
195 195 305,306
196 196 316
197 197 323
198 198 324,325
199 199 326,329
200 200 332,333
201 201 336
202 202 349
210 217 223,216
211 220 277,281
212 229 314
213 230 318,319
214 231 320,322
215 234 341
317 226 308
318 227 309
319 228 310
320 233 331
800 216 192
801 801 194
802 802 200
803 803 218
804 804 
805 235 350
