index,id,lon,lat,x,y,elev,Z2012_sector,Z2012_sector_dist,M2019_ID,M2019_ID_dist,M2019_basin,M2019_region,M2020_gate,M2020_gate_dist,B2015_name,B2015_dist,domain,upstream,coast_id,coast_lon,coast_lat,coast_x,coast_y
0,92946,-32.554,68.638,504350,-2285150,-1,33,2209,250,368,NORDFJORD,CE,188,6383,Styrtegletsjer,9615,land,False,-1,,,-1,-1
1,92948,-32.516,68.634,505950,-2285250,22,33,908,250,1931,NORDFJORD,CE,188,5350,Styrtegletsjer,8818,land,False,-1,,,-1,-1
2,92955,-32.567,68.638,503850,-2285350,-1,33,2746,250,0,NORDFJORD,CE,188,6895,Nordfjord Gletsjer,9752,land,False,-1,,,-1,-1
3,92958,-32.507,68.633,506350,-2285350,-1,33,858,251,1702,STYRTE,CE,188,5200,Styrtegletsjer,8720,land,False,-1,,,-1,-1
4,92974,-32.465,68.628,508150,-2285550,14,33,1989,251,0,STYRTE,CE,188,4669,Styrtegletsjer,8277,land,False,-1,,,-1,-1
5,93033,-32.588,68.628,503250,-2286550,2,33,3810,250,90,NORDFJORD,CE,188,8136,Nordfjord Gletsjer,10507,land,False,-1,,,-1,-1
6,93038,-32.462,68.617,508550,-2286650,5,33,2998,251,0,STYRTE,CE,188,5566,Styrtegletsjer,9265,land,False,-1,,,-1,-1
7,93043,-32.467,68.617,508350,-2286750,1,33,2938,251,0,STYRTE,CE,188,5729,Styrtegletsjer,9402,land,False,-1,,,-1,-1
8,93062,-32.583,68.623,503550,-2287050,-1,33,3870,250,643,NORDFJORD,CE,188,8277,Nordfjord Gletsjer,11088,land,False,-1,,,-1,-1
9,93078,-32.575,68.621,503950,-2287250,-1,33,3725,250,1077,NORDFJORD,CE,188,8162,Nordfjord Gletsjer,11448,land,False,-1,,,-1,-1
10,93162,-32.463,68.599,508950,-2288650,-1,33,4840,251,1442,STYRTE,CE,188,7393,Styrtegletsjer,11186,land,False,-1,,,-1,-1
11,93184,-32.573,68.602,504450,-2289250,-1,33,5159,250,1555,NORDFJORD,CE,188,9519,Styrtegletsjer,13059,land,False,-1,,,-1,-1
12,93185,-32.444,68.592,509850,-2289250,-1,33,5836,251,2455,STYRTE,CE,188,7869,Styrtegletsjer,11719,land,False,-1,,,-1,-1
13,93215,-32.426,68.585,510750,-2289850,-1,33,6857,256,2551,ICE_CAPS_CE,CE,188,8451,Styrtegletsjer,12324,land,False,-1,,,-1,-1
14,93228,-32.561,68.594,505150,-2290050,-1,33,5704,250,2514,NORDFJORD,CE,188,9914,Styrtegletsjer,13502,land,False,-1,,,-1,-1
15,93231,-32.418,68.582,511150,-2290150,17,33,7343,256,2327,ICE_CAPS_CE,CE,188,8767,Styrtegletsjer,12647,land,False,-1,,,-1,-1
16,93255,-32.418,68.577,511250,-2290650,-1,33,7795,256,2197,ICE_CAPS_CE,CE,188,9272,Styrtegletsjer,13153,land,False,-1,,,-1,-1
17,93300,-32.418,68.569,511450,-2291550,25,33,7626,256,1966,ICE_CAPS_CE,CE,188,10185,Styrtegletsjer,14067,land,False,-1,,,-1,-1
18,93370,-32.649,68.576,502050,-2292850,43,33,6454,250,2956,NORDFJORD,CE,194,12358,Nordfjord Gletsjer,16103,land,False,-1,,,-1,-1
19,93388,-32.612,68.571,503650,-2293050,23,33,7882,250,4119,NORDFJORD,CE,194,13184,Nordfjord Gletsjer,16708,land,False,-1,,,-1,-1
20,93414,-32.754,68.579,497750,-2293350,-98,33,3915,102,0,KANGERLUSSUAQ,CE,194,10034,Nordfjord Gletsjer,16258,land,False,-1,,,-1,-1
21,93416,-32.664,68.572,501550,-2293350,12,33,6407,250,3222,NORDFJORD,CE,194,11662,Nordfjord Gletsjer,16496,land,False,-1,,,-1,-1
22,93430,-32.407,68.551,512350,-2293450,17,33,6552,256,16,ICE_CAPS_CE,CE,191,10256,Styrtegletsjer,16055,land,False,-1,,,-1,-1
23,93439,-32.722,68.575,499150,-2293550,12,33,5160,102,1130,KANGERLUSSUAQ,CE,194,10321,Nordfjord Gletsjer,16443,land,False,-1,,,-1,-1
24,93453,-32.402,68.547,512650,-2293750,29,33,6271,256,268,ICE_CAPS_CE,CE,191,10029,Styrtegletsjer,16394,land,False,-1,,,-1,-1
25,93480,-32.791,68.573,496450,-2294350,-645,33,2549,102,0,KANGERLUSSUAQ,CE,194,8770,Kangerlussuaq Gletsjer,16284,land,False,-1,,,-1,-1
26,93491,-32.398,68.541,512950,-2294450,36,33,6077,256,989,ICE_CAPS_CE,CE,191,9930,Courtauld Gletsjer,16645,land,False,-1,,,-1,-1
27,93525,-32.395,68.533,513250,-2295250,18,33,5961,252,1805,COURTAULD,CE,191,9926,Courtauld Gletsjer,16882,land,False,-1,,,-1,-1
28,93545,-32.830,68.565,495050,-2295550,-643,33,1704,102,0,KANGERLUSSUAQ,CE,194,7342,Kangerlussuaq Gletsjer,15836,land,False,-1,,,-1,-1
29,93590,-32.393,68.521,513650,-2296550,-25,33,5858,252,1299,COURTAULD,CE,191,10153,Courtauld Gletsjer,17415,land,False,-1,,,-1,-1
30,93598,-32.848,68.556,494550,-2296750,-204,33,1877,102,0,KANGERLUSSUAQ,CE,194,6051,Kangerlussuaq Gletsjer,16241,land,False,-1,,,-1,-1
31,93611,-32.188,68.501,522350,-2296950,4,33,3346,252,0,COURTAULD,CE,191,5389,Courtauld Gletsjer,12815,land,False,-1,,,-1,-1
32,93615,-32.196,68.500,522050,-2297050,-3,33,3138,252,0,COURTAULD,CE,191,5532,Courtauld Gletsjer,13010,land,False,-1,,,-1,-1
33,93622,-32.843,68.552,494850,-2297150,-91,33,2330,97,0,UNNAMED_KANGER_E,CE,194,5755,Kangerlussuaq Gletsjer,16734,land,False,-1,,,-1,-1
34,93623,-32.227,68.502,520750,-2297150,-1,33,2229,252,0,COURTAULD,CE,191,5982,Courtauld Gletsjer,13605,land,False,-1,,,-1,-1
35,93633,-32.230,68.501,520650,-2297250,-1,33,2252,252,95,COURTAULD,CE,191,6106,Courtauld Gletsjer,13738,land,False,-1,,,-1,-1
36,93640,-32.383,68.513,514250,-2297350,-8,33,5505,252,1250,COURTAULD,CE,191,10090,Courtauld Gletsjer,17538,land,False,-1,,,-1,-1
37,93659,-32.817,68.545,496050,-2297650,-45,33,3398,97,0,UNNAMED_KANGER_E,CE,194,5452,Kangerlussuaq Gletsjer,17956,land,False,-1,,,-1,-1
38,93678,-32.189,68.491,522550,-2297950,-1,33,4070,256,32,ICE_CAPS_CE,CE,191,6365,Courtauld Gletsjer,13705,land,False,-1,,,-1,-1
39,93684,-32.237,68.494,520550,-2298050,32,33,2908,252,710,COURTAULD,CE,191,6899,Courtauld Gletsjer,14506,land,False,-1,,,-1,-1
40,93708,-32.369,68.502,515050,-2298450,38,33,5316,252,2157,COURTAULD,CE,191,10184,Courtauld Gletsjer,17812,land,False,-1,,,-1,-1
41,93721,-32.186,68.485,522850,-2298650,34,33,4758,256,0,ICE_CAPS_CE,CE,191,7051,Courtauld Gletsjer,14296,land,False,-1,,,-1,-1
42,93791,-32.369,68.494,515250,-2299250,-8,33,5667,252,2685,COURTAULD,CE,191,10618,Kælvegletsjer,17246,land,False,-1,,,-1,-1
43,93804,-32.700,68.519,501350,-2299450,-1,33,8204,256,2448,ICE_CAPS_CE,CE,194,7274,Kælvegletsjer,21665,land,False,-1,,,-1,-1
44,93836,-32.790,68.524,497650,-2299750,2,33,4523,97,1706,UNNAMED_KANGER_E,CE,194,4193,Apuseeq Qinnilik,20457,land,False,-1,,,-1,-1
45,93838,-32.771,68.522,498450,-2299750,9,33,5305,256,1649,ICE_CAPS_CE,CE,194,4739,Kangerlussuaq Gletsjer,21145,land,False,-1,,,-1,-1
46,93847,-32.786,68.523,497850,-2299850,5,33,4697,256,1742,ICE_CAPS_CE,CE,194,4247,Apuseeq Qinnilik,20679,land,False,-1,,,-1,-1
47,93853,-32.190,68.473,522950,-2299950,-1,33,5790,256,1138,ICE_CAPS_CE,CE,191,8350,Courtauld Gletsjer,15532,land,False,-1,,,-1,-1
48,93872,-32.368,68.484,515550,-2300350,-1,33,6280,252,3388,COURTAULD,CE,191,11270,Kælvegletsjer,16159,land,False,-1,,,-1,-1
49,93887,-32.366,68.482,515650,-2300550,32,33,6380,252,3520,COURTAULD,CE,191,11370,Kælvegletsjer,15965,land,False,-1,,,-1,-1
50,93898,-32.192,68.467,523050,-2300650,-1,33,6413,256,819,ICE_CAPS_CE,CE,191,9050,Courtauld Gletsjer,16192,land,False,-1,,,-1,-1
51,93909,-32.254,68.471,520450,-2300750,-1,33,5471,256,2858,ICE_CAPS_CE,CE,191,9498,Kælvegletsjer,16745,land,False,-1,,,-1,-1
52,93916,-32.641,68.502,504150,-2300850,3,33,10834,256,486,ICE_CAPS_CE,CE,194,9399,Kælvegletsjer,18882,land,False,-1,,,-1,-1
53,93952,-32.191,68.460,523250,-2301450,-1,33,7190,256,32,ICE_CAPS_CE,CE,191,9850,Courtauld Gletsjer,16934,land,False,-1,,,-1,-1
54,93970,-32.645,68.495,504150,-2301650,-1,33,10843,256,0,ICE_CAPS_CE,CE,194,9249,Kælvegletsjer,18224,land,False,-1,,,-1,-1
55,93991,-32.631,68.490,504850,-2302050,-2,33,10636,256,573,ICE_CAPS_CE,CE,194,9895,Kælvegletsjer,17496,land,False,-1,,,-1,-1
56,94008,-32.269,68.458,520150,-2302350,-1,33,7009,256,3165,ICE_CAPS_CE,CE,191,11121,Kælvegletsjer,15141,land,False,-1,,,-1,-1
57,94031,-32.615,68.483,505650,-2302650,-1,33,9720,256,1541,ICE_CAPS_CE,CE,194,10655,Kælvegletsjer,16552,land,False,-1,,,-1,-1
58,94051,-32.379,68.462,515650,-2302850,35,33,8353,252,5682,COURTAULD,CE,191,13291,Kælvegletsjer,13669,land,False,-1,,,-1,-1
59,94070,-32.608,68.478,506050,-2303150,-1,33,9090,256,1926,ICE_CAPS_CE,CE,194,11050,Kælvegletsjer,15914,land,False,-1,,,-1,-1
60,94082,-32.284,68.450,519750,-2303350,18,33,7976,256,3910,ICE_CAPS_CE,CE,191,12191,Kælvegletsjer,14064,land,False,-1,,,-1,-1
61,94103,-32.596,68.473,506650,-2303650,-1,33,8375,256,2526,ICE_CAPS_CE,CE,194,11658,Kælvegletsjer,15170,land,False,-1,,,-1,-1
62,94114,-32.204,68.439,523250,-2303850,13,32,9137,256,1548,ICE_CAPS_CE,CE,191,12250,Kælvegletsjer,15241,land,False,-1,,,-1,-1
63,94160,-32.295,68.440,519550,-2304550,-1,33,9169,256,4749,ICE_CAPS_CE,CE,191,13401,Kælvegletsjer,12874,land,False,-1,,,-1,-1
64,94185,-32.579,68.460,507650,-2304850,-1,33,6871,256,2496,ICE_CAPS_CE,CE,194,12757,Kælvegletsjer,13623,land,False,-1,,,-1,-1
65,94186,-32.375,68.444,516250,-2304850,6,33,8634,256,6819,ICE_CAPS_CE,CE,191,14789,Kælvegletsjer,11737,land,False,-1,,,-1,-1
66,94191,-32.210,68.429,523250,-2304950,-51,32,8602,256,2600,ICE_CAPS_CE,CE,191,13350,Kælvegletsjer,14342,land,False,-1,,,-1,-1
67,94209,-32.576,68.457,507850,-2305150,-7,33,6518,256,2426,ICE_CAPS_CE,CE,194,12997,Kælvegletsjer,13263,land,False,-1,,,-1,-1
68,94255,-32.317,68.433,518850,-2305550,8,33,9576,256,5887,ICE_CAPS_CE,CE,191,14554,Kælvegletsjer,11688,land,False,-1,,,-1,-1
69,94272,-32.210,68.421,523450,-2305850,-1,32,8048,256,3455,ICE_CAPS_CE,CE,191,14252,Kælvegletsjer,13754,land,False,-1,,,-1,-1
70,94312,-32.577,68.447,508050,-2306250,40,33,5427,256,2023,ICE_CAPS_CE,CE,194,13401,Kælvegletsjer,12225,land,False,-1,,,-1,-1
71,94323,-32.570,68.446,508350,-2306350,-1,33,5218,256,1868,ICE_CAPS_CE,CE,194,13716,Kælvegletsjer,11979,land,False,-1,,,-1,-1
72,94448,-32.542,68.430,509850,-2307850,23,33,3379,256,112,ICE_CAPS_CE,CE,194,15561,Kælvegletsjer,9922,land,False,-1,,,-1,-1
73,94474,-32.189,68.399,524850,-2308050,68,32,6120,256,1888,ICE_CAPS_CE,CE,191,16532,Nordre Syenitgletsjer,13124,land,False,-1,,,-1,-1
74,94516,-32.168,68.392,525850,-2308650,30,32,5072,256,864,ICE_CAPS_CE,CE,191,17254,Sidegletsjer,12310,land,False,-1,,,-1,-1
75,94523,-32.535,68.421,510350,-2308750,71,33,2455,256,0,ICE_CAPS_CE,CE,194,16322,Kælvegletsjer,8892,land,False,-1,,,-1,-1
76,94525,-32.150,68.389,526650,-2308750,63,32,4269,256,64,ICE_CAPS_CE,CE,191,17493,Sidegletsjer,11523,land,False,-1,,,-1,-1
77,94579,-32.147,68.386,526850,-2309050,21,32,4073,256,37,ICE_CAPS_CE,CE,191,17827,Sidegletsjer,11234,land,False,-1,,,-1,-1
78,94669,-32.125,68.377,527950,-2309850,83,32,3132,256,1200,ICE_CAPS_CE,CE,191,18858,Sidegletsjer,9942,land,False,-1,,,-1,-1
79,94732,-32.520,68.405,511350,-2310350,4,33,1320,256,1691,ICE_CAPS_CE,CE,194,17845,Kælvegletsjer,7008,land,False,-1,,,-1,-1
80,94788,-32.513,68.401,511750,-2310750,-49,33,1220,256,2257,ICE_CAPS_CE,CE,194,18372,Kælvegletsjer,6466,land,False,-1,,,-1,-1
81,94900,-32.110,68.361,528950,-2311450,-11,32,3261,256,34,ICE_CAPS_CE,CE,191,20666,Sidegletsjer,8615,land,False,-1,,,-1,-1
82,94920,-32.495,68.392,512650,-2311550,2,33,1078,253,1725,KOLVEGLETSJER,CE,194,19525,Kælvegletsjer,5359,land,False,-1,,,-1,-1
83,94944,-32.103,68.358,529350,-2311750,98,32,3297,256,0,ICE_CAPS_CE,CE,191,21067,Sidegletsjer,8179,land,False,-1,,,-1,-1
84,94979,-32.477,68.386,513550,-2312050,1,33,1190,253,903,KOLVEGLETSJER,CE,194,20552,Kælvegletsjer,4593,land,False,-1,,,-1,-1
85,94980,-32.107,68.355,529250,-2312050,10,32,3609,256,27,ICE_CAPS_CE,CE,191,21326,Sidegletsjer,8249,land,False,-1,,,-1,-1
86,95007,-32.454,68.383,514550,-2312250,-35,33,1913,253,19,KOLVEGLETSJER,CE,200,20733,Kælvegletsjer,4242,land,False,-1,,,-1,-1
87,95068,-32.408,68.373,516650,-2312850,-43,33,3883,253,0,KOLVEGLETSJER,CE,200,20531,Kælvegletsjer,4113,land,False,-1,,,-1,-1
88,95165,-32.399,68.367,517150,-2313450,-1,33,4410,253,0,KOLVEGLETSJER,CE,200,20075,Kælvegletsjer,3883,land,False,-1,,,-1,-1
89,95167,-32.321,68.361,520450,-2313450,3,33,7698,253,2467,KOLVEGLETSJER,CE,200,21195,Kælvegletsjer,6475,land,False,-1,,,-1,-1
90,95182,-32.393,68.366,517450,-2313550,-11,33,4720,253,0,KOLVEGLETSJER,CE,200,20062,Kælvegletsjer,4003,land,False,-1,,,-1,-1
91,95226,-32.359,68.360,518950,-2313850,-1,33,6247,253,915,KOLVEGLETSJER,CE,200,20254,Kælvegletsjer,4975,land,False,-1,,,-1,-1
92,95233,-32.098,68.337,530050,-2313950,5,32,5174,256,1765,ICE_CAPS_CE,CE,197,21676,Sidegletsjer,7527,land,False,-1,,,-1,-1
93,95387,-31.554,68.277,553550,-2315350,-73,32,283,100,0,FREDERIKSBORG_GLETSCHER,CE,197,5506,Dobbeltgletsjeren,7620,land,False,-1,,,-1,-1
94,95388,-31.550,68.277,553750,-2315350,-74,32,329,100,0,FREDERIKSBORG_GLETSCHER,CE,197,5555,Dobbeltgletsjeren,7704,land,False,-1,,,-1,-1
95,95424,-31.537,68.273,554350,-2315650,-43,32,760,100,0,FREDERIKSBORG_GLETSCHER,CE,197,5746,Dobbeltgletsjeren,7721,land,False,-1,,,-1,-1
96,95520,-32.085,68.315,531150,-2316250,10,32,5285,256,90,ICE_CAPS_CE,CE,197,21134,Sidegletsjer,7250,land,False,-1,,,-1,-1
97,95527,-31.902,68.299,538950,-2316350,-1,32,1899,256,0,ICE_CAPS_CE,CE,197,13886,Sidegletsjer,3933,land,False,-1,,,-1,-1
98,95528,-31.897,68.298,539150,-2316350,-1,32,2096,256,0,ICE_CAPS_CE,CE,197,13707,Sidegletsjer,4013,land,False,-1,,,-1,-1
99,95554,-31.652,68.275,549650,-2316550,5,32,2236,100,2625,FREDERIKSBORG_GLETSCHER,CE,197,6586,Dobbeltgletsjeren,5805,land,False,-1,,,-1,-1
100,95558,-31.523,68.264,555150,-2316550,1,32,1822,100,0,FREDERIKSBORG_GLETSCHER,CE,197,6554,Dobbeltgletsjeren,7440,land,False,-1,,,-1,-1
101,95571,-31.911,68.297,538650,-2316650,-1,32,1550,256,0,ICE_CAPS_CE,CE,197,14288,Sidegletsjer,4118,land,False,-1,,,-1,-1
102,95600,-31.916,68.295,538450,-2316850,-1,32,1317,256,0,ICE_CAPS_CE,CE,197,14557,Sidegletsjer,4259,land,False,-1,,,-1,-1
103,95604,-31.593,68.267,552250,-2316850,-1,32,1440,100,1827,FREDERIKSBORG_GLETSCHER,CE,197,6681,Dobbeltgletsjeren,5748,land,False,-1,,,-1,-1
104,95606,-31.513,68.260,555650,-2316850,-1,32,2230,100,558,FREDERIKSBORG_GLETSCHER,CE,197,6850,Dobbeltgletsjeren,7548,land,False,-1,,,-1,-1
105,95623,-31.779,68.283,544350,-2316950,-248,32,461,100,0,FREDERIKSBORG_GLETSCHER,CE,197,9760,Sidegletsjer,8081,land,False,-1,,,-1,-1
106,95624,-31.776,68.282,544450,-2316950,-266,32,548,100,0,FREDERIKSBORG_GLETSCHER,CE,197,9688,Dobbeltgletsjeren,8026,land,False,-1,,,-1,-1
107,95630,-31.758,68.280,545250,-2317050,-312,32,1294,100,0,FREDERIKSBORG_GLETSCHER,CE,197,9205,Dobbeltgletsjeren,7378,land,False,-1,,,-1,-1
108,95650,-32.222,68.318,525550,-2317250,-131,33,4380,256,2978,ICE_CAPS_CE,CE,200,20757,Nordre Syenitgletsjer,6673,land,False,-1,,,-1,-1
109,95664,-32.051,68.302,532850,-2317350,11,32,3864,256,941,ICE_CAPS_CE,CE,197,19880,Sidegletsjer,6555,land,False,-1,,,-1,-1
110,95667,-31.837,68.284,541950,-2317350,16,32,1538,256,1135,ICE_CAPS_CE,CE,197,11850,Sidegletsjer,6451,land,False,-1,,,-1,-1
111,95752,-32.040,68.295,533450,-2318050,-1,32,3437,256,1396,ICE_CAPS_CE,CE,197,19591,Sidegletsjer,6691,land,False,-1,,,-1,-1
112,95753,-31.527,68.250,555350,-2318050,-1,32,3327,100,1354,FREDERIKSBORG_GLETSCHER,CE,197,8050,Dobbeltgletsjeren,6502,land,False,-1,,,-1,-1
113,95759,-31.921,68.284,538550,-2318150,10,32,1179,256,1013,ICE_CAPS_CE,CE,197,15110,Sidegletsjer,5551,land,False,-1,,,-1,-1
114,95842,-32.227,68.301,525750,-2319150,3,33,2510,256,2887,ICE_CAPS_CE,CE,201,19297,Nordre Syenitgletsjer,6330,land,False,-1,,,-1,-1
115,95880,-32.008,68.279,535150,-2319450,9,32,2103,256,1193,ICE_CAPS_CE,CE,197,18698,Sidegletsjer,7135,land,False,-1,,,-1,-1
116,95894,-31.554,68.239,554550,-2319550,5,32,4600,256,258,ICE_CAPS_CE,CE,197,9587,Dobbeltgletsjeren,4954,land,False,-1,,,-1,-1
117,95954,-32.214,68.290,526550,-2320150,2,33,1914,256,2096,ICE_CAPS_CE,CE,201,18376,Nordre Syenitgletsjer,7070,land,False,-1,,,-1,-1
118,95979,-31.575,68.233,553850,-2320350,-1,32,5216,256,674,ICE_CAPS_CE,CE,197,10396,Dobbeltgletsjeren,3937,land,False,-1,,,-1,-1
119,96207,-31.689,68.233,549250,-2321550,12,32,6487,256,188,ICE_CAPS_CE,CE,197,11551,Dobbeltgletsjeren,1400,land,False,-1,,,-1,-1
120,96221,-31.795,68.241,544750,-2321650,14,32,4389,256,3995,ICE_CAPS_CE,CE,197,13241,Dobbeltgletsjeren,5718,land,False,-1,,,-1,-1
121,96242,-31.698,68.231,548950,-2321850,4,32,6878,256,95,ICE_CAPS_CE,CE,197,11904,Dobbeltgletsjeren,1549,land,False,-1,,,-1,-1
122,96312,-32.185,68.268,528250,-2322350,-126,33,3008,256,1233,ICE_CAPS_CE,CE,201,16505,Søndre Syenitgletsjer,8817,land,False,-1,,,-1,-1
123,96370,-31.778,68.229,545750,-2322750,43,32,5759,256,2809,ICE_CAPS_CE,CE,197,13763,Dobbeltgletsjeren,4702,land,False,-1,,,-1,-1
124,96451,-31.904,68.236,540450,-2323250,-1,32,5315,256,6445,ICE_CAPS_CE,CE,197,17035,Dobbeltgletsjeren,10026,land,False,-1,,,-1,-1
125,96507,-31.784,68.223,545650,-2323550,-1,32,6472,256,2986,ICE_CAPS_CE,CE,197,14535,Dobbeltgletsjeren,4941,land,False,-1,,,-1,-1
126,96572,-32.161,68.251,529650,-2323950,12,33,4905,256,2685,ICE_CAPS_CE,CE,201,15374,Søndre Syenitgletsjer,10006,land,False,-1,,,-1,-1
127,96651,-31.798,68.216,545250,-2324350,10,32,7128,256,3625,ICE_CAPS_CE,CE,197,15428,Dobbeltgletsjeren,5570,land,False,-1,,,-1,-1
128,96734,-31.932,68.223,539650,-2324850,3,32,6387,256,7690,ICE_CAPS_CE,CE,202,17338,Dobbeltgletsjeren,11077,land,False,-1,,,-1,-1
129,96757,-31.762,68.208,546950,-2324950,-1,32,8255,256,2632,ICE_CAPS_CE,CE,197,15406,Dobbeltgletsjeren,4373,land,False,-1,,,-1,-1
130,96783,-31.987,68.226,537350,-2325050,-32,32,6183,256,7133,ICE_CAPS_CE,CE,202,16318,Sidegletsjer,12347,land,False,-1,,,-1,-1
131,96786,-31.716,68.203,548950,-2325050,7,32,9342,256,2089,ICE_CAPS_CE,CE,197,15050,Dobbeltgletsjeren,3120,land,False,-1,,,-1,-1
132,96824,-32.145,68.238,530650,-2325250,-116,33,6420,256,4184,ICE_CAPS_CE,CE,201,14559,Søndre Syenitgletsjer,11041,land,False,-1,,,-1,-1
133,96825,-31.915,68.218,540450,-2325250,3,32,7062,256,8328,ICE_CAPS_CE,CE,202,17332,Dobbeltgletsjeren,10407,land,False,-1,,,-1,-1
134,96901,-31.688,68.196,550250,-2325550,5,32,10128,256,1583,ICE_CAPS_CE,CE,197,15393,Forbindelsesgletsjer,2994,land,False,-1,,,-1,-1
135,96932,-31.789,68.204,545950,-2325650,16,32,8565,256,3815,ICE_CAPS_CE,CE,197,16383,Dobbeltgletsjeren,5593,land,False,-1,,,-1,-1
136,96951,-31.785,68.202,546150,-2325750,-1,32,8719,256,3758,ICE_CAPS_CE,CE,197,16412,Dobbeltgletsjeren,5496,land,False,-1,,,-1,-1
137,96953,-31.687,68.194,550350,-2325750,3,32,10313,256,1364,ICE_CAPS_CE,CE,197,15585,Forbindelsesgletsjer,2800,land,False,-1,,,-1,-1
138,96996,-31.728,68.196,548650,-2325950,18,32,9932,256,2149,ICE_CAPS_CE,CE,197,15988,Dobbeltgletsjeren,4058,land,False,-1,,,-1,-1
139,97047,-32.224,68.236,527450,-2326150,4,33,4102,256,2121,ICE_CAPS_CE,CE,201,12623,Søndre Syenitgletsjer,8017,land,False,-1,,,-1,-1
140,97093,-32.223,68.235,527550,-2326350,2,33,4289,256,2321,ICE_CAPS_CE,CE,201,12454,Søndre Syenitgletsjer,8163,land,False,-1,,,-1,-1
141,97094,-32.143,68.228,530950,-2326350,-40,33,7231,256,5098,ICE_CAPS_CE,CE,201,13715,Søndre Syenitgletsjer,11485,land,False,-1,,,-1,-1
142,97150,-31.899,68.204,541450,-2326650,6,32,8759,256,8052,ICE_CAPS_CE,CE,202,16628,Dobbeltgletsjeren,9977,land,False,-1,,,-1,-1
143,97168,-32.244,68.233,526750,-2326750,-1,33,3855,256,2101,ICE_CAPS_CE,CE,201,11884,Søndre Syenitgletsjer,7512,land,False,-1,,,-1,-1
144,97250,-31.692,68.182,550450,-2327150,-1,32,11693,256,45,ICE_CAPS_CE,CE,197,16976,Forbindelsesgletsjer,2253,land,False,-1,,,-1,-1
145,97290,-31.866,68.195,543050,-2327350,1,32,9934,256,7103,ICE_CAPS_CE,CE,202,16999,Dobbeltgletsjeren,8941,land,False,-1,,,-1,-1
146,97321,-32.290,68.230,524950,-2327450,-1,33,3381,256,2531,ICE_CAPS_CE,CE,201,10963,Søndre Syenitgletsjer,6168,land,False,-1,,,-1,-1
147,97343,-31.977,68.203,538350,-2327550,19,32,8750,254,9160,UNNAMED_DECEPTION_N,CE,202,14342,Dobbeltgletsjeren,13171,land,False,-1,,,-1,-1
148,97396,-32.387,68.235,520850,-2327750,7,33,2749,256,2419,ICE_CAPS_CE,CE,200,10363,Søndre Syenitgletsjer,3657,land,False,-1,,,-1,-1
149,97398,-32.362,68.233,521950,-2327750,6,33,2989,256,2440,ICE_CAPS_CE,CE,201,10885,Søndre Syenitgletsjer,4151,land,False,-1,,,-1,-1
150,97401,-32.331,68.231,523250,-2327750,6,33,3274,256,2465,ICE_CAPS_CE,CE,201,10692,Søndre Syenitgletsjer,4990,land,False,-1,,,-1,-1
151,97425,-31.684,68.174,550950,-2327850,40,32,12352,256,0,ICE_CAPS_CE,CE,197,17655,Forbindelsesgletsjer,1842,land,False,-1,,,-1,-1
152,97461,-32.124,68.211,532150,-2328050,7,33,9121,256,7142,ICE_CAPS_CE,CE,202,12550,Søndre Syenitgletsjer,13052,land,False,-1,,,-1,-1
153,97475,-31.740,68.177,548650,-2328150,6,32,11874,256,1673,ICE_CAPS_CE,CE,197,18159,Forbindelsesgletsjer,4143,land,False,-1,,,-1,-1
154,97513,-32.489,68.238,516650,-2328350,-1,33,2463,256,0,ICE_CAPS_CE,CE,200,6582,Søndre Syenitgletsjer,5044,land,False,-1,,,-1,-1
155,97539,-32.473,68.236,517350,-2328450,7,33,2894,256,536,ICE_CAPS_CE,CE,200,7051,Søndre Syenitgletsjer,4749,land,False,-1,,,-1,-1
156,97540,-32.410,68.231,520050,-2328450,8,33,3283,256,2880,ICE_CAPS_CE,CE,200,9326,Søndre Syenitgletsjer,4174,land,False,-1,,,-1,-1
157,97640,-32.494,68.234,516550,-2328850,-1,33,2898,256,0,ICE_CAPS_CE,CE,200,6177,Søndre Syenitgletsjer,5509,land,False,-1,,,-1,-1
158,97643,-31.788,68.174,546750,-2328850,14,32,11862,256,3697,ICE_CAPS_CE,CE,202,18546,Basisgletsjer,6013,land,False,-1,,,-1,-1
159,97667,-31.725,68.168,549450,-2328950,2,32,12945,256,1481,ICE_CAPS_CE,CE,197,18851,Forbindelsesgletsjer,3656,land,False,-1,,,-1,-1
160,97691,-31.812,68.175,545750,-2329050,44,32,11828,256,4708,ICE_CAPS_CE,CE,202,17652,Basisgletsjer,6859,land,False,-1,,,-1,-1
161,97713,-32.203,68.207,529050,-2329150,8,33,7169,256,5384,ICE_CAPS_CE,CE,201,10353,Søndre Syenitgletsjer,10580,land,False,-1,,,-1,-1
162,97792,-32.153,68.199,531250,-2329550,4,33,7790,254,5627,UNNAMED_DECEPTION_N,CE,202,11090,Søndre Syenitgletsjer,12735,land,False,-1,,,-1,-1
163,97931,-31.711,68.156,550350,-2330150,-1,32,14426,256,2199,ICE_CAPS_CE,CE,197,19977,Basisgletsjer,2233,land,False,-1,,,-1,-1
164,98015,-31.749,68.154,548850,-2330650,2,32,14245,256,3191,ICE_CAPS_CE,CE,202,19225,Basisgletsjer,3425,land,False,-1,,,-1,-1
165,98093,-31.700,68.146,551050,-2331050,-1,32,15544,256,2751,ICE_CAPS_CE,CE,197,20852,Basisgletsjer,1196,land,False,-1,,,-1,-1
166,98107,-32.490,68.213,517250,-2331150,69,33,2905,254,0,UNNAMED_DECEPTION_N,CE,200,5636,Søndre Syenitgletsjer,7263,land,False,-1,,,-1,-1
167,98254,-32.270,68.189,526750,-2331750,2,33,5516,254,3403,UNNAMED_DECEPTION_N,CE,201,7053,Søndre Syenitgletsjer,10295,land,False,-1,,,-1,-1
168,98332,-31.711,68.136,550850,-2332250,-1,33,16383,256,3699,ICE_CAPS_CE,CE,202,20251,Basisgletsjer,1575,land,False,-1,,,-1,-1
169,98359,-32.485,68.201,517750,-2332450,-1,33,2728,254,212,UNNAMED_DECEPTION_N,CE,200,5798,Søndre Syenitgletsjer,8373,land,False,-1,,,-1,-1
170,98378,-32.450,68.197,519250,-2332550,12,33,4170,254,0,UNNAMED_DECEPTION_N,CE,200,7035,Søndre Syenitgletsjer,8265,land,False,-1,,,-1,-1
171,98394,-32.476,68.198,518150,-2332650,-1,33,3074,254,0,UNNAMED_DECEPTION_N,CE,200,6151,Søndre Syenitgletsjer,8488,land,False,-1,,,-1,-1
172,98413,-32.451,68.195,519250,-2332750,14,33,4127,254,0,UNNAMED_DECEPTION_N,CE,200,6911,Søndre Syenitgletsjer,8464,land,False,-1,,,-1,-1
173,98432,-31.621,68.123,554850,-2332850,6,32,17629,256,3299,ICE_CAPS_CE,CE,197,22856,Hammer Gletsjer,664,land,False,-1,,,-1,-1
174,98467,-31.627,68.122,554650,-2333050,-1,32,17791,256,3496,ICE_CAPS_CE,CE,197,23052,Hammer Gletsjer,924,land,False,-1,,,-1,-1
175,98468,-31.613,68.120,555250,-2333050,10,32,17902,256,3538,ICE_CAPS_CE,CE,197,23050,Hammer Gletsjer,855,land,False,-1,,,-1,-1
176,98585,-32.230,68.167,528950,-2333750,15,33,3197,254,976,UNNAMED_DECEPTION_N,CE,201,6505,Søndre Syenitgletsjer,13262,land,False,-1,,,-1,-1
177,98759,-31.671,68.111,553150,-2334650,3,33,17978,256,5079,ICE_CAPS_CE,CE,202,21586,Tindegletsjer,1385,land,False,-1,,,-1,-1
178,98821,-32.238,68.157,528850,-2334950,5,33,1994,254,0,UNNAMED_DECEPTION_N,CE,201,5561,Søndre Syenitgletsjer,14077,land,False,-1,,,-1,-1
179,98850,-32.179,68.150,531450,-2335150,-1,33,2975,254,327,UNNAMED_DECEPTION_N,CE,202,5501,Søndre Syenitgletsjer,16033,land,False,-1,,,-1,-1
180,98868,-32.023,68.136,538150,-2335250,-1,33,3698,254,2067,UNNAMED_DECEPTION_N,CE,202,7853,Tindegletsjer,13689,land,False,-1,,,-1,-1
181,98893,-31.688,68.106,552550,-2335350,8,33,17237,256,5848,ICE_CAPS_CE,CE,202,20822,Tindegletsjer,1279,land,False,-1,,,-1,-1
182,98906,-32.225,68.151,529550,-2335450,7,33,1672,254,0,UNNAMED_DECEPTION_N,CE,202,5494,Søndre Syenitgletsjer,14915,land,False,-1,,,-1,-1
183,98926,-32.211,68.149,530150,-2335550,9,33,1913,254,0,UNNAMED_DECEPTION_N,CE,202,5290,Søndre Syenitgletsjer,15392,land,False,-1,,,-1,-1
184,98985,-32.062,68.133,536650,-2335950,3,33,2174,254,589,UNNAMED_DECEPTION_N,CE,202,6299,Tindegletsjer,15245,land,False,-1,,,-1,-1
185,98986,-31.617,68.094,555750,-2335950,9,33,20222,256,6481,ICE_CAPS_CE,CE,202,23808,Hammer Gletsjer,3797,land,False,-1,,,-1,-1
186,99060,-32.072,68.128,536350,-2336550,-1,33,1513,254,0,UNNAMED_DECEPTION_N,CE,202,5657,Tindegletsjer,15618,land,False,-1,,,-1,-1
187,99127,-32.063,68.122,536850,-2337150,-1,33,1552,254,28,UNNAMED_DECEPTION_N,CE,202,5630,Tindegletsjer,15224,land,False,-1,,,-1,-1
188,99166,-32.047,68.117,537650,-2337550,-1,33,2222,254,4,UNNAMED_DECEPTION_N,CE,202,6071,Tindegletsjer,14523,land,False,-1,,,-1,-1
189,99267,-32.034,68.107,538450,-2338550,-1,33,2778,254,11,UNNAMED_DECEPTION_N,CE,202,6387,Tindegletsjer,14014,land,False,-1,,,-1,-1
190,99404,-32.027,68.090,539150,-2340350,-1,33,3059,254,53,UNNAMED_DECEPTION_N,CE,202,6754,Tindegletsjer,14025,land,False,-1,,,-1,-1
191,99563,-32.051,68.066,538750,-2343150,7,33,2554,254,0,UNNAMED_DECEPTION_N,CE,202,6770,Tindegletsjer,15769,land,False,-1,,,-1,-1
192,99595,-32.077,68.065,537750,-2343550,3,33,1960,254,55,UNNAMED_DECEPTION_N,CE,202,6015,Tindegletsjer,16823,land,False,-1,,,-1,-1
193,61726,-32.567,68.638,503850,-2285350,-1,33,2746,250,0,NORDFJORD,CE,188,6895,Nordfjord Gletsjer,9752,ice,False,92955,-32.567,68.638,503850,-2285350
194,61731,-32.625,68.640,501450,-2285550,220,33,3751,250,0,NORDFJORD,CE,188,8986,Nordfjord Gletsjer,8895,ice,False,93033,-32.588,68.628,503250,-2286550
195,61758,-32.467,68.617,508350,-2286750,1,33,2938,251,0,STYRTE,CE,188,5729,Styrtegletsjer,9402,ice,False,93043,-32.467,68.617,508350,-2286750
196,61764,-32.416,68.610,510550,-2287050,1056,33,4819,251,1392,STYRTE,CE,188,5650,Styrtegletsjer,9519,ice,False,93043,-32.467,68.617,508350,-2286750
197,61772,-32.472,68.613,508250,-2287250,-1,33,3281,251,0,STYRTE,CE,188,6232,Styrtegletsjer,9912,ice,False,93038,-32.462,68.617,508550,-2286650
198,61788,-32.601,68.618,502950,-2287750,461,33,4785,250,397,NORDFJORD,CE,188,9199,Nordfjord Gletsjer,11480,ice,False,93062,-32.583,68.623,503550,-2287050
199,61798,-32.415,68.600,510850,-2288150,680,33,5709,251,1778,STYRTE,CE,188,6754,Styrtegletsjer,10632,ice,False,93185,-32.444,68.592,509850,-2289250
200,61804,-32.384,68.593,512250,-2288650,1056,33,7123,256,718,ICE_CAPS_CE,CE,188,7435,Styrtegletsjer,11296,ice,False,93231,-32.418,68.582,511150,-2290150
201,61834,-32.749,68.602,497450,-2290850,220,33,2033,250,87,NORDFJORD,CE,190,9182,Nordfjord Gletsjer,13785,ice,False,93414,-32.754,68.579,497750,-2293350
202,61843,-32.695,68.595,499750,-2291150,708,33,3596,250,1117,NORDFJORD,CE,190,11484,Nordfjord Gletsjer,14079,ice,False,93414,-32.754,68.579,497750,-2293350
203,61847,-32.762,68.597,497050,-2291550,11,33,2675,102,0,KANGERLUSSUAQ,CE,190,9018,Nordfjord Gletsjer,14520,ice,False,93414,-32.754,68.579,497750,-2293350
204,61884,-32.284,68.544,517450,-2293050,1697,33,1454,252,0,COURTAULD,CE,191,5217,Courtauld Gletsjer,12249,ice,False,93623,-32.227,68.502,520750,-2297150
205,61885,-32.212,68.538,520450,-2293050,620,33,0,252,0,COURTAULD,CE,191,2554,Courtauld Gletsjer,10223,ice,False,93623,-32.227,68.502,520750,-2297150
206,61895,-32.405,68.550,512450,-2293450,17,33,6452,256,0,ICE_CAPS_CE,CE,191,10158,Styrtegletsjer,16068,ice,False,93430,-32.407,68.551,512350,-2293450
207,61902,-32.371,68.544,513950,-2293850,640,33,4990,256,636,ICE_CAPS_CE,CE,191,8798,Courtauld Gletsjer,15482,ice,False,93491,-32.398,68.541,512950,-2294450
208,61903,-32.239,68.532,519550,-2293950,917,33,0,252,0,COURTAULD,CE,191,3824,Courtauld Gletsjer,11483,ice,False,93623,-32.227,68.502,520750,-2297150
209,61905,-32.296,68.536,517150,-2294050,1144,33,1892,252,0,COURTAULD,CE,191,5880,Courtauld Gletsjer,13153,ice,False,93623,-32.227,68.502,520750,-2297150
210,61907,-32.791,68.573,496450,-2294350,-645,33,2549,102,0,KANGERLUSSUAQ,CE,194,8770,Kangerlussuaq Gletsjer,16284,ice,False,93480,-32.791,68.573,496450,-2294350
211,61911,-32.349,68.535,515050,-2294650,1101,33,4073,252,108,COURTAULD,CE,191,8036,Courtauld Gletsjer,15109,ice,False,93525,-32.395,68.533,513250,-2295250
212,61913,-32.220,68.522,520550,-2294850,207,33,742,252,0,COURTAULD,CE,191,3914,Courtauld Gletsjer,11666,ice,False,93623,-32.227,68.502,520750,-2297150
213,61928,-32.155,68.513,523350,-2295250,301,33,3373,252,377,COURTAULD,CE,191,3653,Courtauld Gletsjer,10889,ice,False,93611,-32.188,68.501,522350,-2296950
214,61934,-32.249,68.519,519450,-2295450,437,33,89,252,0,COURTAULD,CE,191,5010,Courtauld Gletsjer,12762,ice,False,93623,-32.227,68.502,520750,-2297150
215,61935,-32.830,68.565,495050,-2295550,-643,33,1704,102,0,KANGERLUSSUAQ,CE,194,7342,Kangerlussuaq Gletsjer,15836,ice,False,93545,-32.830,68.565,495050,-2295550
216,61944,-32.126,68.504,524750,-2295950,1432,33,4935,256,1248,ICE_CAPS_CE,CE,191,4617,Courtauld Gletsjer,11254,ice,False,93611,-32.188,68.501,522350,-2296950
217,61946,-32.340,68.521,515750,-2296050,980,33,3699,252,491,COURTAULD,CE,191,8114,Courtauld Gletsjer,15560,ice,False,93640,-32.383,68.513,514250,-2297350
218,61947,-32.328,68.520,516250,-2296050,1534,33,3211,252,478,COURTAULD,CE,191,7710,Courtauld Gletsjer,15217,ice,False,93640,-32.383,68.513,514250,-2297350
219,61948,-32.141,68.505,524150,-2296050,1041,33,4464,252,1429,COURTAULD,CE,191,4550,Courtauld Gletsjer,11463,ice,False,93611,-32.188,68.501,522350,-2296950
220,61953,-32.272,68.514,518650,-2296250,1091,33,1142,252,446,COURTAULD,CE,191,6130,Courtauld Gletsjer,13873,ice,False,93623,-32.227,68.502,520750,-2297150
221,61958,-32.359,68.518,515050,-2296550,505,33,4496,252,283,COURTAULD,CE,191,8974,Courtauld Gletsjer,16406,ice,False,93640,-32.383,68.513,514250,-2297350
222,61961,-32.144,68.500,524150,-2296650,1196,33,4761,256,1490,ICE_CAPS_CE,CE,191,5138,Courtauld Gletsjer,12050,ice,False,93611,-32.188,68.501,522350,-2296950
223,61963,-32.848,68.556,494550,-2296750,-204,33,1877,102,0,KANGERLUSSUAQ,CE,194,6051,Kangerlussuaq Gletsjer,16241,ice,False,93598,-32.848,68.556,494550,-2296750
224,61968,-32.196,68.500,522050,-2297050,-3,33,3138,252,0,COURTAULD,CE,191,5532,Courtauld Gletsjer,13010,ice,False,93615,-32.196,68.500,522050,-2297050
225,61973,-32.843,68.552,494850,-2297150,-91,33,2330,97,0,UNNAMED_KANGER_E,CE,194,5755,Kangerlussuaq Gletsjer,16734,ice,False,93622,-32.843,68.552,494850,-2297150
226,61976,-32.104,68.492,525950,-2297150,879,32,4377,256,201,ICE_CAPS_CE,CE,191,6193,Courtauld Gletsjer,12325,ice,False,93678,-32.189,68.491,522550,-2297950
227,61994,-32.817,68.545,496050,-2297650,-45,33,3398,97,0,UNNAMED_KANGER_E,CE,194,5452,Kangerlussuaq Gletsjer,17956,ice,False,93659,-32.817,68.545,496050,-2297650
228,62000,-32.341,68.504,516150,-2297950,619,33,4135,252,1173,COURTAULD,CE,191,9053,Courtauld Gletsjer,16729,ice,False,93708,-32.369,68.502,515050,-2298450
229,62001,-32.279,68.499,518750,-2297950,865,33,2647,252,1336,COURTAULD,CE,191,7498,Courtauld Gletsjer,15251,ice,False,93684,-32.237,68.494,520550,-2298050
230,62005,-32.781,68.539,497650,-2298050,-14,33,4879,97,1391,UNNAMED_KANGER_E,CE,194,5614,Kangerlussuaq Gletsjer,19430,ice,False,93659,-32.817,68.545,496050,-2297650
231,62016,-32.165,68.486,523650,-2298350,397,33,5190,256,0,ICE_CAPS_CE,CE,191,6764,Courtauld Gletsjer,13817,ice,False,93721,-32.186,68.485,522850,-2298650
232,62017,-32.148,68.484,524350,-2298350,637,33,5778,256,0,ICE_CAPS_CE,CE,191,6847,Courtauld Gletsjer,13687,ice,False,93678,-32.189,68.491,522550,-2297950
233,62022,-32.324,68.498,516950,-2298450,707,33,3921,252,1097,COURTAULD,CE,191,8910,Courtauld Gletsjer,16650,ice,False,93791,-32.369,68.494,515250,-2299250
234,62025,-32.280,68.493,518850,-2298550,773,33,3214,252,1837,COURTAULD,CE,191,7982,Courtauld Gletsjer,15720,ice,False,93684,-32.237,68.494,520550,-2298050
235,62037,-32.281,68.488,518950,-2299150,635,33,3794,252,2388,COURTAULD,CE,191,8483,Courtauld Gletsjer,16199,ice,False,93684,-32.237,68.494,520550,-2298050
236,62042,-32.306,68.487,517950,-2299450,1262,33,4316,252,2214,COURTAULD,CE,191,9198,Courtauld Gletsjer,16949,ice,False,93684,-32.237,68.494,520550,-2298050
237,62052,-32.344,68.486,516450,-2299950,476,33,5433,252,2673,COURTAULD,CE,191,10416,Kælvegletsjer,16627,ice,False,93872,-32.368,68.484,515550,-2300350
238,62069,-32.809,68.517,497050,-2300650,121,33,3761,97,692,UNNAMED_KANGER_E,CE,194,3118,Apuseeq Qinnilik,20200,ice,False,93836,-32.790,68.524,497650,-2299750
239,62070,-32.353,68.480,516250,-2300650,354,33,6133,252,3401,COURTAULD,CE,191,11107,Kælvegletsjer,15911,ice,False,93887,-32.366,68.482,515650,-2300550
240,62100,-32.774,68.508,498650,-2301350,208,33,5335,256,66,ICE_CAPS_CE,CE,194,4005,Apuseeq Qinnilik,21946,ice,False,93847,-32.786,68.523,497850,-2299850
241,62101,-32.297,68.469,518750,-2301350,1176,33,6002,252,4275,COURTAULD,CE,191,10598,Kælvegletsjer,15662,ice,False,94008,-32.269,68.458,520150,-2302350
242,62104,-32.644,68.497,504150,-2301450,-1,33,10835,256,0,ICE_CAPS_CE,CE,194,9280,Kælvegletsjer,18388,ice,False,93970,-32.645,68.495,504150,-2301650
243,62105,-32.191,68.460,523250,-2301450,-1,33,7190,256,32,ICE_CAPS_CE,CE,191,9850,Courtauld Gletsjer,16934,ice,False,93952,-32.191,68.460,523250,-2301450
244,62120,-32.304,68.467,518550,-2301650,1225,33,6324,252,4490,COURTAULD,CE,191,10949,Kælvegletsjer,15322,ice,False,94008,-32.269,68.458,520150,-2302350
245,62128,-32.688,68.498,502350,-2301750,147,33,9052,256,0,ICE_CAPS_CE,CE,194,7455,Kælvegletsjer,19248,ice,False,93970,-32.645,68.495,504150,-2301650
246,62140,-32.304,68.463,518650,-2302150,1060,33,6808,256,4597,ICE_CAPS_CE,CE,191,11385,Kælvegletsjer,14864,ice,False,94008,-32.269,68.458,520150,-2302350
247,62144,-32.853,68.506,495550,-2302250,369,33,2498,97,0,UNNAMED_KANGER_E,CE,194,930,Apuseeq Qinnilik,19496,ice,False,93836,-32.790,68.524,497650,-2299750
248,62159,-32.765,68.494,499350,-2302850,503,33,6272,256,0,ICE_CAPS_CE,CE,194,4352,Kælvegletsjer,20557,ice,False,93847,-32.786,68.523,497850,-2299850
249,62161,-32.694,68.488,502350,-2302850,356,33,9194,256,0,ICE_CAPS_CE,CE,194,7351,Kælvegletsjer,18420,ice,False,93970,-32.645,68.495,504150,-2301650
250,62165,-32.652,68.484,504150,-2302950,355,33,10273,256,26,ICE_CAPS_CE,CE,194,9150,Kælvegletsjer,17183,ice,False,93991,-32.631,68.490,504850,-2302050
251,62169,-32.344,68.458,517150,-2303050,773,33,7989,252,5674,COURTAULD,CE,191,12778,Kælvegletsjer,13654,ice,False,94051,-32.379,68.462,515650,-2302850
252,62182,-32.673,68.482,503350,-2303350,777,33,10274,256,414,ICE_CAPS_CE,CE,194,8351,Kælvegletsjer,17382,ice,False,93970,-32.645,68.495,504150,-2301650
253,62184,-32.100,68.435,527550,-2303350,919,32,5648,256,0,ICE_CAPS_CE,CE,191,12529,Sidegletsjer,13637,ice,False,94525,-32.150,68.389,526650,-2308750
254,62193,-32.672,68.480,503450,-2303550,861,33,10249,256,314,ICE_CAPS_CE,CE,194,8457,Kælvegletsjer,17166,ice,False,93970,-32.645,68.495,504150,-2301650
255,62218,-32.642,68.472,504850,-2304150,738,33,8893,256,726,ICE_CAPS_CE,CE,194,9895,Kælvegletsjer,15807,ice,False,94070,-32.608,68.478,506050,-2303150
256,62233,-32.636,68.469,505150,-2304450,732,33,8473,256,898,ICE_CAPS_CE,CE,194,10226,Kælvegletsjer,15386,ice,False,94103,-32.596,68.473,506650,-2303650
257,62250,-32.189,68.427,524150,-2304950,291,32,7811,256,2508,ICE_CAPS_CE,CE,191,13383,Kælvegletsjer,14894,ice,False,94191,-32.210,68.429,523250,-2304950
258,62275,-32.196,68.420,524050,-2305850,207,32,7494,256,2864,ICE_CAPS_CE,CE,191,14275,Kælvegletsjer,14142,ice,False,94272,-32.210,68.421,523450,-2305850
259,62290,-32.046,68.404,530450,-2306150,1184,32,1743,256,119,ICE_CAPS_CE,CE,191,16256,Sidegletsjer,9606,ice,False,94525,-32.150,68.389,526650,-2308750
260,62305,-32.115,68.406,527650,-2306550,702,32,3977,256,0,ICE_CAPS_CE,CE,191,15598,Sidegletsjer,11592,ice,False,94525,-32.150,68.389,526650,-2308750
261,62319,-31.916,68.386,536150,-2306950,879,32,0,256,0,ICE_CAPS_CE,CE,197,15552,Sidegletsjer,5903,ice,False,94944,-32.103,68.358,529350,-2311750
262,62326,-32.110,68.402,527950,-2307050,537,32,3469,256,0,ICE_CAPS_CE,CE,191,16163,Sidegletsjer,11075,ice,False,94525,-32.150,68.389,526650,-2308750
263,62344,-31.856,68.375,538850,-2307550,723,32,172,256,0,ICE_CAPS_CE,CE,197,12786,Sidegletsjer,5334,ice,False,95571,-31.911,68.297,538650,-2316650
264,62364,-32.020,68.383,532050,-2308250,716,32,0,256,324,ICE_CAPS_CE,CE,191,18855,Sidegletsjer,7018,ice,False,94900,-32.110,68.361,528950,-2311450
265,62368,-32.557,68.427,509350,-2308350,142,33,2997,256,0,ICE_CAPS_CE,CE,194,15246,Kælvegletsjer,9756,ice,False,94448,-32.542,68.430,509850,-2307850
266,62384,-32.138,68.388,527150,-2308750,236,32,3769,256,0,ICE_CAPS_CE,CE,191,17599,Sidegletsjer,11055,ice,False,94579,-32.147,68.386,526850,-2309050
267,62388,-31.903,68.367,537150,-2308850,812,32,0,256,403,ICE_CAPS_CE,CE,197,14296,Sidegletsjer,3867,ice,False,95571,-31.911,68.297,538650,-2316650
268,62397,-32.058,68.378,530650,-2309150,718,32,403,256,861,ICE_CAPS_CE,CE,191,19065,Sidegletsjer,7693,ice,False,94900,-32.110,68.361,528950,-2311450
269,62404,-31.899,68.362,537450,-2309450,564,32,0,256,0,ICE_CAPS_CE,CE,197,13960,Sidegletsjer,3253,ice,False,95571,-31.911,68.297,538650,-2316650
270,62406,-32.072,68.375,530150,-2309650,640,32,1110,256,831,ICE_CAPS_CE,CE,191,19341,Sidegletsjer,7934,ice,False,94900,-32.110,68.361,528950,-2311450
271,62415,-32.567,68.413,509250,-2309950,345,33,1614,256,0,ICE_CAPS_CE,CE,194,15767,Kælvegletsjer,8532,ice,False,94523,-32.535,68.421,510350,-2308750
272,62416,-31.923,68.359,536550,-2309950,705,32,0,256,369,ICE_CAPS_CE,CE,197,14850,Sidegletsjer,2904,ice,False,95571,-31.911,68.297,538650,-2316650
273,62454,-31.951,68.351,535650,-2311050,830,32,21,256,26,ICE_CAPS_CE,CE,197,15772,Sidegletsjer,2461,ice,False,95571,-31.911,68.297,538650,-2316650
274,62460,-32.110,68.361,528950,-2311450,-11,32,3261,256,34,ICE_CAPS_CE,CE,191,20666,Sidegletsjer,8615,ice,False,94900,-32.110,68.361,528950,-2311450
275,62461,-31.720,68.328,545550,-2311450,745,32,0,100,604,FREDERIKSBORG_GLETSCHER,CE,197,5982,Sidegletsjer,8172,ice,False,95623,-31.779,68.283,544350,-2316950
276,62464,-32.538,68.396,510850,-2311550,423,33,49,256,1333,ICE_CAPS_CE,CE,194,17914,Kælvegletsjer,6281,ice,False,94788,-32.513,68.401,511750,-2310750
277,62474,-32.103,68.358,529350,-2311750,98,32,3297,256,0,ICE_CAPS_CE,CE,191,21067,Sidegletsjer,8179,ice,False,94944,-32.103,68.358,529350,-2311750
278,62475,-31.954,68.345,535650,-2311750,724,32,179,256,0,ICE_CAPS_CE,CE,197,15826,Sidegletsjer,2058,ice,False,95571,-31.911,68.297,538650,-2316650
279,62483,-32.510,68.389,512150,-2312050,206,33,382,253,1726,KOLVEGLETSJER,CE,194,19298,Kælvegletsjer,5134,ice,False,94920,-32.495,68.392,512650,-2311550
280,62497,-31.962,68.341,535450,-2312250,681,32,487,256,0,ICE_CAPS_CE,CE,197,16081,Sidegletsjer,2074,ice,False,95571,-31.911,68.297,538650,-2316650
281,62503,-31.746,68.322,544650,-2312350,659,32,21,100,848,FREDERIKSBORG_GLETSCHER,CE,197,7084,Sidegletsjer,7184,ice,False,95623,-31.779,68.283,544350,-2316950
282,62512,-31.758,68.322,544150,-2312450,712,32,407,256,1046,ICE_CAPS_CE,CE,197,7591,Sidegletsjer,6680,ice,False,95623,-31.779,68.283,544350,-2316950
283,62531,-32.410,68.374,516550,-2312750,-43,33,3786,253,0,KOLVEGLETSJER,CE,200,20604,Kælvegletsjer,4157,ice,False,95068,-32.408,68.373,516650,-2312850
284,62535,-32.481,68.379,513550,-2312850,302,33,787,253,148,KOLVEGLETSJER,CE,200,20026,Kælvegletsjer,3825,ice,False,94979,-32.477,68.386,513550,-2312050
285,62536,-31.629,68.307,549750,-2312850,565,32,357,100,674,FREDERIKSBORG_GLETSCHER,CE,197,3121,Dobbeltgletsjeren,9477,ice,False,95630,-31.758,68.280,545250,-2317050
286,62550,-31.738,68.315,545150,-2313050,241,32,0,100,0,FREDERIKSBORG_GLETSCHER,CE,197,6869,Sidegletsjer,7683,ice,False,95623,-31.779,68.283,544350,-2316950
287,62555,-31.659,68.307,548550,-2313150,330,32,1275,100,0,FREDERIKSBORG_GLETSCHER,CE,197,4101,Dobbeltgletsjeren,9344,ice,False,95630,-31.758,68.280,545250,-2317050
288,62585,-32.510,68.376,512450,-2313450,791,33,0,253,572,KOLVEGLETSJER,CE,200,19360,Kælvegletsjer,3799,ice,False,94979,-32.477,68.386,513550,-2312050
289,62614,-32.389,68.364,517650,-2313750,17,33,4947,253,0,KOLVEGLETSJER,CE,200,19927,Kælvegletsjer,4002,ice,False,95182,-32.393,68.366,517450,-2313550
290,62615,-32.088,68.338,530450,-2313750,181,32,4923,256,1638,ICE_CAPS_CE,CE,197,21248,Sidegletsjer,7101,ice,False,95233,-32.098,68.337,530050,-2313950
291,62627,-32.359,68.360,518950,-2313850,-1,33,6247,253,915,KOLVEGLETSJER,CE,200,20254,Kælvegletsjer,4975,ice,False,95226,-32.359,68.360,518950,-2313850
292,62638,-32.560,68.376,510450,-2313950,1381,33,0,253,167,KOLVEGLETSJER,CE,194,18821,Kælvegletsjer,4977,ice,False,94979,-32.477,68.386,513550,-2312050
293,62639,-32.411,68.364,516750,-2313950,312,33,4106,253,0,KOLVEGLETSJER,CE,200,19489,Kælvegletsjer,3243,ice,False,95165,-32.399,68.367,517150,-2313450
294,62654,-31.618,68.294,550550,-2314150,1180,32,737,100,1990,FREDERIKSBORG_GLETSCHER,CE,197,4040,Dobbeltgletsjeren,8154,ice,False,95554,-31.652,68.275,549650,-2316550
295,62662,-32.472,68.366,514250,-2314250,389,33,1935,253,65,KOLVEGLETSJER,CE,200,18711,Kælvegletsjer,2289,ice,False,95007,-32.454,68.383,514550,-2312250
296,62671,-31.650,68.294,549250,-2314450,520,32,1965,100,983,FREDERIKSBORG_GLETSCHER,CE,197,4762,Dobbeltgletsjeren,7941,ice,False,95554,-31.652,68.275,549650,-2316550
297,62701,-32.059,68.324,531950,-2315050,620,32,4256,256,0,ICE_CAPS_CE,CE,197,20045,Sidegletsjer,6001,ice,False,95520,-32.085,68.315,531150,-2316250
298,62702,-31.888,68.309,539250,-2315050,292,32,2431,256,0,ICE_CAPS_CE,CE,197,13082,Sidegletsjer,2942,ice,False,95527,-31.902,68.299,538950,-2316350
299,62715,-31.704,68.292,547150,-2315250,253,32,2059,100,0,FREDERIKSBORG_GLETSCHER,CE,197,6600,Dobbeltgletsjeren,7779,ice,False,95630,-31.758,68.280,545250,-2317050
300,62722,-31.554,68.277,553550,-2315350,-73,32,283,100,0,FREDERIKSBORG_GLETSCHER,CE,197,5506,Dobbeltgletsjeren,7620,ice,False,95387,-31.554,68.277,553550,-2315350
301,62746,-32.053,68.319,532350,-2315550,563,32,3961,256,0,ICE_CAPS_CE,CE,197,19786,Sidegletsjer,5861,ice,False,95520,-32.085,68.315,531150,-2316250
302,62747,-31.829,68.300,541850,-2315550,436,32,1224,256,35,ICE_CAPS_CE,CE,197,10946,Sidegletsjer,5220,ice,False,95667,-31.837,68.284,541950,-2317350
303,62758,-31.633,68.282,550250,-2315650,215,32,1376,100,2469,FREDERIKSBORG_GLETSCHER,CE,197,5570,Dobbeltgletsjeren,6655,ice,False,95554,-31.652,68.275,549650,-2316550
304,62759,-31.537,68.273,554350,-2315650,-43,32,760,100,0,FREDERIKSBORG_GLETSCHER,CE,197,5746,Dobbeltgletsjeren,7721,ice,False,95424,-31.537,68.273,554350,-2315650
305,62792,-32.314,68.336,521350,-2316050,502,33,6314,256,1846,ICE_CAPS_CE,CE,200,19281,Nordre Syenitgletsjer,4393,ice,False,95842,-32.227,68.301,525750,-2319150
306,62813,-32.351,68.337,519850,-2316350,1100,33,6351,253,727,KOLVEGLETSJER,CE,200,18314,Nordre Syenitgletsjer,3693,ice,False,95842,-32.227,68.301,525750,-2319150
307,62816,-31.874,68.296,540150,-2316350,262,32,3062,256,469,ICE_CAPS_CE,CE,197,12821,Sidegletsjer,4523,ice,False,95528,-31.897,68.298,539150,-2316350
308,62832,-32.019,68.306,534050,-2316650,360,32,2540,256,0,ICE_CAPS_CE,CE,197,18510,Sidegletsjer,5224,ice,False,95664,-32.051,68.302,532850,-2317350
309,62833,-31.911,68.297,538650,-2316650,-1,32,1550,256,0,ICE_CAPS_CE,CE,197,14288,Sidegletsjer,4118,ice,False,95571,-31.911,68.297,538650,-2316650
310,62865,-31.752,68.281,545450,-2316850,-278,32,1369,100,0,FREDERIKSBORG_GLETSCHER,CE,197,8923,Dobbeltgletsjeren,7385,ice,False,95630,-31.758,68.280,545250,-2317050
311,62874,-31.776,68.282,544450,-2316950,-266,32,548,100,0,FREDERIKSBORG_GLETSCHER,CE,197,9688,Dobbeltgletsjeren,8026,ice,False,95624,-31.776,68.282,544450,-2316950
312,62880,-31.962,68.297,536550,-2317050,492,32,191,256,0,ICE_CAPS_CE,CE,197,16353,Sidegletsjer,4443,ice,False,95600,-31.916,68.295,538450,-2316850
313,62886,-32.360,68.329,519650,-2317250,570,33,5533,253,225,KOLVEGLETSJER,CE,200,17419,Nordre Syenitgletsjer,2780,ice,False,95842,-32.227,68.301,525750,-2319150
314,62887,-31.942,68.294,537450,-2317250,273,32,261,256,0,ICE_CAPS_CE,CE,197,15630,Sidegletsjer,4546,ice,False,95600,-31.916,68.295,538450,-2316850
315,62892,-32.002,68.297,534950,-2317450,601,32,1840,256,558,ICE_CAPS_CE,CE,197,17976,Sidegletsjer,5375,ice,False,95752,-32.040,68.295,533450,-2318050
316,62917,-32.304,68.321,522150,-2317650,111,33,4578,256,298,ICE_CAPS_CE,CE,200,18347,Nordre Syenitgletsjer,3573,ice,False,95842,-32.227,68.301,525750,-2319150
317,63023,-32.379,68.314,519250,-2319050,729,33,4034,256,286,ICE_CAPS_CE,CE,200,15638,Nordre Syenitgletsjer,1002,ice,False,95842,-32.227,68.301,525750,-2319150
318,63047,-32.372,68.310,519650,-2319450,633,33,3491,256,46,ICE_CAPS_CE,CE,200,15486,Nordre Syenitgletsjer,599,ice,False,95842,-32.227,68.301,525750,-2319150
319,63073,-31.548,68.237,554850,-2319750,16,32,4864,256,0,ICE_CAPS_CE,CE,197,9765,Dobbeltgletsjeren,5103,ice,False,95894,-31.554,68.239,554550,-2319550
320,63084,-32.275,68.298,523850,-2319850,508,33,2057,256,1505,ICE_CAPS_CE,CE,200,17689,Nordre Syenitgletsjer,4373,ice,False,95842,-32.227,68.301,525750,-2319150
321,63137,-32.310,68.295,522550,-2320550,1277,33,1660,256,338,ICE_CAPS_CE,CE,200,16298,Nordre Syenitgletsjer,3114,ice,False,95842,-32.227,68.301,525750,-2319150
322,63139,-32.263,68.291,524550,-2320550,705,33,1220,256,1669,ICE_CAPS_CE,CE,200,17681,Nordre Syenitgletsjer,5096,ice,False,95954,-32.214,68.290,526550,-2320150
323,63209,-32.286,68.285,523750,-2321350,686,33,616,256,1002,ICE_CAPS_CE,CE,200,16550,Nordre Syenitgletsjer,4470,ice,False,96312,-32.185,68.268,528250,-2322350
324,63210,-31.681,68.234,549550,-2321350,11,32,6194,256,65,ICE_CAPS_CE,CE,197,11302,Dobbeltgletsjeren,1298,ice,False,96207,-31.689,68.233,549250,-2321550
325,63228,-32.385,68.292,519550,-2321550,1345,33,1990,256,366,ICE_CAPS_CE,CE,200,13661,Nordre Syenitgletsjer,1526,ice,False,95842,-32.227,68.301,525750,-2319150
326,63237,-32.431,68.295,517650,-2321650,1212,33,1764,256,489,ICE_CAPS_CE,CE,200,12591,Nordre Syenitgletsjer,2447,ice,False,96312,-32.185,68.268,528250,-2322350
327,63246,-32.321,68.285,522350,-2321750,545,33,534,256,0,ICE_CAPS_CE,CE,200,15277,Nordre Syenitgletsjer,3347,ice,False,96312,-32.185,68.268,528250,-2322350
328,63247,-31.681,68.230,549650,-2321750,-138,32,6541,256,9,ICE_CAPS_CE,CE,197,11681,Dobbeltgletsjeren,957,ice,False,96207,-31.689,68.233,549250,-2321550
329,63269,-32.385,68.288,519650,-2321950,1307,33,1702,256,499,ICE_CAPS_CE,CE,200,13391,Nordre Syenitgletsjer,1932,ice,False,96312,-32.185,68.268,528250,-2322350
330,63271,-31.691,68.229,549250,-2321950,-179,32,6860,256,0,ICE_CAPS_CE,CE,197,11945,Dobbeltgletsjeren,1232,ice,False,96242,-31.698,68.231,548950,-2321850
331,63306,-32.409,68.285,518750,-2322550,688,33,1451,256,577,ICE_CAPS_CE,CE,200,12384,Søndre Syenitgletsjer,1962,ice,False,96312,-32.185,68.268,528250,-2322350
332,63308,-31.865,68.239,541950,-2322550,61,32,5365,100,5665,FREDERIKSBORG_GLETSCHER,CE,197,15550,Dobbeltgletsjeren,8484,ice,False,96451,-31.904,68.236,540450,-2323250
333,63313,-32.354,68.279,521150,-2322650,793,33,53,256,853,ICE_CAPS_CE,CE,200,13800,Søndre Syenitgletsjer,2226,ice,False,96312,-32.185,68.268,528250,-2322350
334,63318,-32.420,68.284,518350,-2322750,594,33,1083,256,334,ICE_CAPS_CE,CE,200,11996,Søndre Syenitgletsjer,2018,ice,False,96312,-32.185,68.268,528250,-2322350
335,63326,-32.296,68.273,523650,-2322850,238,33,0,256,0,ICE_CAPS_CE,CE,200,15473,Søndre Syenitgletsjer,4253,ice,False,96312,-32.185,68.268,528250,-2322350
336,63335,-32.219,68.265,526950,-2322950,7,33,2065,256,0,ICE_CAPS_CE,CE,201,15659,Søndre Syenitgletsjer,7423,ice,False,96312,-32.185,68.268,528250,-2322350
337,63357,-32.427,68.281,518150,-2323150,514,33,636,256,0,ICE_CAPS_CE,CE,200,11551,Søndre Syenitgletsjer,1886,ice,False,96312,-32.185,68.268,528250,-2322350
338,63358,-32.391,68.278,519650,-2323150,561,33,1099,256,0,ICE_CAPS_CE,CE,200,12439,Søndre Syenitgletsjer,1144,ice,False,96312,-32.185,68.268,528250,-2322350
339,63359,-32.352,68.275,521350,-2323150,574,33,0,256,427,ICE_CAPS_CE,CE,200,13576,Søndre Syenitgletsjer,2049,ice,False,96312,-32.185,68.268,528250,-2322350
340,63381,-31.825,68.228,543850,-2323350,552,32,5929,256,4731,ICE_CAPS_CE,CE,197,15163,Dobbeltgletsjeren,6663,ice,False,96507,-31.784,68.223,545650,-2323550
341,63394,-31.556,68.202,555450,-2323650,387,32,8797,256,0,ICE_CAPS_CE,CE,197,13650,Forbindelsesgletsjer,4548,ice,False,97272,-31.513,68.165,558150,-2327250
342,63449,-31.895,68.223,541150,-2324550,211,32,6785,256,7596,ICE_CAPS_CE,CE,197,17634,Dobbeltgletsjeren,9549,ice,False,96825,-31.915,68.218,540450,-2325250
343,63490,-32.236,68.246,526750,-2325250,371,33,3045,256,1079,ICE_CAPS_CE,CE,201,13358,Søndre Syenitgletsjer,7164,ice,False,97047,-32.224,68.236,527450,-2326150
344,63491,-31.847,68.213,543350,-2325250,307,32,7824,256,5727,ICE_CAPS_CE,CE,197,17067,Dobbeltgletsjeren,7669,ice,False,97290,-31.866,68.195,543050,-2327350
345,63511,-32.193,68.239,528650,-2325550,443,33,4839,256,2992,ICE_CAPS_CE,CE,201,13534,Søndre Syenitgletsjer,9087,ice,False,97047,-32.224,68.236,527450,-2326150
346,63520,-31.839,68.207,543850,-2325750,240,32,8327,256,5521,ICE_CAPS_CE,CE,197,17285,Dobbeltgletsjeren,7429,ice,False,97290,-31.866,68.195,543050,-2327350
347,63525,-31.673,68.192,550950,-2325850,173,32,10356,256,1178,ICE_CAPS_CE,CE,197,15656,Forbindelsesgletsjer,2255,ice,False,96953,-31.687,68.194,550350,-2325750
348,63529,-32.287,68.244,524750,-2325950,450,33,1930,256,1089,ICE_CAPS_CE,CE,201,12454,Søndre Syenitgletsjer,5362,ice,False,97321,-32.290,68.230,524950,-2327450
349,63538,-32.435,68.254,518450,-2326150,807,33,1529,256,334,ICE_CAPS_CE,CE,200,9404,Søndre Syenitgletsjer,2209,ice,False,97396,-32.387,68.235,520850,-2327750
350,63539,-32.196,68.234,528650,-2326150,408,33,5140,256,3175,ICE_CAPS_CE,CE,201,12966,Søndre Syenitgletsjer,9189,ice,False,97093,-32.223,68.235,527550,-2326350
351,63541,-32.427,68.252,518850,-2326350,642,33,1467,256,533,ICE_CAPS_CE,CE,200,9555,Søndre Syenitgletsjer,2205,ice,False,97396,-32.387,68.235,520850,-2327750
352,63542,-32.413,68.250,519450,-2326350,550,33,1203,256,777,ICE_CAPS_CE,CE,200,10006,Søndre Syenitgletsjer,2065,ice,False,97396,-32.387,68.235,520850,-2327750
353,63544,-32.357,68.245,521850,-2326450,422,33,1699,256,1139,ICE_CAPS_CE,CE,200,11888,Søndre Syenitgletsjer,3080,ice,False,97398,-32.362,68.233,521950,-2327750
354,63545,-32.263,68.237,525850,-2326450,364,33,2993,256,1539,ICE_CAPS_CE,CE,201,12037,Søndre Syenitgletsjer,6564,ice,False,97168,-32.244,68.233,526750,-2326750
355,63547,-32.414,68.248,519450,-2326650,538,33,1496,256,1007,ICE_CAPS_CE,CE,200,9815,Søndre Syenitgletsjer,2363,ice,False,97396,-32.387,68.235,520850,-2327750
356,63551,-32.340,68.241,522650,-2326750,323,33,2166,256,1454,ICE_CAPS_CE,CE,201,11752,Søndre Syenitgletsjer,3876,ice,False,97401,-32.331,68.231,523250,-2327750
357,63552,-31.615,68.178,553650,-2326750,161,32,11413,256,0,ICE_CAPS_CE,CE,197,16676,Forbindelsesgletsjer,1084,ice,False,97425,-31.684,68.174,550950,-2327850
358,63555,-32.401,68.245,520050,-2326850,429,33,1697,256,1504,ICE_CAPS_CE,CE,200,10171,Søndre Syenitgletsjer,2586,ice,False,97396,-32.387,68.235,520850,-2327750
359,63556,-32.212,68.229,528150,-2326850,327,33,5059,256,3102,ICE_CAPS_CE,CE,201,12143,Søndre Syenitgletsjer,8876,ice,False,97093,-32.223,68.235,527550,-2326350
360,63564,-32.459,68.248,517650,-2327050,567,33,2187,256,899,ICE_CAPS_CE,CE,200,8202,Søndre Syenitgletsjer,3404,ice,False,97539,-32.473,68.236,517350,-2328450
361,63566,-31.832,68.195,544450,-2327050,263,32,9664,256,5768,ICE_CAPS_CE,CE,202,18132,Dobbeltgletsjeren,7635,ice,False,97290,-31.866,68.195,543050,-2327350
362,63570,-32.193,68.224,529050,-2327250,530,33,6038,256,4063,ICE_CAPS_CE,CE,201,12080,Søndre Syenitgletsjer,9853,ice,False,97713,-32.203,68.207,529050,-2329150
363,63576,-32.467,68.246,517350,-2327350,513,33,2094,256,1179,ICE_CAPS_CE,CE,200,7778,Søndre Syenitgletsjer,3824,ice,False,97539,-32.473,68.236,517350,-2328450
364,63578,-31.565,68.168,555950,-2327350,280,32,12512,256,0,ICE_CAPS_CE,CE,197,17353,Udløberen,1608,ice,False,97272,-31.513,68.165,558150,-2327250
365,63594,-32.544,68.249,514150,-2327650,515,33,2130,256,0,ICE_CAPS_CE,CE,200,5660,Søndre Syenitgletsjer,6442,ice,False,97640,-32.494,68.234,516550,-2328850
366,63598,-32.418,68.238,519550,-2327750,373,33,2575,256,2045,ICE_CAPS_CE,CE,200,9250,Søndre Syenitgletsjer,3456,ice,False,97540,-32.410,68.231,520050,-2328450
367,63602,-31.684,68.174,550950,-2327850,40,32,12352,256,0,ICE_CAPS_CE,CE,197,17655,Forbindelsesgletsjer,1842,ice,False,97425,-31.684,68.174,550950,-2327850
368,63604,-32.459,68.240,517850,-2327950,226,33,2860,256,1140,ICE_CAPS_CE,CE,200,7754,Søndre Syenitgletsjer,4074,ice,False,97539,-32.473,68.236,517350,-2328450
369,63611,-32.489,68.238,516650,-2328350,-1,33,2463,256,0,ICE_CAPS_CE,CE,200,6582,Søndre Syenitgletsjer,5044,ice,False,97513,-32.489,68.238,516650,-2328350
370,63621,-31.659,68.165,552250,-2328650,-1,32,13147,256,727,ICE_CAPS_CE,CE,197,18461,Forbindelsesgletsjer,1448,ice,False,97931,-31.711,68.156,550350,-2330150
371,63627,-32.494,68.234,516550,-2328850,-1,33,2898,256,0,ICE_CAPS_CE,CE,200,6177,Søndre Syenitgletsjer,5509,ice,False,97640,-32.494,68.234,516550,-2328850
372,63676,-31.555,68.143,557050,-2330050,592,32,15393,256,1774,ICE_CAPS_CE,CE,197,20102,Udløberen,1543,ice,False,97796,-31.524,68.145,558250,-2329550
373,63713,-32.373,68.207,522150,-2330750,-1,33,5379,254,2806,UNNAMED_DECEPTION_N,CE,201,7919,Søndre Syenitgletsjer,6922,ice,False,-1,,,-1,-1
374,63714,-32.359,68.206,522750,-2330750,65,33,5408,254,2806,UNNAMED_DECEPTION_N,CE,201,7786,Søndre Syenitgletsjer,7161,ice,False,98821,-32.238,68.157,528850,-2334950
375,63715,-31.614,68.142,554650,-2330750,-41,32,15529,256,1197,ICE_CAPS_CE,CE,197,20763,Hammer Gletsjer,1521,ice,False,98432,-31.621,68.123,554850,-2332850
376,63718,-31.699,68.148,551050,-2330850,55,32,15344,256,2643,ICE_CAPS_CE,CE,197,20652,Basisgletsjer,1271,ice,False,98093,-31.700,68.146,551050,-2331050
377,63721,-32.357,68.204,522850,-2330950,-1,33,5221,254,2606,UNNAMED_DECEPTION_N,CE,201,7571,Søndre Syenitgletsjer,7384,ice,False,98821,-32.238,68.157,528850,-2334950
378,63723,-32.377,68.204,522050,-2331050,-1,33,5081,254,2506,UNNAMED_DECEPTION_N,CE,201,7658,Søndre Syenitgletsjer,7169,ice,False,-1,,,-1,-1
379,63724,-32.327,68.200,524150,-2331050,169,33,5445,254,2711,UNNAMED_DECEPTION_N,CE,201,7350,Søndre Syenitgletsjer,8117,ice,False,98821,-32.238,68.157,528850,-2334950
380,63725,-31.679,68.145,551950,-2331050,-1,32,15536,256,2071,ICE_CAPS_CE,CE,197,20852,Basisgletsjer,438,ice,False,98332,-31.711,68.136,550850,-2332250
381,63730,-32.487,68.213,517350,-2331150,13,33,2980,254,0,UNNAMED_DECEPTION_N,CE,200,5729,Søndre Syenitgletsjer,7230,ice,False,98107,-32.490,68.213,517250,-2331150
382,63731,-31.700,68.146,551050,-2331150,-1,32,15638,256,2809,ICE_CAPS_CE,CE,202,20907,Basisgletsjer,1169,ice,False,98093,-31.700,68.146,551050,-2331050
383,63732,-31.691,68.145,551450,-2331150,-1,32,15634,256,2496,ICE_CAPS_CE,CE,197,20950,Basisgletsjer,785,ice,False,98093,-31.700,68.146,551050,-2331050
384,63736,-32.380,68.203,521950,-2331250,-1,33,4885,254,2306,UNNAMED_DECEPTION_N,CE,201,7495,Søndre Syenitgletsjer,7325,ice,False,-1,,,-1,-1
385,63741,-32.364,68.201,522650,-2331350,376,33,4801,254,2206,UNNAMED_DECEPTION_N,CE,201,7218,Søndre Syenitgletsjer,7666,ice,False,98821,-32.238,68.157,528850,-2334950
386,63742,-32.359,68.200,522850,-2331350,-1,33,4825,254,2206,UNNAMED_DECEPTION_N,CE,201,7178,Søndre Syenitgletsjer,7747,ice,False,98821,-32.238,68.157,528850,-2334950
387,63743,-32.324,68.197,524350,-2331350,62,33,5246,254,2528,UNNAMED_DECEPTION_N,CE,201,7050,Søndre Syenitgletsjer,8477,ice,False,98821,-32.238,68.157,528850,-2334950
388,63744,-32.280,68.194,526250,-2331350,-19,33,6017,254,3377,UNNAMED_DECEPTION_N,CE,201,7288,Søndre Syenitgletsjer,9661,ice,False,98254,-32.270,68.189,526750,-2331750
389,63748,-32.297,68.194,525550,-2331450,-1,33,5761,254,2933,UNNAMED_DECEPTION_N,CE,201,7044,Søndre Syenitgletsjer,9274,ice,False,98254,-32.270,68.189,526750,-2331750
390,63749,-31.604,68.134,555250,-2331450,-65,32,16338,256,1973,ICE_CAPS_CE,CE,197,21450,Hammer Gletsjer,792,ice,False,98432,-31.621,68.123,554850,-2332850
391,63756,-32.328,68.196,524250,-2331550,224,33,5022,254,2305,UNNAMED_DECEPTION_N,CE,201,6850,Søndre Syenitgletsjer,8590,ice,False,98821,-32.238,68.157,528850,-2334950
392,63759,-32.363,68.198,522750,-2331650,293,33,4514,254,1906,UNNAMED_DECEPTION_N,CE,201,6903,Søndre Syenitgletsjer,7982,ice,False,98821,-32.238,68.157,528850,-2334950
393,63760,-31.687,68.140,551750,-2331650,221,32,16133,256,2665,ICE_CAPS_CE,CE,202,21319,Basisgletsjer,495,ice,False,98332,-31.711,68.136,550850,-2332250
394,63767,-32.367,68.196,522650,-2331850,486,33,4304,254,1706,UNNAMED_DECEPTION_N,CE,201,6730,Søndre Syenitgletsjer,8129,ice,False,98821,-32.238,68.157,528850,-2334950
395,63768,-32.332,68.193,524150,-2331950,291,33,4617,254,1911,UNNAMED_DECEPTION_N,CE,201,6450,Søndre Syenitgletsjer,8880,ice,False,98821,-32.238,68.157,528850,-2334950
396,63771,-32.274,68.187,526650,-2332050,52,33,5246,254,3128,UNNAMED_DECEPTION_N,CE,201,6736,Søndre Syenitgletsjer,10447,ice,False,98254,-32.270,68.189,526750,-2331750
397,63773,-32.357,68.193,523150,-2332150,-1,33,4094,254,1406,UNNAMED_DECEPTION_N,CE,201,6337,Søndre Syenitgletsjer,8599,ice,False,98821,-32.238,68.157,528850,-2334950
398,63774,-32.343,68.192,523750,-2332150,339,33,4275,254,1543,UNNAMED_DECEPTION_N,CE,201,6266,Søndre Syenitgletsjer,8861,ice,False,98821,-32.238,68.157,528850,-2334950
399,63775,-32.315,68.189,524950,-2332150,178,33,4844,254,2057,UNNAMED_DECEPTION_N,CE,201,6274,Søndre Syenitgletsjer,9476,ice,False,-1,,,-1,-1
400,63778,-32.430,68.198,520050,-2332250,411,33,4429,254,716,UNNAMED_DECEPTION_N,CE,201,7419,Søndre Syenitgletsjer,7965,ice,False,98413,-32.451,68.195,519250,-2332750
401,63780,-32.336,68.190,524050,-2332250,177,33,4303,254,1606,UNNAMED_DECEPTION_N,CE,201,6151,Søndre Syenitgletsjer,9091,ice,False,98821,-32.238,68.157,528850,-2334950
402,63781,-32.287,68.186,526150,-2332250,181,33,5161,254,2624,UNNAMED_DECEPTION_N,CE,201,6394,Søndre Syenitgletsjer,10273,ice,False,98254,-32.270,68.189,526750,-2331750
403,63783,-31.646,68.130,553650,-2332350,297,32,16953,256,2768,ICE_CAPS_CE,CE,197,22244,Hammer Gletsjer,1409,ice,False,98467,-31.627,68.122,554650,-2333050
404,63788,-32.361,68.190,523050,-2332450,518,33,3779,254,1106,UNNAMED_DECEPTION_N,CE,201,6060,Søndre Syenitgletsjer,8835,ice,False,98821,-32.238,68.157,528850,-2334950
405,63789,-32.295,68.185,525850,-2332450,245,33,5032,254,2272,UNNAMED_DECEPTION_N,CE,201,6124,Søndre Syenitgletsjer,10244,ice,False,98254,-32.270,68.189,526750,-2331750
406,63791,-32.450,68.197,519250,-2332550,12,33,4170,254,0,UNNAMED_DECEPTION_N,CE,200,7035,Søndre Syenitgletsjer,8265,ice,False,98378,-32.450,68.197,519250,-2332550
407,63794,-32.497,68.200,517250,-2332650,374,33,2195,254,536,UNNAMED_DECEPTION_N,CE,200,5278,Søndre Syenitgletsjer,8693,ice,False,98359,-32.485,68.201,517750,-2332450
408,63796,-32.476,68.198,518150,-2332650,-1,33,3074,254,0,UNNAMED_DECEPTION_N,CE,200,6151,Søndre Syenitgletsjer,8488,ice,False,98394,-32.476,68.198,518150,-2332650
409,63797,-32.245,68.179,528050,-2332650,66,33,4357,254,2201,UNNAMED_DECEPTION_N,CE,201,6810,Søndre Syenitgletsjer,11848,ice,False,98585,-32.230,68.167,528950,-2333750
410,63799,-32.451,68.195,519250,-2332750,14,33,4127,254,0,UNNAMED_DECEPTION_N,CE,200,6911,Søndre Syenitgletsjer,8464,ice,False,98413,-32.451,68.195,519250,-2332750
411,63800,-32.360,68.188,523150,-2332750,-1,33,3513,254,806,UNNAMED_DECEPTION_N,CE,201,5746,Søndre Syenitgletsjer,9151,ice,False,98821,-32.238,68.157,528850,-2334950
412,63801,-32.339,68.186,524050,-2332750,-1,33,3858,254,1235,UNNAMED_DECEPTION_N,CE,201,5651,Søndre Syenitgletsjer,9531,ice,False,98821,-32.238,68.157,528850,-2334950
413,63802,-32.278,68.181,526650,-2332750,77,33,4563,254,2722,UNNAMED_DECEPTION_N,CE,201,6081,Søndre Syenitgletsjer,10977,ice,False,-1,,,-1,-1
414,63803,-31.679,68.129,552350,-2332750,107,32,17248,256,3378,ICE_CAPS_CE,CE,202,21438,Brødregletsjer,466,ice,False,98332,-31.711,68.136,550850,-2332250
415,63804,-31.667,68.128,552850,-2332750,271,32,17276,256,3237,ICE_CAPS_CE,CE,202,21904,Brødregletsjer,809,ice,False,98467,-31.627,68.122,554650,-2333050
416,63805,-32.421,68.192,520550,-2332850,498,33,3665,254,450,UNNAMED_DECEPTION_N,CE,201,6642,Søndre Syenitgletsjer,8602,ice,False,98413,-32.451,68.195,519250,-2332750
417,63807,-32.302,68.181,525650,-2332950,295,33,4580,254,1783,UNNAMED_DECEPTION_N,CE,201,5591,Søndre Syenitgletsjer,10531,ice,False,98254,-32.270,68.189,526750,-2331750
418,63808,-32.246,68.176,528050,-2332950,294,33,4062,254,1921,UNNAMED_DECEPTION_N,CE,201,6559,Søndre Syenitgletsjer,12061,ice,False,98585,-32.230,68.167,528950,-2333750
419,63809,-31.622,68.122,554850,-2332950,6,32,17727,256,3399,ICE_CAPS_CE,CE,197,22956,Hammer Gletsjer,760,ice,False,98468,-31.613,68.120,555250,-2333050
420,63810,-32.359,68.185,523250,-2333050,803,33,3257,254,524,UNNAMED_DECEPTION_N,CE,201,5433,Søndre Syenitgletsjer,9466,ice,False,98821,-32.238,68.157,528850,-2334950
421,63811,-32.270,68.177,527050,-2333050,-1,33,4182,254,2411,UNNAMED_DECEPTION_N,CE,201,5970,Søndre Syenitgletsjer,11463,ice,False,-1,,,-1,-1
422,63815,-32.327,68.181,524650,-2333150,-1,33,3850,254,1014,UNNAMED_DECEPTION_N,CE,201,5255,Søndre Syenitgletsjer,10169,ice,False,98821,-32.238,68.157,528850,-2334950
423,63816,-32.280,68.177,526650,-2333150,188,33,4173,254,2467,UNNAMED_DECEPTION_N,CE,201,5711,Søndre Syenitgletsjer,11288,ice,False,98821,-32.238,68.157,528850,-2334950
424,63817,-31.695,68.127,551750,-2333150,90,33,16968,256,3976,ICE_CAPS_CE,CE,202,20734,Brødregletsjer,412,ice,False,98332,-31.711,68.136,550850,-2332250
425,63822,-31.698,68.125,551650,-2333350,-1,33,16819,256,4199,ICE_CAPS_CE,CE,202,20570,Brødregletsjer,540,ice,False,98332,-31.711,68.136,550850,-2332250
426,63823,-32.310,68.177,525450,-2333450,354,33,4054,254,1333,UNNAMED_DECEPTION_N,CE,201,5060,Søndre Syenitgletsjer,10838,ice,False,98254,-32.270,68.189,526750,-2331750
427,63824,-32.282,68.175,526650,-2333450,222,33,3880,254,2203,UNNAMED_DECEPTION_N,CE,201,5437,Søndre Syenitgletsjer,11524,ice,False,98821,-32.238,68.157,528850,-2334950
428,63827,-32.327,68.177,524750,-2333550,667,33,3576,254,717,UNNAMED_DECEPTION_N,CE,201,4862,Søndre Syenitgletsjer,10567,ice,False,98821,-32.238,68.157,528850,-2334950
429,63830,-32.337,68.176,524350,-2333750,464,33,3185,254,352,UNNAMED_DECEPTION_N,CE,201,4650,Søndre Syenitgletsjer,10559,ice,False,98821,-32.238,68.157,528850,-2334950
430,63831,-32.115,68.158,533850,-2333750,91,33,4236,254,3076,UNNAMED_DECEPTION_N,CE,202,7001,Søndre Syenitgletsjer,17060,ice,False,99060,-32.072,68.128,536350,-2336550
431,63834,-32.336,68.175,524450,-2333950,778,33,3077,254,221,UNNAMED_DECEPTION_N,CE,201,4450,Søndre Syenitgletsjer,10782,ice,False,98821,-32.238,68.157,528850,-2334950
432,63835,-32.312,68.173,525450,-2333950,-1,33,3642,254,1175,UNNAMED_DECEPTION_N,CE,201,4572,Søndre Syenitgletsjer,11263,ice,False,98254,-32.270,68.189,526750,-2331750
433,63836,-32.240,68.167,528550,-2333950,127,33,3003,254,810,UNNAMED_DECEPTION_N,CE,201,6084,Søndre Syenitgletsjer,13131,ice,False,98585,-32.230,68.167,528950,-2333750
434,63837,-32.086,68.153,535150,-2334050,33,33,3697,254,2640,UNNAMED_DECEPTION_N,CE,202,7103,Tindegletsjer,16659,ice,False,-1,,,-1,-1
435,63838,-32.141,68.155,532850,-2334250,-1,33,3972,254,1958,UNNAMED_DECEPTION_N,CE,202,6365,Søndre Syenitgletsjer,16533,ice,False,99060,-32.072,68.128,536350,-2336550
436,63841,-32.284,68.167,526750,-2334350,-1,33,2980,254,1457,UNNAMED_DECEPTION_N,CE,201,4682,Søndre Syenitgletsjer,12309,ice,False,98821,-32.238,68.157,528850,-2334950
437,63842,-32.076,68.149,535650,-2334350,79,33,3396,254,2274,UNNAMED_DECEPTION_N,CE,202,7044,Tindegletsjer,16157,ice,False,-1,,,-1,-1
438,63844,-32.117,68.151,533950,-2334550,-1,33,3434,254,2307,UNNAMED_DECEPTION_N,CE,202,6245,Søndre Syenitgletsjer,17597,ice,False,99060,-32.072,68.128,536350,-2336550
439,63845,-32.295,68.165,526350,-2334650,441,33,2776,254,1071,UNNAMED_DECEPTION_N,CE,201,4226,Søndre Syenitgletsjer,12333,ice,False,98821,-32.238,68.157,528850,-2334950
440,63846,-32.085,68.147,535350,-2334650,156,33,3089,254,2018,UNNAMED_DECEPTION_N,CE,202,6641,Tindegletsjer,16460,ice,False,-1,,,-1,-1
441,63847,-32.155,68.152,532350,-2334750,175,33,3595,254,1297,UNNAMED_DECEPTION_N,CE,202,5850,Søndre Syenitgletsjer,16450,ice,False,98850,-32.179,68.150,531450,-2335150
442,63851,-32.253,68.158,528250,-2335050,189,33,1967,254,533,UNNAMED_DECEPTION_N,CE,201,5091,Søndre Syenitgletsjer,13771,ice,False,98821,-32.238,68.157,528850,-2334950
443,63855,-32.225,68.151,529550,-2335450,7,33,1672,254,0,UNNAMED_DECEPTION_N,CE,202,5494,Søndre Syenitgletsjer,14915,ice,False,98906,-32.225,68.151,529550,-2335450
444,63860,-32.211,68.149,530150,-2335550,9,33,1913,254,0,UNNAMED_DECEPTION_N,CE,202,5290,Søndre Syenitgletsjer,15392,ice,False,98926,-32.211,68.149,530150,-2335550
445,63861,-32.125,68.142,533850,-2335550,435,33,2481,254,1330,UNNAMED_DECEPTION_N,CE,202,5254,Tindegletsjer,18000,ice,False,99060,-32.072,68.128,536350,-2336550
446,63862,-32.282,68.154,527150,-2335650,609,33,1624,254,257,UNNAMED_DECEPTION_N,CE,201,3889,Søndre Syenitgletsjer,13608,ice,False,98821,-32.238,68.157,528850,-2334950
447,63863,-32.177,68.145,531650,-2335750,-1,33,2592,254,406,UNNAMED_DECEPTION_N,CE,202,4881,Søndre Syenitgletsjer,16590,ice,False,98850,-32.179,68.150,531450,-2335150
448,63864,-32.135,68.141,533450,-2335750,567,33,2376,254,1186,UNNAMED_DECEPTION_N,CE,202,4962,Søndre Syenitgletsjer,17935,ice,False,99060,-32.072,68.128,536350,-2336550
449,63865,-31.619,68.096,555650,-2335750,15,33,20169,256,6267,ICE_CAPS_CE,CE,202,23750,Hammer Gletsjer,3582,ice,False,98986,-31.617,68.094,555750,-2335950
450,63866,-32.104,68.137,534850,-2335950,444,33,1869,254,798,UNNAMED_DECEPTION_N,CE,202,5255,Tindegletsjer,17036,ice,False,99060,-32.072,68.128,536350,-2336550
451,63870,-31.578,68.087,557550,-2336350,107,32,21637,256,7368,ICE_CAPS_CE,CE,202,25506,Hammer Gletsjer,4828,ice,False,99016,-31.551,68.087,558650,-2336150
452,63883,-32.146,68.132,533250,-2336850,291,33,1348,254,124,UNNAMED_DECEPTION_N,CE,202,3845,Søndre Syenitgletsjer,18509,ice,False,99060,-32.072,68.128,536350,-2336550
453,63884,-32.066,68.125,536650,-2336850,-1,33,1522,254,0,UNNAMED_DECEPTION_N,CE,202,5667,Tindegletsjer,15368,ice,False,99060,-32.072,68.128,536350,-2336550
454,63887,-32.063,68.122,536850,-2337150,-1,33,1552,254,28,UNNAMED_DECEPTION_N,CE,202,5630,Tindegletsjer,15224,ice,False,99127,-32.063,68.122,536850,-2337150
455,63892,-32.047,68.117,537650,-2337550,-1,33,2222,254,4,UNNAMED_DECEPTION_N,CE,202,6071,Tindegletsjer,14523,ice,False,99166,-32.047,68.117,537650,-2337550
456,63897,-32.034,68.107,538450,-2338550,-1,33,2778,254,11,UNNAMED_DECEPTION_N,CE,202,6387,Tindegletsjer,14014,ice,False,99267,-32.034,68.107,538450,-2338550
457,63914,-32.027,68.090,539150,-2340350,-1,33,3059,254,53,UNNAMED_DECEPTION_N,CE,202,6754,Tindegletsjer,14025,ice,False,99404,-32.027,68.090,539150,-2340350
458,63926,-32.051,68.066,538750,-2343150,7,33,2554,254,0,UNNAMED_DECEPTION_N,CE,202,6770,Tindegletsjer,15769,ice,False,99563,-32.051,68.066,538750,-2343150
459,63930,-32.077,68.065,537750,-2343550,3,33,1960,254,55,UNNAMED_DECEPTION_N,CE,202,6015,Tindegletsjer,16823,ice,False,99595,-32.077,68.065,537750,-2343550
460,63931,-32.052,68.061,538850,-2343750,68,33,2933,254,261,UNNAMED_DECEPTION_N,CE,202,7092,Tindegletsjer,16032,ice,False,99595,-32.077,68.065,537750,-2343550

