index,id,lon,lat,x,y,elev,Z2012_sector,Z2012_sector_dist,M2019_ID,M2019_ID_dist,M2019_basin,M2019_region,M2020_gate,M2020_gate_dist,B2015_name,B2015_dist,domain,upstream,coast_id,coast_lon,coast_lat,coast_x,coast_y
0,171656,-43.755,60.733,70350,-3237650,26,50,2655,111,136,SOUTHERN_TIP,SE,352,7246,Sermeq,42161,land,False,-1,,,-1,-1
1,171791,-43.775,60.727,69250,-3238350,-308,50,2050,111,0,SOUTHERN_TIP,SE,354,6450,Sermeq,41198,land,False,-1,,,-1,-1
2,171925,-43.720,60.721,72350,-3238950,-55,50,4988,111,1532,SOUTHERN_TIP,SE,355,8421,Qinngorliit Sermiat,42794,land,False,-1,,,-1,-1
3,172032,-43.705,60.717,73250,-3239450,-31,50,6015,111,586,SOUTHERN_TIP,SE,355,8966,Qinngorliit Sermiat,42853,land,False,-1,,,-1,-1
4,172125,-43.694,60.713,73850,-3239850,-70,50,6729,111,116,SOUTHERN_TIP,SE,355,9350,Qinngorliit Sermiat,42850,land,False,-1,,,-1,-1
5,172240,-43.677,60.710,74850,-3240250,168,50,7803,111,848,SOUTHERN_TIP,SE,356,9884,Qinngorliit Sermiat,43091,land,False,-1,,,-1,-1
6,172282,-43.733,60.709,71650,-3240450,17,50,5236,111,2202,SOUTHERN_TIP,SE,355,7092,Qinngorliit Sermiat,41150,land,False,-1,,,-1,-1
7,172323,-43.656,60.705,76050,-3240750,-1,50,9007,111,301,SOUTHERN_TIP,SE,356,8597,Qinngorliit Sermiat,43396,land,False,-1,,,-1,-1
8,172325,-43.638,60.705,77050,-3240750,-1,50,9356,111,268,SOUTHERN_TIP,SE,356,7630,Qinngorliit Sermiat,44006,land,False,-1,,,-1,-1
9,172354,-43.725,60.704,72150,-3240950,3,50,5943,111,1985,SOUTHERN_TIP,SE,355,7369,Qinngorliit Sermiat,40996,land,False,-1,,,-1,-1
10,172404,-43.594,60.700,79550,-3241250,9,50,11006,111,165,SOUTHERN_TIP,SE,356,5091,Qinngorliit Sermiat,45213,land,False,-1,,,-1,-1
11,172496,-43.596,60.694,79450,-3241950,41,50,11538,111,0,SOUTHERN_TIP,SE,356,5022,Qinngorliit Sermiat,44620,land,False,-1,,,-1,-1
12,172527,-43.630,60.693,77550,-3242150,11,50,10840,111,1225,SOUTHERN_TIP,SE,356,6880,Qinngorliit Sermiat,43231,land,False,-1,,,-1,-1
13,172529,-43.602,60.692,79150,-3242150,13,50,11554,111,19,SOUTHERN_TIP,SE,356,5290,Qinngorliit Sermiat,44272,land,False,-1,,,-1,-1
14,172541,-43.711,60.693,72950,-3242250,4,50,7426,111,2534,SOUTHERN_TIP,SE,355,7834,Qinngorliit Sermiat,40362,land,False,-1,,,-1,-1
15,172724,-43.667,60.682,75450,-3243450,-64,50,10070,111,1938,SOUTHERN_TIP,SE,356,8950,Qinngorliit Sermiat,40896,land,False,-1,,,-1,-1
16,172736,-43.703,60.681,73450,-3243550,0,50,8696,111,1558,SOUTHERN_TIP,SE,355,8250,Qinngorliit Sermiat,39597,land,False,-1,,,-1,-1
17,172843,-43.659,60.675,75950,-3244250,-29,50,10959,111,1218,SOUTHERN_TIP,SE,356,8492,Qinngorliit Sermiat,40594,land,False,-1,,,-1,-1
18,173015,-43.709,60.667,73150,-3245250,1,50,8041,111,360,SOUTHERN_TIP,SE,355,8119,Qinngorliit Sermiat,38060,land,False,-1,,,-1,-1
19,173249,-43.653,60.652,76350,-3246850,5,50,11205,111,1622,SOUTHERN_TIP,SE,356,8758,Qinngorliit Sermiat,38907,land,False,-1,,,-1,-1
20,173261,-43.711,60.652,73050,-3246950,1,50,7923,111,1479,SOUTHERN_TIP,SE,355,8534,Qinngorliit Sermiat,36665,land,False,-1,,,-1,-1
21,173310,-43.653,60.648,76350,-3247350,2,50,11246,111,1325,SOUTHERN_TIP,SE,356,8966,Qinngorliit Sermiat,38542,land,False,-1,,,-1,-1
22,173485,-43.647,60.634,76750,-3248950,54,50,11911,111,936,SOUTHERN_TIP,SE,356,9451,Qinngorliit Sermiat,37678,land,False,-1,,,-1,-1
23,173589,-44.171,60.631,47050,-3249850,12,50,3332,111,864,SOUTHERN_TIP,SE,357,6010,Sermersuasik,18133,land,False,-1,,,-1,-1
24,173625,-44.151,60.628,48150,-3250150,-18,50,2886,111,1776,SOUTHERN_TIP,SE,357,6732,Sermersuasik,19029,land,False,-1,,,-1,-1
25,173667,-44.194,60.626,45750,-3250450,-192,50,3585,111,0,SOUTHERN_TIP,SE,357,6294,Sermersuasik,16702,land,False,-1,,,-1,-1
26,173668,-44.139,60.626,48850,-3250450,66,50,2211,111,1570,SOUTHERN_TIP,SE,357,7340,Sermitsiaq,19553,land,False,-1,,,-1,-1
27,173677,-43.727,60.621,72250,-3250550,0,50,8321,111,133,SOUTHERN_TIP,SE,355,9899,Qinngorliit Sermiat,33410,land,False,-1,,,-1,-1
28,173690,-44.195,60.624,45650,-3250650,-1,50,3590,111,0,SOUTHERN_TIP,SE,357,6482,Sermersuasik,16529,land,False,-1,,,-1,-1
29,173701,-43.626,60.618,77950,-3250750,7,50,13575,111,221,SOUTHERN_TIP,SE,356,9778,Qinngorliit Sermiat,37331,land,False,-1,,,-1,-1
30,173718,-43.725,60.618,72350,-3250850,7,50,8566,111,0,SOUTHERN_TIP,SE,355,10182,Qinngorliit Sermiat,33255,land,False,-1,,,-1,-1
31,173759,-44.173,60.620,46950,-3251150,4,50,4122,111,1228,SOUTHERN_TIP,SE,357,7218,Sermersuasik,17549,land,False,-1,,,-1,-1
32,173760,-43.709,60.616,73250,-3251150,-1,50,9487,111,675,SOUTHERN_TIP,SE,355,11036,Qinngorliit Sermiat,33652,land,False,-1,,,-1,-1
33,173788,-44.118,60.617,50050,-3251450,8,50,1093,111,204,SOUTHERN_TIP,SE,357,8835,Sermitsiaq,20037,land,False,-1,,,-1,-1
34,173869,-44.127,60.611,49550,-3252150,-151,50,1871,111,981,SOUTHERN_TIP,SE,357,9159,Sermitsiaq,19257,land,False,-1,,,-1,-1
35,173870,-43.676,60.607,75150,-3252150,14,50,11630,111,2609,SOUTHERN_TIP,SE,356,12732,Qinngorliit Sermiat,34313,land,False,-1,,,-1,-1
36,173944,-44.150,60.607,48250,-3252650,6,50,3238,111,2327,SOUTHERN_TIP,SE,357,9053,Sermitsiaq,17878,land,False,-1,,,-1,-1
37,173945,-43.666,60.602,75750,-3252650,1,50,12402,111,2858,SOUTHERN_TIP,SE,356,12664,Qinngorliit Sermiat,34424,land,False,-1,,,-1,-1
38,173960,-43.617,60.601,78550,-3252750,-1,50,14908,111,82,SOUTHERN_TIP,SE,356,11029,Qinngorliit Sermiat,36512,land,False,-1,,,-1,-1
39,174079,-44.191,60.597,45950,-3253750,-1,50,5467,111,0,SOUTHERN_TIP,SE,357,9597,Sermitsiaq,15336,land,False,-1,,,-1,-1
40,174080,-44.085,60.597,51950,-3253750,40,50,2830,111,105,SOUTHERN_TIP,SE,357,11811,Sermitsiaq,20741,land,False,-1,,,-1,-1
41,174081,-44.076,60.597,52450,-3253750,112,50,3022,111,0,SOUTHERN_TIP,SE,357,12112,Sermitsiaq,21206,land,False,-1,,,-1,-1
42,174082,-43.610,60.592,78950,-3253750,-1,50,15724,111,289,SOUTHERN_TIP,SE,356,11697,Qinngorliit Sermiat,36221,land,False,-1,,,-1,-1
43,174095,-44.202,60.597,45350,-3253850,157,50,5016,111,75,SOUTHERN_TIP,SE,357,9610,Sermitsiaq,14769,land,False,-1,,,-1,-1
44,174144,-43.654,60.587,76450,-3254350,-1,50,13928,111,2644,SOUTHERN_TIP,SE,356,13531,Qinngorliit Sermiat,33872,land,False,-1,,,-1,-1
45,174176,-43.941,60.587,60150,-3254750,22,50,6293,111,0,SOUTHERN_TIP,SE,355,12080,Qinngorliit Sermiat,23038,land,False,-1,,,-1,-1
46,174190,-44.193,60.587,45850,-3254950,-1,50,4463,111,433,SOUTHERN_TIP,SE,357,10783,Sermitsiaq,14679,land,False,-1,,,-1,-1
47,174200,-43.604,60.581,79350,-3255050,-15,50,16726,111,1223,SOUTHERN_TIP,SE,356,12697,Qinngorliit Sermiat,35788,land,False,-1,,,-1,-1
48,174229,-43.634,60.578,77650,-3255350,4,50,15487,111,2212,SOUTHERN_TIP,SE,356,13724,Qinngorliit Sermiat,34226,land,False,-1,,,-1,-1
49,174237,-44.072,60.582,52750,-3255450,-135,50,2799,111,1502,SOUTHERN_TIP,SE,357,13661,Qinngorliit Sermiat,20134,land,False,-1,,,-1,-1
50,174238,-43.920,60.580,61350,-3255450,-18,50,6507,111,760,SOUTHERN_TIP,SE,355,12342,Qinngorliit Sermiat,22987,land,False,-1,,,-1,-1
51,174254,-43.978,60.580,58050,-3255550,6,50,4367,111,1565,SOUTHERN_TIP,SE,355,13724,Qinngorliit Sermiat,21441,land,False,-1,,,-1,-1
52,174270,-44.156,60.581,47950,-3255650,-1,50,4697,111,993,SOUTHERN_TIP,SE,357,11823,Sermitsiaq,16324,land,False,-1,,,-1,-1
53,174276,-43.597,60.575,79750,-3255650,11,50,17386,111,1775,SOUTHERN_TIP,SE,356,13102,Qinngorliit Sermiat,35784,land,False,-1,,,-1,-1
54,174284,-44.044,60.579,54350,-3255750,-107,50,2216,111,2257,SOUTHERN_TIP,SE,357,14860,Qinngorliit Sermiat,20129,land,False,-1,,,-1,-1
55,174293,-44.191,60.579,45950,-3255850,12,50,3819,111,566,SOUTHERN_TIP,SE,357,11688,Sermitsiaq,14394,land,False,-1,,,-1,-1
56,174295,-44.058,60.578,53550,-3255850,5,50,2145,111,2183,SOUTHERN_TIP,SE,357,14450,Qinngorliit Sermiat,19869,land,False,-1,,,-1,-1
57,174313,-44.121,60.577,49950,-3256050,27,50,4068,111,646,SOUTHERN_TIP,SE,357,12842,Sermitsiaq,18082,land,False,-1,,,-1,-1
58,174314,-44.016,60.576,55950,-3256050,-113,50,2677,111,2471,SOUTHERN_TIP,SE,355,15274,Qinngorliit Sermiat,20256,land,False,-1,,,-1,-1
59,174325,-44.116,60.576,50250,-3256150,-150,50,3799,111,564,SOUTHERN_TIP,SE,357,13052,Sermitsiaq,18339,land,False,-1,,,-1,-1
60,174365,-43.590,60.568,80150,-3256450,0,50,18163,111,2526,SOUTHERN_TIP,SE,356,13724,Qinngorliit Sermiat,35687,land,False,-1,,,-1,-1
61,174373,-44.195,60.573,45750,-3256550,15,50,3146,111,1012,SOUTHERN_TIP,SE,357,12338,Sermitsiaq,13948,land,False,-1,,,-1,-1
62,174390,-43.880,60.569,63650,-3256750,-1,50,7576,260,1862,ICE_CAPS_SE,SE,355,13200,Qinngorliit Sermiat,23157,land,False,-1,,,-1,-1
63,174413,-44.186,60.570,46250,-3256950,-1,50,3142,111,562,SOUTHERN_TIP,SE,357,12811,Sermitsiaq,14285,land,False,-1,,,-1,-1
64,174420,-44.065,60.568,53150,-3257050,-184,50,1245,111,1411,SOUTHERN_TIP,SE,357,15216,Qinngorliit Sermiat,18617,land,False,-1,,,-1,-1
65,174422,-43.626,60.563,78150,-3257050,9,50,16930,111,3420,SOUTHERN_TIP,SE,356,15012,Qinngorliit Sermiat,33678,land,False,-1,,,-1,-1
66,174430,-44.035,60.567,54850,-3257150,9,50,1133,111,1878,SOUTHERN_TIP,SE,357,16270,Qinngorliit Sermiat,18891,land,False,-1,,,-1,-1
67,174435,-44.195,60.567,45750,-3257250,-1,50,2597,111,348,SOUTHERN_TIP,SE,357,13028,Sermitsiaq,13716,land,False,-1,,,-1,-1
68,174439,-43.587,60.561,80350,-3257250,-27,50,18788,111,3299,SOUTHERN_TIP,SE,356,14430,Qinngorliit Sermiat,35441,land,False,-1,,,-1,-1
69,174453,-43.861,60.563,64750,-3257350,-1,50,8346,260,2077,ICE_CAPS_SE,SE,355,13750,Qinngorliit Sermiat,23360,land,False,-1,,,-1,-1
70,174462,-44.192,60.565,45950,-3257450,11,50,2564,111,95,SOUTHERN_TIP,SE,357,13259,Sermitsiaq,13847,land,False,-1,,,-1,-1
71,174463,-44.095,60.565,51450,-3257450,149,50,2032,111,0,SOUTHERN_TIP,SE,357,14736,Qinngorliit Sermiat,17998,land,False,-1,,,-1,-1
72,174483,-43.853,60.561,65250,-3257650,7,50,8725,260,2226,ICE_CAPS_SE,SE,355,14050,Qinngorliit Sermiat,23454,land,False,-1,,,-1,-1
73,174492,-44.007,60.561,56450,-3257750,44,50,1648,111,1391,SOUTHERN_TIP,SE,355,16430,Qinngorliit Sermiat,18809,land,False,-1,,,-1,-1
74,174504,-43.807,60.559,67850,-3257850,-7,50,10789,260,2349,ICE_CAPS_SE,SE,355,14494,Qinngorliit Sermiat,25092,land,False,-1,,,-1,-1
75,174506,-43.788,60.558,68950,-3257850,-47,50,11387,260,3031,ICE_CAPS_SE,SE,355,14735,Qinngorliit Sermiat,25891,land,False,-1,,,-1,-1
76,174522,-43.784,60.557,69150,-3257950,3,50,11584,260,3246,ICE_CAPS_SE,SE,355,14883,Qinngorliit Sermiat,25971,land,False,-1,,,-1,-1
77,174533,-43.997,60.559,57050,-3258050,58,50,1783,111,977,SOUTHERN_TIP,SE,355,16397,Qinngorliit Sermiat,18749,land,False,-1,,,-1,-1
78,174541,-43.981,60.558,57950,-3258150,102,50,2260,111,263,SOUTHERN_TIP,SE,355,16081,Qinngorliit Sermiat,19020,land,False,-1,,,-1,-1
79,174542,-43.963,60.557,58950,-3258150,22,50,2897,111,0,SOUTHERN_TIP,SE,355,15681,Qinngorliit Sermiat,19464,land,False,-1,,,-1,-1
80,174545,-43.619,60.554,78550,-3258150,-73,50,17952,111,4397,SOUTHERN_TIP,SE,356,15867,Qinngorliit Sermiat,33434,land,False,-1,,,-1,-1
81,174558,-43.948,60.556,59850,-3258250,1,50,3532,111,333,SOUTHERN_TIP,SE,355,15463,Qinngorliit Sermiat,19812,land,False,-1,,,-1,-1
82,174574,-43.301,60.548,96650,-3258350,-1,50,33753,111,991,SOUTHERN_TIP,SE,356,19201,Sermeq Kujalleq,34540,land,False,-1,,,-1,-1
83,174590,-43.306,60.547,96350,-3258450,4,50,33510,111,1161,SOUTHERN_TIP,SE,356,19093,Sermeq Kujalleq,34479,land,False,-1,,,-1,-1
84,174620,-43.326,60.546,95250,-3258650,0,50,32565,111,1358,SOUTHERN_TIP,SE,356,18600,Sermeq Kujalleq,34445,land,False,-1,,,-1,-1
85,174634,-43.702,60.550,73850,-3258750,0,50,15198,260,4528,ICE_CAPS_SE,SE,355,17445,Qinngorliit Sermiat,29160,land,False,-1,,,-1,-1
86,174656,-44.045,60.552,54350,-3258850,-1,50,0,111,181,SOUTHERN_TIP,SE,357,17379,Qinngorliit Sermiat,17120,land,False,-1,,,-1,-1
87,174688,-43.280,60.542,97850,-3259050,-1,50,35125,111,1867,SOUTHERN_TIP,SE,353,20387,Sermeq Kujalleq,33715,land,False,-1,,,-1,-1
88,174708,-43.737,60.547,71850,-3259150,-5,50,13647,260,4832,ICE_CAPS_SE,SE,355,16912,Qinngorliit Sermiat,27301,land,False,-1,,,-1,-1
89,174711,-43.574,60.545,81150,-3259150,-22,50,20581,111,5100,SOUTHERN_TIP,SE,356,16081,Paarliit Sermiat,34558,land,False,-1,,,-1,-1
90,174714,-43.270,60.541,98450,-3259150,43,50,35721,111,2288,SOUTHERN_TIP,SE,353,20629,Sermeq Kujalleq,33567,land,False,-1,,,-1,-1
91,174772,-43.897,60.544,62750,-3259650,19,50,5869,111,823,SOUTHERN_TIP,SE,355,16180,Qinngorliit Sermiat,20314,land,False,-1,,,-1,-1
92,174774,-43.667,60.541,75850,-3259650,-88,50,16275,260,3860,ICE_CAPS_SE,SE,356,18362,Qinngorliit Sermiat,30348,land,False,-1,,,-1,-1
93,174862,-43.305,60.532,96450,-3260150,32,50,34260,111,2791,SOUTHERN_TIP,SE,356,20517,Sermeq Kujalleq,32781,land,False,-1,,,-1,-1
94,174869,-44.082,60.540,52250,-3260250,610,50,0,111,0,SOUTHERN_TIP,SE,357,17611,Qinngorliit Sermiat,15313,land,False,-1,,,-1,-1
95,175004,-43.863,60.529,64750,-3261350,28,50,7518,111,2859,SOUTHERN_TIP,SE,355,17750,Qinngorliit Sermiat,20432,land,False,-1,,,-1,-1
96,175005,-43.566,60.526,81650,-3261350,-77,50,20497,111,4347,SOUTHERN_TIP,SE,356,18159,Paarliit Sermiat,33146,land,False,-1,,,-1,-1
97,175029,-43.526,60.523,83950,-3261550,1,50,22563,111,4496,SOUTHERN_TIP,SE,356,18155,Paarliit Sermiat,34523,land,False,-1,,,-1,-1
98,175071,-43.826,60.524,66850,-3261850,10,50,8414,111,4529,SOUTHERN_TIP,SE,355,18324,Qinngorliit Sermiat,21690,land,False,-1,,,-1,-1
99,175074,-43.289,60.517,97450,-3261850,0,50,35475,111,4470,SOUTHERN_TIP,SE,356,22483,Sermeq Kujalleq,30970,land,False,-1,,,-1,-1
100,175097,-43.789,60.522,68950,-3262050,-108,50,9555,260,3344,ICE_CAPS_SE,SE,355,18827,Qinngorliit Sermiat,23253,land,False,-1,,,-1,-1
101,175110,-43.510,60.518,84850,-3262150,9,50,23217,111,4006,SOUTHERN_TIP,SE,356,18751,Sermeq Kujalleq,34451,land,False,-1,,,-1,-1
102,175112,-43.273,60.515,98350,-3262150,-1,50,36294,111,4942,SOUTHERN_TIP,SE,356,23251,Sermeq Kujalleq,30584,land,False,-1,,,-1,-1
103,175137,-43.486,60.516,86250,-3262350,-1,50,24494,111,4372,SOUTHERN_TIP,SE,356,19021,Sermeq Kujalleq,33640,land,False,-1,,,-1,-1
104,175182,-43.898,60.517,62750,-3262750,16,50,5199,111,797,SOUTHERN_TIP,SE,355,19259,Qinngorliit Sermiat,18020,land,False,-1,,,-1,-1
105,175184,-43.874,60.517,64150,-3262750,8,50,6045,111,1965,SOUTHERN_TIP,SE,355,19161,Qinngorliit Sermiat,19044,land,False,-1,,,-1,-1
106,175185,-43.751,60.516,71150,-3262750,0,50,10658,260,1663,ICE_CAPS_SE,SE,355,20053,Qinngorliit Sermiat,24723,land,False,-1,,,-1,-1
107,175186,-43.705,60.515,73750,-3262750,-88,50,12802,260,819,ICE_CAPS_SE,SE,355,20972,Qinngorliit Sermiat,26990,land,False,-1,,,-1,-1
108,175187,-43.426,60.512,89650,-3262750,7,50,27671,111,5195,SOUTHERN_TIP,SE,356,19998,Sermeq Kujalleq,31929,land,False,-1,,,-1,-1
109,175189,-43.198,60.508,102650,-3262750,-1,50,40416,111,7711,SOUTHERN_TIP,SE,353,25375,Sermeq Kujalleq,29926,land,False,-1,,,-1,-1
110,175224,-43.658,60.512,76450,-3263050,-213,50,15053,260,1745,ICE_CAPS_SE,SE,356,21197,Paarliit Sermiat,28649,land,False,-1,,,-1,-1
111,175227,-43.416,60.509,90250,-3263050,14,50,28186,111,5211,SOUTHERN_TIP,SE,356,20446,Sermeq Kujalleq,31440,land,False,-1,,,-1,-1
112,175239,-43.675,60.511,75450,-3263150,2,50,14106,260,767,ICE_CAPS_SE,SE,356,21683,Paarliit Sermiat,28015,land,False,-1,,,-1,-1
113,175240,-43.240,60.505,100250,-3263150,51,50,37983,111,6617,SOUTHERN_TIP,SE,353,24966,Sermeq Kujalleq,29483,land,False,-1,,,-1,-1
114,175269,-43.688,60.510,74750,-3263350,-62,50,13390,260,40,ICE_CAPS_SE,SE,355,21937,Paarliit Sermiat,27474,land,False,-1,,,-1,-1
115,175306,-43.900,60.509,62650,-3263650,5,50,4413,111,529,SOUTHERN_TIP,SE,355,20164,Qinngorliit Sermiat,17327,land,False,-1,,,-1,-1
116,175344,-43.890,60.507,63250,-3263950,27,50,4545,111,492,SOUTHERN_TIP,SE,355,20408,Qinngorliit Sermiat,17577,land,False,-1,,,-1,-1
117,175365,-43.899,60.505,62750,-3264150,136,50,4080,111,256,SOUTHERN_TIP,SE,355,20651,Qinngorliit Sermiat,17068,land,False,-1,,,-1,-1
118,175369,-43.413,60.499,90450,-3264150,-42,50,28157,111,4444,SOUTHERN_TIP,SE,356,21558,Sermeq Kujalleq,30338,land,False,-1,,,-1,-1
119,175387,-43.700,60.501,74050,-3264350,92,50,12330,260,0,ICE_CAPS_SE,SE,355,22558,Paarliit Sermiat,26255,land,False,-1,,,-1,-1
120,175407,-43.780,60.500,69550,-3264550,27,50,8298,260,1077,ICE_CAPS_SE,SE,355,21396,Qinngorliit Sermiat,22439,land,False,-1,,,-1,-1
121,175412,-43.194,60.493,102950,-3264550,1,50,40459,111,9314,SOUTHERN_TIP,SE,353,27160,Sermeq Kujalleq,28150,land,False,-1,,,-1,-1
122,175431,-43.618,60.498,78750,-3264650,28,50,16649,111,132,SOUTHERN_TIP,SE,356,21988,Paarliit Sermiat,28754,land,False,-1,,,-1,-1
123,175455,-43.175,60.490,104050,-3264850,-1,50,41518,111,10226,SOUTHERN_TIP,SE,353,27850,Sermeq Kujalleq,27952,land,False,-1,,,-1,-1
124,175464,-43.573,60.494,81350,-3264950,30,50,19087,111,827,SOUTHERN_TIP,SE,356,21764,Paarliit Sermiat,30267,land,False,-1,,,-1,-1
125,175498,-43.803,60.494,68250,-3265350,22,50,6776,260,1993,ICE_CAPS_SE,SE,355,21962,Qinngorliit Sermiat,20915,land,False,-1,,,-1,-1
126,175521,-43.778,60.492,69650,-3265550,-1,50,7851,260,587,ICE_CAPS_SE,SE,355,22396,Qinngorliit Sermiat,22064,land,False,-1,,,-1,-1
127,175524,-43.638,60.490,77650,-3265550,-1,50,15350,111,157,SOUTHERN_TIP,SE,356,23155,Paarliit Sermiat,27360,land,False,-1,,,-1,-1
128,175530,-43.510,60.488,84950,-3265650,37,50,22480,111,1109,SOUTHERN_TIP,SE,356,22252,Sermeq Kujalleq,31346,land,False,-1,,,-1,-1
129,175532,-43.294,60.485,97250,-3265650,6,50,34672,111,6750,SOUTHERN_TIP,SE,356,25594,Sermeq Kujalleq,27224,land,False,-1,,,-1,-1
130,175567,-43.661,60.486,76350,-3266050,-1,50,13968,111,363,SOUTHERN_TIP,SE,356,24037,Paarliit Sermiat,26160,land,False,-1,,,-1,-1
131,175568,-43.554,60.485,82450,-3266050,288,50,19948,111,150,SOUTHERN_TIP,SE,356,22733,Paarliit Sermiat,30277,land,False,-1,,,-1,-1
132,175592,-43.664,60.484,76150,-3266250,57,50,13727,111,392,SOUTHERN_TIP,SE,356,24293,Paarliit Sermiat,25880,land,False,-1,,,-1,-1
133,175595,-43.251,60.479,99750,-3266250,-1,50,37104,111,8661,SOUTHERN_TIP,SE,356,27416,Sermeq Kujalleq,26402,land,False,-1,,,-1,-1
134,175604,-43.337,60.479,94850,-3266350,-46,50,32214,111,4463,SOUTHERN_TIP,SE,356,25134,Sermeq Kujalleq,26967,land,False,-1,,,-1,-1
135,175612,-43.677,60.483,75450,-3266450,5,50,13000,111,181,SOUTHERN_TIP,SE,356,24726,Paarliit Sermiat,25298,land,False,-1,,,-1,-1
136,175613,-43.482,60.480,86550,-3266450,-83,50,23950,111,1178,SOUTHERN_TIP,SE,356,23132,Sermeq Kujalleq,29858,land,False,-1,,,-1,-1
137,175616,-43.254,60.477,99550,-3266450,0,50,36888,111,8401,SOUTHERN_TIP,SE,356,27473,Sermeq Kujalleq,26211,land,False,-1,,,-1,-1
138,175618,-43.235,60.477,100650,-3266450,0,50,37985,111,9432,SOUTHERN_TIP,SE,356,28087,Sermeq Kujalleq,26177,land,False,-1,,,-1,-1
139,175627,-43.779,60.483,69650,-3266550,-1,50,7420,260,288,ICE_CAPS_SE,SE,355,23377,Qinngorliit Sermiat,21637,land,False,-1,,,-1,-1
140,175693,-43.505,60.475,85250,-3267050,153,50,22591,111,0,SOUTHERN_TIP,SE,356,23658,Sermeq Kujalleq,29992,land,False,-1,,,-1,-1
141,175718,-43.798,60.477,68550,-3267250,2,50,6142,260,1545,ICE_CAPS_SE,SE,355,23886,Qinngorliit Sermiat,20348,land,False,-1,,,-1,-1
142,175719,-43.449,60.473,88450,-3267250,1,50,25760,111,965,SOUTHERN_TIP,SE,356,24158,Sermeq Kujalleq,28272,land,False,-1,,,-1,-1
143,175745,-43.427,60.471,89750,-3267450,36,50,27041,111,1434,SOUTHERN_TIP,SE,356,24595,Sermeq Kujalleq,27540,land,False,-1,,,-1,-1
144,175753,-43.775,60.474,69850,-3267550,-1,50,7298,260,610,ICE_CAPS_SE,SE,355,24397,Paarliit Sermiat,21420,land,False,-1,,,-1,-1
145,175759,-43.143,60.466,105950,-3267550,3,50,43212,111,13523,SOUTHERN_TIP,SE,353,31085,Sermeq Kujalleq,25576,land,False,-1,,,-1,-1
146,175760,-43.117,60.465,107450,-3267550,0,50,44711,111,14481,SOUTHERN_TIP,SE,353,31729,Sermeq Kujalleq,25914,land,False,-1,,,-1,-1
147,175797,-43.795,60.470,68750,-3268050,41,50,6113,260,1789,ICE_CAPS_SE,SE,355,24706,Qinngorliit Sermiat,20228,land,False,-1,,,-1,-1
148,175798,-43.772,60.470,70050,-3268050,-1,50,7388,260,520,ICE_CAPS_SE,SE,355,24926,Paarliit Sermiat,21064,land,False,-1,,,-1,-1
149,175822,-43.257,60.462,99450,-3268250,-87,50,36691,111,7815,SOUTHERN_TIP,SE,356,28949,Sermeq Kujalleq,24420,land,False,-1,,,-1,-1
150,175855,-43.786,60.464,69250,-3268750,-1,50,6502,260,1362,ICE_CAPS_SE,SE,355,25474,Paarliit Sermiat,20078,land,False,-1,,,-1,-1
151,175864,-43.403,60.458,91150,-3268850,-1,50,28379,111,169,SOUTHERN_TIP,SE,356,26279,Sermeq Kujalleq,25703,land,False,-1,,,-1,-1
152,175884,-43.222,60.454,101450,-3269050,2,50,38676,111,9719,SOUTHERN_TIP,SE,356,30689,Sermeq Kujalleq,23582,land,False,-1,,,-1,-1
153,175911,-43.399,60.455,91350,-3269250,0,50,28575,111,0,SOUTHERN_TIP,SE,356,26716,Sermeq Kujalleq,25257,land,False,-1,,,-1,-1
154,175918,-43.343,60.453,94550,-3269350,-108,50,31775,111,2813,SOUTHERN_TIP,SE,356,27792,Sermeq Kujalleq,24130,land,False,-1,,,-1,-1
155,175925,-43.757,60.458,70950,-3269450,-1,50,8175,111,104,SOUTHERN_TIP,SE,355,26481,Paarliit Sermiat,20287,land,False,-1,,,-1,-1
156,175988,-43.824,60.451,67150,-3270250,7,50,4468,111,16,SOUTHERN_TIP,SE,355,26721,Paarliit Sermiat,17845,land,False,-1,,,-1,-1
157,175991,-43.762,60.451,70650,-3270250,-1,50,7927,111,751,SOUTHERN_TIP,SE,355,27201,Paarliit Sermiat,19449,land,False,-1,,,-1,-1
158,175992,-43.370,60.446,93050,-3270250,6,50,30288,111,1478,SOUTHERN_TIP,SE,356,28148,Sermeq Kujalleq,23718,land,False,-1,,,-1,-1
159,176029,-43.369,60.442,93150,-3270650,0,50,30403,111,1781,SOUTHERN_TIP,SE,356,28559,Sermeq Kujalleq,23307,land,False,-1,,,-1,-1
160,176045,-43.325,60.440,95650,-3270850,1,50,32909,111,4114,SOUTHERN_TIP,SE,356,29590,Sermeq Kujalleq,22403,land,False,-1,,,-1,-1
161,176066,-43.775,60.443,69950,-3271150,4,50,7399,111,115,SOUTHERN_TIP,SE,355,27956,Paarliit Sermiat,18315,land,False,-1,,,-1,-1
162,176099,-43.817,60.441,67550,-3271450,14,50,5219,111,5,SOUTHERN_TIP,SE,355,27948,Paarliit Sermiat,16908,land,False,-1,,,-1,-1
163,176152,-43.376,60.430,92750,-3272050,14,50,30097,111,1077,SOUTHERN_TIP,SE,356,29786,Sermeq Kujalleq,22137,land,False,-1,,,-1,-1
164,176167,-43.326,60.428,95650,-3272250,3,50,33003,111,3306,SOUTHERN_TIP,SE,356,30893,Sermeq Kujalleq,21045,land,False,-1,,,-1,-1
165,176187,-43.366,60.426,93350,-3272550,30,50,30742,111,1322,SOUTHERN_TIP,SE,356,30434,Sermeq Kujalleq,21454,land,False,-1,,,-1,-1
166,176200,-43.315,60.423,96250,-3272750,1,50,33648,111,3635,SOUTHERN_TIP,SE,356,31577,Sermeq Kujalleq,20416,land,False,-1,,,-1,-1
167,176220,-43.261,60.421,99350,-3272950,3,50,36752,111,6604,SOUTHERN_TIP,SE,356,33026,Sermeq Kujalleq,19738,land,False,-1,,,-1,-1
168,176339,-43.374,60.413,92950,-3274050,-1,50,30540,111,151,SOUTHERN_TIP,SE,356,31767,Sermeq Kujalleq,20211,land,False,-1,,,-1,-1
169,176352,-43.274,60.411,98650,-3274150,0,50,36195,111,5828,SOUTHERN_TIP,SE,356,33807,Sermeq Kujalleq,18614,land,False,-1,,,-1,-1
170,176403,-43.369,60.407,93250,-3274750,1,50,30951,111,892,SOUTHERN_TIP,SE,356,32521,Sermeq Kujalleq,19450,land,False,-1,,,-1,-1
171,176458,-43.319,60.401,96150,-3275350,1,50,33911,111,3602,SOUTHERN_TIP,SE,356,33973,Sermeq Kujalleq,17921,land,False,-1,,,-1,-1
172,176481,-43.200,60.398,102950,-3275550,10,50,40651,111,9240,SOUTHERN_TIP,SE,356,37018,Sermeq Kujalleq,17197,land,False,-1,,,-1,-1
173,176512,-43.224,60.394,101550,-3275950,-6,50,39334,111,8845,SOUTHERN_TIP,SE,356,36698,Sermeq Kujalleq,16688,land,False,-1,,,-1,-1
174,176576,-43.281,60.387,98350,-3276950,0,50,36379,111,6280,SOUTHERN_TIP,SE,356,36258,Sermeq Kujalleq,15884,land,False,-1,,,-1,-1
175,176584,-43.463,60.388,87950,-3277050,-1,50,26328,111,408,SOUTHERN_TIP,SE,356,33816,Sermeq Kujalleq,20265,land,False,-1,,,-1,-1
176,176585,-43.459,60.388,88150,-3277050,-1,50,26519,111,305,SOUTHERN_TIP,SE,356,33836,Sermeq Kujalleq,20138,land,False,-1,,,-1,-1
177,176586,-43.417,60.388,90550,-3277050,-1,50,28824,111,1637,SOUTHERN_TIP,SE,356,34171,Sermeq Kujalleq,18709,land,False,-1,,,-1,-1
178,176632,-43.510,60.384,85250,-3277650,2,50,23961,111,0,SOUTHERN_TIP,SE,356,34256,Sermeq Kujalleq,21671,land,False,-1,,,-1,-1
179,176635,-43.344,60.381,94750,-3277650,-1,50,33036,111,4157,SOUTHERN_TIP,SE,356,35722,Sermeq Kujalleq,16195,land,False,-1,,,-1,-1
180,176651,-43.171,60.377,104650,-3277850,-1,50,42730,111,7238,SOUTHERN_TIP,SE,356,39859,Sermeq Kujalleq,15241,land,False,-1,,,-1,-1
181,176659,-43.217,60.377,102050,-3277950,49,50,40207,111,6819,SOUTHERN_TIP,SE,356,38706,Sermeq Kujalleq,14720,land,False,-1,,,-1,-1
182,176684,-43.205,60.373,102750,-3278350,-1,50,40977,111,6433,SOUTHERN_TIP,SE,356,39381,Sermeq Kujalleq,14393,land,False,-1,,,-1,-1
183,176701,-43.477,60.375,87150,-3278650,38,50,26091,111,0,SOUTHERN_TIP,SE,356,35342,Sermeq Kujalleq,19616,land,False,-1,,,-1,-1
184,176770,-43.373,60.367,93150,-3279350,8,50,31981,111,4177,SOUTHERN_TIP,SE,356,36952,Sermeq Kujalleq,15380,land,False,-1,,,-1,-1
185,176802,-43.317,60.364,96350,-3279650,-1,50,35121,111,5576,SOUTHERN_TIP,SE,356,38106,Sermeq Kujalleq,13755,land,False,-1,,,-1,-1
186,176869,-43.093,60.354,109250,-3280350,56,50,47760,111,6976,SOUTHERN_TIP,SE,353,44169,Sermeq Kujalleq,14838,land,False,-1,,,-1,-1
187,176887,-43.140,60.353,106550,-3280550,-1,50,45187,111,5160,SOUTHERN_TIP,SE,356,43150,Sermeq Kujalleq,13326,land,False,-1,,,-1,-1
188,176916,-43.213,60.352,102350,-3280850,3,50,41214,111,3916,SOUTHERN_TIP,SE,356,41443,Sermeq Kujalleq,11863,land,False,-1,,,-1,-1
189,176917,-43.149,60.351,106050,-3280850,0,50,44778,111,4673,SOUTHERN_TIP,SE,356,43157,Sermeq Kujalleq,12847,land,False,-1,,,-1,-1
190,176924,-43.466,60.355,87850,-3280950,1,50,27631,111,1303,SOUTHERN_TIP,SE,356,37690,Sermeq Kujalleq,17522,land,False,-1,,,-1,-1
191,176939,-43.330,60.352,95650,-3281050,8,50,34897,111,4135,SOUTHERN_TIP,SE,356,39238,Sermeq Kujalleq,12717,land,False,-1,,,-1,-1
192,176952,-43.217,60.349,102150,-3281150,0,50,41107,111,3618,SOUTHERN_TIP,SE,356,41630,Sermeq Kujalleq,11542,land,False,-1,,,-1,-1
193,177023,-43.444,60.347,89150,-3281850,3,50,29190,111,1112,SOUTHERN_TIP,SE,356,38718,Sermeq Kujalleq,15954,land,False,-1,,,-1,-1
194,177046,-43.489,60.345,86550,-3282150,-1,50,27005,111,856,SOUTHERN_TIP,SE,356,38799,Sermeq Avannarleq,17144,land,False,-1,,,-1,-1
195,177054,-43.280,60.341,98550,-3282250,8,50,38032,111,2457,SOUTHERN_TIP,SE,356,41278,Sermeq Kujalleq,10642,land,False,-1,,,-1,-1
196,177066,-43.415,60.341,90850,-3282450,-1,50,30984,111,397,SOUTHERN_TIP,SE,356,39546,Sermeq Kujalleq,14312,land,False,-1,,,-1,-1
197,177096,-43.247,60.337,100450,-3282650,1,50,39956,111,2373,SOUTHERN_TIP,SE,356,42329,Sermeq Kujalleq,9987,land,False,-1,,,-1,-1
198,177124,-43.471,60.337,87650,-3283050,-1,50,28401,111,403,SOUTHERN_TIP,SE,356,39767,Sermeq Avannarleq,15802,land,False,-1,,,-1,-1
199,177125,-43.410,60.336,91150,-3283050,405,50,31512,111,278,SOUTHERN_TIP,SE,356,40187,Sermeq Kujalleq,13676,land,False,-1,,,-1,-1
200,177133,-43.228,60.333,101550,-3283050,6,50,41126,111,1844,SOUTHERN_TIP,SE,356,43121,Sermeq Kujalleq,9597,land,False,-1,,,-1,-1
201,177147,-43.518,60.335,84950,-3283250,19,50,26175,111,235,SOUTHERN_TIP,SE,356,39851,Sermeq Avannarleq,17179,land,False,-1,,,-1,-1
202,177151,-43.323,60.333,96150,-3283250,2,50,36156,111,2095,SOUTHERN_TIP,SE,356,41490,Sermeq Kujalleq,10517,land,False,-1,,,-1,-1
203,177197,-43.370,60.326,93450,-3284050,-1,50,34018,111,450,SOUTHERN_TIP,SE,356,41602,Sermeq Kujalleq,11369,land,False,-1,,,-1,-1
204,177210,-43.227,60.323,101650,-3284250,19,50,41635,111,659,SOUTHERN_TIP,SE,356,44265,Sermeq Kujalleq,8408,land,False,-1,,,-1,-1
205,177217,-43.553,60.326,82950,-3284350,3,50,25144,111,667,SOUTHERN_TIP,SE,356,40975,Sermeq Avannarleq,17717,land,False,-1,,,-1,-1
206,177242,-43.215,60.320,102350,-3284550,99,50,42396,111,226,SOUTHERN_TIP,SE,356,44815,Sermeq Kujalleq,8202,land,False,-1,,,-1,-1
207,177281,-43.364,60.319,93850,-3284950,20,50,34774,111,286,SOUTHERN_TIP,SE,356,42567,Sermeq Kujalleq,10432,land,False,-1,,,-1,-1
208,177308,-43.304,60.315,97250,-3285250,9,50,37968,111,0,SOUTHERN_TIP,SE,356,43720,Sermeq Kujalleq,8236,land,False,-1,,,-1,-1
209,177316,-43.566,60.318,82250,-3285350,40,50,25209,111,0,SOUTHERN_TIP,SE,356,42005,Sermeq Avannarleq,17569,land,False,-1,,,-1,-1
210,177317,-43.500,60.317,86050,-3285350,10,50,28248,111,0,SOUTHERN_TIP,SE,356,41975,Sermeq Avannarleq,14860,land,False,-1,,,-1,-1
211,177333,-43.151,60.311,106050,-3285450,10,50,46175,111,1800,SOUTHERN_TIP,SE,356,47204,Sermeq Kujalleq,8824,land,False,-1,,,-1,-1
212,177344,-43.184,60.311,104150,-3285550,59,50,44436,111,0,SOUTHERN_TIP,SE,356,46463,Sermeq Kujalleq,7780,land,False,-1,,,-1,-1
213,177358,-43.339,60.312,95250,-3285650,-1,50,36339,111,401,SOUTHERN_TIP,SE,356,43571,Sermeq Kujalleq,8986,land,False,-1,,,-1,-1
214,177364,-43.568,60.314,82150,-3285750,1,50,25389,111,36,SOUTHERN_TIP,SE,356,42409,Sermeq Avannarleq,17392,land,False,-1,,,-1,-1
215,177368,-43.186,60.309,104050,-3285750,1,50,44416,111,39,SOUTHERN_TIP,SE,356,46602,Sermeq Kujalleq,7557,land,False,-1,,,-1,-1
216,177406,-43.336,60.308,95450,-3286150,7,50,36744,111,0,SOUTHERN_TIP,SE,356,44105,Sermeq Kujalleq,8473,land,False,-1,,,-1,-1
217,177457,-43.603,60.305,80150,-3286850,6,50,24665,111,194,SOUTHERN_TIP,SE,356,43657,Sermikasik Kujalleq,17358,land,False,-1,,,-1,-1
218,177472,-43.190,60.299,103850,-3286950,-1,50,44689,111,162,SOUTHERN_TIP,SE,356,47614,Sermeq Kujalleq,6390,land,False,-1,,,-1,-1
219,177492,-43.546,60.302,83450,-3287150,229,50,27286,111,301,SOUTHERN_TIP,SE,356,43760,Sermeq Avannarleq,15504,land,False,-1,,,-1,-1
220,177535,-43.170,60.291,105050,-3287750,11,50,46108,111,1261,SOUTHERN_TIP,SE,356,48837,Sermeq Kujalleq,6393,land,False,-1,,,-1,-1
221,177553,-43.605,60.295,80050,-3288050,6,50,25463,111,2,SOUTHERN_TIP,SE,356,44861,Sermikasik Kujalleq,16189,land,False,-1,,,-1,-1
222,177554,-43.604,60.295,80150,-3288050,6,50,25531,111,0,SOUTHERN_TIP,SE,356,44851,Sermikasik Kujalleq,16222,land,False,-1,,,-1,-1
223,177555,-43.160,60.289,105650,-3288050,-1,50,46778,111,1738,SOUTHERN_TIP,SE,356,49363,Sermeq Kujalleq,6585,land,False,-1,,,-1,-1
224,177596,-43.590,60.290,80950,-3288650,96,50,26516,111,0,SOUTHERN_TIP,SE,356,45381,Sermikasik Kujalleq,15952,land,False,-1,,,-1,-1
225,81244,-43.755,60.733,70350,-3237650,26,50,2655,111,136,SOUTHERN_TIP,SE,352,7246,Sermeq,42161,ice,False,171656,-43.755,60.733,70350,-3237650
226,81255,-43.761,60.730,70050,-3237950,-70,50,2481,111,513,SOUTHERN_TIP,SE,352,7053,Sermeq,41915,ice,False,171656,-43.755,60.733,70350,-3237650
227,81273,-43.775,60.727,69250,-3238350,-308,50,2050,111,0,SOUTHERN_TIP,SE,354,6450,Sermeq,41198,ice,False,171791,-43.775,60.727,69250,-3238350
228,81307,-43.781,60.715,68950,-3239750,407,50,2916,111,381,SOUTHERN_TIP,SE,355,5233,Qinngorliit Sermiat,40405,ice,False,171791,-43.775,60.727,69250,-3238350
229,81308,-43.696,60.714,73750,-3239750,8,50,6595,111,9,SOUTHERN_TIP,SE,355,9296,Qinngorliit Sermiat,42878,ice,False,172125,-43.694,60.713,73850,-3239850
230,81315,-43.783,60.712,68850,-3240150,689,50,3155,111,722,SOUTHERN_TIP,SE,355,4887,Qinngorliit Sermiat,40005,ice,False,171791,-43.775,60.727,69250,-3238350
231,81317,-43.657,60.709,75950,-3240250,267,50,8500,111,0,SOUTHERN_TIP,SE,356,8826,Qinngorliit Sermiat,43737,ice,False,172323,-43.656,60.705,76050,-3240750
232,81328,-43.636,60.706,77150,-3240650,39,50,9304,111,127,SOUTHERN_TIP,SE,356,7562,Qinngorliit Sermiat,44147,ice,False,172325,-43.638,60.705,77050,-3240750
233,81339,-43.594,60.700,79550,-3241250,9,50,11006,111,165,SOUTHERN_TIP,SE,356,5091,Qinngorliit Sermiat,45213,ice,False,172404,-43.594,60.700,79550,-3241250
234,81358,-43.732,60.697,71750,-3241750,430,50,6253,111,1439,SOUTHERN_TIP,SE,355,6754,Qinngorliit Sermiat,40107,ice,False,172354,-43.725,60.704,72150,-3240950
235,81359,-43.596,60.695,79450,-3241850,24,50,11453,111,0,SOUTHERN_TIP,SE,356,5040,Qinngorliit Sermiat,44695,ice,False,172496,-43.596,60.694,79450,-3241950
236,81388,-43.604,60.685,79050,-3242950,370,50,12206,111,200,SOUTHERN_TIP,SE,356,5350,Qinngorliit Sermiat,43608,ice,False,172529,-43.602,60.692,79150,-3242150
237,81399,-43.572,60.683,80850,-3243150,271,50,13308,111,90,SOUTHERN_TIP,SE,356,3550,Qinngorliit Sermiat,44686,ice,False,172496,-43.596,60.694,79450,-3241950
238,81414,-43.791,60.684,68450,-3243350,853,50,4342,111,409,SOUTHERN_TIP,SE,355,3250,Qinngorliit Sermiat,37016,ice,False,173718,-43.725,60.618,72350,-3250850
239,81420,-43.630,60.682,77550,-3243350,797,50,11689,111,142,SOUTHERN_TIP,SE,356,6850,Qinngorliit Sermiat,42316,ice,False,172527,-43.630,60.693,77550,-3242150
240,81452,-43.745,60.679,71050,-3243850,505,50,6333,111,282,SOUTHERN_TIP,SE,355,5855,Qinngorliit Sermiat,37969,ice,False,173015,-43.709,60.667,73150,-3245250
241,81497,-43.718,60.668,72650,-3245150,178,50,7557,111,0,SOUTHERN_TIP,SE,355,7609,Qinngorliit Sermiat,37836,ice,False,173015,-43.709,60.667,73150,-3245250
242,81562,-43.648,60.654,76650,-3246650,78,50,11495,111,1265,SOUTHERN_TIP,SE,356,8403,Qinngorliit Sermiat,39258,ice,False,173249,-43.653,60.652,76350,-3246850
243,81593,-43.748,60.651,70950,-3247150,382,50,5865,111,971,SOUTHERN_TIP,SE,355,6757,Qinngorliit Sermiat,35216,ice,False,173261,-43.711,60.652,73050,-3246950
244,81603,-43.632,60.648,77550,-3247250,325,50,12431,111,452,SOUTHERN_TIP,SE,356,7857,Qinngorliit Sermiat,39446,ice,False,173310,-43.653,60.648,76350,-3247350
245,81664,-44.149,60.643,48250,-3248450,760,50,1490,111,404,SOUTHERN_TIP,SE,357,5350,Sermersuasik,19816,ice,False,173589,-44.171,60.631,47050,-3249850
246,81674,-43.930,60.639,60650,-3248650,1468,50,1141,111,111,SOUTHERN_TIP,SE,355,6536,Qinngorliit Sermiat,28812,ice,False,174176,-43.941,60.587,60150,-3254750
247,81694,-44.128,60.638,49450,-3248950,912,50,1139,111,117,SOUTHERN_TIP,SE,357,6508,Sermersuasik,20692,ice,False,173625,-44.151,60.628,48150,-3250150
248,81710,-43.747,60.632,71050,-3249250,799,50,6635,111,1240,SOUTHERN_TIP,SE,355,8132,Qinngorliit Sermiat,33619,ice,False,173677,-43.727,60.621,72250,-3250550
249,81730,-43.827,60.627,66550,-3249950,1724,50,3765,111,0,SOUTHERN_TIP,SE,355,6491,Qinngorliit Sermiat,30398,ice,False,174238,-43.920,60.580,61350,-3255450
250,81762,-44.194,60.626,45750,-3250450,-192,50,3585,111,0,SOUTHERN_TIP,SE,357,6294,Sermersuasik,16702,ice,False,173667,-44.194,60.626,45750,-3250450
251,81773,-43.806,60.622,67750,-3250550,937,50,4999,111,0,SOUTHERN_TIP,SE,355,7403,Qinngorliit Sermiat,30582,ice,False,173718,-43.725,60.618,72350,-3250850
252,81778,-43.868,60.622,64250,-3250650,1675,50,2811,111,0,SOUTHERN_TIP,SE,355,7071,Qinngorliit Sermiat,28594,ice,False,174238,-43.920,60.580,61350,-3255450
253,81780,-43.522,60.618,83850,-3250650,147,50,19211,111,185,SOUTHERN_TIP,SE,356,7270,Qinngorliit Sermiat,42005,ice,False,175187,-43.426,60.512,89650,-3262750
254,81786,-43.626,60.618,77950,-3250750,7,50,13575,111,221,SOUTHERN_TIP,SE,356,9778,Qinngorliit Sermiat,37331,ice,False,173701,-43.626,60.618,77950,-3250750
255,81792,-43.725,60.618,72350,-3250850,7,50,8566,111,0,SOUTHERN_TIP,SE,355,10182,Qinngorliit Sermiat,33255,ice,False,173718,-43.725,60.618,72350,-3250850
256,81798,-43.900,60.618,62450,-3251050,1072,50,2498,111,369,SOUTHERN_TIP,SE,355,7811,Qinngorliit Sermiat,27378,ice,False,174238,-43.920,60.580,61350,-3255450
257,81800,-43.774,60.617,69550,-3251050,425,50,6548,111,533,SOUTHERN_TIP,SE,355,8626,Qinngorliit Sermiat,31276,ice,False,173718,-43.725,60.618,72350,-3250850
258,81805,-43.864,60.617,64450,-3251150,1501,50,3324,111,106,SOUTHERN_TIP,SE,355,7558,Qinngorliit Sermiat,28265,ice,False,174238,-43.920,60.580,61350,-3255450
259,81811,-44.093,60.618,51450,-3251250,635,50,389,111,209,SOUTHERN_TIP,SE,357,9555,Sermitsiaq,21356,ice,False,173788,-44.118,60.617,50050,-3251450
260,81817,-44.203,60.618,45250,-3251350,518,50,3678,111,446,SOUTHERN_TIP,SE,357,7143,Sermersuasik,15890,ice,False,173690,-44.195,60.624,45650,-3250650
261,81822,-43.451,60.611,87950,-3251350,635,50,23363,111,257,SOUTHERN_TIP,SE,356,8626,Sermeq Kujalleq,43264,ice,False,175187,-43.426,60.512,89650,-3262750
262,81825,-44.116,60.617,50150,-3251450,8,50,1000,111,105,SOUTHERN_TIP,SE,357,8892,Sermitsiaq,20123,ice,False,173788,-44.118,60.617,50050,-3251450
263,81831,-43.535,60.610,83150,-3251550,361,50,18768,111,324,SOUTHERN_TIP,SE,356,8245,Qinngorliit Sermiat,40910,ice,False,175187,-43.426,60.512,89650,-3262750
264,81834,-43.944,60.614,59950,-3251650,595,50,3934,111,553,SOUTHERN_TIP,SE,355,9398,Qinngorliit Sermiat,25772,ice,False,174176,-43.941,60.587,60150,-3254750
265,81836,-43.502,60.609,85050,-3251650,129,50,20622,111,49,SOUTHERN_TIP,SE,356,8262,Qinngorliit Sermiat,42413,ice,False,175187,-43.426,60.512,89650,-3262750
266,81857,-43.488,60.605,85850,-3252050,400,50,21500,111,622,SOUTHERN_TIP,SE,356,8739,Qinngorliit Sermiat,42859,ice,False,175187,-43.426,60.512,89650,-3262750
267,81867,-43.691,60.603,74350,-3252550,275,50,11174,111,1953,SOUTHERN_TIP,SE,355,12799,Qinngorliit Sermiat,33454,ice,False,173870,-43.676,60.607,75150,-3252150
268,81874,-43.617,60.601,78550,-3252750,-1,50,14908,111,82,SOUTHERN_TIP,SE,356,11029,Qinngorliit Sermiat,36512,ice,False,173960,-43.617,60.601,78550,-3252750
269,81875,-43.425,60.598,89450,-3252750,399,50,25157,111,233,SOUTHERN_TIP,SE,356,10533,Sermeq Kujalleq,41491,ice,False,175187,-43.426,60.512,89650,-3262750
270,81880,-43.439,60.598,88650,-3252850,125,50,24412,111,0,SOUTHERN_TIP,SE,356,10281,Sermeq Kujalleq,41624,ice,False,175187,-43.426,60.512,89650,-3262750
271,81886,-43.736,60.600,71750,-3252950,353,50,9439,111,508,SOUTHERN_TIP,SE,355,11415,Qinngorliit Sermiat,31316,ice,False,173718,-43.725,60.618,72350,-3250850
272,81888,-43.965,60.602,58750,-3253050,738,50,4845,111,815,SOUTHERN_TIP,SE,355,11220,Qinngorliit Sermiat,24021,ice,False,174176,-43.941,60.587,60150,-3254750
273,81895,-43.673,60.599,75350,-3253050,207,50,12282,111,3071,SOUTHERN_TIP,SE,356,13229,Qinngorliit Sermiat,33860,ice,False,173945,-43.666,60.602,75750,-3252650
274,81904,-44.060,60.601,53350,-3253250,556,50,3142,111,0,SOUTHERN_TIP,SE,357,12313,Sermitsiaq,22227,ice,False,174081,-44.076,60.597,52450,-3253750
275,81921,-43.422,60.592,89650,-3253450,267,50,25540,111,150,SOUTHERN_TIP,SE,356,11247,Sermeq Kujalleq,40763,ice,False,175187,-43.426,60.512,89650,-3262750
276,81926,-43.591,60.593,80050,-3253550,338,50,16607,111,0,SOUTHERN_TIP,SE,356,11042,Qinngorliit Sermiat,37226,ice,False,174082,-43.610,60.592,78950,-3253750
277,81934,-44.084,60.597,52050,-3253750,51,50,2862,111,43,SOUTHERN_TIP,SE,357,11870,Sermitsiaq,20834,ice,False,174080,-44.085,60.597,51950,-3253750
278,81940,-44.202,60.597,45350,-3253850,157,50,5016,111,75,SOUTHERN_TIP,SE,357,9610,Sermitsiaq,14769,ice,False,174095,-44.202,60.597,45350,-3253850
279,81944,-43.812,60.593,67450,-3253850,1997,50,7322,111,954,SOUTHERN_TIP,SE,355,10494,Qinngorliit Sermiat,27779,ice,False,174238,-43.920,60.580,61350,-3255450
280,81955,-44.043,60.593,54350,-3254150,697,50,3806,111,925,SOUTHERN_TIP,SE,357,13653,Qinngorliit Sermiat,21693,ice,False,174295,-44.058,60.578,53550,-3255850
281,81959,-44.027,60.590,55250,-3254450,666,50,3701,111,830,SOUTHERN_TIP,SE,355,14454,Qinngorliit Sermiat,21604,ice,False,174284,-44.044,60.579,54350,-3255750
282,81965,-43.770,60.587,69850,-3254550,573,50,9408,111,735,SOUTHERN_TIP,SE,355,11896,Qinngorliit Sermiat,28845,ice,False,174522,-43.784,60.557,69150,-3257950
283,81967,-44.012,60.588,56150,-3254650,529,50,3919,111,1086,SOUTHERN_TIP,SE,355,14032,Qinngorliit Sermiat,21653,ice,False,174254,-43.978,60.580,58050,-3255550
284,81970,-43.793,60.586,68550,-3254650,1093,50,8643,111,857,SOUTHERN_TIP,SE,355,11546,Qinngorliit Sermiat,27887,ice,False,174506,-43.788,60.558,68950,-3257850
285,81971,-43.667,60.585,75750,-3254650,372,50,13552,111,3392,SOUTHERN_TIP,SE,356,14191,Qinngorliit Sermiat,33138,ice,False,174144,-43.654,60.587,76450,-3254350
286,81973,-44.207,60.589,45050,-3254750,627,50,4124,111,0,SOUTHERN_TIP,SE,357,10451,Sermitsiaq,14061,ice,False,174190,-44.193,60.587,45850,-3254950
287,81974,-43.941,60.587,60150,-3254750,22,50,6293,111,0,SOUTHERN_TIP,SE,355,12080,Qinngorliit Sermiat,23038,ice,False,174176,-43.941,60.587,60150,-3254750
288,81976,-43.581,60.583,80650,-3254750,606,50,17695,111,781,SOUTHERN_TIP,SE,356,11953,Qinngorliit Sermiat,37032,ice,False,174276,-43.597,60.575,79750,-3255650
289,81977,-43.948,60.586,59750,-3254850,24,50,5967,111,321,SOUTHERN_TIP,SE,355,12331,Qinngorliit Sermiat,22772,ice,False,174176,-43.941,60.587,60150,-3254750
290,81982,-43.908,60.585,62050,-3254950,12,50,6405,260,0,ICE_CAPS_SE,SE,355,11678,Qinngorliit Sermiat,23772,ice,False,174238,-43.920,60.580,61350,-3255450
291,81993,-43.766,60.580,70150,-3255350,468,50,10212,111,1587,SOUTHERN_TIP,SE,355,12750,Qinngorliit Sermiat,28485,ice,False,174522,-43.784,60.557,69150,-3257950
292,82000,-43.544,60.575,82750,-3255650,565,50,19970,111,1912,SOUTHERN_TIP,SE,356,12360,Qinngorliit Sermiat,38322,ice,False,175187,-43.426,60.512,89650,-3262750
293,82008,-43.796,60.574,68450,-3256050,371,50,9649,260,1740,ICE_CAPS_SE,SE,355,12867,Qinngorliit Sermiat,26793,ice,False,174506,-43.788,60.558,68950,-3257850
294,82017,-43.852,60.571,65250,-3256450,392,50,8404,260,1073,ICE_CAPS_SE,SE,355,12850,Qinngorliit Sermiat,24374,ice,False,174453,-43.861,60.563,64750,-3257350
295,82018,-43.842,60.571,65850,-3256450,587,50,8627,260,912,ICE_CAPS_SE,SE,355,12866,Qinngorliit Sermiat,24756,ice,False,174453,-43.861,60.563,64750,-3257350
296,82030,-44.123,60.572,49850,-3256650,394,50,3669,111,61,SOUTHERN_TIP,SE,357,13361,Sermitsiaq,17815,ice,False,174325,-44.116,60.576,50250,-3256150
297,82031,-44.097,60.572,51350,-3256650,24,50,2709,111,755,SOUTHERN_TIP,SE,357,13975,Qinngorliit Sermiat,18787,ice,False,174325,-44.116,60.576,50250,-3256150
298,82036,-43.690,60.567,74450,-3256750,536,50,14063,111,5170,SOUTHERN_TIP,SE,355,16077,Qinngorliit Sermiat,30821,ice,False,174634,-43.702,60.550,73850,-3258750
299,82037,-44.086,60.570,51950,-3256850,-82,50,2170,111,580,SOUTHERN_TIP,SE,357,14433,Qinngorliit Sermiat,18644,ice,False,174420,-44.065,60.568,53150,-3257050
300,82038,-43.777,60.567,69550,-3256850,192,50,10968,111,2954,SOUTHERN_TIP,SE,355,13945,Qinngorliit Sermiat,27011,ice,False,174522,-43.784,60.557,69150,-3257950
301,82039,-43.407,60.562,90550,-3256850,258,50,27534,111,163,SOUTHERN_TIP,SE,356,14707,Sermeq Kujalleq,37247,ice,False,175187,-43.426,60.512,89650,-3262750
302,82040,-43.835,60.567,66250,-3256950,649,50,9248,260,1187,ICE_CAPS_SE,SE,355,13391,Qinngorliit Sermiat,24639,ice,False,174483,-43.853,60.561,65250,-3257650
303,82045,-44.088,60.568,51850,-3257050,-4,50,2081,111,361,SOUTHERN_TIP,SE,357,14561,Qinngorliit Sermiat,18434,ice,False,174420,-44.065,60.568,53150,-3257050
304,82046,-44.097,60.567,51350,-3257150,125,50,2326,111,255,SOUTHERN_TIP,SE,357,14423,Qinngorliit Sermiat,18289,ice,False,174325,-44.116,60.576,50250,-3256150
305,82048,-43.499,60.561,85350,-3257150,529,50,22970,111,4798,SOUTHERN_TIP,SE,356,13770,Sermeq Kujalleq,38740,ice,False,175187,-43.426,60.512,89650,-3262750
306,82053,-44.060,60.566,53450,-3257250,163,50,899,111,1673,SOUTHERN_TIP,SE,357,15546,Qinngorliit Sermiat,18476,ice,False,174420,-44.065,60.568,53150,-3257050
307,82056,-43.320,60.558,95550,-3257250,374,50,32337,111,62,SOUTHERN_TIP,SE,356,17655,Sermeq Kujalleq,35780,ice,False,174590,-43.306,60.547,96350,-3258450
308,82061,-43.738,60.562,71750,-3257350,1218,50,12772,111,4114,SOUTHERN_TIP,SE,355,15230,Qinngorliit Sermiat,28331,ice,False,174708,-43.737,60.547,71850,-3259150
309,82062,-43.699,60.562,73950,-3257350,275,50,14195,111,5400,SOUTHERN_TIP,SE,355,16298,Qinngorliit Sermiat,30060,ice,False,174634,-43.702,60.550,73850,-3258750
310,82063,-43.569,60.560,81350,-3257350,468,50,19661,111,3289,SOUTHERN_TIP,SE,356,14279,Paarliit Sermiat,36127,ice,False,174439,-43.587,60.561,80350,-3257250
311,82065,-43.341,60.557,94350,-3257350,476,50,31247,111,0,SOUTHERN_TIP,SE,356,17019,Sermeq Kujalleq,35882,ice,False,174620,-43.326,60.546,95250,-3258650
312,82066,-43.300,60.557,96650,-3257350,411,50,33406,111,21,SOUTHERN_TIP,SE,356,18433,Sermeq Kujalleq,35533,ice,False,174574,-43.301,60.548,96650,-3258350
313,82074,-43.649,60.559,76850,-3257550,539,50,16299,111,4438,SOUTHERN_TIP,SE,356,16038,Qinngorliit Sermiat,32317,ice,False,174422,-43.626,60.563,78150,-3257050
314,82083,-44.194,60.562,45850,-3257850,158,50,2188,111,0,SOUTHERN_TIP,SE,357,13636,Sermitsiaq,13640,ice,False,174462,-44.192,60.565,45950,-3257450
315,82084,-44.057,60.561,53650,-3257850,221,50,311,111,1287,SOUTHERN_TIP,SE,357,16159,Qinngorliit Sermiat,17928,ice,False,174420,-44.065,60.568,53150,-3257050
316,82089,-44.092,60.559,51650,-3258050,302,50,1444,111,0,SOUTHERN_TIP,SE,357,15363,Qinngorliit Sermiat,17419,ice,False,174463,-44.095,60.565,51450,-3257450
317,82094,-44.057,60.558,53650,-3258150,221,50,81,111,991,SOUTHERN_TIP,SE,357,16414,Qinngorliit Sermiat,17635,ice,False,174420,-44.065,60.568,53150,-3257050
318,82095,-43.999,60.558,56950,-3258150,89,50,1642,111,877,SOUTHERN_TIP,SE,355,16532,Qinngorliit Sermiat,18618,ice,False,174533,-43.997,60.559,57050,-3258050
319,82097,-43.976,60.558,58250,-3258150,76,50,2445,111,8,SOUTHERN_TIP,SE,355,15956,Qinngorliit Sermiat,19148,ice,False,174542,-43.963,60.557,58950,-3258150
320,82100,-43.391,60.550,91550,-3258250,499,50,29012,111,843,SOUTHERN_TIP,SE,356,16395,Sermeq Kujalleq,35629,ice,False,175187,-43.426,60.512,89650,-3262750
321,82101,-43.278,60.548,97950,-3258250,558,50,34934,111,1271,SOUTHERN_TIP,SE,353,19633,Sermeq Kujalleq,34504,ice,False,174688,-43.280,60.542,97850,-3259050
322,82107,-44.173,60.557,47050,-3258350,1207,50,2011,111,216,SOUTHERN_TIP,SE,357,14297,Sermitsiaq,14686,ice,False,174462,-44.192,60.565,45950,-3257450
323,82108,-44.118,60.557,50150,-3258350,746,50,1964,111,591,SOUTHERN_TIP,SE,357,15058,Qinngorliit Sermiat,17033,ice,False,174463,-44.095,60.565,51450,-3257450
324,82109,-43.552,60.551,82350,-3258350,446,50,21054,111,4328,SOUTHERN_TIP,SE,356,15089,Paarliit Sermiat,35922,ice,False,174711,-43.574,60.545,81150,-3259150
325,82119,-44.087,60.554,51950,-3258650,113,50,791,111,73,SOUTHERN_TIP,SE,357,16034,Qinngorliit Sermiat,16856,ice,False,174463,-44.095,60.565,51450,-3257450
326,82123,-44.115,60.553,50350,-3258850,702,50,1461,111,651,SOUTHERN_TIP,SE,357,15596,Qinngorliit Sermiat,16537,ice,False,174463,-44.095,60.565,51450,-3257450
327,82125,-43.537,60.547,83250,-3258850,481,50,22078,111,5030,SOUTHERN_TIP,SE,356,15492,Paarliit Sermiat,36092,ice,False,175029,-43.526,60.523,83950,-3261550
328,82126,-43.393,60.545,91450,-3258850,292,50,29177,111,1444,SOUTHERN_TIP,SE,356,16900,Sermeq Kujalleq,35077,ice,False,175187,-43.426,60.512,89650,-3262750
329,82127,-44.050,60.551,54050,-3258950,692,50,0,111,134,SOUTHERN_TIP,SE,357,17305,Qinngorliit Sermiat,16947,ice,False,174656,-44.045,60.552,54350,-3258850
330,82128,-44.045,60.551,54350,-3258950,-1,50,0,111,82,SOUTHERN_TIP,SE,357,17463,Qinngorliit Sermiat,17023,ice,False,174656,-44.045,60.552,54350,-3258850
331,82129,-43.737,60.548,71850,-3258950,38,50,13797,260,5003,ICE_CAPS_SE,SE,355,16728,Qinngorliit Sermiat,27420,ice,False,174708,-43.737,60.547,71850,-3259150
332,82138,-44.104,60.549,50950,-3259250,535,50,974,111,0,SOUTHERN_TIP,SE,357,16183,Qinngorliit Sermiat,16165,ice,False,174463,-44.095,60.565,51450,-3257450
333,82154,-44.085,60.547,52050,-3259450,372,50,114,111,114,SOUTHERN_TIP,SE,357,16800,Qinngorliit Sermiat,16076,ice,False,174463,-44.095,60.565,51450,-3257450
334,82155,-44.076,60.547,52550,-3259450,669,50,0,111,211,SOUTHERN_TIP,SE,357,17016,Qinngorliit Sermiat,16150,ice,False,174463,-44.095,60.565,51450,-3257450
335,82168,-44.078,60.545,52450,-3259750,224,50,0,111,252,SOUTHERN_TIP,SE,357,17242,Qinngorliit Sermiat,15838,ice,False,174463,-44.095,60.565,51450,-3257450
336,82176,-44.075,60.543,52650,-3259950,68,50,0,111,296,SOUTHERN_TIP,SE,357,17509,Qinngorliit Sermiat,15674,ice,False,174463,-44.095,60.565,51450,-3257450
337,82177,-43.932,60.542,60750,-3259950,962,50,3851,111,345,SOUTHERN_TIP,SE,355,16844,Qinngorliit Sermiat,18865,ice,False,174772,-43.897,60.544,62750,-3259650
338,82180,-43.985,60.541,57750,-3260050,1189,50,856,111,0,SOUTHERN_TIP,SE,355,17897,Qinngorliit Sermiat,17225,ice,False,174533,-43.997,60.559,57050,-3258050
339,82187,-44.082,60.540,52250,-3260250,610,50,0,111,0,SOUTHERN_TIP,SE,357,17611,Qinngorliit Sermiat,15313,ice,False,174869,-44.082,60.540,52250,-3260250
340,82188,-43.411,60.533,90450,-3260250,408,50,28933,111,2942,SOUTHERN_TIP,SE,356,17836,Sermeq Kujalleq,34025,ice,False,175187,-43.426,60.512,89650,-3262750
341,82192,-43.913,60.537,61850,-3260450,43,50,4949,111,71,SOUTHERN_TIP,SE,355,17106,Qinngorliit Sermiat,19126,ice,False,174772,-43.897,60.544,62750,-3259650
342,82193,-43.492,60.532,85850,-3260450,582,50,24729,111,5921,SOUTHERN_TIP,SE,356,17095,Sermeq Kujalleq,35528,ice,False,175110,-43.510,60.518,84850,-3262150
343,82197,-43.348,60.529,94050,-3260650,831,50,32304,111,3190,SOUTHERN_TIP,SE,356,19668,Sermeq Kujalleq,32704,ice,False,175074,-43.289,60.517,97450,-3261850
344,82216,-43.369,60.520,92850,-3261650,648,50,31043,111,4385,SOUTHERN_TIP,SE,356,20028,Sermeq Kujalleq,32009,ice,False,175074,-43.289,60.517,97450,-3261850
345,82229,-43.400,60.516,91150,-3262250,293,50,29248,111,4844,SOUTHERN_TIP,SE,356,19955,Sermeq Kujalleq,31907,ice,False,175227,-43.416,60.509,90250,-3263050
346,82238,-43.872,60.517,64250,-3262750,8,50,6106,111,2019,SOUTHERN_TIP,SE,355,19157,Qinngorliit Sermiat,19119,ice,False,175184,-43.874,60.517,64150,-3262750
347,82244,-43.904,60.516,62450,-3262850,68,50,4954,111,497,SOUTHERN_TIP,SE,355,19392,Qinngorliit Sermiat,17737,ice,False,175182,-43.898,60.517,62750,-3262750
348,82251,-43.865,60.515,64650,-3262950,259,50,6194,111,2122,SOUTHERN_TIP,SE,355,19350,Qinngorliit Sermiat,19291,ice,False,175184,-43.874,60.517,64150,-3262750
349,82253,-43.835,60.515,66350,-3262950,351,50,7239,111,3547,SOUTHERN_TIP,SE,355,19384,Qinngorliit Sermiat,20621,ice,False,175071,-43.826,60.524,66850,-3261850
350,82261,-43.690,60.510,74650,-3263350,-62,50,13301,260,0,ICE_CAPS_SE,SE,355,21894,Paarliit Sermiat,27422,ice,False,175269,-43.688,60.510,74750,-3263350
351,82262,-43.719,60.509,72950,-3263450,373,50,11758,260,580,ICE_CAPS_SE,SE,355,21309,Qinngorliit Sermiat,25957,ice,False,175186,-43.705,60.515,73750,-3262750
352,82266,-43.870,60.510,64350,-3263550,520,50,5536,111,1506,SOUTHERN_TIP,SE,355,19955,Qinngorliit Sermiat,18677,ice,False,175344,-43.890,60.507,63250,-3263950
353,82267,-43.295,60.503,97150,-3263550,602,50,34859,111,6146,SOUTHERN_TIP,SE,356,23738,Sermeq Kujalleq,29319,ice,False,175240,-43.240,60.505,100250,-3263150
354,82270,-43.348,60.503,94150,-3263650,387,50,31887,111,6165,SOUTHERN_TIP,SE,356,22388,Sermeq Kujalleq,29755,ice,False,175369,-43.413,60.499,90450,-3264150
355,82275,-43.904,60.508,62450,-3263850,310,50,4132,111,296,SOUTHERN_TIP,SE,355,20385,Qinngorliit Sermiat,17045,ice,False,175306,-43.900,60.509,62650,-3263650
356,82277,-43.683,60.505,75050,-3263850,309,50,13447,260,316,ICE_CAPS_SE,SE,356,22486,Paarliit Sermiat,27210,ice,False,175239,-43.675,60.511,75450,-3263150
357,82278,-43.674,60.505,75550,-3263850,359,50,13905,260,798,ICE_CAPS_SE,SE,356,22282,Paarliit Sermiat,27483,ice,False,175239,-43.675,60.511,75450,-3263150
358,82283,-43.876,60.506,64050,-3264050,395,50,4958,111,999,SOUTHERN_TIP,SE,355,20463,Qinngorliit Sermiat,18130,ice,False,175344,-43.890,60.507,63250,-3263950
359,82297,-43.899,60.504,62750,-3264250,136,50,4001,111,204,SOUTHERN_TIP,SE,355,20751,Qinngorliit Sermiat,17002,ice,False,175365,-43.899,60.505,62750,-3264150
360,82303,-43.700,60.501,74050,-3264350,92,50,12330,260,0,ICE_CAPS_SE,SE,355,22558,Paarliit Sermiat,26255,ice,False,175387,-43.700,60.501,74050,-3264350
361,82308,-43.764,60.501,70450,-3264450,353,50,9101,260,524,ICE_CAPS_SE,SE,355,21500,Qinngorliit Sermiat,23278,ice,False,175407,-43.780,60.500,69550,-3264550
362,82317,-43.618,60.498,78750,-3264650,28,50,16649,111,132,SOUTHERN_TIP,SE,356,21988,Paarliit Sermiat,28754,ice,False,175431,-43.618,60.498,78750,-3264650
363,82329,-43.318,60.492,95850,-3264850,180,50,33378,111,6245,SOUTHERN_TIP,SE,356,24221,Sermeq Kujalleq,28234,ice,False,175532,-43.294,60.485,97250,-3265650
364,82332,-43.557,60.494,82250,-3264950,13,50,19964,111,1238,SOUTHERN_TIP,SE,356,21656,Paarliit Sermiat,30898,ice,False,175464,-43.573,60.494,81350,-3264950
365,82341,-43.764,60.494,70450,-3265250,456,50,8697,260,0,ICE_CAPS_SE,SE,355,22277,Qinngorliit Sermiat,22914,ice,False,175521,-43.778,60.492,69650,-3265550
366,82364,-43.854,60.492,65350,-3265650,384,50,4495,111,1001,SOUTHERN_TIP,SE,355,22050,Qinngorliit Sermiat,18261,ice,False,175498,-43.803,60.494,68250,-3265350
367,82382,-43.529,60.486,83850,-3265850,314,50,21362,111,206,SOUTHERN_TIP,SE,356,22456,Paarliit Sermiat,31446,ice,False,175530,-43.510,60.488,84950,-3265650
368,82392,-43.657,60.486,76550,-3266050,-1,50,14163,111,163,SOUTHERN_TIP,SE,356,23971,Paarliit Sermiat,26283,ice,False,175567,-43.661,60.486,76350,-3266050
369,82393,-43.554,60.485,82450,-3266050,288,50,19948,111,150,SOUTHERN_TIP,SE,356,22733,Paarliit Sermiat,30277,ice,False,175568,-43.554,60.485,82450,-3266050
370,82416,-43.773,60.483,69950,-3266550,79,50,7699,260,0,ICE_CAPS_SE,SE,355,23436,Qinngorliit Sermiat,21911,ice,False,175627,-43.779,60.483,69650,-3266550
371,82417,-43.679,60.482,75350,-3266550,2,50,12881,111,87,SOUTHERN_TIP,SE,356,24856,Paarliit Sermiat,25158,ice,False,175612,-43.677,60.483,75450,-3266450
372,82433,-43.733,60.477,72250,-3267150,610,50,9725,260,323,ICE_CAPS_SE,SE,355,24582,Paarliit Sermiat,22928,ice,False,175612,-43.677,60.483,75450,-3266450
373,82436,-43.859,60.478,65050,-3267250,232,50,3091,111,756,SOUTHERN_TIP,SE,355,23650,Qinngorliit Sermiat,17196,ice,False,175498,-43.803,60.494,68250,-3265350
374,82437,-43.709,60.476,73650,-3267250,75,50,11074,111,187,SOUTHERN_TIP,SE,355,25114,Paarliit Sermiat,23602,ice,False,175612,-43.677,60.483,75450,-3266450
375,82441,-43.505,60.473,85250,-3267350,229,50,22563,111,0,SOUTHERN_TIP,SE,356,23958,Sermeq Kujalleq,29736,ice,False,175693,-43.505,60.475,85250,-3267050
376,82443,-43.469,60.471,87350,-3267450,378,50,24647,111,110,SOUTHERN_TIP,SE,356,24206,Sermeq Kujalleq,28598,ice,False,175613,-43.482,60.480,86550,-3266450
377,82447,-43.840,60.473,66150,-3267750,515,50,3731,111,1889,SOUTHERN_TIP,SE,355,24168,Qinngorliit Sermiat,17955,ice,False,175498,-43.803,60.494,68250,-3265350
378,82460,-43.720,60.468,73050,-3268150,116,50,10344,111,914,SOUTHERN_TIP,SE,355,25774,Paarliit Sermiat,22520,ice,False,175612,-43.677,60.483,75450,-3266450
379,82473,-43.438,60.462,89150,-3268550,453,50,26386,111,187,SOUTHERN_TIP,SE,356,25558,Sermeq Kujalleq,26797,ice,False,175745,-43.427,60.471,89750,-3267450
380,82489,-43.403,60.455,91150,-3269250,6,50,28375,111,0,SOUTHERN_TIP,SE,356,26666,Sermeq Kujalleq,25333,ice,False,175864,-43.403,60.458,91150,-3268850
381,82490,-43.399,60.455,91350,-3269250,0,50,28575,111,0,SOUTHERN_TIP,SE,356,26716,Sermeq Kujalleq,25257,ice,False,175911,-43.399,60.455,91350,-3269250
382,82493,-43.757,60.458,70950,-3269450,-1,50,8175,111,104,SOUTHERN_TIP,SE,355,26481,Paarliit Sermiat,20287,ice,False,175925,-43.757,60.458,70950,-3269450
383,82500,-43.831,60.453,66750,-3270050,17,50,4037,111,42,SOUTHERN_TIP,SE,355,26495,Qinngorliit Sermiat,17675,ice,False,175988,-43.824,60.451,67150,-3270250
384,82502,-43.755,60.451,71050,-3270250,197,50,8324,111,372,SOUTHERN_TIP,SE,355,27284,Paarliit Sermiat,19664,ice,False,175991,-43.762,60.451,70650,-3270250
385,82506,-43.827,60.448,66950,-3270650,76,50,4375,111,361,SOUTHERN_TIP,SE,355,27106,Paarliit Sermiat,17399,ice,False,175988,-43.824,60.451,67150,-3270250
386,82514,-43.775,60.443,69950,-3271150,4,50,7399,111,115,SOUTHERN_TIP,SE,355,27956,Paarliit Sermiat,18315,ice,False,176066,-43.775,60.443,69950,-3271150
387,82520,-43.744,60.439,71750,-3271550,292,50,9242,111,72,SOUTHERN_TIP,SE,355,28707,Paarliit Sermiat,18998,ice,False,176066,-43.775,60.443,69950,-3271150
388,82522,-43.821,60.439,67350,-3271650,31,50,5124,111,0,SOUTHERN_TIP,SE,355,28132,Paarliit Sermiat,16642,ice,False,176099,-43.817,60.441,67550,-3271450
389,82524,-43.392,60.431,91850,-3272050,316,50,29200,111,289,SOUTHERN_TIP,SE,356,29553,Sermeq Kujalleq,22484,ice,False,176152,-43.376,60.430,92750,-3272050
390,82525,-43.378,60.430,92650,-3272050,14,50,29997,111,984,SOUTHERN_TIP,SE,356,29759,Sermeq Kujalleq,22174,ice,False,176152,-43.376,60.430,92750,-3272050
391,82527,-43.796,60.433,68750,-3272350,348,50,6689,111,538,SOUTHERN_TIP,SE,355,28968,Paarliit Sermiat,16669,ice,False,176099,-43.817,60.441,67550,-3271450
392,82557,-43.381,60.415,92550,-3273850,92,50,30114,111,0,SOUTHERN_TIP,SE,356,31470,Sermeq Kujalleq,20555,ice,False,176339,-43.374,60.413,92950,-3274050
393,82654,-43.499,60.396,85850,-3276250,566,50,24086,111,0,SOUTHERN_TIP,SE,356,32873,Sermeq Kujalleq,22251,ice,False,176632,-43.510,60.384,85250,-3277650
394,82661,-43.471,60.393,87450,-3276550,255,50,25706,111,323,SOUTHERN_TIP,SE,356,33272,Sermeq Kujalleq,20970,ice,False,176584,-43.463,60.388,87950,-3277050
395,82699,-43.510,60.384,85250,-3277650,2,50,23961,111,0,SOUTHERN_TIP,SE,356,34256,Sermeq Kujalleq,21671,ice,False,176632,-43.510,60.384,85250,-3277650
396,82734,-43.476,60.375,87250,-3278650,7,50,26185,111,65,SOUTHERN_TIP,SE,356,35349,Sermeq Kujalleq,19546,ice,False,176701,-43.477,60.375,87150,-3278650
397,82834,-43.334,60.342,95450,-3282250,282,50,35132,111,3065,SOUTHERN_TIP,SE,356,40336,Sermeq Kujalleq,11727,ice,False,176939,-43.330,60.352,95650,-3281050
398,82846,-43.521,60.341,84750,-3282550,257,50,25638,111,182,SOUTHERN_TIP,SE,356,39150,Sermeq Avannarleq,17852,ice,False,177147,-43.518,60.335,84950,-3283250
399,82847,-43.418,60.340,90650,-3282550,-1,50,30845,111,175,SOUTHERN_TIP,SE,356,39614,Sermeq Kujalleq,14383,ice,False,177066,-43.415,60.341,90850,-3282450
400,82851,-43.387,60.339,92450,-3282650,39,50,32522,111,807,SOUTHERN_TIP,SE,356,40027,Sermeq Kujalleq,13083,ice,False,177197,-43.370,60.326,93450,-3284050
401,82853,-43.518,60.340,84950,-3282750,97,50,25913,111,44,SOUTHERN_TIP,SE,356,39351,Sermeq Avannarleq,17571,ice,False,177147,-43.518,60.335,84950,-3283250
402,82858,-43.410,60.336,91150,-3283050,405,50,31512,111,278,SOUTHERN_TIP,SE,356,40187,Sermeq Kujalleq,13676,ice,False,177125,-43.410,60.336,91150,-3283050
403,82867,-43.560,60.335,82550,-3283350,587,50,24233,111,0,SOUTHERN_TIP,SE,356,39992,Sermeq Avannarleq,18704,ice,False,177217,-43.553,60.326,82950,-3284350
404,82870,-43.469,60.333,87750,-3283450,141,50,28684,111,0,SOUTHERN_TIP,SE,356,40173,Sermeq Avannarleq,15407,ice,False,177124,-43.471,60.337,87650,-3283050
405,82890,-43.255,60.322,100050,-3284350,10,50,40182,111,897,SOUTHERN_TIP,SE,356,43767,Sermeq Kujalleq,8321,ice,False,177210,-43.227,60.323,101650,-3284250
406,82901,-43.363,60.320,93850,-3284750,-1,50,34685,111,459,SOUTHERN_TIP,SE,356,42371,Sermeq Kujalleq,10580,ice,False,177281,-43.364,60.319,93850,-3284950
407,82902,-43.257,60.319,99950,-3284750,135,50,40241,111,614,SOUTHERN_TIP,SE,356,44107,Sermeq Kujalleq,7935,ice,False,177210,-43.227,60.323,101650,-3284250
408,82914,-43.364,60.319,93850,-3284950,20,50,34774,111,286,SOUTHERN_TIP,SE,356,42567,Sermeq Kujalleq,10432,ice,False,177281,-43.364,60.319,93850,-3284950
409,82922,-43.226,60.316,101750,-3285050,319,50,42021,111,0,SOUTHERN_TIP,SE,356,45042,Sermeq Kujalleq,7622,ice,False,177242,-43.215,60.320,102350,-3284550
410,82926,-43.583,60.320,81250,-3285150,154,50,24314,111,0,SOUTHERN_TIP,SE,356,41868,Sermeq Avannarleq,18470,ice,False,177364,-43.568,60.314,82150,-3285750
411,82933,-43.568,60.319,82150,-3285250,67,50,25068,111,0,SOUTHERN_TIP,SE,356,41910,Sermeq Avannarleq,17710,ice,False,177316,-43.566,60.318,82250,-3285350
412,82934,-43.304,60.315,97250,-3285250,9,50,37968,111,0,SOUTHERN_TIP,SE,356,43720,Sermeq Kujalleq,8236,ice,False,177308,-43.304,60.315,97250,-3285250
413,82938,-43.500,60.317,86050,-3285350,10,50,28248,111,0,SOUTHERN_TIP,SE,356,41975,Sermeq Avannarleq,14860,ice,False,177317,-43.500,60.317,86050,-3285350
414,82956,-43.190,60.310,103850,-3285650,155,50,44193,111,0,SOUTHERN_TIP,SE,356,46428,Sermeq Kujalleq,7568,ice,False,177368,-43.186,60.309,104050,-3285750
415,82976,-43.336,60.308,95450,-3286150,7,50,36744,111,0,SOUTHERN_TIP,SE,356,44105,Sermeq Kujalleq,8473,ice,False,177406,-43.336,60.308,95450,-3286150
416,82995,-43.601,60.306,80250,-3286750,5,50,24665,111,149,SOUTHERN_TIP,SE,356,43548,Sermikasik Kujalleq,17484,ice,False,177457,-43.603,60.305,80150,-3286850
417,83006,-43.192,60.298,103750,-3287050,-1,50,44637,111,74,SOUTHERN_TIP,SE,356,47665,Sermeq Kujalleq,6255,ice,False,177472,-43.190,60.299,103850,-3286950
418,83022,-43.614,60.298,79550,-3287750,501,50,24904,111,95,SOUTHERN_TIP,SE,356,44614,Sermikasik Kujalleq,16319,ice,False,177554,-43.604,60.295,80150,-3288050
419,83027,-43.604,60.295,80150,-3288050,6,50,25531,111,0,SOUTHERN_TIP,SE,356,44851,Sermikasik Kujalleq,16222,ice,False,177554,-43.604,60.295,80150,-3288050
420,83034,-43.586,60.291,81150,-3288450,-1,50,26509,111,186,SOUTHERN_TIP,SE,356,45167,Sermikasik Kujalleq,16214,ice,False,177492,-43.546,60.302,83450,-3287150
421,83035,-43.590,60.290,80950,-3288650,96,50,26516,111,0,SOUTHERN_TIP,SE,356,45381,Sermikasik Kujalleq,15952,ice,False,177596,-43.590,60.290,80950,-3288650

