time,MAR_land,MAR_ice,RACMO_land,RACMO_ice
2015-01-01,0.000000,0.273779,0.434222,0.448408
2015-01-02,0.000000,0.273457,0.425633,0.634791
2015-01-03,0.000000,0.273414,0.415402,0.446677
2015-01-04,0.000000,0.273425,0.408180,0.412668
2015-01-05,0.000000,0.273429,0.397362,0.486102
2015-01-06,0.000000,0.273365,0.389952,0.423912
2015-01-07,0.000000,0.274582,0.385095,0.583615
2015-01-08,0.000000,0.275181,0.373707,0.466002
2015-01-09,0.000000,0.275146,0.368218,0.628934
2015-01-10,0.000000,0.275141,0.360358,0.514314
2015-01-11,0.000000,0.275080,0.348716,0.630447
2015-01-12,0.000000,0.275230,0.341596,0.443515
2015-01-13,0.000000,0.275189,0.332292,0.438414
2015-01-14,0.000000,0.275152,0.329660,0.444813
2015-01-15,0.000000,0.275152,0.320105,0.458564
2015-01-16,0.000000,0.275088,0.313425,0.509264
2015-01-17,0.000000,0.275031,0.306560,0.599200
2015-01-18,0.000000,0.277582,0.299935,0.451945
2015-01-19,0.000000,0.280585,0.303937,0.424839
2015-01-20,0.000000,0.280581,0.320670,0.653195
2015-01-21,0.000000,0.280510,0.346902,0.627749
2015-01-22,0.000000,0.280661,0.336504,0.590203
2015-01-23,0.000000,0.278097,0.265247,0.447579
2015-01-24,0.000000,0.275774,0.261534,0.563427
2015-01-25,0.000000,0.277315,0.255585,0.630756
2015-01-26,0.000000,0.276728,0.247175,0.642190
2015-01-27,0.000000,0.277391,0.245086,0.517844
2015-01-28,0.000000,0.277382,0.237592,0.432901
2015-01-29,0.000000,0.475455,0.232809,0.442841
2015-01-30,0.000000,0.965227,0.229901,0.567458
2015-01-31,0.000000,0.932292,0.224518,0.638302
2015-02-01,0.000000,0.900481,0.217677,0.439252
2015-02-02,0.000000,0.272320,0.214110,0.629179
2015-02-03,0.000000,0.295481,0.239803,0.439828
2015-02-04,0.000000,0.819868,0.201326,0.604020
2015-02-05,0.000000,1.222638,0.245829,0.438890
2015-02-06,0.000000,1.423837,0.219059,0.467151
2015-02-07,0.000000,0.823725,0.189737,0.430491
2015-02-08,0.000000,1.470862,0.860216,0.430255
2015-02-09,0.000000,1.618965,0.179523,0.650623
2015-02-10,0.000000,1.714450,0.176818,0.546452
2015-02-11,0.000000,0.488545,0.168413,0.675997
2015-02-12,0.000000,0.270004,0.165978,0.608061
2015-02-13,0.000000,0.310772,0.161049,0.449498
2015-02-14,0.000000,1.062038,0.203207,0.626716
2015-02-15,0.000000,1.454724,0.156935,0.649168
2015-02-16,0.000000,1.677630,0.148071,4.041603
2015-02-17,0.000000,0.861558,0.146224,0.686273
2015-02-18,0.000000,0.996280,0.140113,0.792134
2015-02-19,0.000000,1.653287,0.138284,0.603408
2015-02-20,0.000000,1.568422,0.133171,0.610066
2015-02-21,0.000000,0.296972,0.130761,0.596876
2015-02-22,0.000000,0.268143,0.126875,0.623816
2015-02-23,0.000000,0.266811,0.123897,0.440812
2015-02-24,0.000000,0.268474,0.118692,0.603119
2015-02-25,0.000000,0.274116,0.117124,0.418529
2015-02-26,0.000000,0.274405,0.110327,0.466950
2015-02-27,0.000000,0.274823,0.109999,0.550065
2015-02-28,0.000000,0.274581,0.107666,0.443667
2015-03-01,0.000000,0.273911,0.102224,0.599764
2015-03-02,0.000000,0.502655,0.099698,0.594374
2015-03-03,0.000000,1.272876,0.094024,0.440180
2015-03-04,0.000000,1.479368,0.116850,0.634995
2015-03-05,0.000000,1.638081,0.089527,0.605758
2015-03-06,0.000000,1.740197,0.085989,0.598169
2015-03-07,0.000000,1.856817,0.079299,0.568746
2015-03-08,0.000000,1.925680,0.080305,0.443478
2015-03-09,0.000000,1.920416,0.075745,0.597860
2015-03-10,0.000000,1.901237,0.076858,0.448354
2015-03-11,0.000000,1.901650,0.071069,0.586798
2015-03-12,0.000000,1.926489,0.070004,0.439778
2015-03-13,0.000000,2.068228,0.064360,0.578918
2015-03-14,0.000000,2.287192,0.627552,0.415773
2015-03-15,0.000000,2.403336,0.065227,0.609649
2015-03-16,0.000000,2.467940,0.126002,0.424615
2015-03-17,0.000000,2.574319,0.058662,0.410202
2015-03-18,0.000000,2.586856,0.056435,0.429490
2015-03-19,0.000000,2.570599,0.056358,0.588546
2015-03-20,0.000000,2.237491,0.055094,1.494471
2015-03-21,0.000000,2.303097,0.151958,0.420958
2015-03-22,0.000000,0.938206,0.051995,0.574225
2015-03-23,0.000000,0.832446,0.051638,0.402320
2015-03-24,0.000000,0.456074,0.048505,0.423785
2015-03-25,0.000000,0.755013,0.050684,0.581880
2015-03-26,0.000000,0.829884,0.051298,0.568616
2015-03-27,0.000000,0.846429,0.047199,0.426581
2015-03-28,0.000000,0.807187,0.046211,0.594713
2015-03-29,0.000000,0.293494,0.045136,0.577584
2015-03-30,0.000000,0.267205,0.045078,0.404707
2015-03-31,0.000000,0.297854,0.043974,0.585539
2015-04-01,0.000000,0.437259,0.043902,0.586269
2015-04-02,0.000000,0.323483,0.041878,0.417017
2015-04-03,0.000000,0.720199,0.060427,0.547362
2015-04-04,0.000000,0.858560,0.077944,0.383473
2015-04-05,0.000000,0.876095,0.049763,0.549757
2015-04-06,0.000000,0.880064,0.143552,0.413205
2015-04-07,0.000000,0.894491,0.039549,0.567279
2015-04-08,0.000000,0.891523,0.039472,0.401747
2015-04-09,0.000000,0.893403,0.036334,0.554926
2015-04-10,0.000000,0.904713,0.037424,0.402363
2015-04-11,0.000000,0.632929,0.037279,0.558396
2015-04-12,0.000000,0.358747,0.037385,0.425586
2015-04-13,0.000000,0.802548,0.158377,0.556455
2015-04-14,0.000000,0.937058,0.097865,0.502247
2015-04-15,0.000000,0.916176,0.035115,1.526365
2015-04-16,0.000000,0.920819,0.202895,3.043313
2015-04-17,0.000000,0.923445,1.130257,0.927009
2015-04-18,0.000000,0.937998,0.954627,3.226957
2015-04-19,0.000000,0.932471,3.773976,1.944204
2015-04-20,0.169883,0.940041,5.585687,1.855235
2015-04-21,0.000000,0.946606,0.220739,0.579751
2015-04-22,0.000000,0.938020,0.031914,0.403316
2015-04-23,0.000000,0.959578,0.031818,0.614611
2015-04-24,0.000000,0.640875,0.030859,0.563703
2015-04-25,0.000000,0.488922,0.031745,0.847535
2015-04-26,0.000000,0.478310,0.029793,0.376452
2015-04-27,0.000000,1.124966,0.343687,0.570976
2015-04-28,0.000000,1.930696,0.028229,0.386313
2015-04-29,0.000000,2.275695,0.030685,0.406537
2015-04-30,0.000000,2.441267,0.028670,0.458287
2015-05-01,0.000000,2.569083,0.028617,0.562702
2015-05-02,0.000000,2.678799,0.028545,0.406124
2015-05-03,0.000000,2.727340,0.028492,0.484115
2015-05-04,0.000000,2.772915,0.026554,0.379885
2015-05-05,0.000000,2.833470,0.026410,0.964736
2015-05-06,0.000000,2.848698,0.027480,1.439559
2015-05-07,0.000000,2.737376,0.026400,1.008443
2015-05-08,0.000000,2.202308,0.027306,1.310589
2015-05-09,0.000000,2.197978,0.026308,2.672523
2015-05-10,0.000000,2.196086,0.027357,1.711741
2015-05-11,0.000000,2.193018,0.024284,0.822895
2015-05-12,0.000000,2.191200,0.101197,0.719884
2015-05-13,0.000000,2.187717,1.738627,6.122605
2015-05-14,0.000000,2.182800,2.695663,1.841551
2015-05-15,0.000000,2.174390,3.787159,5.084418
2015-05-16,0.073648,2.190080,9.710818,1.423222
2015-05-17,0.524757,2.228514,3.633202,3.619187
2015-05-18,3.318972,2.225671,3.630185,2.924102
2015-05-19,1.338751,2.227377,2.896663,1.731708
2015-05-20,0.016956,2.221918,2.801202,1.311808
2015-05-21,0.375954,2.224926,2.891876,1.322307
2015-05-22,0.000000,2.216882,3.353314,2.359223
2015-05-23,0.339475,2.213458,2.581036,2.775707
2015-05-24,5.754303,2.251584,4.165534,5.732266
2015-05-25,3.461559,2.479937,2.953550,3.224169
2015-05-26,8.798097,2.737772,4.553536,2.809061
2015-05-27,5.477416,3.203978,4.670605,3.988001
2015-05-28,4.410737,3.005044,3.812609,6.264978
2015-05-29,2.211193,2.630821,5.237721,9.550961
2015-05-30,0.492982,2.333447,5.531531,13.083975
2015-05-31,0.041626,2.251191,6.690822,11.213956
2015-06-01,0.094192,2.257583,5.926066,9.296158
2015-06-02,2.108439,2.268541,9.993067,10.402731
2015-06-03,4.128439,2.655316,11.088512,14.703272
2015-06-04,6.740553,5.930864,11.309885,14.264920
2015-06-05,8.940492,9.682762,12.245256,28.562560
2015-06-06,10.433404,10.855661,10.081941,22.745962
2015-06-07,8.486344,9.254457,11.636578,28.597498
2015-06-08,17.218940,15.250643,9.670191,48.672658
2015-06-09,20.781884,22.196999,9.461130,75.266522
2015-06-10,20.426665,24.105623,7.910901,77.464122
2015-06-11,25.545846,25.429694,10.236872,64.324868
2015-06-12,23.009056,27.740338,8.925310,53.275264
2015-06-13,29.729526,28.584916,13.059507,47.310440
2015-06-14,30.181822,32.647537,12.287597,59.768626
2015-06-15,26.495095,30.097095,16.923193,52.529199
2015-06-16,56.033211,48.589064,16.839004,87.321829
2015-06-17,105.706296,108.492375,23.756205,119.395385
2015-06-18,78.157742,110.177906,20.998368,101.706060
2015-06-19,66.687033,90.402854,20.753066,120.424885
2015-06-20,74.029602,90.499789,19.794279,107.800535
2015-06-21,74.134899,91.392748,20.753765,136.601447
2015-06-22,72.518668,103.830730,20.952231,137.299640
2015-06-23,82.111430,106.650981,19.500983,142.080338
2015-06-24,88.896526,118.821753,21.057561,145.891801
2015-06-25,108.825322,138.865561,22.341977,166.506023
2015-06-26,112.807507,149.458101,23.006986,166.494539
2015-06-27,114.332524,164.995969,24.924490,189.783340
2015-06-28,86.721157,154.152672,22.680799,187.613749
2015-06-29,65.680087,126.675998,20.900022,151.830875
2015-06-30,72.833190,122.923076,19.855200,143.280130
2015-07-01,78.750257,127.874995,20.687390,152.642919
2015-07-02,102.761881,157.703764,20.290282,166.151240
2015-07-03,96.549483,179.539928,18.145947,172.885136
2015-07-04,86.435786,188.831887,15.435241,189.790008
2015-07-05,111.726066,227.468814,18.791987,199.773955
2015-07-06,74.403740,227.689963,21.506463,201.939172
2015-07-07,61.476745,193.510785,16.253073,204.043131
2015-07-08,79.238579,214.375535,17.705741,224.961559
2015-07-09,62.203367,181.893226,13.208646,180.064678
2015-07-10,59.436508,174.856716,10.886711,224.053438
2015-07-11,60.714506,172.796170,6.193692,221.762488
2015-07-12,57.402974,171.723066,7.627260,194.210601
2015-07-13,52.706684,214.553022,7.687997,213.907824
2015-07-14,86.926542,243.531335,8.039068,265.273792
2015-07-15,90.567471,272.434226,8.920863,280.990356
2015-07-16,106.332659,325.966838,9.833756,291.075668
2015-07-17,66.780263,305.565789,11.445873,269.973847
2015-07-18,57.139044,265.393004,11.556040,273.609810
2015-07-19,45.313543,237.864098,14.641883,261.653825
2015-07-20,36.821977,215.450788,11.024888,227.362004
2015-07-21,32.417548,179.427900,9.319360,206.079250
2015-07-22,23.211493,153.612479,8.762727,196.890250
2015-07-23,22.111247,149.732093,8.202731,190.692870
2015-07-24,18.416302,133.874835,8.031116,170.055162
2015-07-25,16.785413,117.283147,8.108792,169.667956
2015-07-26,12.481424,117.172223,8.528895,164.739074
2015-07-27,12.909197,120.122577,8.295555,165.786775
2015-07-28,12.442850,116.952862,8.546334,190.972073
2015-07-29,14.984762,115.766074,8.638060,189.589705
2015-07-30,16.218094,136.278060,8.596411,179.306839
2015-07-31,28.922666,168.543657,10.457170,253.785572
2015-08-01,68.612054,416.131266,18.655114,382.517044
2015-08-02,54.107471,390.200325,5.919098,215.337298
2015-08-03,24.205247,194.829997,6.679784,260.686909
2015-08-04,29.621357,179.618215,5.635905,239.749605
2015-08-05,20.702495,165.069784,5.900602,230.481629
2015-08-06,17.671843,129.608261,6.450650,199.224481
2015-08-07,26.698576,139.785343,7.879380,202.263942
2015-08-08,11.028846,137.762649,6.112514,200.865992
2015-08-09,10.378670,104.385021,5.389647,173.821149
2015-08-10,5.272134,101.935874,7.854241,205.321134
2015-08-11,6.909450,135.002153,7.381995,184.090469
2015-08-12,2.592977,104.760682,6.749714,202.748228
2015-08-13,5.002350,185.108583,10.361486,241.075839
2015-08-14,3.419771,222.064005,10.746728,221.541914
2015-08-15,7.599251,228.527824,9.944182,247.788871
2015-08-16,13.684819,203.841748,6.155741,138.809644
2015-08-17,19.346188,134.239936,2.416201,166.357044
2015-08-18,2.645901,121.176909,1.955908,156.832467
2015-08-19,0.342249,102.115881,0.917669,129.425331
2015-08-20,0.055970,90.070968,1.481395,132.983717
2015-08-21,1.316724,120.605832,5.185482,107.119260
2015-08-22,1.572033,189.276430,5.707590,184.869747
2015-08-23,1.381588,108.707164,3.036745,166.409564
2015-08-24,13.219648,78.156896,10.294172,186.718377
2015-08-25,17.597016,202.011490,17.070588,237.298233
2015-08-26,47.466769,211.808877,10.384952,181.815908
2015-08-27,10.177497,174.507996,2.660991,185.848143
2015-08-28,1.019129,83.916604,1.156192,146.580078
2015-08-29,1.988668,61.015884,0.843857,121.516534
2015-08-30,3.321415,56.472423,1.435504,128.492313
2015-08-31,11.083384,84.159116,3.432442,147.864955
2015-09-01,4.716641,126.974585,1.434043,126.525140
2015-09-02,17.622895,94.876837,5.121973,158.890536
2015-09-03,3.068391,77.878428,1.597748,124.882258
2015-09-04,0.995996,40.844655,1.263304,89.220586
2015-09-05,1.888379,79.190034,1.388163,131.536922
2015-09-06,2.068047,90.176515,2.758848,110.605331
2015-09-07,57.336151,121.979166,10.778100,117.316735
2015-09-08,175.321600,221.732979,22.221609,203.509460
2015-09-09,238.816691,569.554792,34.790466,287.352571
2015-09-10,132.189967,408.108531,21.974598,218.063272
2015-09-11,15.964756,178.784802,1.478162,57.021447
2015-09-12,17.484488,48.291926,0.516477,74.961660
2015-09-13,5.604479,27.258049,0.355928,66.544000
2015-09-14,0.024632,16.121349,0.459409,42.178291
2015-09-15,0.023200,8.736921,0.349835,49.027048
2015-09-16,0.025089,6.012011,0.353493,36.705774
2015-09-17,0.020301,5.147598,0.358359,31.854363
2015-09-18,0.009961,4.240251,0.367561,51.051703
2015-09-19,32.823058,17.068135,2.732084,24.898301
2015-09-20,141.138652,228.635707,17.431227,140.794057
2015-09-21,10.374356,127.021801,5.301032,64.829020
2015-09-22,4.162933,29.187888,1.784545,84.875508
2015-09-23,2.468586,19.792081,5.216278,87.644800
2015-09-24,0.706410,11.015285,1.374147,36.366392
2015-09-25,0.955564,7.037077,0.453294,29.523053
2015-09-26,5.237990,4.924780,1.337675,74.224648
2015-09-27,39.718874,46.486066,1.233291,49.538051
2015-09-28,5.996940,5.760060,0.478931,7.010701
2015-09-29,0.201669,2.526216,0.440197,6.023168
2015-09-30,0.593146,2.511383,0.477204,7.668521
2015-10-01,0.000526,2.504827,0.463227,1.360329
2015-10-02,0.000002,2.493132,0.470244,0.724164
2015-10-03,0.000172,2.478622,0.479410,0.765541
2015-10-04,0.000188,2.472322,0.499003,0.720750
2015-10-05,0.109357,2.293787,0.681652,2.176780
2015-10-06,36.161148,15.901218,10.657430,111.068755
2015-10-07,17.156738,44.519963,2.477694,35.587677
2015-10-08,0.379977,17.349058,1.609061,9.185997
2015-10-09,0.013775,7.230370,0.772905,1.376705
2015-10-10,0.012659,2.835009,0.532166,0.711077
2015-10-11,0.018039,2.210026,0.540609,0.816513
2015-10-12,0.004638,2.085767,0.564120,0.801329
2015-10-13,0.007799,2.074756,0.558466,0.686129
2015-10-14,0.021849,2.072765,0.554971,0.689419
2015-10-15,0.007514,2.053855,0.560911,0.985354
2015-10-16,0.060387,2.030002,0.565300,0.690400
2015-10-17,49.340888,20.922389,5.130382,19.309678
2015-10-18,1.197505,9.814101,0.737990,1.768918
2015-10-19,0.004994,2.013512,0.558179,0.824786
2015-10-20,0.008204,1.988526,0.555616,0.675494
2015-10-21,0.006198,1.932263,0.556066,0.813721
2015-10-22,0.004728,1.550276,0.554283,0.686476
2015-10-23,0.008951,2.341780,0.554225,0.774370
2015-10-24,0.004550,2.491294,0.552293,0.765791
2015-10-25,0.000000,1.734635,0.547697,0.677963
2015-10-26,0.000000,0.480013,0.547412,0.743359
2015-10-27,0.000000,0.508773,0.545076,0.757111
2015-10-28,13.328174,2.136033,5.181412,16.161180
2015-10-29,47.546728,59.056718,14.399492,90.664757
2015-10-30,16.173731,59.209018,2.923648,32.691796
2015-10-31,0.006842,10.276090,0.535451,0.675704
2015-11-01,0.000033,2.974928,0.539335,0.653923
2015-11-02,0.000643,1.939728,0.549740,0.669549
2015-11-03,0.000437,1.810170,0.543896,0.650298
2015-11-04,0.000001,1.795889,0.546277,0.651421
2015-11-05,0.000173,1.789941,0.587399,0.640261
2015-11-06,0.000022,1.775669,0.822656,0.645592
2015-11-07,2.164984,1.832088,2.017178,1.825343
2015-11-08,0.023622,1.788585,0.546821,0.630260
2015-11-09,0.000000,1.774837,0.545574,0.644587
2015-11-10,0.000000,1.778406,0.546771,0.642397
2015-11-11,0.000000,1.785498,0.547122,0.664776
2015-11-12,0.000048,1.792814,0.542881,0.627203
2015-11-13,0.000066,1.796041,0.545542,0.648073
2015-11-14,0.000094,1.805078,0.541491,0.621620
2015-11-15,0.000014,1.804246,0.539330,2.521606
2015-11-16,0.000005,1.786522,0.537680,0.630431
2015-11-17,0.000009,1.788505,0.532997,0.631732
2015-11-18,0.002012,0.966503,0.529632,0.609821
2015-11-19,0.002324,0.053657,0.523106,0.621920
2015-11-20,0.002386,0.053659,0.517283,0.622516
2015-11-21,0.010626,0.065321,0.508443,0.620433
2015-11-22,0.000768,0.053666,0.571534,0.617935
2015-11-23,0.000000,0.053637,0.775638,0.625131
2015-11-24,0.000000,0.053653,0.483661,0.678293
2015-11-25,0.000000,0.053656,0.470846,0.713442
2015-11-26,0.000000,0.053612,0.461438,0.621056
2015-11-27,0.000000,0.053637,0.455272,0.733417
2015-11-28,0.000000,0.053637,0.444620,0.704379
2015-11-29,0.000000,0.053653,0.434763,0.614480
2015-11-30,0.000000,0.053655,0.426897,0.699073
2015-12-01,0.000000,0.053612,0.415854,0.704451
2015-12-02,0.000008,0.053636,0.405323,0.666688
2015-12-03,0.000062,0.053636,0.394188,0.616855
2015-12-04,0.000071,0.053653,0.387382,0.686378
2015-12-05,0.000349,0.053655,0.375221,0.606323
2015-12-06,0.001482,0.053612,0.362473,0.719060
2015-12-07,0.000345,0.053636,0.352384,0.576665
2015-12-08,0.000148,0.053636,0.342508,0.604237
2015-12-09,0.000171,0.053653,0.329649,0.677233
2015-12-10,0.000053,0.053655,0.320601,0.593426
2015-12-11,0.001306,0.053612,0.313369,2.279872
2015-12-12,0.001111,0.053636,0.300213,0.776655
2015-12-13,0.000011,0.053636,0.289117,0.652787
2015-12-14,0.000009,0.053653,0.278490,5.610796
2015-12-15,0.000000,0.053655,0.270121,0.677109
2015-12-16,0.000000,0.053612,0.260583,0.588315
2015-12-17,0.000000,0.053636,0.251728,0.660696
2015-12-18,0.000000,0.053752,0.240113,0.711572
2015-12-19,0.000000,0.053653,0.235109,0.692615
2015-12-20,0.000000,0.053655,0.226776,0.680931
2015-12-21,0.000000,0.053612,0.217392,0.534050
2015-12-22,0.000000,0.053636,0.208635,0.593306
2015-12-23,0.000000,0.053637,0.205722,0.647751
2015-12-24,0.000000,0.053653,0.193597,0.515699
2015-12-25,0.000000,0.053655,0.191293,0.677142
2015-12-26,0.000000,0.053593,0.180515,0.639846
2015-12-27,0.000000,0.053616,0.252413,0.620958
2015-12-28,0.000000,0.053617,1.127158,0.588071
2015-12-29,0.000000,0.053633,0.159483,0.662272
2015-12-30,0.000000,0.053636,0.160570,0.631768
2015-12-31,0.000000,0.053636,0.264620,0.528395
2016-01-01,0.000000,0.461709,0.156066,0.511176
2016-01-02,0.000000,0.461990,0.153724,0.676642
2016-01-03,0.000000,0.461970,0.138506,0.517990
2016-01-04,0.000000,0.461899,0.138320,0.510716
2016-01-05,0.000000,0.461864,0.134618,0.515571
2016-01-06,0.000000,0.461668,0.124345,0.601390
2016-01-07,0.000000,0.667905,0.122586,0.619755
2016-01-08,0.000000,1.426811,0.116669,0.738185
2016-01-09,0.000000,1.457798,0.113819,0.595165
2016-01-10,0.000000,1.506880,0.107233,0.624220
2016-01-11,0.000000,1.772418,0.106716,0.607348
2016-01-12,0.000000,1.772662,0.103482,0.598014
2016-01-13,0.000000,1.772468,0.097274,0.736096
2016-01-14,0.000000,1.092273,0.094560,0.641103
2016-01-15,0.000000,0.955667,0.089231,0.637543
2016-01-16,0.000000,0.518528,0.084633,0.747316
2016-01-17,0.000000,0.482797,0.084961,0.608913
2016-01-18,0.000000,0.483574,0.080275,0.637633
2016-01-19,0.000000,0.484935,0.078000,0.634937
2016-01-20,0.000000,0.485736,0.075995,0.545962
2016-01-21,0.000000,0.485890,0.098034,0.672491
2016-01-22,0.000000,0.486236,0.674400,0.630217
2016-01-23,0.019620,0.486461,1.029967,0.639608
2016-01-24,0.000000,0.486876,0.517243,0.597398
2016-01-25,0.000000,0.486797,0.158601,0.703442
2016-01-26,0.000000,0.486358,0.093167,0.482362
2016-01-27,0.000000,0.485755,0.064095,0.719895
2016-01-28,0.000000,0.487213,0.053794,0.694178
2016-01-29,0.000000,0.487362,0.051659,0.495485
2016-01-30,0.000000,0.487227,0.048995,0.682615
2016-01-31,0.000000,0.486697,0.049490,0.633660
2016-02-01,0.000000,0.485501,0.045789,0.617147
2016-02-02,0.000000,0.485812,0.043659,0.480330
2016-02-03,0.000000,0.484352,0.043514,0.642617
2016-02-04,0.000000,0.484951,0.040507,0.631172
2016-02-05,0.000000,0.485413,0.037718,0.637764
2016-02-06,0.000000,0.485482,0.036734,0.487493
2016-02-07,0.000000,0.485843,0.035080,0.557783
2016-02-08,0.000000,0.484596,0.032870,0.569003
2016-02-09,0.000000,0.485006,0.031360,0.473725
2016-02-10,0.000000,0.485269,0.028735,0.603029
2016-02-11,0.000000,0.485201,0.029303,0.465993
2016-02-12,0.000000,0.485335,0.025656,0.603040
2016-02-13,0.000000,0.482314,0.023670,0.688069
2016-02-14,0.000000,0.483474,0.023670,0.577492
2016-02-15,0.000000,0.484528,0.026423,0.469806
2016-02-16,0.000000,0.484537,0.029573,0.586199
2016-02-17,0.000000,0.485495,0.019699,0.460461
2016-02-18,0.000000,0.487127,0.015729,0.610040
2016-02-19,0.000000,0.486379,0.017695,0.585092
2016-02-20,0.000000,0.486052,0.013762,0.459270
2016-02-21,0.000000,0.486068,0.013762,0.570431
2016-02-22,0.000000,0.486073,0.013743,0.646075
2016-02-23,0.000000,0.486025,0.011796,0.566713
2016-02-24,0.000000,0.486041,0.009830,0.578694
2016-02-25,0.000000,0.485900,0.009830,0.559963
2016-02-26,0.000000,0.485854,0.008847,0.449541
2016-02-27,0.000000,0.486004,0.006881,0.520293
2016-02-28,0.000000,0.486053,0.005898,0.514158
2016-02-29,0.000000,0.486242,0.005898,0.566290
2016-03-01,0.000000,0.486125,0.003932,0.512851
2016-03-02,0.000000,0.486173,0.003932,0.453629
2016-03-03,0.000000,0.485873,0.001966,0.520607
2016-03-04,0.000000,0.485908,0.001966,0.532797
2016-03-05,0.000000,0.485809,0.000983,0.858843
2016-03-06,0.000000,0.485493,0.007982,0.529196
2016-03-07,0.000000,0.485423,0.009458,0.522716
2016-03-08,0.000000,0.486205,0.428780,0.505436
2016-03-09,0.000000,0.486479,0.139445,0.511061
2016-03-10,0.000000,0.485193,0.473983,0.588476
2016-03-11,0.000000,0.484732,0.002997,0.513966
2016-03-12,0.000000,0.485420,0.032700,0.503228
2016-03-13,0.000000,0.488315,0.429398,0.531550
2016-03-14,0.000000,0.493783,0.635179,0.500447
2016-03-15,0.000000,0.489098,0.017576,0.507028
2016-03-16,0.000000,0.488808,0.256858,0.500464
2016-03-17,0.000000,0.489123,0.001239,0.638952
2016-03-18,0.000000,0.489206,0.035713,0.599481
2016-03-19,0.000000,0.489207,0.147547,0.510415
2016-03-20,0.000000,0.489109,0.016477,0.494551
2016-03-21,0.000000,0.486542,0.000000,0.532386
2016-03-22,0.000000,0.485362,0.000000,0.518069
2016-03-23,0.000000,0.485359,0.000000,0.427947
2016-03-24,0.000000,0.485342,0.000709,1.101053
2016-03-25,0.000000,0.483361,0.001167,0.475190
2016-03-26,0.000000,0.481874,0.000000,0.509981
2016-03-27,0.000000,0.482092,0.000000,0.488856
2016-03-28,0.000000,0.482043,0.000000,0.490675
2016-03-29,0.000000,0.481926,0.000000,0.501860
2016-03-30,0.000000,0.481736,0.000000,0.529611
2016-03-31,0.000000,0.481729,0.000000,0.499073
2016-04-01,0.000000,0.481604,0.000000,0.475589
2016-04-02,0.000000,0.481935,0.000000,0.490370
2016-04-03,0.000000,0.482087,0.010381,0.417867
2016-04-04,0.000000,0.482134,0.022964,1.338734
2016-04-05,0.000000,0.482001,0.000000,0.405598
2016-04-06,0.000000,0.481854,0.000058,0.565359
2016-04-07,0.000000,0.482142,0.000000,1.896235
2016-04-08,0.000000,0.482161,0.000000,1.031261
2016-04-09,0.000000,0.482113,0.000039,0.521032
2016-04-10,0.000000,0.481957,0.587758,0.931906
2016-04-11,0.000000,0.481856,2.556295,6.543487
2016-04-12,0.000000,0.482827,11.180814,3.526835
2016-04-13,0.000000,0.482712,4.949285,4.533362
2016-04-14,0.000000,0.482329,0.132420,0.482878
2016-04-15,0.000000,0.482174,1.351677,0.748329
2016-04-16,0.000000,0.482030,0.078252,0.701495
2016-04-17,0.000000,0.482285,0.003043,0.527494
2016-04-18,0.000000,0.482199,0.004149,0.493284
2016-04-19,0.000000,0.482019,0.265180,1.155492
2016-04-20,0.000000,0.481867,0.307287,0.515164
2016-04-21,0.000000,0.481359,0.229787,0.476655
2016-04-22,0.000000,0.481429,0.775867,0.956191
2016-04-23,0.000000,0.481586,7.500315,3.900850
2016-04-24,0.000000,0.482634,3.073396,3.983920
2016-04-25,0.000000,0.484720,2.884448,7.087146
2016-04-26,0.000000,0.485011,3.664669,4.922633
2016-04-27,0.000000,0.485270,1.795047,1.673433
2016-04-28,0.000000,0.485301,5.625401,7.619204
2016-04-29,0.000000,0.485336,3.582813,2.736779
2016-04-30,0.261793,0.485544,3.768202,2.681412
2016-05-01,0.747717,0.494480,4.069056,1.989764
2016-05-02,0.249285,0.507614,3.644527,2.049817
2016-05-03,1.998369,0.532748,5.507060,2.917248
2016-05-04,2.252848,0.725622,5.760661,4.053882
2016-05-05,1.749968,0.679144,5.101323,1.881234
2016-05-06,0.577830,0.585553,7.173853,3.794882
2016-05-07,0.670608,0.505992,6.241997,3.140468
2016-05-08,0.000043,0.495696,5.570477,2.537543
2016-05-09,2.145299,0.497411,10.008484,6.192822
2016-05-10,15.025243,0.858230,12.709741,2.791888
2016-05-11,6.465848,0.546258,8.113330,7.151699
2016-05-12,9.525904,0.705687,13.931640,3.845692
2016-05-13,18.581229,1.890193,15.838884,2.717415
2016-05-14,22.569040,4.423508,15.236783,2.399524
2016-05-15,30.505742,11.899008,17.572535,5.108643
2016-05-16,2.567097,4.740107,6.756108,1.830246
2016-05-17,5.037833,2.530910,6.278516,3.673596
2016-05-18,2.351298,1.869309,5.604326,4.803035
2016-05-19,15.380817,1.769996,5.367525,2.294734
2016-05-20,14.745837,1.666404,6.785006,5.262488
2016-05-21,8.740379,1.275214,5.313194,7.070687
2016-05-22,6.195247,0.953574,5.662809,9.008434
2016-05-23,4.132537,1.290161,7.779477,11.261262
2016-05-24,51.880061,11.106842,1.782197,9.750405
2016-05-25,47.181402,62.632205,0.775767,26.314820
2016-05-26,8.200956,17.243467,0.020421,17.119086
2016-05-27,3.128263,6.121570,0.219968,12.724890
2016-05-28,38.375195,37.615703,3.753912,14.650096
2016-05-29,47.596178,108.235438,5.822466,90.812711
2016-05-30,13.536913,47.014097,0.421040,63.308035
2016-05-31,20.507986,24.139487,1.303833,42.163848
2016-06-01,30.994720,65.866597,0.500409,74.188326
2016-06-02,17.494272,55.068035,4.529064,42.012752
2016-06-03,66.352263,147.632672,5.601888,65.377437
2016-06-04,58.007864,178.125986,5.947446,69.983926
2016-06-05,27.552644,117.001111,5.034726,42.384958
2016-06-06,28.241118,82.831690,6.741530,66.842215
2016-06-07,28.707903,105.309261,6.142318,59.526155
2016-06-08,44.253111,122.020603,7.932202,59.936055
2016-06-09,41.248819,134.662486,10.184556,78.248840
2016-06-10,46.565815,146.365771,13.435541,96.779970
2016-06-11,50.060807,130.610186,15.711981,98.781414
2016-06-12,35.084270,151.588449,12.523676,115.247828
2016-06-13,35.817421,170.498292,12.875877,121.340794
2016-06-14,29.887028,152.867315,13.528245,114.903390
2016-06-15,20.957311,115.263135,13.184201,128.444013
2016-06-16,14.259721,93.523972,6.593469,135.452668
2016-06-17,14.904898,120.121121,6.809615,184.743146
2016-06-18,23.920808,145.636400,6.746947,162.320585
2016-06-19,29.881394,160.496273,7.690202,164.361080
2016-06-20,45.873275,203.207725,10.313328,173.941172
2016-06-21,42.141321,225.148164,9.394532,182.105168
2016-06-22,36.733438,206.235550,9.800769,177.493578
2016-06-23,41.073353,208.191316,11.826588,204.300089
2016-06-24,80.859140,302.128012,13.053082,193.970435
2016-06-25,34.693123,290.251773,11.538256,204.896429
2016-06-26,54.041960,284.259635,14.074763,249.833542
2016-06-27,106.404838,500.540039,28.106950,326.602707
2016-06-28,65.300979,408.383743,14.092561,307.044900
2016-06-29,36.679356,381.309388,13.173270,284.805085
2016-06-30,27.712685,270.018405,12.120347,332.007680
2016-07-01,17.104833,249.553912,12.986387,324.783256
2016-07-02,19.983232,265.528701,15.315272,358.966806
2016-07-03,17.930279,240.698341,13.020145,338.302075
2016-07-04,20.324451,237.888304,12.567175,334.995824
2016-07-05,19.339276,256.400836,12.189017,342.359900
2016-07-06,14.816757,234.774064,13.290707,350.436624
2016-07-07,17.545143,234.558248,13.025283,339.499617
2016-07-08,13.181446,187.372876,11.458557,302.005212
2016-07-09,11.336214,197.819771,13.594386,350.225975
2016-07-10,22.028455,244.042858,11.783490,292.856073
2016-07-11,24.264120,249.130360,17.723697,433.103852
2016-07-12,24.299337,275.845386,13.838193,380.653958
2016-07-13,15.884961,251.188160,12.889916,364.378440
2016-07-14,11.810460,202.739432,12.880812,352.994993
2016-07-15,18.325138,223.576493,12.622693,355.869055
2016-07-16,15.473846,251.785439,11.606370,332.380358
2016-07-17,15.938101,220.266515,11.832254,329.454198
2016-07-18,18.411982,222.634595,11.609928,338.562236
2016-07-19,18.284482,215.211208,11.666948,335.348129
2016-07-20,12.498201,207.232191,11.590265,334.330357
2016-07-21,23.558578,234.983888,12.709980,358.278986
2016-07-22,27.452694,287.661468,14.024413,386.219247
2016-07-23,27.339873,316.503721,14.518522,380.468160
2016-07-24,36.565835,319.874547,13.210906,336.168279
2016-07-25,18.289711,268.119737,14.528078,328.797243
2016-07-26,15.625903,236.051327,12.130333,360.994973
2016-07-27,15.396997,246.556891,11.227275,334.034119
2016-07-28,13.927573,244.518014,11.006777,317.593404
2016-07-29,11.610442,199.735545,9.395819,275.302080
2016-07-30,26.903469,185.022039,9.684882,212.816087
2016-07-31,20.278614,141.893202,8.583317,215.015528
2016-08-01,5.142305,130.110417,6.939731,180.838350
2016-08-02,0.019907,137.260640,7.680268,200.427953
2016-08-03,4.791416,133.345199,7.821755,221.248140
2016-08-04,2.068353,152.265319,9.484187,270.100340
2016-08-05,2.341883,158.613502,7.911946,235.389148
2016-08-06,5.165929,161.135684,10.270624,277.716067
2016-08-07,7.765203,143.851652,10.258917,258.051150
2016-08-08,3.163336,131.050515,6.337744,169.750572
2016-08-09,3.691028,126.062058,5.777259,213.920633
2016-08-10,2.763957,127.094053,6.533484,156.689053
2016-08-11,0.046302,161.445803,7.523465,183.793322
2016-08-12,0.339921,148.335226,8.348762,235.810029
2016-08-13,0.908940,135.387339,6.578787,198.448531
2016-08-14,16.468162,144.102637,5.587080,183.778013
2016-08-15,66.463322,265.772308,16.532451,179.364161
2016-08-16,47.878470,310.077044,9.985896,156.254563
2016-08-17,9.607803,222.357262,8.530308,228.776765
2016-08-18,2.543892,153.410314,7.987323,167.635230
2016-08-19,2.432951,167.488282,4.372631,183.094411
2016-08-20,2.163934,155.192237,4.583254,172.537455
2016-08-21,2.820117,140.795439,6.960550,192.364359
2016-08-22,2.601376,135.064599,5.017679,174.227620
2016-08-23,2.647740,142.119719,4.961104,171.015928
2016-08-24,2.568097,117.511847,7.953535,189.858733
2016-08-25,1.724973,101.926098,5.368792,160.866950
2016-08-26,5.985031,100.795184,4.577197,156.500759
2016-08-27,12.806508,70.738709,3.679755,136.392422
2016-08-28,0.010225,54.483289,2.391381,151.206189
2016-08-29,0.285126,51.640684,3.816410,139.584034
2016-08-30,5.468177,80.994620,4.444826,121.134756
2016-08-31,0.047006,56.126946,2.127427,138.378400
2016-09-01,0.177330,63.504686,2.542802,140.768067
2016-09-02,0.009535,51.866351,1.650669,104.723544
2016-09-03,0.044295,33.801630,1.319627,75.765896
2016-09-04,1.854516,33.875539,2.917416,49.511566
2016-09-05,2.260369,46.739281,4.254171,121.644495
2016-09-06,0.002571,38.558921,1.546089,90.663300
2016-09-07,5.050279,24.496190,1.764566,44.546569
2016-09-08,6.336180,69.919325,4.896059,133.797672
2016-09-09,11.388502,91.405462,3.878311,61.784675
2016-09-10,3.009074,73.270426,1.998415,101.415095
2016-09-11,2.076476,116.779006,5.166781,125.374734
2016-09-12,2.175157,140.274622,4.056752,85.440371
2016-09-13,3.228288,91.154459,0.892048,84.964594
2016-09-14,0.287375,41.325535,1.039159,98.132061
2016-09-15,3.147697,32.333282,6.025887,27.043262
2016-09-16,14.246153,56.145806,3.086410,45.349360
2016-09-17,33.961835,65.009395,1.862578,49.312091
2016-09-18,5.338345,35.670246,0.294691,61.628616
2016-09-19,0.172888,11.978359,0.284735,45.651604
2016-09-20,0.022737,3.933377,0.275574,46.850741
2016-09-21,0.266285,2.617110,0.270447,38.058763
2016-09-22,0.079442,3.200847,0.638880,5.856420
2016-09-23,3.499757,19.048795,3.068051,29.549470
2016-09-24,0.192581,17.879573,0.849709,40.465599
2016-09-25,0.000900,9.166870,0.257530,17.042479
2016-09-26,0.651452,15.310016,0.311252,22.730213
2016-09-27,0.000435,9.524644,0.250335,15.103879
2016-09-28,0.000664,3.466481,0.248743,2.484023
2016-09-29,0.011291,2.616344,0.244855,1.967319
2016-09-30,0.481724,2.452385,0.243559,0.909563
2016-10-01,0.000143,2.370583,0.239283,0.734403
2016-10-02,0.000140,2.352005,0.301865,1.546133
2016-10-03,18.623605,19.021195,3.385955,45.695767
2016-10-04,9.800721,39.027607,1.399785,13.899805
2016-10-05,79.796216,51.151157,3.523710,55.874224
2016-10-06,67.081095,167.478206,6.356502,60.203169
2016-10-07,4.541525,55.339416,4.570072,32.636872
2016-10-08,0.151673,39.685599,1.102067,9.587494
2016-10-09,3.599428,24.315413,1.028878,5.749280
2016-10-10,0.242014,11.304736,0.233337,2.224782
2016-10-11,14.049891,7.017797,0.878313,9.830269
2016-10-12,136.766284,153.816494,5.662156,84.980556
2016-10-13,70.057640,226.895378,6.581213,83.156853
2016-10-14,0.211197,46.297538,0.243476,2.287349
2016-10-15,0.043562,8.111860,0.241539,0.861986
2016-10-16,0.032837,2.674138,0.258266,0.699802
2016-10-17,1.160920,2.268418,0.293478,2.296342
2016-10-18,5.256897,2.978774,0.254138,1.026640
2016-10-19,48.916171,12.497211,4.118836,31.166005
2016-10-20,74.206159,109.638520,3.095749,28.609384
2016-10-21,17.514436,17.801666,0.864865,11.275265
2016-10-22,26.749193,50.800288,2.264010,41.865250
2016-10-23,0.180783,18.053315,0.366118,3.751102
2016-10-24,0.124120,2.071510,0.282744,1.907865
2016-10-25,0.090373,1.667308,0.259627,0.530303
2016-10-26,0.112326,1.592309,0.303006,0.677742
2016-10-27,0.060389,1.571544,0.294987,0.898784
2016-10-28,0.042188,1.564483,0.301051,0.636607
2016-10-29,0.037103,1.555029,0.382625,0.680799
2016-10-30,0.031979,1.552797,0.352989,0.526217
2016-10-31,0.001049,1.541752,0.329477,0.602468
2016-11-01,0.000594,1.529992,0.338066,0.545104
2016-11-02,3.513370,1.826850,0.558074,0.533929
2016-11-03,0.350824,1.876592,0.477448,0.797208
2016-11-04,0.000603,1.505601,0.358519,0.512366
2016-11-05,0.000000,1.485025,0.363156,0.565660
2016-11-06,11.297518,2.234189,3.740222,2.971049
2016-11-07,5.281720,5.904129,0.513854,2.508626
2016-11-08,27.565590,19.877499,0.723224,3.646513
2016-11-09,0.003544,3.674615,0.389132,0.520248
2016-11-10,0.003247,1.402261,0.443960,0.514128
2016-11-11,0.018897,1.398337,0.739086,0.697539
2016-11-12,0.093757,1.410342,0.853182,1.119404
2016-11-13,0.003093,1.394914,0.464234,0.518211
2016-11-14,0.002085,1.393943,0.450758,0.521816
2016-11-15,0.001593,1.393368,0.462601,0.515507
2016-11-16,0.001677,1.392142,0.474206,0.509982
2016-11-17,0.001662,1.387660,0.485249,0.505180
2016-11-18,0.001123,1.387332,0.493115,0.511427
2016-11-19,0.000000,1.386128,0.498250,0.530564
2016-11-20,0.000000,1.255162,0.502709,0.497597
2016-11-21,0.000000,1.245457,0.504738,0.509215
2016-11-22,0.000000,1.252207,0.505030,0.518256
2016-11-23,0.000000,0.875096,0.505605,0.519147
2016-11-24,0.000000,0.806735,0.649443,0.488376
2016-11-25,0.000000,0.806700,0.507040,0.503703
2016-11-26,0.000000,0.806322,0.503417,0.506592
2016-11-27,0.000000,0.750316,0.660080,0.492629
2016-11-28,0.000000,0.653776,0.509952,0.527278
2016-11-29,0.000000,0.652098,0.499818,2.065349
2016-11-30,0.000000,0.259773,0.497195,0.488487
2016-12-01,0.000000,0.262467,0.494649,0.495352
2016-12-02,0.000000,0.624327,0.491635,0.498948
2016-12-03,0.000000,0.757692,0.498055,0.500864
2016-12-04,0.000000,0.843704,0.482907,0.503470
2016-12-05,0.000000,0.944866,0.710737,0.488902
2016-12-06,0.000000,1.014971,0.475383,0.493394
2016-12-07,0.000000,0.914245,0.471386,0.496720
2016-12-08,0.000000,0.198125,0.464662,0.498497
2016-12-09,0.000000,0.194708,0.460315,0.481037
2016-12-10,0.000000,0.194708,0.471279,0.485700
2016-12-11,0.000000,0.194653,0.864412,0.494218
2016-12-12,0.000000,0.194752,0.540142,0.498376
2016-12-13,0.000000,0.194722,0.786100,0.489906
2016-12-14,0.000000,0.194671,1.366672,0.492140
2016-12-15,0.000000,0.194709,0.584344,0.480699
2016-12-16,0.000000,0.192660,1.105520,0.481142
2016-12-17,0.000000,0.192412,0.468637,0.491724
2016-12-18,0.000000,0.192369,0.508211,0.515926
2016-12-19,0.000000,0.192330,0.413628,0.485884
2016-12-20,0.000000,0.192325,0.402874,0.498657
2016-12-21,0.000000,0.191796,0.402246,0.463970
2016-12-22,0.000000,0.189007,0.395141,0.487785
2016-12-23,0.000000,0.188985,0.392373,0.572460
2016-12-24,0.000000,0.188953,0.387813,0.470311
2016-12-25,0.000000,0.188951,0.382625,0.472657
2016-12-26,0.000000,0.188898,0.380040,0.485428
2016-12-27,0.000000,0.188184,0.413761,0.487265
2016-12-28,0.000000,0.185577,0.370829,0.474390
2016-12-29,0.000000,0.183903,0.366215,0.470817
2016-12-30,0.000000,0.182765,0.360194,0.476526
2016-12-31,0.000000,0.182768,0.357004,0.471361
2017-01-01,0.000000,0.018921,0.352221,0.474265
2017-01-02,0.000000,0.060307,0.349072,1.481786
2017-01-03,0.000000,0.004726,0.341019,0.465849
2017-01-04,0.000000,0.000244,0.343980,0.470913
2017-01-05,0.000000,0.000097,0.429311,0.488724
2017-01-06,0.000000,0.000095,0.332778,0.486696
2017-01-07,0.000000,0.000095,0.328068,0.472181
2017-01-08,0.000000,0.000095,0.322069,0.475826
2017-01-09,0.000000,0.000095,0.318461,0.482729
2017-01-10,0.000000,0.000095,0.315371,0.463010
2017-01-11,0.000000,0.000095,0.310171,0.472462
2017-01-12,0.000000,0.000095,0.307041,0.487038
2017-01-13,0.000000,0.000097,0.301856,0.463771
2017-01-14,0.000000,0.000573,0.298221,0.470254
2017-01-15,0.000000,0.001087,0.423973,0.484302
2017-01-16,0.000000,0.000922,0.290840,0.479937
2017-01-17,0.000000,0.000094,0.288574,0.465637
2017-01-18,0.000000,0.000094,0.281748,0.459399
2017-01-19,0.000000,0.000253,0.275841,0.486106
2017-01-20,0.000000,0.000980,0.280065,0.460212
2017-01-21,0.000000,0.001081,0.375465,0.460451
2017-01-22,0.000000,0.001086,0.264999,0.464449
2017-01-23,0.000000,0.001172,0.959495,0.474099
2017-01-24,0.000000,0.001293,0.777675,0.444242
2017-01-25,0.000000,0.001299,0.254437,0.457982
2017-01-26,0.000000,0.001423,0.252137,0.445362
2017-01-27,0.000000,0.020892,0.247413,0.458448
2017-01-28,0.000000,0.001265,0.245258,0.460570
2017-01-29,0.000000,0.005456,0.242442,0.424658
2017-01-30,0.000000,0.040448,0.236863,0.457997
2017-01-31,0.000000,0.053401,0.333608,0.436551
2017-02-01,0.000000,0.055791,0.425494,0.439379
2017-02-02,0.000000,0.056832,0.469477,0.449289
2017-02-03,0.000000,0.058264,0.856164,0.444523
2017-02-04,0.000000,0.062290,0.369417,0.450768
2017-02-05,0.000000,0.109687,0.303445,0.450986
2017-02-06,0.000000,0.143031,0.241304,0.460727
2017-02-07,0.000000,0.158536,0.647353,0.443883
2017-02-08,0.000000,0.169853,1.156112,0.456498
2017-02-09,0.000000,0.178374,0.298102,0.454774
2017-02-10,0.000000,0.183383,0.223791,0.460362
2017-02-11,0.000000,0.185529,0.270507,0.438984
2017-02-12,0.000000,0.189460,0.317076,0.501135
2017-02-13,0.000000,0.194236,0.209836,0.442190
2017-02-14,0.000000,0.198644,0.254552,0.453678
2017-02-15,0.000000,0.199746,0.197617,0.453120
2017-02-16,0.000000,0.198838,0.193168,0.441458
2017-02-17,0.000000,0.157051,0.194368,0.461534
2017-02-18,0.000000,1.357107,0.191881,0.459964
2017-02-19,0.000000,1.730901,0.191726,0.407710
2017-02-20,0.000000,0.203139,0.187437,0.454601
2017-02-21,0.000000,0.202078,0.187427,0.441762
2017-02-22,0.000000,0.200891,0.181983,0.450655
2017-02-23,0.000000,0.199105,0.185268,0.464015
2017-02-24,0.000000,0.199551,0.182790,0.447566
2017-02-25,0.000000,0.199325,0.181944,0.483591
2017-02-26,0.000000,0.196216,0.178336,0.452851
2017-02-27,0.000000,0.195175,0.175012,0.427830
2017-02-28,0.000000,0.193822,0.173037,0.447203
2017-03-01,0.000000,0.192936,0.171706,0.446318
2017-03-02,0.000000,0.194075,0.173348,0.437098
2017-03-03,0.000000,0.194886,0.169479,0.449782
2017-03-04,0.000000,0.194197,0.167643,0.431602
2017-03-05,0.000000,0.193730,0.167708,0.454331
2017-03-06,0.000000,0.193039,0.163272,0.441359
2017-03-07,0.000000,0.191972,0.164914,0.426681
2017-03-08,0.000000,0.191398,0.158144,0.450659
2017-03-09,0.000000,0.192633,0.161419,0.436696
2017-03-10,0.000000,0.175137,0.156576,0.451323
2017-03-11,0.000000,0.189897,0.177362,0.443405
2017-03-12,0.000000,0.191599,0.151430,0.446763
2017-03-13,0.000000,0.192158,0.154229,0.430309
2017-03-14,0.000000,0.191887,0.150181,0.444547
2017-03-15,0.000000,0.192918,0.149101,0.761748
2017-03-16,0.000000,0.191635,0.150763,0.443932
2017-03-17,0.000000,0.138428,0.141421,0.428502
2017-03-18,0.000000,0.123155,0.144560,0.452653
2017-03-19,0.000000,0.020123,0.142362,0.437069
2017-03-20,0.000000,0.016476,0.138749,0.443668
2017-03-21,0.000000,0.101993,0.139017,0.435155
2017-03-22,0.000000,0.142808,0.136271,0.869425
2017-03-23,0.000000,0.178759,0.338662,0.437288
2017-03-24,0.000000,0.184111,0.133788,0.487695
2017-03-25,0.000000,0.183549,0.129977,0.462867
2017-03-26,0.000000,0.182492,0.128714,0.437372
2017-03-27,0.000000,0.149711,0.127673,0.442253
2017-03-28,0.000000,0.174195,0.124337,0.432593
2017-03-29,0.000000,0.182675,0.124241,0.443886
2017-03-30,0.000000,0.183312,0.121354,0.419138
2017-03-31,0.000000,0.183223,0.120299,0.440136
2017-04-01,0.000000,0.182637,0.118533,0.437568
2017-04-02,0.000000,0.183845,0.116478,0.424273
2017-04-03,0.000000,0.184382,0.142478,0.420941
2017-04-04,0.000000,0.186052,0.113560,0.434462
2017-04-05,0.000000,0.187044,0.110795,0.440458
2017-04-06,0.000000,0.186452,0.110747,0.420738
2017-04-07,0.000000,0.133950,0.108273,0.422686
2017-04-08,0.000000,0.122477,0.106298,0.410221
2017-04-09,0.000000,0.121605,0.108230,0.911479
2017-04-10,0.000000,0.121166,0.103824,0.522864
2017-04-11,0.000000,0.123474,0.104143,0.376942
2017-04-12,0.000000,0.123657,0.103776,0.423855
2017-04-13,0.000000,0.123299,0.098827,0.401160
2017-04-14,0.000000,0.123244,0.097685,0.412285
2017-04-15,0.000000,0.122761,0.097757,0.402144
2017-04-16,0.000000,0.122590,0.095434,0.405776
2017-04-17,0.000000,0.122158,0.100013,0.407388
2017-04-18,0.000000,0.123489,0.215206,0.405961
2017-04-19,0.000000,0.122950,0.213271,0.402358
2017-04-20,0.000000,0.019276,0.089231,0.399964
2017-04-21,0.000000,0.000137,0.089212,0.413699
2017-04-22,0.000000,0.001172,0.087004,0.402303
2017-04-23,0.000000,0.003384,0.086980,0.943052
2017-04-24,0.000000,0.004348,0.084763,1.009514
2017-04-25,0.000000,0.004822,0.085002,1.222845
2017-04-26,0.000000,0.005132,0.285234,2.377095
2017-04-27,0.000000,0.005389,1.845667,1.281702
2017-04-28,0.000000,0.005660,0.741985,0.401523
2017-04-29,0.000000,0.005990,2.289393,1.558637
2017-04-30,0.000000,0.006649,3.412896,1.481807
2017-05-01,0.000000,0.014228,3.783760,1.921532
2017-05-02,0.312981,0.061971,7.669738,2.328968
2017-05-03,2.988625,0.913230,22.000427,1.540639
2017-05-04,8.620360,1.769719,16.486333,7.128999
2017-05-05,9.762805,3.011125,6.492158,8.574031
2017-05-06,30.330685,10.785121,7.978992,9.725044
2017-05-07,42.804646,18.396357,8.024231,11.387171
2017-05-08,25.338531,13.537520,5.922175,4.892448
2017-05-09,14.021585,7.524266,4.733668,7.428740
2017-05-10,1.071314,1.160795,0.857388,3.140939
2017-05-11,0.825481,0.085181,0.369190,1.327462
2017-05-12,0.646129,0.072618,0.248472,1.127311
2017-05-13,0.527268,0.064489,0.172010,0.856974
2017-05-14,0.432400,0.017520,1.365586,2.929304
2017-05-15,10.772445,2.216371,1.834801,3.244189
2017-05-16,23.385400,11.308949,3.043601,4.621560
2017-05-17,19.382569,13.352920,3.335262,13.558356
2017-05-18,20.488151,12.090471,3.791076,17.416235
2017-05-19,37.126613,18.708117,10.244769,16.889257
2017-05-20,103.622904,67.721284,11.349350,38.350799
2017-05-21,113.184410,105.700340,11.880964,46.711023
2017-05-22,58.137138,84.160226,7.350653,25.774747
2017-05-23,46.143455,57.169192,8.953777,24.863039
2017-05-24,27.173989,38.239070,7.260426,39.389007
2017-05-25,20.233610,24.491448,6.896282,38.465499
2017-05-26,20.717854,23.840861,8.510770,26.677520
2017-05-27,19.460430,27.633995,11.256551,39.452123
2017-05-28,2.031428,11.576359,6.663801,30.878742
2017-05-29,5.073903,3.575767,8.123605,62.290684
2017-05-30,3.727100,3.825360,2.714944,83.812507
2017-05-31,4.899393,5.493207,3.244595,66.005478
2017-06-01,5.809148,8.524469,4.370212,55.896650
2017-06-02,12.752266,16.363401,4.949993,101.107726
2017-06-03,35.386696,32.041126,5.700139,68.737209
2017-06-04,58.978663,62.140738,7.362001,95.155546
2017-06-05,37.543356,59.939168,14.859527,61.891491
2017-06-06,63.311466,66.712853,23.941967,102.617969
2017-06-07,45.887176,71.317755,11.865676,101.325532
2017-06-08,33.695339,49.238509,10.235185,116.409618
2017-06-09,69.667810,70.582686,9.667672,113.617167
2017-06-10,53.776004,69.660513,10.534540,87.495923
2017-06-11,61.338181,66.172583,11.920621,100.957767
2017-06-12,72.086266,74.269307,13.241970,110.091075
2017-06-13,73.018788,83.143479,14.818734,130.078101
2017-06-14,73.873710,86.297305,17.073706,152.548307
2017-06-15,82.922766,92.425847,15.829153,156.770658
2017-06-16,67.228507,76.987681,17.889017,129.854146
2017-06-17,82.081314,113.833033,17.943953,173.429647
2017-06-18,84.293224,108.639684,15.551276,144.235112
2017-06-19,91.853580,113.631271,15.941496,150.091850
2017-06-20,52.842795,92.892055,16.967415,152.553659
2017-06-21,38.991011,101.467259,14.705638,191.459471
2017-06-22,37.873694,142.215165,17.023912,299.378181
2017-06-23,35.481194,141.609951,11.213570,197.541018
2017-06-24,45.702729,136.220901,9.584894,172.781881
2017-06-25,55.785491,139.433007,11.003334,175.526495
2017-06-26,51.997447,147.459043,11.747125,169.894961
2017-06-27,59.054031,156.222347,12.298821,181.275521
2017-06-28,41.723434,161.606612,11.141942,150.267535
2017-06-29,41.310173,167.860030,13.452712,149.129547
2017-06-30,33.183108,133.413274,17.109712,132.489262
2017-07-01,45.408438,138.704878,15.317208,175.363616
2017-07-02,31.243452,99.259635,14.125205,134.307384
2017-07-03,35.442079,69.851569,7.631587,54.567177
2017-07-04,6.859502,65.560493,6.788009,88.783391
2017-07-05,4.364441,61.779019,6.373099,113.247785
2017-07-06,13.502050,120.209497,7.143596,152.678931
2017-07-07,14.239344,171.217649,6.985853,177.091059
2017-07-08,25.254868,161.427871,7.297015,170.048081
2017-07-09,35.473130,159.824983,8.749670,185.935711
2017-07-10,34.984874,154.527726,8.485606,184.413356
2017-07-11,36.822439,158.325030,7.541015,166.551293
2017-07-12,28.945579,152.485985,8.199896,166.058680
2017-07-13,31.033147,149.843736,9.076763,175.170033
2017-07-14,24.924513,145.694117,9.370417,192.080954
2017-07-15,28.733945,163.335883,10.801358,199.194099
2017-07-16,37.166169,182.768533,12.092468,154.548184
2017-07-17,34.617564,177.133374,10.075469,193.431853
2017-07-18,47.724999,172.622699,15.268377,210.414202
2017-07-19,93.112981,313.271956,11.713018,195.041437
2017-07-20,155.235818,343.856882,13.621494,238.547498
2017-07-21,46.401683,273.646785,4.564317,239.982526
2017-07-22,225.844875,368.808266,16.262425,208.342272
2017-07-23,98.087973,474.474290,13.774948,284.131206
2017-07-24,43.222411,255.288214,6.986916,250.402468
2017-07-25,51.113242,249.436858,8.155268,249.148202
2017-07-26,73.582023,281.751469,8.471851,247.860755
2017-07-27,62.383813,266.512250,8.175865,238.492675
2017-07-28,75.146656,286.758254,12.087152,273.671851
2017-07-29,52.991988,291.485923,9.789648,279.905200
2017-07-30,42.011372,250.250516,9.226666,266.137258
2017-07-31,37.392210,228.938981,8.919922,250.611583
2017-08-01,33.269575,215.898798,8.879187,244.093267
2017-08-02,32.978972,210.169854,9.517831,252.421309
2017-08-03,33.774161,203.031267,8.805649,224.695521
2017-08-04,11.554456,148.905387,8.722721,173.235271
2017-08-05,19.085833,118.649801,9.540339,197.098810
2017-08-06,12.727586,111.588783,7.253149,221.957392
2017-08-07,10.050233,132.489243,5.721213,193.840076
2017-08-08,8.239657,100.682580,4.241124,87.908661
2017-08-09,7.658070,97.563580,4.768411,209.009069
2017-08-10,3.177108,98.564387,5.066373,171.140583
2017-08-11,9.165635,115.975457,4.703898,186.006662
2017-08-12,9.730720,133.978475,4.716319,184.093518
2017-08-13,4.315822,109.438413,5.350067,159.785196
2017-08-14,5.742983,104.005855,4.672083,155.760480
2017-08-15,6.779453,111.069627,6.254434,177.070862
2017-08-16,7.406815,105.650348,5.576424,186.493425
2017-08-17,4.100028,79.536833,4.271479,106.850863
2017-08-18,1.922381,66.579220,4.112117,124.450960
2017-08-19,0.802340,63.675957,5.868152,123.253984
2017-08-20,1.789835,69.055800,6.104185,154.554674
2017-08-21,2.467768,83.926394,5.241429,120.460556
2017-08-22,1.956747,77.741096,6.785613,135.089561
2017-08-23,7.965505,98.784668,4.884381,121.049838
2017-08-24,9.472872,116.316379,5.780833,142.690569
2017-08-25,32.278843,90.851635,7.451907,105.480667
2017-08-26,30.133093,131.873743,17.174344,187.227918
2017-08-27,2.819411,139.414121,5.864918,136.295450
2017-08-28,4.001448,111.632214,1.259857,107.643142
2017-08-29,1.476696,70.457765,1.117336,101.515013
2017-08-30,1.001997,58.616245,2.730564,102.916025
2017-08-31,2.881199,66.680883,2.049685,106.073434
2017-09-01,4.018314,81.092949,3.515449,127.716945
2017-09-02,4.022350,72.236018,1.783613,123.486381
2017-09-03,10.846974,52.214768,3.488034,80.792946
2017-09-04,2.699139,118.868656,12.595912,123.384591
2017-09-05,9.173699,126.250669,8.475134,133.900766
2017-09-06,4.695187,76.059601,2.173638,95.360665
2017-09-07,0.196565,49.698638,1.188948,70.594428
2017-09-08,2.502910,31.927899,0.523730,82.814929
2017-09-09,2.937115,25.806740,1.199140,45.589967
2017-09-10,0.009721,19.763076,0.439557,82.559871
2017-09-11,0.024071,10.100856,0.699909,88.506097
2017-09-12,0.025147,7.349388,0.404738,62.434888
2017-09-13,0.011581,7.072906,0.394408,57.320963
2017-09-14,0.027781,5.605035,1.439152,81.149367
2017-09-15,44.573348,104.029576,8.415413,88.862171
2017-09-16,116.580083,267.761628,13.661337,99.728105
2017-09-17,209.721451,460.025562,29.966851,208.971726
2017-09-18,1.156896,139.875767,0.497927,67.261223
2017-09-19,5.416348,53.363460,2.888694,54.984233
2017-09-20,1.137745,35.832268,5.666250,70.501270
2017-09-21,36.000331,81.794158,7.882337,140.894876
2017-09-22,1.014330,70.315414,2.382260,63.069831
2017-09-23,3.899054,34.848302,2.557435,56.154457
2017-09-24,51.808936,136.395923,17.442944,166.607693
2017-09-25,5.867026,81.238711,0.780306,16.144331
2017-09-26,0.646434,48.279963,8.032189,58.777191
2017-09-27,120.864358,276.385010,29.536029,275.394112
2017-09-28,2.039416,160.847481,0.859506,43.986578
2017-09-29,1.395300,24.817821,0.534219,22.520679
2017-09-30,9.409875,53.404138,5.290003,50.476613
2017-10-01,5.920708,88.334658,4.262137,30.993015
2017-10-02,1.417974,33.561201,0.767294,23.974464
2017-10-03,0.181356,7.790473,0.322284,8.736293
2017-10-04,0.004800,2.863625,0.320807,3.216401
2017-10-05,0.000174,2.210214,0.322302,2.251717
2017-10-06,0.000921,2.127497,0.324963,4.199403
2017-10-07,1.455850,2.486960,0.617433,5.136262
2017-10-08,2.550287,14.973533,1.274498,11.633703
2017-10-09,0.749211,17.358163,3.073012,21.128037
2017-10-10,31.322813,49.595564,2.710079,42.963943
2017-10-11,6.301693,52.534710,2.826187,29.142380
2017-10-12,0.004508,12.992656,0.356796,2.248877
2017-10-13,0.006130,4.501566,0.440241,2.211589
2017-10-14,0.005083,3.290180,1.303711,1.242882
2017-10-15,0.002807,2.342690,0.409639,0.727926
2017-10-16,0.001089,2.151054,0.401892,1.225072
2017-10-17,0.001191,2.126492,0.411891,0.997337
2017-10-18,0.002760,2.122223,0.676638,3.445967
2017-10-19,0.009314,2.122622,0.580272,7.370191
2017-10-20,44.060802,37.502201,4.706901,83.523120
2017-10-21,1.217691,41.619126,0.926261,8.536927
2017-10-22,0.102172,6.357336,0.431878,2.512578
2017-10-23,2.997515,4.320649,1.488720,10.768489
2017-10-24,0.000315,3.168330,0.748756,1.130160
2017-10-25,0.001577,2.155091,0.431434,0.726992
2017-10-26,2.370017,2.082225,0.925929,1.393864
2017-10-27,0.858238,2.465677,0.476496,0.713232
2017-10-28,0.001399,2.028057,0.432623,0.761842
2017-10-29,0.248215,1.972708,0.428609,0.736881
2017-10-30,0.001217,1.959120,0.429666,0.763172
2017-10-31,0.000981,1.951371,0.438320,0.705719
2017-11-01,0.000467,1.945167,0.427032,0.760457
2017-11-02,0.000339,1.942434,0.422510,0.698619
2017-11-03,0.000539,1.912892,0.422655,0.758398
2017-11-04,0.001396,1.868905,0.417405,0.778117
2017-11-05,0.000756,0.890738,0.415100,0.684964
2017-11-06,0.000306,0.761631,0.416373,0.689996
2017-11-07,0.000309,0.752725,0.412634,0.694411
2017-11-08,0.000381,0.725247,0.409050,0.701766
2017-11-09,0.000341,0.724989,0.408654,0.745106
2017-11-10,0.001159,0.724659,0.402787,0.703231
2017-11-11,0.000306,0.724593,0.404116,0.697173
2017-11-12,0.000310,0.221384,0.408314,0.750395
2017-11-13,0.000339,0.006321,0.397353,0.683028
2017-11-14,0.000252,0.006321,0.393213,0.743843
2017-11-15,0.000078,0.006321,0.390032,0.699265
2017-11-16,0.000129,0.006356,0.387163,0.730859
2017-11-17,0.000262,0.006352,0.392788,0.702258
2017-11-18,0.000467,0.006699,0.379294,0.727044
2017-11-19,0.000192,0.006811,0.376166,0.698661
2017-11-20,0.000001,0.006614,0.373193,0.715129
2017-11-21,0.000002,0.006307,0.369532,0.748048
2017-11-22,0.000011,0.006189,0.366107,0.699031
2017-11-23,0.000001,0.000417,0.360257,0.741169
2017-11-24,0.000017,0.000418,0.358305,0.677963
2017-11-25,0.000056,0.000418,0.352460,0.684958
2017-11-26,0.000016,0.000417,0.350668,1.042484
2017-11-27,0.000057,0.000418,0.343200,0.692995
2017-11-28,0.000011,0.000418,0.341210,0.741061
2017-11-29,0.000007,0.000418,0.346023,0.660973
2017-11-30,1.121524,0.000418,2.106379,0.686829
2017-12-01,0.000847,0.000417,0.331179,0.674907
2017-12-02,0.000000,0.000378,0.320668,0.734407
2017-12-03,0.000000,0.000371,0.313302,0.670290
2017-12-04,0.000000,0.000371,0.308833,0.728755
2017-12-05,0.000000,0.000371,0.303278,0.663567
2017-12-06,0.000000,0.000371,0.300141,0.651011
2017-12-07,0.000000,0.000371,0.292426,0.744423
2017-12-08,0.000000,0.000371,0.288398,0.652687
2017-12-09,0.000000,0.000371,0.280346,0.653685
2017-12-10,0.000000,0.000371,0.275773,0.629493
2017-12-11,0.000000,0.000371,0.268025,0.640633
2017-12-12,0.000000,0.000371,0.266976,0.690607
2017-12-13,0.000000,0.000371,0.258496,0.629920
2017-12-14,0.000000,0.000371,0.252021,0.721116
2017-12-15,0.000000,0.000371,0.245674,0.649214
2017-12-16,0.000000,0.000374,0.243563,0.690369
2017-12-17,0.000000,0.000444,0.232783,0.642735
2017-12-18,0.000000,0.000379,0.400042,0.654628
2017-12-19,0.000000,0.000376,0.224741,0.695158
2017-12-20,0.000000,0.000376,0.219980,0.646776
2017-12-21,0.000000,0.000376,0.214621,0.679395
2017-12-22,0.000000,0.000376,0.209879,0.646645
2017-12-23,0.000000,0.000282,0.204935,0.687147
2017-12-24,0.000000,0.000103,0.200675,0.635396
2017-12-25,0.000000,0.000103,0.196965,0.636830
2017-12-26,0.000000,0.000103,0.191038,0.678997
2017-12-27,0.000000,0.000103,0.187755,0.645820
2017-12-28,0.000000,0.000103,0.183091,0.685619
2017-12-29,0.000000,0.000103,0.179712,0.668631
2017-12-30,0.000000,0.000119,0.174841,0.602635
2017-12-31,0.000000,0.000118,0.168938,0.686828
2018-01-01,0.000000,0.217081,0.164197,0.611499
2018-01-02,0.000000,0.217212,0.161670,0.603569
2018-01-03,0.000000,0.217232,0.154683,0.677432
2018-01-04,0.000000,0.217232,0.152572,0.674659
2018-01-05,0.000000,0.217232,0.145167,0.599793
2018-01-06,0.000000,0.217081,0.142776,0.610076
2018-01-07,0.000000,0.217216,0.138088,0.615394
2018-01-08,0.000000,0.217240,0.132883,0.576629
2018-01-09,0.000000,0.217240,0.680782,0.599247
2018-01-10,0.000000,0.217240,2.091311,0.592465
2018-01-11,0.000000,0.217089,0.229247,0.644098
2018-01-12,0.000000,0.217220,1.506251,0.588811
2018-01-13,0.000000,0.217240,0.164561,0.610926
2018-01-14,0.000000,0.217240,0.173455,0.590801
2018-01-15,0.000000,0.217240,0.108114,0.590111
2018-01-16,0.000000,0.217175,0.112036,0.660478
2018-01-17,0.000000,0.217482,0.109022,0.601031
2018-01-18,0.000000,0.222765,0.110935,0.592213
2018-01-19,0.000000,0.225388,0.101054,0.577467
2018-01-20,0.000000,0.225979,0.099011,0.591204
2018-01-21,0.000000,0.226137,0.095146,1.376730
2018-01-22,0.000000,0.226473,0.095122,0.592644
2018-01-23,0.000000,0.226493,0.092009,0.586633
2018-01-24,0.000000,0.226405,0.089195,0.576198
2018-01-25,0.000000,0.224782,0.088135,0.577735
2018-01-26,0.000000,0.224068,0.085913,0.645258
2018-01-27,0.000000,0.224491,0.376857,0.575296
2018-01-28,0.000000,0.226071,0.295206,0.574417
2018-01-29,0.000000,0.227117,0.232782,0.587214
2018-01-30,0.000000,0.228137,0.077191,0.567119
2018-01-31,0.000000,0.233398,0.075114,0.604568
2018-02-01,0.000000,0.235565,0.073962,0.567306
2018-02-02,0.000000,0.232544,0.371709,0.555424
2018-02-03,0.000000,0.227236,0.079609,0.538553
2018-02-04,0.000000,0.222995,0.197262,0.544027
2018-02-05,0.000000,0.221674,0.068107,0.529421
2018-02-06,0.000000,0.221153,0.064349,0.540830
2018-02-07,0.000000,0.221108,0.066407,0.542917
2018-02-08,0.000000,0.221441,0.059953,0.516015
2018-02-09,0.000000,0.221032,0.062287,0.545156
2018-02-10,0.000000,0.220682,0.062006,0.566235
2018-02-11,0.000000,0.221109,0.058326,0.534604
2018-02-12,0.000000,0.221415,0.057343,0.538247
2018-02-13,0.000000,0.221625,0.056282,0.519394
2018-02-14,0.000000,0.221804,0.056190,0.522752
2018-02-15,0.000000,0.221927,0.145551,0.528618
2018-02-16,0.000000,0.221952,0.339867,0.525553
2018-02-17,0.000000,0.222273,0.147692,0.520987
2018-02-18,0.000000,0.222420,0.094738,0.517789
2018-02-19,0.000000,0.222419,0.158708,0.558095
2018-02-20,0.000000,0.222351,0.276664,0.529416
2018-02-21,0.000000,0.222252,0.071276,0.526557
2018-02-22,0.000000,0.222389,0.057948,0.559381
2018-02-23,0.000000,0.222424,0.191468,0.536773
2018-02-24,0.000000,0.222464,2.940484,0.552367
2018-02-25,0.000000,0.222522,0.736818,0.567055
2018-02-26,2.328449,0.585216,4.360659,0.556641
2018-02-27,0.609730,0.363480,0.048486,0.520767
2018-02-28,0.333518,0.221509,0.046114,0.518195
2018-03-01,0.188007,0.222816,0.045058,0.530037
2018-03-02,0.097107,0.223260,0.044095,0.521415
2018-03-03,0.049600,0.223440,0.044986,0.522512
2018-03-04,0.024176,0.223645,0.043983,0.523701
2018-03-05,0.001827,0.223442,0.042027,0.517313
2018-03-06,0.000000,0.222710,0.042947,0.526245
2018-03-07,0.000000,0.222513,0.042013,0.513765
2018-03-08,0.000000,0.222551,0.041935,0.524431
2018-03-09,0.000000,0.222406,0.041868,0.519913
2018-03-10,0.000000,0.222386,0.040860,0.509347
2018-03-11,0.000000,0.222136,0.039877,0.508573
2018-03-12,0.000000,0.222139,0.039873,0.516612
2018-03-13,0.000000,0.222118,0.039805,0.511360
2018-03-14,0.000000,0.222108,0.038817,0.518512
2018-03-15,0.000000,0.222017,0.078461,0.505054
2018-03-16,0.000000,0.222053,0.040090,0.523567
2018-03-17,0.000000,0.222328,0.037728,0.486901
2018-03-18,0.000000,0.222251,0.035607,0.826341
2018-03-19,0.000000,0.222108,0.037747,0.820632
2018-03-20,0.000000,0.222181,0.035607,0.743517
2018-03-21,0.000000,0.222061,0.040273,0.510623
2018-03-22,0.000000,0.222362,0.112958,0.489950
2018-03-23,0.000000,0.222501,0.035506,0.498896
2018-03-24,0.000000,0.222611,0.033636,0.497422
2018-03-25,0.000000,0.222459,0.033467,0.505554
2018-03-26,0.000000,0.221863,0.033539,0.505267
2018-03-27,0.000000,0.222063,0.132804,0.485642
2018-03-28,0.000000,0.222461,0.032465,0.501480
2018-03-29,0.000000,0.222504,0.032479,0.494545
2018-03-30,0.000000,0.222478,0.031477,0.504029
2018-03-31,0.000000,0.218845,0.031404,0.502331
2018-04-01,0.000000,0.217149,0.031472,0.487200
2018-04-02,0.000000,0.217292,0.029371,0.514451
2018-04-03,0.000000,0.218895,0.031303,0.481090
2018-04-04,0.000000,0.222325,0.030402,0.497773
2018-04-05,0.000000,0.223507,0.028305,0.495480
2018-04-06,0.000000,0.224055,0.030373,0.488402
2018-04-07,0.000000,0.224238,0.029269,0.496026
2018-04-08,0.000000,0.224306,0.099040,0.489945
2018-04-09,0.000000,0.224177,0.809165,0.481522
2018-04-10,0.000000,0.224572,0.377402,0.489584
2018-04-11,0.000000,0.224647,2.142184,1.695964
2018-04-12,0.000000,0.225691,0.127628,1.444055
2018-04-13,0.000000,0.225616,1.563510,1.132041
2018-04-14,0.000000,0.226723,2.551535,2.233966
2018-04-15,0.000000,0.228013,1.387563,3.528097
2018-04-16,0.000000,0.226943,2.509324,3.547792
2018-04-17,0.272618,0.264403,5.240138,3.240046
2018-04-18,2.717342,0.883349,9.006066,2.370746
2018-04-19,6.259737,2.119313,2.052458,3.936298
2018-04-20,0.000000,0.675924,1.061178,3.506880
2018-04-21,0.000000,0.226036,0.812629,0.577605
2018-04-22,0.000000,0.224979,0.717420,2.167614
2018-04-23,0.000000,0.225123,0.594417,0.839838
2018-04-24,0.000000,0.224876,0.772456,1.002175
2018-04-25,0.000000,0.224995,0.442374,0.491504
2018-04-26,0.000000,0.225139,0.466795,1.303435
2018-04-27,0.000000,0.225237,0.239983,0.787287
2018-04-28,0.000000,0.225231,0.760921,0.479389
2018-04-29,0.000000,0.224888,0.655082,1.037945
2018-04-30,0.000000,0.224509,0.463447,1.449580
2018-05-01,0.000000,0.224639,0.460547,0.471808
2018-05-02,0.000000,0.224731,0.576590,0.716385
2018-05-03,0.000000,0.224678,0.447817,0.469307
2018-05-04,0.000000,0.224846,0.403981,0.493731
2018-05-05,0.000000,0.225162,0.590303,0.467916
2018-05-06,0.000000,0.224852,0.335827,1.702328
2018-05-07,0.000000,0.224878,0.504974,1.576298
2018-05-08,0.000000,0.224881,0.989114,0.488837
2018-05-09,0.000000,0.224833,1.588733,0.469459
2018-05-10,0.000000,0.224673,1.457589,2.788709
2018-05-11,0.000000,0.224694,2.067551,2.571179
2018-05-12,0.000000,0.224860,2.349280,4.443772
2018-05-13,0.000000,0.225210,2.596759,4.742698
2018-05-14,0.000000,0.226802,4.247115,4.608740
2018-05-15,0.000000,0.226099,1.423053,2.934118
2018-05-16,0.000000,0.225187,1.840025,3.482788
2018-05-17,0.000000,0.225714,5.919481,3.930060
2018-05-18,1.812287,0.259051,2.757775,3.154790
2018-05-19,0.000000,0.230480,1.341776,2.076688
2018-05-20,0.016693,0.225592,2.290629,2.420354
2018-05-21,2.444919,0.373464,2.121687,1.801743
2018-05-22,2.256696,0.597451,2.956571,3.263893
2018-05-23,10.795823,3.968250,3.182792,3.325546
2018-05-24,0.068687,1.514166,2.367571,4.649905
2018-05-25,0.000000,0.287350,2.342491,5.553616
2018-05-26,7.407846,1.492165,2.001971,14.604217
2018-05-27,0.220688,1.294644,1.998687,22.653454
2018-05-28,0.147929,0.434264,1.585521,16.777592
2018-05-29,6.099314,1.407472,2.594156,20.332257
2018-05-30,21.535327,11.453525,7.816506,38.724478
2018-05-31,18.363930,12.195438,5.117563,31.924133
2018-06-01,20.058936,12.724039,4.591308,35.444988
2018-06-02,51.733800,26.997287,7.941246,32.708625
2018-06-03,43.917160,37.262262,7.442107,27.443327
2018-06-04,45.056073,38.426234,14.491873,35.961283
2018-06-05,66.861871,51.003886,10.990564,37.431886
2018-06-06,98.050071,83.056120,13.714206,43.909538
2018-06-07,127.184064,117.326918,17.036530,59.342982
2018-06-08,95.288145,123.291872,12.743366,47.789964
2018-06-09,59.963248,75.304488,11.835611,28.703338
2018-06-10,44.959029,56.579128,10.658651,44.717020
2018-06-11,55.207154,52.606018,11.448879,74.247397
2018-06-12,54.012460,55.764233,11.554156,76.676753
2018-06-13,50.882129,55.403983,11.169200,48.595840
2018-06-14,50.445414,55.441232,12.059210,87.954068
2018-06-15,42.672721,51.693961,8.818682,48.862736
2018-06-16,21.554082,34.236128,6.738783,50.571217
2018-06-17,20.097706,26.348566,8.479917,57.522030
2018-06-18,26.944664,34.139316,8.432953,49.497573
2018-06-19,36.113157,45.394851,10.517275,56.004692
2018-06-20,51.280504,63.082034,13.364750,71.522374
2018-06-21,90.642448,76.359687,14.763188,100.645054
2018-06-22,119.193111,151.907359,13.124885,136.222350
2018-06-23,105.553109,126.808690,15.015262,135.571212
2018-06-24,120.394673,169.873831,8.813697,146.490458
2018-06-25,58.132817,99.336913,7.227650,94.681749
2018-06-26,50.344695,99.245194,9.258589,166.610131
2018-06-27,59.732025,117.611919,9.783858,119.802174
2018-06-28,57.289610,114.981013,14.544210,132.507822
2018-06-29,89.954467,171.918396,16.678662,170.172578
2018-06-30,59.211414,164.440926,12.208711,152.889773
2018-07-01,46.477513,155.879381,13.618096,131.217000
2018-07-02,116.531266,193.244273,11.110961,156.622408
2018-07-03,37.819689,205.846446,9.363743,148.386324
2018-07-04,19.796803,162.831066,8.783991,120.597847
2018-07-05,28.824604,153.224280,8.867700,130.928668
2018-07-06,32.798324,159.661850,7.713956,123.016912
2018-07-07,32.449467,178.657489,7.510365,153.004599
2018-07-08,40.012831,183.584014,9.914219,125.256817
2018-07-09,55.964662,189.901308,7.257319,163.596735
2018-07-10,31.391528,180.080423,6.656976,128.953259
2018-07-11,36.670961,188.838831,7.311425,160.038406
2018-07-12,35.982434,181.608306,10.588313,165.789761
2018-07-13,42.306807,160.194341,14.087710,183.038408
2018-07-14,28.241381,162.138705,10.939487,192.410660
2018-07-15,39.902054,193.886408,10.089241,196.243879
2018-07-16,23.355526,174.856642,10.023648,177.888870
2018-07-17,39.110500,188.435459,10.405028,223.673044
2018-07-18,29.660207,174.911748,11.316439,200.886543
2018-07-19,40.265954,174.954479,10.065040,179.015618
2018-07-20,26.223538,156.692377,9.856990,182.647581
2018-07-21,30.396059,142.043112,11.223252,184.181318
2018-07-22,23.315934,155.974928,9.956964,216.302545
2018-07-23,28.212149,162.754520,8.757905,172.086298
2018-07-24,18.255755,162.763414,9.662916,211.508630
2018-07-25,11.203790,144.766831,8.546017,189.081935
2018-07-26,10.561447,130.950304,8.444294,176.234555
2018-07-27,16.360519,142.245485,10.668134,193.601861
2018-07-28,42.779628,175.221705,13.059514,253.498291
2018-07-29,159.495545,765.618444,35.482747,441.281236
2018-07-30,165.626292,1080.435531,25.887101,387.642591
2018-07-31,64.736835,732.859018,22.319759,339.614869
2018-08-01,15.167720,303.221267,6.703449,213.719399
2018-08-02,22.119411,196.659338,7.422588,253.044514
2018-08-03,11.206565,184.295578,5.297530,219.813991
2018-08-04,9.957322,178.545015,5.732491,216.462454
2018-08-05,10.975536,166.860561,7.304813,220.188434
2018-08-06,10.831258,129.260538,5.367082,166.508246
2018-08-07,11.440161,163.286241,5.388185,192.517134
2018-08-08,9.271200,171.893550,6.328474,204.231190
2018-08-09,8.459263,144.584470,8.035307,186.865473
2018-08-10,10.072985,138.076747,7.422300,211.774870
2018-08-11,9.818253,144.112805,7.566173,223.899727
2018-08-12,7.624301,128.812821,9.212826,237.670998
2018-08-13,6.746900,104.316672,9.232036,228.537228
2018-08-14,9.345789,126.557109,7.840135,197.809239
2018-08-15,8.374097,155.006231,6.323080,135.008326
2018-08-16,8.006349,157.633302,6.724258,198.380020
2018-08-17,3.495722,123.454896,5.534406,144.637262
2018-08-18,5.269197,117.978081,5.629785,143.442750
2018-08-19,2.518971,109.071385,5.372155,133.257124
2018-08-20,10.767482,83.982320,4.649468,107.789173
2018-08-21,51.592569,123.877567,5.695093,97.503204
2018-08-22,20.628016,131.811915,4.080970,125.945951
2018-08-23,4.991761,76.076688,3.159962,106.492135
2018-08-24,1.728684,63.769973,2.357206,80.126096
2018-08-25,0.040640,52.344770,1.048557,89.080602
2018-08-26,1.833115,34.004080,0.818516,99.967932
2018-08-27,0.300879,25.081041,1.008087,91.431497
2018-08-28,0.389719,25.279913,0.546836,145.969986
2018-08-29,0.015422,24.262910,0.772664,116.734013
2018-08-30,23.821771,17.171441,1.639910,60.283124
2018-08-31,144.311042,184.011142,11.025093,117.230280
2018-09-01,13.117269,195.480354,2.490056,92.712144
2018-09-02,0.933258,60.639086,0.711045,94.984894
2018-09-03,0.950003,31.117281,0.380595,93.519352
2018-09-04,2.916893,27.320039,0.416847,96.293333
2018-09-05,2.872879,21.444073,0.449364,98.983467
2018-09-06,3.339332,14.617827,1.346833,88.596828
2018-09-07,12.317675,30.924545,4.674341,49.816822
2018-09-08,6.975351,73.691599,1.876153,96.565945
2018-09-09,52.037582,244.446637,18.037444,124.278929
2018-09-10,36.892882,151.006895,15.659301,127.189927
2018-09-11,6.865492,96.848657,1.945573,96.161780
2018-09-12,12.802311,104.319890,2.355979,64.500126
2018-09-13,12.705295,57.432923,0.842130,88.884134
2018-09-14,7.235689,33.117280,0.347060,69.908084
2018-09-15,8.288961,20.484730,0.328985,31.822144
2018-09-16,0.584794,17.932442,0.697948,29.986447
2018-09-17,0.026540,23.932718,1.304610,66.015609
2018-09-18,0.000254,13.219189,0.303333,33.786908
2018-09-19,0.017372,4.775767,0.304388,7.200273
2018-09-20,3.632136,2.331797,0.300693,1.036857
2018-09-21,0.195499,2.145031,0.298340,1.302416
2018-09-22,0.032627,2.100299,0.297857,1.142762
2018-09-23,2.576269,2.056533,0.296171,1.359073
2018-09-24,0.041863,1.990314,0.308354,1.112018
2018-09-25,0.011144,2.015844,0.294521,0.782165
2018-09-26,0.655500,2.017992,0.295204,0.773332
2018-09-27,0.001605,2.004823,0.289823,0.946400
2018-09-28,3.176132,1.964322,0.313447,0.759473
2018-09-29,1.173130,1.958269,0.302069,1.362099
2018-09-30,0.000026,1.952048,0.282184,1.393168
2018-10-01,0.008841,1.942765,0.281288,0.939692
2018-10-02,0.000213,1.940988,0.278112,0.758855
2018-10-03,0.001567,1.938735,0.284307,0.753248
2018-10-04,0.000671,1.934885,0.273841,0.764947
2018-10-05,0.000024,1.862405,0.271865,1.164673
2018-10-06,0.000076,1.846180,0.269124,0.744927
2018-10-07,0.002392,1.843329,0.266001,0.743282
2018-10-08,0.000156,1.842412,0.265605,0.748502
2018-10-09,0.000173,1.841129,0.261120,0.731342
2018-10-10,0.001821,1.840990,0.259533,0.715925
2018-10-11,0.012226,1.835774,0.763524,0.751847
2018-10-12,3.052459,3.162711,2.251165,8.487527
2018-10-13,0.027521,2.202798,0.444619,0.734307
2018-10-14,0.000290,1.882450,0.251858,0.708152
2018-10-15,0.003829,1.836249,0.247876,0.724529
2018-10-16,0.578570,1.827862,0.306219,0.727995
2018-10-17,0.554958,1.822870,0.393560,0.720617
2018-10-18,0.001796,1.819336,0.350223,0.701469
2018-10-19,0.926513,1.880057,0.421963,0.731588
2018-10-20,0.000358,1.815169,0.239983,0.716474
2018-10-21,0.000009,1.813124,0.232211,0.703775
2018-10-22,0.000035,1.810969,0.226960,0.884324
2018-10-23,0.000019,1.152302,0.227726,0.702519
2018-10-24,0.000077,1.084037,0.224174,0.711540
2018-10-25,0.000002,1.081568,0.220975,0.717459
2018-10-26,0.000000,1.078092,0.223076,0.809063
2018-10-27,0.000000,1.075247,0.217767,0.714368
2018-10-28,0.000000,1.072916,0.243809,0.683569
2018-10-29,0.000000,1.069809,0.216081,0.720381
2018-10-30,0.000000,1.065594,0.207937,0.664033
2018-10-31,0.000001,1.062152,0.220332,0.685621
2018-11-01,0.000018,1.061564,0.207297,0.693631
2018-11-02,0.000003,1.062087,0.205321,0.692619
2018-11-03,0.000035,1.060974,0.203887,0.669243
2018-11-04,0.000005,1.058545,0.201544,0.660130
2018-11-05,0.000027,1.058218,0.201068,0.688077
2018-11-06,0.000062,1.057453,0.195455,0.674516
2018-11-07,0.001435,1.056589,0.363750,0.676779
2018-11-08,3.887661,3.319938,2.300462,1.388685
2018-11-09,2.806306,7.393896,0.475640,1.507201
2018-11-10,0.000194,2.036601,0.204197,0.664248
2018-11-11,0.000450,1.198203,0.218689,0.673745
2018-11-12,0.000024,1.075544,0.188161,0.668564
2018-11-13,0.000128,1.058009,0.185028,0.642435
2018-11-14,0.000160,1.051866,0.185622,0.666923
2018-11-15,0.000045,1.050231,0.180775,0.652578
2018-11-16,0.000403,1.049466,0.187934,0.643978
2018-11-17,57.988597,11.827061,22.534313,19.485842
2018-11-18,50.345581,72.074256,10.392530,32.317458
2018-11-19,0.000000,9.980473,1.113615,0.654834
2018-11-20,0.020875,2.012204,1.900016,0.649923
2018-11-21,0.020362,1.090473,0.249489,0.650939
2018-11-22,0.000004,0.961257,0.171476,0.636606
2018-11-23,0.000006,0.939691,0.172075,0.609843
2018-11-24,0.000000,0.935940,0.167228,0.617906
2018-11-25,0.000000,0.935075,0.167401,0.628990
2018-11-26,0.000002,0.934326,0.166351,0.617527
2018-11-27,0.000015,0.934442,0.163532,0.605728
2018-11-28,0.000002,0.776663,0.162646,0.626917
2018-11-29,0.000546,0.504462,0.162564,0.627388
2018-11-30,0.000015,0.504377,0.158752,0.613927
2018-12-01,0.000108,0.503226,0.157692,0.683528
2018-12-02,0.000519,0.503496,0.155470,0.593376
2018-12-03,0.000142,0.503490,0.150623,0.625134
2018-12-04,0.000129,0.503477,0.150357,0.616127
2018-12-05,0.000201,0.503477,0.144560,0.631532
2018-12-06,0.000011,0.503503,0.141114,0.618309
2018-12-07,0.000007,0.503497,0.140534,0.629321
2018-12-08,0.000054,0.503487,0.133899,0.613260
2018-12-09,0.000102,0.497583,0.133740,0.620433
2018-12-10,0.000075,0.435507,0.128289,0.616163
2018-12-11,0.000074,0.435191,1.626835,0.617633
2018-12-12,0.000000,0.435395,0.776487,0.611374
2018-12-13,0.000000,0.435391,0.429182,0.594890
2018-12-14,2.292116,0.440327,1.327851,0.620434
2018-12-15,0.035055,0.435448,1.180216,0.579617
2018-12-16,0.000000,0.435195,0.347916,0.598346
2018-12-17,0.000000,0.435393,0.316462,0.622905
2018-12-18,0.020331,0.435448,0.917120,0.596104
2018-12-19,0.150053,0.458954,4.290943,0.607331
2018-12-20,0.001580,0.445225,0.113510,0.590939
2018-12-21,0.000426,0.437280,0.098061,0.602157
2018-12-22,0.000011,0.435497,0.096967,0.601372
2018-12-23,0.000054,0.424078,0.095149,0.586160
2018-12-24,0.000800,0.420801,0.100332,0.609281
2018-12-25,0.000000,0.420751,0.091521,0.600073
2018-12-26,0.000000,0.420461,0.089361,0.579775
2018-12-27,0.000035,0.420724,0.158988,0.580312
2018-12-28,0.000000,0.420688,0.100921,0.569380
2018-12-29,0.000000,0.420692,0.084685,0.616416
2018-12-30,0.000000,0.420692,0.082545,0.580211
2018-12-31,0.000000,0.420692,0.082719,0.579591
2019-01-01,0.000000,0.330744,0.112265,0.573694
2019-01-02,0.000000,0.330897,0.479959,0.572650
2019-01-03,30.774634,7.370032,5.290422,0.591475
2019-01-04,4.910161,0.668242,2.897296,0.594152
2019-01-05,0.107734,0.332537,0.326969,0.584661
2019-01-06,0.000000,0.324182,0.071450,0.568739
2019-01-07,0.000000,0.325318,0.071450,0.572103
2019-01-08,0.000000,0.325332,0.209883,0.557459
2019-01-09,0.001591,0.306136,1.232141,0.565972
2019-01-10,0.000000,0.305964,0.068056,0.562872
2019-01-11,0.000000,0.306229,0.064648,0.560160
2019-01-12,0.000000,0.306118,0.064643,0.571289
2019-01-13,0.000000,0.305045,0.062499,0.582291
2019-01-14,0.000000,0.305541,0.062470,0.563637
2019-01-15,0.000000,0.305045,0.059158,0.564920
2019-01-16,0.000000,0.305401,0.059100,0.568199
2019-01-17,0.000000,0.306232,0.056859,0.564818
2019-01-18,0.000000,0.307594,0.056303,0.577459
2019-01-19,0.000000,0.307680,0.065165,0.553929
2019-01-20,0.000000,0.306499,0.053538,0.563071
2019-01-21,0.000000,0.306361,0.049239,0.552989
2019-01-22,0.000000,0.306498,0.186855,0.561183
2019-01-23,0.000000,0.306497,0.295918,0.548413
2019-01-24,0.000000,0.306496,0.046751,0.522320
2019-01-25,0.000000,0.306495,0.046712,0.549502
2019-01-26,0.000000,0.306357,0.042413,0.568668
2019-01-27,0.000000,0.306510,0.042413,0.560281
2019-01-28,0.000000,0.307888,0.042374,0.542287
2019-01-29,0.000000,0.310264,0.042268,0.541257
2019-01-30,0.000000,0.305048,0.038104,0.557323
2019-01-31,0.000000,0.305048,0.037930,0.553203
2019-02-01,0.000000,0.305795,0.036773,0.553717
2019-02-02,0.000000,0.305042,0.034629,0.540140
2019-02-03,0.000000,0.304146,0.035766,0.533354
2019-02-04,0.000000,0.303700,0.031216,0.556724
2019-02-05,0.000000,0.303700,0.031216,0.534606
2019-02-06,0.000000,0.303564,0.031134,0.565176
2019-02-07,0.000000,0.306026,0.026888,0.521859
2019-02-08,0.000000,0.307306,0.026820,0.553509
2019-02-09,0.000000,0.303982,0.025644,0.569572
2019-02-10,0.000000,0.303692,0.024593,0.578236
2019-02-11,0.000000,0.303556,0.023422,0.565596
2019-02-12,0.000000,0.303700,0.022400,0.573169
2019-02-13,0.000000,0.303439,0.022342,0.582697
2019-02-14,0.000000,0.304921,0.020231,0.557264
2019-02-15,0.000000,0.302799,0.020376,0.577384
2019-02-16,0.000000,0.301862,0.020279,1.261822
2019-02-17,0.000000,0.301704,0.019296,0.585633
2019-02-18,0.000000,0.301499,0.019272,0.558921
2019-02-19,0.000000,0.301386,0.018241,0.578568
2019-02-20,0.000000,0.305510,0.058097,0.565833
2019-02-21,0.000000,0.310908,1.364971,0.566840
2019-02-22,0.000000,0.317369,0.336240,0.574726
2019-02-23,0.000000,0.319796,0.318177,0.576054
2019-02-24,0.000000,0.320614,0.045386,0.561202
2019-02-25,0.000000,0.320892,0.430304,0.576047
2019-02-26,0.000000,0.320338,0.118753,0.571271
2019-02-27,0.000000,0.320881,0.016057,0.558785
2019-02-28,0.000000,0.321906,0.014130,0.559893
2019-03-01,0.000000,0.320968,0.014091,0.561776
2019-03-02,0.000000,0.312635,0.014091,0.545743
2019-03-03,0.000000,0.316867,0.013103,0.565960
2019-03-04,0.000000,0.315098,0.013103,0.551090
2019-03-05,0.000000,0.315770,0.014081,0.558507
2019-03-06,0.000000,0.314143,0.012106,0.563917
2019-03-07,0.000000,0.306024,0.012115,0.557539
2019-03-08,0.000000,0.307925,0.012101,0.552568
2019-03-09,0.000000,0.303882,0.012096,0.562152
2019-03-10,0.000000,0.297467,0.011099,0.555376
2019-03-11,0.000000,0.301400,0.011108,0.552910
2019-03-12,0.000000,0.303201,0.010115,0.556392
2019-03-13,0.000000,0.313108,0.010101,0.547227
2019-03-14,0.000000,0.316574,0.010111,0.548865
2019-03-15,0.000000,0.316888,0.010111,0.548772
2019-03-16,0.000000,0.319618,0.010101,0.540373
2019-03-17,0.000000,0.320393,0.008145,0.543120
2019-03-18,0.000000,0.320191,0.019433,0.541932
2019-03-19,0.000000,0.321732,0.008106,0.552184
2019-03-20,0.000000,0.320050,0.008135,0.547303
2019-03-21,0.000000,0.297339,0.008096,0.567600
2019-03-22,0.000000,0.309930,0.008304,0.557882
2019-03-23,0.000000,0.317341,0.008116,0.556836
2019-03-24,0.000000,0.319667,0.007118,0.558209
2019-03-25,0.000000,0.317146,0.176357,0.904866
2019-03-26,0.000000,0.320458,0.008299,0.559184
2019-03-27,0.000000,0.323089,0.007113,0.545211
2019-03-28,0.000000,0.324233,0.006130,0.557859
2019-03-29,0.000000,0.324209,0.006130,0.555718
2019-03-30,0.000000,0.320949,0.005147,0.551210
2019-03-31,0.000000,0.320882,0.006111,0.548855
2019-04-01,0.000000,0.320446,0.005128,0.550304
2019-04-02,0.000000,0.310961,0.005147,1.470802
2019-04-03,0.000000,0.317016,0.159173,0.553240
2019-04-04,0.000000,0.321222,0.046107,0.561777
2019-04-05,0.000000,0.319688,0.004145,0.536547
2019-04-06,0.000000,0.318530,0.004125,1.356974
2019-04-07,0.000000,0.318109,0.004145,0.545368
2019-04-08,0.000000,0.317756,0.004145,1.191642
2019-04-09,0.000000,0.317280,0.003181,1.688618
2019-04-10,0.000000,0.318212,0.019907,1.248979
2019-04-11,0.000000,0.318965,0.005627,1.281563
2019-04-12,0.000000,0.319438,4.158975,2.958198
2019-04-13,1.729955,3.519876,9.770254,2.977213
2019-04-14,16.217484,7.600656,5.144578,3.619264
2019-04-15,9.329732,4.957136,4.632229,3.313301
2019-04-16,17.150541,5.874548,2.921122,3.107860
2019-04-17,32.616261,25.413736,5.072735,2.029198
2019-04-18,8.832920,7.510355,1.410094,3.101356
2019-04-19,38.666692,15.951354,4.617042,7.723921
2019-04-20,9.202492,24.075875,1.587957,1.972687
2019-04-21,0.001373,1.471334,0.002159,1.169565
2019-04-22,0.000614,0.326583,-0.002227,0.520703
2019-04-23,0.000035,0.320551,0.115297,0.515326
2019-04-24,0.000000,0.986426,3.385081,3.678418
2019-04-25,44.010488,28.604349,12.480695,4.414943
2019-04-26,62.151053,53.192403,12.856391,25.619890
2019-04-27,117.218210,124.403435,27.924089,85.340612
2019-04-28,84.282107,109.493476,22.433773,63.074021
2019-04-29,80.795257,132.574143,9.536453,31.842524
2019-04-30,43.675863,84.986655,9.022410,23.473843
2019-05-01,28.181791,49.905743,6.463853,9.427854
2019-05-02,0.241981,17.062450,1.567409,0.491278
2019-05-03,0.144396,4.282631,2.460728,0.494043
2019-05-04,0.904449,9.136225,5.683284,6.911830
2019-05-05,0.224512,8.349494,2.553932,1.426645
2019-05-06,1.600262,10.915200,8.870950,6.264471
2019-05-07,7.336031,19.277064,6.585937,6.665346
2019-05-08,1.255642,10.022819,1.558002,2.966240
2019-05-09,0.770823,2.337942,1.793845,2.496944
2019-05-10,1.491982,0.563615,1.019262,0.681023
2019-05-11,5.314487,0.482559,2.062347,0.687757
2019-05-12,0.164394,0.488964,2.886552,1.918907
2019-05-13,0.007626,0.489517,6.529079,2.457149
2019-05-14,0.847793,2.638754,7.893643,4.653340
2019-05-15,10.068626,10.825374,15.517930,2.727876
2019-05-16,32.938346,26.661295,16.304297,20.418112
2019-05-17,23.940034,46.423698,13.194144,52.401396
2019-05-18,50.088937,75.079587,11.025077,30.934519
2019-05-19,32.742739,78.179816,13.982507,32.863875
2019-05-20,20.328830,66.830017,10.286881,31.238285
2019-05-21,20.056915,64.370924,7.550846,32.121005
2019-05-22,19.494483,65.511190,11.328668,65.864537
2019-05-23,16.277630,61.703512,7.907317,30.551746
2019-05-24,30.089240,76.409006,9.618530,49.303516
2019-05-25,30.107815,82.340051,10.348878,57.461680
2019-05-26,22.408109,66.710742,9.827425,49.062238
2019-05-27,3.479385,47.514924,6.757548,15.768903
2019-05-28,2.540987,39.338481,9.028832,51.445644
2019-05-29,4.477515,45.534940,13.638788,51.778928
2019-05-30,5.515104,47.596433,8.290893,58.808038
2019-05-31,4.665234,21.391320,6.167337,30.005732
2019-06-01,0.658715,18.370436,9.360418,30.254508
2019-06-02,5.081136,41.813619,8.786636,46.678381
2019-06-03,3.252585,56.649451,10.157846,46.556683
2019-06-04,6.893410,71.782193,10.629813,81.215180
2019-06-05,9.637408,86.504558,7.492183,61.747382
2019-06-06,9.936353,91.865508,8.684738,65.303228
2019-06-07,18.321136,101.604497,10.478769,94.271521
2019-06-08,25.853983,109.621291,10.711457,102.519198
2019-06-09,25.237982,114.589855,10.818868,100.996328
2019-06-10,29.893984,129.195912,11.843152,124.159821
2019-06-11,46.478899,155.058410,15.019521,134.445198
2019-06-12,93.774328,218.888731,16.638260,200.392284
2019-06-13,84.673491,280.328973,15.707787,217.533432
2019-06-14,44.384347,224.734289,13.056378,181.996853
2019-06-15,49.873717,197.931388,14.844263,193.310492
2019-06-16,54.570673,202.833635,13.684314,187.709348
2019-06-17,45.714254,200.322794,10.646880,159.076835
2019-06-18,38.638391,197.680292,10.872082,164.934439
2019-06-19,36.937302,188.464644,10.715775,166.361685
2019-06-20,32.584090,183.344635,10.850620,174.108044
2019-06-21,32.828829,182.635999,10.489908,160.742853
2019-06-22,40.015028,193.817624,12.099353,186.930486
2019-06-23,51.588491,224.059350,12.183486,243.331882
2019-06-24,43.382600,200.634122,13.363814,239.601509
2019-06-25,65.706402,251.402198,13.982373,278.629513
2019-06-26,27.593016,260.016132,14.339103,261.291748
2019-06-27,50.911197,221.048030,13.638916,279.926990
2019-06-28,25.269357,276.812740,11.704540,252.325276
2019-06-29,24.395115,235.921124,10.634435,268.784035
2019-06-30,45.995272,195.184816,10.524719,292.644730
2019-07-01,23.169355,181.676184,9.289517,292.041799
2019-07-02,19.277045,196.049067,9.623110,327.686192
2019-07-03,20.575027,192.858707,15.075357,356.166865
2019-07-04,33.387713,254.207241,11.115768,363.075912
2019-07-05,24.033837,250.176889,10.729761,346.934461
2019-07-06,24.100618,245.120147,12.458385,362.342420
2019-07-07,30.218439,239.225816,10.438316,294.374325
2019-07-08,45.863082,275.479267,11.086764,215.529984
2019-07-09,20.629455,212.974719,11.263938,249.002482
2019-07-10,12.285467,196.889127,10.420921,347.208294
2019-07-11,13.379272,226.553149,14.339331,351.705311
2019-07-12,16.892094,239.640642,11.420893,367.474910
2019-07-13,17.973318,240.886214,11.843672,365.733664
2019-07-14,20.141838,256.917673,8.731130,355.008571
2019-07-15,16.996993,239.604440,12.850150,397.747143
2019-07-16,24.923204,255.676420,10.729056,310.085381
2019-07-17,20.306511,278.249205,11.358094,357.611000
2019-07-18,17.145710,241.503890,9.272843,339.474221
2019-07-19,12.958449,227.030694,9.557689,331.315818
2019-07-20,26.555165,238.047019,11.650527,357.215983
2019-07-21,18.473250,243.860996,11.329428,353.506980
2019-07-22,20.035785,238.827850,11.709996,356.520437
2019-07-23,19.040838,210.859305,9.228884,253.044293
2019-07-24,14.795014,197.369426,9.972347,291.258485
2019-07-25,15.376921,176.430435,11.310179,318.732957
2019-07-26,11.789929,208.195626,8.662989,215.215448
2019-07-27,14.629961,274.901804,18.420380,259.056128
2019-07-28,84.666771,537.680420,43.648549,505.306989
2019-07-29,127.144301,835.488713,50.821408,631.529568
2019-07-30,69.870065,978.945216,12.182493,482.776821
2019-07-31,41.940730,634.118830,6.036107,367.044023
2019-08-01,31.981681,389.039877,6.174851,347.651743
2019-08-02,25.980318,305.200050,6.573660,335.231701
2019-08-03,26.802572,295.901916,7.764467,340.763776
2019-08-04,23.465208,289.974587,8.941424,294.976736
2019-08-05,20.642851,242.339196,7.389193,308.201478
2019-08-06,23.220923,229.204258,6.556289,282.382793
2019-08-07,9.603762,158.700148,7.105493,265.402579
2019-08-08,9.753706,151.665910,6.459782,246.641242
2019-08-09,7.366538,146.010952,6.442840,216.391036
2019-08-10,19.007334,125.233778,7.760948,257.571627
2019-08-11,9.335392,131.840704,7.478961,249.199146
2019-08-12,6.684201,147.017052,5.654153,201.605197
2019-08-13,4.626597,120.352281,5.934751,196.009474
2019-08-14,6.192448,103.682439,6.664360,180.027886
2019-08-15,10.152642,121.481984,8.754819,242.534871
2019-08-16,7.184635,121.093330,5.705744,136.505438
2019-08-17,7.297205,104.757314,5.555933,177.603260
2019-08-18,7.098516,96.611361,5.172430,162.549207
2019-08-19,6.513164,89.477364,4.691168,157.556850
2019-08-20,5.434243,78.900784,3.969818,159.669771
2019-08-21,5.783037,75.532817,3.956505,155.452463
2019-08-22,3.423516,66.304692,5.649622,147.236953
2019-08-23,30.678221,112.940992,15.661383,223.174927
2019-08-24,17.048370,225.152087,7.326446,152.144047
2019-08-25,2.183840,123.339823,1.446957,169.723940
2019-08-26,0.275918,136.829045,5.012698,162.685488
2019-08-27,0.019844,106.952958,2.228300,126.280825
2019-08-28,0.218209,67.981022,1.515264,130.934408
2019-08-29,0.031893,53.249864,1.672798,136.881231
2019-08-30,0.031292,55.373381,0.936261,166.264155
2019-08-31,0.243657,48.447079,1.935125,131.070689
2019-09-01,2.011521,45.683214,0.000000,0.000000
2019-09-02,0.008091,42.774992,0.000000,0.000000
2019-09-03,0.008157,40.111954,0.000000,0.000000
2019-09-04,0.008146,31.679910,0.000000,0.000000
2019-09-05,0.006216,22.552817,0.000000,0.000000
2019-09-06,0.005240,17.888939,0.000000,0.000000
2019-09-07,56.097927,81.149882,0.000000,0.000000
2019-09-08,16.179091,140.168755,0.000000,0.000000
2019-09-09,1.394273,56.852519,0.000000,0.000000
2019-09-10,2.180857,16.384846,0.000000,0.000000
2019-09-11,0.447597,4.966105,0.000000,0.000000
2019-09-12,1.260215,3.679964,0.000000,0.000000
2019-09-13,0.451927,3.077783,0.000000,0.000000
2019-09-14,0.007189,2.115319,0.000000,0.000000
2019-09-15,0.200650,1.904598,0.000000,0.000000
2019-09-16,0.226497,1.890441,0.000000,0.000000
2019-09-17,0.003623,2.151638,0.000000,0.000000
2019-09-18,0.001426,2.130233,0.000000,0.000000
2019-09-19,0.032085,1.911833,0.000000,0.000000
2019-09-20,0.143320,3.191993,0.000000,0.000000
2019-09-21,8.336568,8.427162,0.000000,0.000000
2019-09-22,68.284395,215.320321,0.000000,0.000000
2019-09-23,127.165989,426.481924,0.000000,0.000000
2019-09-24,49.538700,251.932322,0.000000,0.000000
2019-09-25,27.214042,246.281126,0.000000,0.000000
2019-09-26,3.588725,140.182985,0.000000,0.000000
2019-09-27,0.014785,73.814920,0.000000,0.000000
2019-09-28,0.124413,17.037153,0.000000,0.000000
2019-09-29,0.007514,11.855336,0.000000,0.000000
2019-09-30,0.009200,7.773259,0.000000,0.000000
2019-10-01,0.350089,2.990103,0.000000,0.000000
2019-10-02,0.001894,2.458622,0.000000,0.000000
2019-10-03,0.173106,2.648659,0.000000,0.000000
2019-10-04,13.755363,18.535065,0.000000,0.000000
2019-10-05,2.691006,30.482250,0.000000,0.000000
2019-10-06,23.050541,92.820359,0.000000,0.000000
2019-10-07,2.159154,36.289827,0.000000,0.000000
2019-10-08,0.537179,46.134629,0.000000,0.000000
2019-10-09,0.003478,17.240492,0.000000,0.000000
2019-10-10,0.003039,4.067037,0.000000,0.000000
2019-10-11,0.001049,2.277634,0.000000,0.000000
2019-10-12,0.000151,2.047037,0.000000,0.000000
2019-10-13,0.008803,2.020075,0.000000,0.000000
2019-10-14,0.001273,2.018077,0.000000,0.000000
2019-10-15,0.004790,2.020979,0.000000,0.000000
2019-10-16,0.003517,2.512468,0.000000,0.000000
2019-10-17,0.000000,3.221288,0.000000,0.000000
2019-10-18,0.000013,3.427186,0.000000,0.000000
2019-10-19,0.001889,3.397749,0.000000,0.000000
2019-10-20,0.004240,3.424354,0.000000,0.000000
2019-10-21,0.000064,3.453824,0.000000,0.000000
2019-10-22,0.000043,2.306088,0.000000,0.000000
2019-10-23,0.000001,1.150600,0.000000,0.000000
2019-10-24,0.000000,1.529269,0.000000,0.000000
2019-10-25,0.000000,2.468523,0.000000,0.000000
2019-10-26,0.014761,2.688014,0.000000,0.000000
2019-10-27,0.000463,2.722776,0.000000,0.000000
2019-10-28,0.000498,2.728012,0.000000,0.000000
2019-10-29,0.001169,2.732539,0.000000,0.000000
2019-10-30,0.002108,2.733804,0.000000,0.000000
2019-10-31,0.001171,2.759815,0.000000,0.000000
2019-11-01,0.000031,2.755545,0.000000,0.000000
2019-11-02,0.000337,2.750217,0.000000,0.000000
2019-11-03,0.000047,2.749725,0.000000,0.000000
2019-11-04,0.000001,2.730942,0.000000,0.000000
2019-11-05,0.000005,2.611352,0.000000,0.000000
2019-11-06,0.000000,2.618385,0.000000,0.000000
2019-11-07,0.000001,2.622293,0.000000,0.000000
2019-11-08,0.000015,2.613327,0.000000,0.000000
2019-11-09,0.000058,2.585730,0.000000,0.000000
2019-11-10,0.016432,2.585708,0.000000,0.000000
2019-11-11,0.000754,2.583701,0.000000,0.000000
2019-11-12,0.000434,2.584878,0.000000,0.000000
2019-11-13,0.000011,2.584875,0.000000,0.000000
2019-11-14,0.000011,2.451011,0.000000,0.000000
2019-11-15,0.000233,1.139581,0.000000,0.000000
2019-11-16,0.000000,0.984440,0.000000,0.000000
2019-11-17,0.000000,0.980979,0.000000,0.000000
2019-11-18,0.000000,0.980077,0.000000,0.000000
2019-11-19,0.000560,0.980112,0.000000,0.000000
2019-11-20,0.000869,0.979665,0.000000,0.000000
2019-11-21,0.000813,0.979014,0.000000,0.000000
2019-11-22,0.002083,0.979493,0.000000,0.000000
2019-11-23,0.000993,0.979311,0.000000,0.000000
2019-11-24,0.000969,0.978981,0.000000,0.000000
2019-11-25,0.000525,0.978800,0.000000,0.000000
2019-11-26,0.000572,0.978169,0.000000,0.000000
2019-11-27,0.000000,0.978324,0.000000,0.000000
2019-11-28,0.000000,0.977836,0.000000,0.000000
2019-11-29,0.000000,0.977675,0.000000,0.000000
2019-11-30,0.000000,0.977649,0.000000,0.000000
2019-12-01,0.000000,0.976883,0.000000,0.000000
2019-12-02,4.792554,0.957512,0.000000,0.000000
2019-12-03,18.526564,2.734854,0.000000,0.000000
2019-12-04,0.000000,0.717026,0.000000,0.000000
2019-12-05,0.000000,0.716363,0.000000,0.000000
2019-12-06,0.000000,0.715617,0.000000,0.000000
2019-12-07,0.000000,0.715586,0.000000,0.000000
2019-12-08,0.000528,0.714206,0.000000,0.000000
2019-12-09,0.000151,0.406750,0.000000,0.000000
2019-12-10,0.000000,0.406065,0.000000,0.000000
2019-12-11,0.000000,0.405808,0.000000,0.000000
2019-12-12,0.000000,0.406019,0.000000,0.000000
2019-12-13,0.000000,0.405954,0.000000,0.000000
2019-12-14,0.000000,0.405907,0.000000,0.000000
2019-12-15,0.000000,0.405908,0.000000,0.000000
2019-12-16,0.000000,0.405809,0.000000,0.000000
2019-12-17,0.000000,0.406026,0.000000,0.000000
2019-12-18,0.000000,0.405956,0.000000,0.000000
2019-12-19,0.000000,0.405919,0.000000,0.000000
2019-12-20,0.000000,0.405907,0.000000,0.000000
2019-12-21,0.000000,0.405839,0.000000,0.000000
2019-12-22,0.000000,0.406091,0.000000,0.000000
2019-12-23,0.000000,0.405964,0.000000,0.000000
2019-12-24,0.000000,0.405938,0.000000,0.000000
2019-12-25,0.000000,0.405921,0.000000,0.000000
2019-12-26,0.000000,0.405827,0.000000,0.000000
2019-12-27,0.000000,0.406058,0.000000,0.000000
2019-12-28,0.000000,0.405968,0.000000,0.000000
2019-12-29,0.000000,0.405921,0.000000,0.000000
2019-12-30,0.000000,0.405920,0.000000,0.000000
2019-12-31,0.000000,0.405920,0.000000,0.000000

