time,MAR_land,MAR_ice,RACMO_land,RACMO_ice
2015-01-01,0.000142,3.261971,8.171476,8.041105
2015-01-02,0.000016,2.568052,8.079079,7.943905
2015-01-03,0.000023,1.728196,7.999436,7.963822
2015-01-04,0.000111,1.719079,7.927930,7.954809
2015-01-05,0.000168,1.709477,7.830218,7.940249
2015-01-06,0.000099,1.589778,7.774950,7.941058
2015-01-07,0.000297,1.651464,7.707773,7.844012
2015-01-08,0.000161,1.721244,7.633889,7.938352
2015-01-09,0.000062,1.730913,7.707147,7.881362
2015-01-10,0.000019,1.721605,7.458759,7.909152
2015-01-11,0.000116,1.627717,7.389294,7.858313
2015-01-12,0.000044,1.727930,7.322483,7.899581
2015-01-13,0.000001,1.725175,7.232776,7.980990
2015-01-14,0.000006,1.435644,7.175575,7.877627
2015-01-15,0.000038,1.236841,7.076153,7.716232
2015-01-16,0.000358,1.238784,7.037682,7.806822
2015-01-17,0.000090,1.239902,6.939580,7.761240
2015-01-18,0.001583,1.253961,6.908109,7.781994
2015-01-19,0.000769,1.324133,8.146070,7.832779
2015-01-20,0.747064,1.357469,6.744895,7.772788
2015-01-21,0.000007,1.901856,6.640470,7.766078
2015-01-22,0.000000,2.349117,6.588535,11.208863
2015-01-23,0.000000,2.181985,6.502856,7.681099
2015-01-24,0.000000,2.329320,6.448037,7.705024
2015-01-25,0.000000,2.621611,6.391255,7.653739
2015-01-26,0.000000,1.385692,6.308065,7.681994
2015-01-27,0.000000,2.628501,6.240514,7.647419
2015-01-28,0.000000,3.187251,6.193534,7.650242
2015-01-29,0.000000,3.033187,6.100282,7.665032
2015-01-30,0.000000,2.501911,6.041971,7.970494
2015-01-31,0.000000,3.005120,5.984094,8.395169
2015-02-01,0.000000,2.552488,5.907380,7.617737
2015-02-02,0.000000,1.775244,5.854361,7.954743
2015-02-03,0.000000,2.609358,8.896958,7.956246
2015-02-04,0.000000,2.982930,6.188699,7.514811
2015-02-05,0.000000,3.092467,6.249901,7.612803
2015-02-06,0.000000,2.450703,5.685267,7.474860
2015-02-07,0.000000,1.707963,8.186904,7.667700
2015-02-08,0.000000,2.894505,20.953602,7.605287
2015-02-09,0.000000,2.196594,5.424315,7.524101
2015-02-10,0.000000,1.210348,5.365431,7.560462
2015-02-11,0.000000,1.209843,5.313540,7.563745
2015-02-12,0.000000,1.212184,5.250845,7.454313
2015-02-13,0.000000,1.216961,5.206383,7.774435
2015-02-14,0.000000,1.212168,5.134034,7.457925
2015-02-15,0.000000,1.212192,5.078862,7.453195
2015-02-16,0.000000,1.211285,5.007272,7.495891
2015-02-17,0.000000,1.212570,4.960906,7.473340
2015-02-18,0.000000,1.218940,4.889194,7.439114
2015-02-19,0.000000,1.219320,4.842761,7.430603
2015-02-20,0.000000,1.273802,4.762750,7.422182
2015-02-21,0.000000,1.346916,4.705289,7.388670
2015-02-22,0.000000,1.474495,4.649649,7.436638
2015-02-23,0.000000,1.468778,4.601023,7.926191
2015-02-24,0.000000,1.529804,4.522220,8.207694
2015-02-25,0.000000,2.377041,4.475554,7.305647
2015-02-26,0.000000,2.834214,4.439499,7.277717
2015-02-27,0.000000,2.937834,4.368241,7.281954
2015-02-28,0.000000,3.032443,4.307598,7.236342
2015-03-01,0.000000,3.091168,4.254587,7.272060
2015-03-02,0.000000,1.884337,4.211993,7.262323
2015-03-03,0.000000,1.604600,4.151881,7.275245
2015-03-04,0.000000,2.213971,4.242575,7.262920
2015-03-05,0.000000,2.842091,4.042839,7.217317
2015-03-06,0.000000,2.979438,4.342247,7.252610
2015-03-07,0.000000,3.029445,4.078284,7.219532
2015-03-08,0.000000,3.292353,3.879815,7.215932
2015-03-09,0.000000,3.762299,3.950996,7.161388
2015-03-10,0.000000,3.851791,3.913372,7.268818
2015-03-11,0.000000,3.722565,3.891636,7.259879
2015-03-12,0.000000,3.690468,3.727365,7.157768
2015-03-13,0.000000,3.651061,3.690788,7.161807
2015-03-14,0.000000,3.695735,4.662598,7.210688
2015-03-15,0.000000,3.808531,3.913890,7.219414
2015-03-16,0.000000,2.928573,3.529870,7.093922
2015-03-17,0.000000,2.569517,3.540481,7.138318
2015-03-18,0.000000,2.979054,3.481729,7.162601
2015-03-19,0.000000,3.173650,3.483083,7.189698
2015-03-20,0.000000,3.209023,4.328061,7.279434
2015-03-21,0.000000,3.490045,3.928281,7.139357
2015-03-22,0.000000,4.215721,3.318733,7.097761
2015-03-23,0.000000,4.166185,3.287770,7.115902
2015-03-24,0.000000,3.963556,3.254684,7.083025
2015-03-25,0.000000,3.903837,3.225022,7.075216
2015-03-26,0.000000,4.031398,3.254751,7.056720
2015-03-27,0.000000,4.095171,3.145534,7.028196
2015-03-28,0.000000,2.985510,3.118142,7.067635
2015-03-29,0.000000,2.327429,3.087623,7.026705
2015-03-30,0.000000,1.667086,3.045692,7.032141
2015-03-31,0.000000,2.536535,3.020523,7.024204
2015-04-01,0.000000,3.341257,3.002080,7.053862
2015-04-02,0.000000,3.195384,3.073054,7.010460
2015-04-03,0.000000,3.579219,2.919899,6.931536
2015-04-04,0.000000,3.778864,2.892298,7.021388
2015-04-05,0.000000,3.692109,3.308808,6.973386
2015-04-06,0.000000,3.146316,5.198776,7.069031
2015-04-07,0.000000,2.452732,3.154029,6.912407
2015-04-08,0.000000,2.489558,2.771923,6.897034
2015-04-09,0.000000,2.313542,2.791209,6.928421
2015-04-10,0.000000,2.250414,2.706912,6.911807
2015-04-11,0.000000,2.242855,2.680701,6.844161
2015-04-12,0.000000,2.325754,2.651313,6.935069
2015-04-13,0.000000,2.297490,7.643375,6.961966
2015-04-14,0.000000,2.405175,3.005913,6.902245
2015-04-15,0.000000,2.321219,10.613674,9.330606
2015-04-16,0.323869,2.401971,47.630948,11.661042
2015-04-17,3.043628,3.462543,13.684908,13.523231
2015-04-18,1.600031,3.518757,34.075647,12.196623
2015-04-19,162.604590,4.976647,150.126077,29.039190
2015-04-20,58.228099,7.202389,22.404688,22.374045
2015-04-21,1.326597,3.024180,2.628933,6.792870
2015-04-22,0.162881,2.940745,2.407512,6.997866
2015-04-23,0.081208,2.878017,2.386939,10.441728
2015-04-24,0.046959,1.958692,2.382987,6.776030
2015-04-25,0.031892,1.443441,2.362222,13.655006
2015-04-26,0.025078,1.496407,2.320876,6.721645
2015-04-27,2.688256,1.215967,2.435822,6.762191
2015-04-28,2.777790,1.317985,3.163447,6.696092
2015-04-29,3.887591,2.069251,6.579783,6.754360
2015-04-30,4.877872,2.336346,4.191782,6.711235
2015-05-01,0.409436,2.397916,2.987895,6.734448
2015-05-02,0.015381,2.437662,2.294101,6.697909
2015-05-03,2.983246,2.482819,5.922742,13.551746
2015-05-04,5.985534,2.554408,7.118888,10.728141
2015-05-05,0.014891,2.606809,4.963249,15.156255
2015-05-06,0.014805,2.568572,18.662361,21.823115
2015-05-07,0.010771,2.567326,48.046705,21.610522
2015-05-08,0.000114,2.657218,27.500659,21.450073
2015-05-09,0.000719,2.718975,37.435231,18.954192
2015-05-10,1.138869,2.885231,52.414253,17.195941
2015-05-11,0.794643,3.027912,66.279769,11.870781
2015-05-12,0.000029,3.075141,116.716833,16.051859
2015-05-13,0.023049,3.058863,89.714335,20.836493
2015-05-14,62.265903,3.790686,117.740942,18.467413
2015-05-15,89.014936,4.941466,104.509820,31.820400
2015-05-16,113.541267,8.454636,129.395145,26.152291
2015-05-17,156.167519,12.247034,119.223452,26.663203
2015-05-18,179.400535,17.950883,185.867844,27.650730
2015-05-19,39.294547,12.610729,58.544769,21.368551
2015-05-20,44.243439,10.551406,36.960285,20.602047
2015-05-21,125.793358,14.567576,50.196294,28.746291
2015-05-22,87.356741,15.098204,41.005451,32.255636
2015-05-23,336.238463,29.215312,56.777386,47.038610
2015-05-24,213.192503,38.617069,64.383153,42.038307
2015-05-25,120.006646,40.040231,71.136655,85.095192
2015-05-26,171.356650,31.873929,66.083753,58.404930
2015-05-27,261.326451,42.606225,96.660341,61.406642
2015-05-28,216.956314,48.908307,75.321038,74.225795
2015-05-29,9.710510,25.051043,30.636133,89.746999
2015-05-30,54.761507,11.993709,81.123954,98.074739
2015-05-31,245.921129,39.064730,75.704879,116.428501
2015-06-01,223.733341,50.915139,57.108288,91.586237
2015-06-02,224.620733,58.113395,79.430970,71.181104
2015-06-03,259.543131,68.450599,116.233594,94.898780
2015-06-04,258.599420,84.049672,165.228560,102.033605
2015-06-05,236.363622,95.183792,146.341711,100.329903
2015-06-06,250.846649,111.709299,162.449790,126.249880
2015-06-07,174.800105,86.026074,97.163034,136.177440
2015-06-08,333.965547,115.300454,112.623813,345.129431
2015-06-09,335.314418,185.973090,130.485779,249.211553
2015-06-10,409.091694,263.075488,130.052170,248.740189
2015-06-11,281.353819,231.493108,136.597773,198.439234
2015-06-12,263.305384,192.657636,149.254423,208.409095
2015-06-13,277.361337,208.142275,161.325224,213.388432
2015-06-14,255.243886,222.932596,191.877649,199.235978
2015-06-15,214.087173,209.057377,303.019289,249.844417
2015-06-16,301.782821,352.435627,266.356665,262.428378
2015-06-17,418.157645,481.804930,230.357739,271.707409
2015-06-18,312.177406,428.788563,260.788573,393.189414
2015-06-19,376.612912,502.742375,321.218361,449.896485
2015-06-20,422.027381,621.894361,268.578310,408.538618
2015-06-21,386.646748,671.798346,314.922674,471.161844
2015-06-22,397.855341,739.149442,325.538163,477.485366
2015-06-23,363.391867,747.597710,338.598547,529.195273
2015-06-24,414.576050,796.212436,354.766607,546.201568
2015-06-25,430.081190,896.632379,394.887823,609.319443
2015-06-26,438.183110,989.380384,391.247325,659.212642
2015-06-27,492.021527,1118.559605,427.178860,761.095874
2015-06-28,401.745942,1193.478093,427.820573,767.716745
2015-06-29,313.478043,1094.818399,415.513110,806.951084
2015-06-30,298.145576,1029.211829,401.295744,784.428236
2015-07-01,287.724041,1071.242411,428.564402,821.139589
2015-07-02,293.386457,1136.879110,423.690961,933.732286
2015-07-03,266.147283,1104.359253,446.022183,942.702783
2015-07-04,255.492980,985.191520,388.016241,813.676499
2015-07-05,325.909422,1184.756901,469.448224,1177.084059
2015-07-06,329.590301,1437.186830,432.247810,1177.256080
2015-07-07,291.074837,1425.909694,400.657366,1224.088222
2015-07-08,290.705060,1472.614076,399.581655,1197.936342
2015-07-09,255.840284,1444.757692,388.744266,1160.855293
2015-07-10,248.764914,1184.468006,306.643870,763.733464
2015-07-11,259.652132,1049.150363,321.422939,983.232433
2015-07-12,384.629767,1014.409613,303.850116,969.923646
2015-07-13,269.168928,1239.089128,289.315652,1015.022173
2015-07-14,193.997177,1342.253976,332.753857,1396.764692
2015-07-15,297.353251,1869.523312,306.436522,1439.477047
2015-07-16,232.188201,1955.322945,312.270625,1447.153424
2015-07-17,193.787503,1881.717355,319.754582,1530.020898
2015-07-18,201.177206,1875.391967,322.338649,1654.488710
2015-07-19,174.587648,1836.368219,302.643227,1530.493577
2015-07-20,148.873799,1722.731678,297.131654,1548.401909
2015-07-21,129.153941,1699.399493,280.750843,1496.522285
2015-07-22,96.147420,1563.395187,265.577319,1321.367533
2015-07-23,79.655961,1383.959584,260.271770,1118.820348
2015-07-24,106.782526,1185.730263,203.194048,812.785116
2015-07-25,77.827317,913.463379,205.121283,959.309169
2015-07-26,56.830644,850.754048,226.081356,1352.320411
2015-07-27,32.630902,835.483916,240.163828,1013.757312
2015-07-28,36.405105,890.434059,250.213999,1308.494429
2015-07-29,57.296313,900.174611,208.340881,1109.109070
2015-07-30,55.600687,919.967699,197.060062,957.440255
2015-07-31,39.909279,951.067176,199.388219,995.763641
2015-08-01,55.069860,1047.135691,213.793978,1061.134837
2015-08-02,82.448338,1362.700108,236.629825,1459.855226
2015-08-03,71.513047,1487.039479,231.826529,1574.263652
2015-08-04,71.845405,1432.867165,235.461233,1459.560203
2015-08-05,59.965082,1271.316064,239.573710,1179.449214
2015-08-06,85.868128,1157.178329,193.562030,1104.972025
2015-08-07,38.093734,969.737411,184.989154,997.037759
2015-08-08,20.108288,825.884395,174.910135,915.593098
2015-08-09,17.538184,830.421247,197.108930,1007.644982
2015-08-10,16.084220,809.041559,174.232898,864.853377
2015-08-11,13.674370,741.988064,159.928197,785.966212
2015-08-12,11.820454,759.029782,200.324382,734.120977
2015-08-13,28.114116,1016.553039,187.405666,1072.980473
2015-08-14,25.516348,907.203848,169.875509,767.330903
2015-08-15,21.629200,748.365806,159.487719,739.253502
2015-08-16,21.162614,657.473978,139.996650,751.085174
2015-08-17,15.225163,643.263237,131.174424,601.576287
2015-08-18,11.210458,636.040076,126.520127,636.756672
2015-08-19,4.403059,622.966511,128.286356,633.965993
2015-08-20,6.565647,643.687767,123.508810,637.865587
2015-08-21,6.306085,624.241318,121.334472,497.979226
2015-08-22,11.268161,629.219167,127.941020,762.395673
2015-08-23,10.568069,667.933399,115.018667,470.207458
2015-08-24,17.684290,660.509475,124.041501,763.894163
2015-08-25,269.084962,802.328718,107.323109,470.199341
2015-08-26,121.140854,1273.778859,130.020911,837.983646
2015-08-27,287.090922,1362.745032,126.097707,798.817741
2015-08-28,11.516628,726.019140,109.415908,430.224424
2015-08-29,14.413885,648.295340,97.399537,652.293762
2015-08-30,24.090322,911.871882,138.549395,886.878284
2015-08-31,24.788990,874.173116,88.321623,606.779148
2015-09-01,4.557123,614.955003,85.592342,443.128413
2015-09-02,442.337081,409.228179,114.995582,534.042909
2015-09-03,25.799647,243.686983,78.252574,452.890081
2015-09-04,453.077732,393.095761,171.733888,590.084387
2015-09-05,21.668254,465.318274,62.595611,636.741934
2015-09-06,395.117535,745.272083,278.419367,896.086492
2015-09-07,749.374047,2396.439209,453.001157,1102.280275
2015-09-08,359.206056,1742.182738,163.046151,619.008218
2015-09-09,530.107871,2244.630191,280.875223,1118.679354
2015-09-10,217.081358,1645.542110,94.648146,572.258000
2015-09-11,72.980046,1022.564165,88.022185,288.694509
2015-09-12,7.048312,362.226744,40.633281,398.386565
2015-09-13,12.154761,164.177185,37.587836,324.520664
2015-09-14,0.013298,105.455403,36.124344,325.796450
2015-09-15,0.002328,98.324597,35.205582,344.541664
2015-09-16,0.003231,91.190267,33.959698,278.291348
2015-09-17,0.001158,63.023879,43.108289,298.238812
2015-09-18,0.022705,46.246752,46.255984,248.780908
2015-09-19,931.661845,264.294264,120.562569,228.927970
2015-09-20,337.035975,1515.857708,114.251318,300.914222
2015-09-21,71.896027,450.775695,49.163019,211.161244
2015-09-22,302.256551,259.344337,70.772030,214.553284
2015-09-23,18.793185,137.437371,30.549707,169.847800
2015-09-24,112.439029,76.172400,52.583585,115.569602
2015-09-25,246.141939,103.814804,87.454106,174.358823
2015-09-26,86.116651,133.660025,84.474045,111.363829
2015-09-27,92.575488,99.434041,48.069984,45.947949
2015-09-28,73.861715,51.489315,35.158085,65.561698
2015-09-29,7.357935,35.845120,30.447339,32.027004
2015-09-30,2.375814,36.349538,30.142388,50.433684
2015-10-01,0.000380,30.595243,30.002935,24.208540
2015-10-02,0.000015,22.166327,29.785702,12.308212
2015-10-03,0.002239,19.834945,29.467708,12.588812
2015-10-04,0.029591,17.574635,29.031083,12.233945
2015-10-05,10.714667,16.746988,29.606003,13.533330
2015-10-06,27.706317,17.871146,31.137202,16.904557
2015-10-07,22.703024,20.529168,38.776889,34.456574
2015-10-08,35.290911,21.498717,29.974771,17.883536
2015-10-09,1.560434,19.756210,26.069482,12.024113
2015-10-10,0.383204,19.154031,25.583742,12.756694
2015-10-11,0.007033,18.968166,26.795467,14.891489
2015-10-12,1.293833,17.491393,27.420533,17.670451
2015-10-13,12.540882,15.972162,24.038991,12.188942
2015-10-14,0.000569,16.521477,23.170273,15.017412
2015-10-15,2.038596,17.843109,25.397186,17.423882
2015-10-16,12.919826,17.450025,49.084160,30.708519
2015-10-17,712.127697,134.677681,96.453786,102.355244
2015-10-18,1.115270,30.864881,21.380215,11.792340
2015-10-19,0.054256,14.354983,20.950991,11.664090
2015-10-20,0.007040,12.505009,20.632940,11.640020
2015-10-21,0.003521,12.459373,20.324559,16.494398
2015-10-22,0.002332,11.617706,20.042741,11.568200
2015-10-23,0.000809,10.792557,19.733417,11.563938
2015-10-24,0.000962,9.191027,19.456326,13.866325
2015-10-25,0.000247,7.835223,19.191267,11.479117
2015-10-26,0.001201,7.571195,18.910786,11.450411
2015-10-27,0.000276,5.116860,19.005157,11.405186
2015-10-28,202.426494,12.766820,83.465819,25.626894
2015-10-29,269.133416,52.193496,121.003290,25.576252
2015-10-30,153.389970,130.269981,53.314886,12.100960
2015-10-31,0.056627,27.756177,18.209897,11.317051
2015-11-01,0.592561,7.865494,17.840472,11.228233
2015-11-02,0.448419,5.878470,17.790165,11.164704
2015-11-03,0.006457,5.589719,17.791428,11.187029
2015-11-04,0.001135,5.550354,17.710187,11.223523
2015-11-05,0.592782,5.550204,20.716337,11.125184
2015-11-06,0.003823,5.540090,27.669588,11.150754
2015-11-07,0.009962,5.540578,17.811440,11.059490
2015-11-08,0.000011,5.556466,17.353281,11.032145
2015-11-09,0.000181,5.705368,17.240321,10.989008
2015-11-10,0.001131,5.730132,17.120503,11.010123
2015-11-11,0.000134,5.675019,16.993142,10.942203
2015-11-12,0.000005,5.636837,16.850637,11.006779
2015-11-13,0.000224,5.281392,16.752194,10.876852
2015-11-14,0.000339,5.364102,16.566928,11.051502
2015-11-15,0.000020,5.494442,16.429056,10.846990
2015-11-16,0.000007,5.509902,16.301267,10.831916
2015-11-17,0.000001,5.514856,16.136937,10.818233
2015-11-18,0.000003,5.505693,15.980095,10.772894
2015-11-19,0.000000,5.497686,15.825604,10.743132
2015-11-20,2.959944,5.496454,15.991770,12.672066
2015-11-21,45.331961,6.976470,26.365716,11.065985
2015-11-22,0.480065,6.890884,33.118617,14.810675
2015-11-23,0.000000,4.533301,15.814165,10.650473
2015-11-24,0.000015,4.531549,14.992630,10.628858
2015-11-25,0.000235,4.531571,14.824949,10.663071
2015-11-26,0.000000,4.530335,14.649795,10.576336
2015-11-27,0.000000,4.531700,14.488094,10.620386
2015-11-28,0.000000,4.530037,14.320711,10.526658
2015-11-29,0.000000,4.527963,14.143308,16.191372
2015-11-30,0.000000,4.528194,13.986848,10.476256
2015-12-01,0.000411,4.526021,13.826720,10.453295
2015-12-02,0.001635,4.527979,13.638176,10.514789
2015-12-03,0.002804,4.527585,13.485121,19.005951
2015-12-04,0.000883,4.527428,13.327186,10.405107
2015-12-05,0.000358,4.523047,13.157292,10.402552
2015-12-06,0.003760,4.512399,12.996298,10.385903
2015-12-07,0.000460,4.504676,12.860085,10.478056
2015-12-08,0.001169,4.501057,13.824157,10.253054
2015-12-09,0.011332,4.500961,14.334882,10.325944
2015-12-10,0.000037,4.501000,12.347248,10.254566
2015-12-11,0.000198,4.500030,12.195796,10.260393
2015-12-12,0.001976,4.500826,12.038508,10.217546
2015-12-13,0.002028,4.501023,11.900712,10.159270
2015-12-14,0.000076,4.499768,11.722214,10.108579
2015-12-15,0.000000,4.498798,11.579034,10.153540
2015-12-16,0.000000,4.494243,11.839067,10.067993
2015-12-17,0.000000,4.492540,11.952715,10.130787
2015-12-18,0.000000,4.492390,11.097044,10.017844
2015-12-19,0.000000,4.491965,10.953805,10.052673
2015-12-20,0.000000,4.492251,10.815804,10.041218
2015-12-21,0.000000,4.489980,10.663508,9.958525
2015-12-22,0.000000,4.492377,10.548900,9.963933
2015-12-23,0.000000,4.492244,10.381408,9.847403
2015-12-24,0.000000,4.492035,10.254823,9.854949
2015-12-25,0.000000,4.492086,10.105947,9.920590
2015-12-26,0.000000,4.490148,10.023157,9.885727
2015-12-27,0.000000,4.487853,9.880192,9.841622
2015-12-28,0.000000,4.487278,10.419923,9.761168
2015-12-29,0.000000,4.486669,9.599457,9.771536
2015-12-30,0.000005,11.164676,9.454081,9.645644
2015-12-31,0.000005,0.829502,9.362865,9.812258
2016-01-01,0.000000,5.444025,9.383819,9.764657
2016-01-02,0.000000,9.362755,9.162584,9.677541
2016-01-03,0.000000,12.561380,9.004227,9.722570
2016-01-04,0.000035,12.282154,10.390976,9.668162
2016-01-05,0.000266,12.249344,10.184286,9.653362
2016-01-06,0.000481,12.328516,8.632087,9.600269
2016-01-07,0.117815,12.016028,11.917409,9.544997
2016-01-08,0.000349,12.841088,8.416934,9.523776
2016-01-09,0.000751,10.700059,8.321566,9.544361
2016-01-10,0.001306,7.930726,8.211334,9.466325
2016-01-11,0.001379,7.366830,8.112425,9.547888
2016-01-12,0.000778,5.987871,8.011166,14.310997
2016-01-13,0.000496,6.007182,7.898905,9.479975
2016-01-14,0.001081,6.007694,7.773405,9.493648
2016-01-15,0.001251,6.008581,7.679012,9.358129
2016-01-16,0.000095,6.424596,7.598778,9.472023
2016-01-17,0.000141,7.978662,7.472895,9.313155
2016-01-18,0.000412,10.233753,7.364526,9.338266
2016-01-19,0.017457,10.608566,23.913503,9.431599
2016-01-20,1.040111,10.196394,54.697103,9.488760
2016-01-21,12.601513,9.988681,66.951650,9.393375
2016-01-22,29.324123,11.006834,12.261290,9.438898
2016-01-23,0.683759,11.106918,8.099052,9.258713
2016-01-24,3.179071,10.748768,11.130062,9.296719
2016-01-25,0.646062,8.157353,7.689338,9.268942
2016-01-26,0.025374,7.372607,7.149729,9.216932
2016-01-27,0.000402,7.088083,6.560940,9.238640
2016-01-28,0.003180,7.694350,6.383480,9.114049
2016-01-29,0.000263,7.104380,6.302440,9.143067
2016-01-30,0.000109,5.347959,6.227193,9.161191
2016-01-31,0.000169,5.312240,6.141053,9.133540
2016-02-01,0.000031,5.175683,6.069564,9.131824
2016-02-02,0.000023,4.739317,5.981749,9.077245
2016-02-03,0.000528,4.723138,5.891856,9.031080
2016-02-04,0.000642,6.247654,5.830651,8.989777
2016-02-05,0.000055,6.669710,5.748940,9.009230
2016-02-06,0.000098,6.586188,5.656173,8.937981
2016-02-07,0.000165,6.678939,5.579532,8.809094
2016-02-08,0.000361,6.229256,5.511195,9.025349
2016-02-09,0.001178,5.044075,5.421892,8.942532
2016-02-10,0.000008,5.649379,5.353290,8.841516
2016-02-11,0.000000,5.277975,5.272736,8.929923
2016-02-12,0.000000,4.684144,5.186494,15.673830
2016-02-13,0.000000,4.689103,5.113826,8.892162
2016-02-14,0.000000,4.851624,5.044874,8.868825
2016-02-15,0.000000,5.578824,6.290703,8.927615
2016-02-16,0.000000,5.585967,5.032367,8.741685
2016-02-17,0.000000,5.791077,4.851407,8.794854
2016-02-18,0.000013,5.882000,4.790647,8.790466
2016-02-19,0.000043,6.749995,4.708684,8.764546
2016-02-20,0.000034,6.840701,4.613572,8.714983
2016-02-21,0.000003,6.131184,4.550291,8.560446
2016-02-22,0.000014,6.724417,4.498944,8.687140
2016-02-23,0.000043,6.751131,4.422361,8.682103
2016-02-24,0.000391,6.791894,4.493600,8.610591
2016-02-25,0.000664,6.793061,5.405674,8.679812
2016-02-26,0.000321,6.800425,4.263263,8.657643
2016-02-27,0.001691,7.058830,4.196941,8.506677
2016-02-28,0.197657,6.690678,8.155471,8.574589
2016-02-29,1.302430,6.532564,4.620675,8.607076
2016-03-01,0.001587,7.044296,4.052896,8.587514
2016-03-02,0.000645,6.656818,3.991642,8.580151
2016-03-03,0.000279,6.628025,3.938544,8.471223
2016-03-04,0.000009,5.876955,3.881576,12.091842
2016-03-05,0.009329,5.592483,4.257027,8.567961
2016-03-06,0.516689,5.075170,3.822651,8.429052
2016-03-07,0.000022,4.783266,3.763866,8.365941
2016-03-08,0.000082,5.136708,3.724619,8.425907
2016-03-09,0.003170,5.136319,4.950739,8.372191
2016-03-10,0.005271,5.135605,8.627420,8.364572
2016-03-11,0.000037,5.132907,3.598220,8.562444
2016-03-12,0.000000,5.134592,3.696977,8.387904
2016-03-13,0.000000,5.132304,3.709177,8.407146
2016-03-14,0.000000,5.027261,3.506494,8.284504
2016-03-15,0.000000,4.519866,3.445810,8.253846
2016-03-16,2.909860,5.005421,4.918487,8.309856
2016-03-17,8.702827,5.008719,57.418204,13.276959
2016-03-18,68.917361,6.060257,96.200092,12.215048
2016-03-19,15.970553,9.454566,9.620770,8.198145
2016-03-20,7.498660,5.010991,6.582231,8.158845
2016-03-21,0.015844,5.006204,5.257334,8.114987
2016-03-22,2.013881,5.009135,3.713649,8.203751
2016-03-23,1.677926,5.009374,3.360115,8.123733
2016-03-24,1.383558,4.969037,3.468325,8.099636
2016-03-25,0.801908,5.309710,3.097316,8.164706
2016-03-26,3.101641,4.701821,3.080791,8.019453
2016-03-27,0.063231,4.508635,3.055231,8.032071
2016-03-28,0.599267,4.580421,3.019684,8.011712
2016-03-29,0.243188,4.755653,2.999922,8.021047
2016-03-30,0.654221,5.301580,2.952383,8.048851
2016-03-31,0.000995,4.813084,2.971036,7.987844
2016-04-01,0.000477,5.363973,3.578177,8.025330
2016-04-02,2.802819,5.382684,6.102349,7.890681
2016-04-03,4.179696,5.373329,7.205592,7.917540
2016-04-04,12.332073,5.412750,6.003994,11.875172
2016-04-05,3.184788,5.601537,10.444325,11.472375
2016-04-06,5.970872,7.298629,8.336349,7.920898
2016-04-07,0.157044,7.943995,11.165529,7.883816
2016-04-08,0.727629,8.106591,19.900884,15.751562
2016-04-09,7.089936,8.228715,4.506050,16.987228
2016-04-10,13.661439,9.947950,18.195769,32.024914
2016-04-11,28.913075,20.530510,40.446391,28.430672
2016-04-12,218.273426,81.681004,79.252092,20.385858
2016-04-13,241.678376,120.893384,62.949336,27.024354
2016-04-14,86.341796,99.019350,56.318424,27.023897
2016-04-15,128.466528,83.410357,110.826157,24.082284
2016-04-16,7.180158,51.114119,15.211363,13.302159
2016-04-17,2.523886,15.578961,10.849856,7.815219
2016-04-18,8.858704,10.219111,6.467978,7.770185
2016-04-19,14.632172,9.442946,12.295634,13.124604
2016-04-20,20.247760,9.244191,10.442325,7.709014
2016-04-21,6.574750,8.301884,9.734609,17.049466
2016-04-22,3.655677,11.375656,62.480974,41.093003
2016-04-23,125.142275,104.144733,107.102611,29.775865
2016-04-24,177.344664,166.787206,102.361465,26.729662
2016-04-25,65.321680,130.144084,81.027458,29.060744
2016-04-26,76.219881,126.684280,119.236158,26.456594
2016-04-27,35.663125,129.908364,91.537742,27.421441
2016-04-28,17.495696,111.887460,80.748081,37.596642
2016-04-29,9.481665,96.948103,115.212331,32.747230
2016-04-30,10.594568,72.085212,104.252527,19.224319
2016-05-01,35.215296,73.499697,93.989989,20.321546
2016-05-02,30.609495,84.744569,122.515168,18.746027
2016-05-03,13.850557,92.994722,97.014718,23.676589
2016-05-04,26.264752,110.752597,128.704172,85.437020
2016-05-05,27.899780,114.942431,138.037509,120.041462
2016-05-06,34.852182,118.703555,144.162618,126.825090
2016-05-07,12.203956,116.852848,144.325166,125.983321
2016-05-08,11.255917,105.189205,185.127742,141.241818
2016-05-09,39.379880,150.995015,240.140392,114.300293
2016-05-10,66.419912,208.152121,122.516647,122.691949
2016-05-11,139.688775,380.139461,180.581704,137.591380
2016-05-12,105.608538,357.950257,138.604080,144.736069
2016-05-13,129.396380,396.061889,148.056586,157.504552
2016-05-14,200.990339,493.567878,182.301039,171.002719
2016-05-15,306.238590,773.439654,227.813675,173.688598
2016-05-16,86.952775,576.963445,154.665064,137.135596
2016-05-17,52.966334,338.072020,180.736570,162.733956
2016-05-18,29.679161,281.761788,143.911463,166.891540
2016-05-19,33.257161,248.512393,179.796569,178.150536
2016-05-20,47.091603,274.268957,192.797521,170.593878
2016-05-21,126.987485,241.867183,97.198761,115.281794
2016-05-22,81.057047,104.436172,71.438220,212.649126
2016-05-23,55.900729,61.906633,76.524361,213.104052
2016-05-24,431.277995,127.473395,87.670381,251.926244
2016-05-25,201.977200,186.329901,65.687901,262.010953
2016-05-26,6.400850,105.974227,46.198868,212.059756
2016-05-27,11.411703,88.731205,55.906953,273.407984
2016-05-28,30.347846,110.700494,61.812110,253.147411
2016-05-29,91.937190,113.767459,67.487193,189.392854
2016-05-30,101.686466,100.098374,82.802511,294.489444
2016-05-31,55.777836,64.080478,76.968313,286.532626
2016-06-01,78.761551,40.804195,94.414802,312.816233
2016-06-02,905.232084,260.614887,204.161223,164.247605
2016-06-03,403.675770,855.931566,238.560510,403.769990
2016-06-04,269.024501,861.454321,205.956285,456.435448
2016-06-05,214.092156,830.539224,182.931965,285.665799
2016-06-06,224.760453,744.089742,200.380196,475.489954
2016-06-07,193.248048,822.045382,214.644982,447.763765
2016-06-08,192.553526,886.254644,241.806997,466.149058
2016-06-09,273.670609,1056.698533,253.966510,394.148278
2016-06-10,743.703834,1332.518653,274.659210,378.088946
2016-06-11,774.518461,1877.616182,289.453628,555.891697
2016-06-12,259.748476,1422.276371,283.355936,548.733711
2016-06-13,190.277403,1287.205771,298.679368,792.830655
2016-06-14,184.171772,1388.885533,293.427727,799.485222
2016-06-15,141.063437,1203.542060,249.681175,645.174234
2016-06-16,108.271448,862.935299,244.720559,703.272337
2016-06-17,90.590708,724.502183,269.132668,707.022928
2016-06-18,132.715135,1038.297315,316.273455,882.052542
2016-06-19,198.320738,1532.407367,304.145293,1116.989616
2016-06-20,118.224549,1559.783593,337.008833,1264.449822
2016-06-21,105.144159,1568.874679,309.507490,1396.852799
2016-06-22,111.715187,1702.551418,314.530544,1384.413132
2016-06-23,139.882052,1513.423512,270.430127,1080.075697
2016-06-24,130.135863,1806.428549,235.956546,1780.729715
2016-06-25,94.918255,1953.783456,264.579955,1606.131601
2016-06-26,306.751876,2065.796439,245.178356,1530.403029
2016-06-27,90.906089,1940.084364,259.824805,1738.609326
2016-06-28,88.744829,1987.419394,250.940920,2145.574571
2016-06-29,82.747570,1967.675615,235.540500,1457.075751
2016-06-30,168.106625,1939.971892,216.679578,1600.271780
2016-07-01,77.990157,2042.280851,220.333396,2039.100451
2016-07-02,56.638175,2097.946239,212.351192,1925.463149
2016-07-03,52.858316,2042.659333,217.903268,1920.618450
2016-07-04,62.585193,2041.975303,207.320512,1949.774357
2016-07-05,62.005819,2041.933521,225.355787,1887.055151
2016-07-06,52.525724,2019.535678,226.166763,2081.137009
2016-07-07,51.518639,1944.356776,236.416666,2125.107556
2016-07-08,55.191221,1944.306131,209.802984,2082.174948
2016-07-09,94.520417,1828.428569,209.188297,1986.153147
2016-07-10,40.180846,1722.821392,189.165001,2004.584154
2016-07-11,47.230923,1658.509229,194.560103,1963.975610
2016-07-12,61.572192,1968.115851,213.333245,2379.256424
2016-07-13,62.126213,1902.021269,171.417317,1586.928700
2016-07-14,27.703446,1647.389036,198.148360,1900.538582
2016-07-15,44.388292,2033.405730,187.752295,2345.704366
2016-07-16,39.103111,2179.073175,159.820676,2296.688991
2016-07-17,44.296387,2172.740876,154.327133,2059.623078
2016-07-18,42.789839,2252.670037,178.647000,2193.420883
2016-07-19,42.977074,2224.478021,156.122379,2083.861236
2016-07-20,42.702070,2281.456073,156.506366,2078.046794
2016-07-21,64.878849,2794.434221,166.045375,2230.029144
2016-07-22,51.254205,2663.862909,182.124112,2334.628220
2016-07-23,53.583859,2603.067349,172.966575,2299.441858
2016-07-24,58.196368,2542.748330,166.774528,2038.129200
2016-07-25,53.675675,2474.523554,168.837682,2158.764399
2016-07-26,49.963482,2440.067915,169.065893,2126.244401
2016-07-27,49.405938,2517.421186,164.075355,2142.066938
2016-07-28,47.176145,2499.358250,160.061524,2056.511619
2016-07-29,39.311029,2378.959535,157.610260,1807.630658
2016-07-30,36.336780,2056.978797,141.539474,1504.778738
2016-07-31,47.936381,1740.875788,130.463813,985.973972
2016-08-01,15.726813,1565.356929,131.044026,1193.080509
2016-08-02,11.332405,1476.083096,127.009474,1189.227987
2016-08-03,8.441384,1260.739621,122.978809,1162.175109
2016-08-04,9.785702,1161.861135,124.373133,1221.005105
2016-08-05,12.601876,1229.288298,125.044774,1249.294723
2016-08-06,17.586269,1372.714713,134.787894,1464.519362
2016-08-07,23.288879,1766.404977,143.188814,1649.939842
2016-08-08,17.819644,1932.044220,138.296409,1565.962160
2016-08-09,9.173489,1269.205004,100.003193,640.215777
2016-08-10,24.548805,1320.136646,137.889625,1500.695494
2016-08-11,28.115065,1428.373521,118.287113,1299.320997
2016-08-12,30.388803,1529.073369,125.817313,1241.324746
2016-08-13,6.845327,1239.906123,105.147708,1082.794622
2016-08-14,62.506541,886.010474,122.850148,1006.279696
2016-08-15,175.406054,2340.182971,163.586196,1365.826270
2016-08-16,123.853757,2759.184501,218.541631,1751.359941
2016-08-17,215.474226,2861.062219,185.161761,1345.128546
2016-08-18,132.887416,1675.411911,132.214464,1002.847039
2016-08-19,45.721239,1224.980541,106.213684,1337.985867
2016-08-20,4.637498,913.724763,85.599645,1047.605621
2016-08-21,5.378920,862.989744,107.635122,1254.391339
2016-08-22,10.870650,1135.060121,89.573347,1270.888222
2016-08-23,4.693553,1272.348452,77.395873,1055.682395
2016-08-24,5.113457,1210.107346,88.609375,1077.655842
2016-08-25,10.072124,1292.622747,108.949276,961.905425
2016-08-26,461.014455,1278.993417,98.005623,869.824021
2016-08-27,30.723874,705.290524,72.270660,493.378363
2016-08-28,0.748297,461.890955,67.039598,703.199527
2016-08-29,0.066174,406.422188,53.544073,605.435941
2016-08-30,7.123172,480.814421,72.109396,602.762977
2016-08-31,0.773146,458.328399,50.278337,498.775746
2016-09-01,0.200648,434.383541,49.631885,476.104054
2016-09-02,0.079267,412.143951,46.758909,453.292198
2016-09-03,52.066279,324.144424,46.586745,371.805294
2016-09-04,21.691593,182.534274,52.405392,392.241992
2016-09-05,11.828408,150.698597,33.126611,359.561672
2016-09-06,0.141992,157.634875,39.703199,250.966521
2016-09-07,1.308145,150.635560,54.400779,303.127755
2016-09-08,100.400052,237.770182,65.487257,272.787634
2016-09-09,1.127745,269.072185,55.620635,413.382454
2016-09-10,0.441420,288.213695,68.535553,481.841529
2016-09-11,0.000068,228.759921,27.179300,363.216949
2016-09-12,0.073191,299.769296,32.066133,314.352470
2016-09-13,0.006762,240.670767,36.305453,335.296186
2016-09-14,13.268809,201.287205,37.971510,232.247070
2016-09-15,166.808685,320.566510,45.520498,199.705256
2016-09-16,192.651306,549.621577,62.870295,260.637573
2016-09-17,162.070694,248.998365,26.812588,217.705481
2016-09-18,101.684899,100.371417,36.359891,69.087335
2016-09-19,120.134085,160.982052,20.581170,179.200200
2016-09-20,115.570962,78.656302,16.120145,66.737669
2016-09-21,25.985635,49.855142,9.996959,70.474477
2016-09-22,10.690797,47.924468,9.629702,23.413244
2016-09-23,15.854274,49.398695,9.626941,71.699597
2016-09-24,5.895543,51.110468,9.495832,88.592712
2016-09-25,2.141039,50.446999,9.360160,62.757058
2016-09-26,0.383962,46.689353,9.104813,59.932897
2016-09-27,1.847412,46.180759,8.945498,46.045651
2016-09-28,0.050158,48.319055,8.825659,19.938758
2016-09-29,1.396484,50.646135,9.034677,18.684949
2016-09-30,11.022488,47.918725,8.559425,30.977132
2016-10-01,5.134502,45.827283,8.725585,10.497575
2016-10-02,5.451922,45.574699,25.386767,21.266841
2016-10-03,139.142972,150.588921,162.648522,116.483984
2016-10-04,160.727994,368.657562,95.020718,109.418821
2016-10-05,212.331602,245.120421,120.821367,124.969593
2016-10-06,398.936551,370.245000,141.796874,103.153794
2016-10-07,149.311652,408.275699,193.837935,241.630350
2016-10-08,113.234768,417.721217,110.930336,139.661720
2016-10-09,294.184440,325.037541,20.503623,49.957979
2016-10-10,65.138745,136.060131,22.538216,56.220916
2016-10-11,293.298929,92.812382,55.304830,80.093519
2016-10-12,168.630673,105.704021,29.343818,40.018801
2016-10-13,157.928973,70.683231,10.656448,14.821451
2016-10-14,55.556225,51.582171,12.171762,33.534085
2016-10-15,19.518879,38.399226,23.845382,40.222551
2016-10-16,218.788579,67.576762,79.495018,94.447793
2016-10-17,49.502796,56.636644,31.138022,27.382701
2016-10-18,51.775171,39.455813,20.129234,31.244784
2016-10-19,378.760191,65.361765,107.107297,110.170902
2016-10-20,125.576233,109.352809,42.821374,59.550634
2016-10-21,132.371896,61.209737,64.726854,12.445497
2016-10-22,43.345253,73.757264,31.139456,13.832430
2016-10-23,37.474197,37.334956,25.310293,9.415637
2016-10-24,4.208769,32.419508,24.508747,9.508914
2016-10-25,0.897315,29.439910,25.017548,9.447911
2016-10-26,6.491954,29.410274,25.541713,9.479839
2016-10-27,2.753139,30.691497,25.779689,9.439851
2016-10-28,0.198395,26.577571,25.792150,9.420689
2016-10-29,0.103625,25.716557,25.667617,9.400587
2016-10-30,0.094907,25.372327,25.278900,9.367396
2016-10-31,0.181894,22.285413,24.886146,10.322633
2016-11-01,0.205029,21.075319,29.352179,9.701924
2016-11-02,0.201259,18.641090,25.706464,9.511278
2016-11-03,0.136168,18.015427,23.370310,9.282631
2016-11-04,0.064448,17.814455,23.041734,9.250566
2016-11-05,0.000000,17.756280,29.174859,10.567326
2016-11-06,80.787757,18.928959,77.416852,69.239327
2016-11-07,0.577287,17.832589,21.982707,10.124983
2016-11-08,0.000000,10.758626,21.147941,9.305839
2016-11-09,0.000000,9.527339,20.865499,9.275350
2016-11-10,0.000000,9.453991,20.602922,9.527111
2016-11-11,0.000000,9.472048,20.374115,9.190995
2016-11-12,0.000000,9.316417,20.081869,9.154716
2016-11-13,0.000000,9.233182,19.831932,10.286664
2016-11-14,0.000000,9.177955,19.567431,9.169271
2016-11-15,0.000000,9.069875,19.321730,9.207246
2016-11-16,0.000000,8.187359,19.054812,9.034788
2016-11-17,0.000000,7.433275,18.788368,9.169053
2016-11-18,0.000000,6.122573,18.550171,9.089907
2016-11-19,0.000000,6.014781,18.291776,9.120037
2016-11-20,0.000000,5.993919,18.044547,9.143585
2016-11-21,0.000000,6.009673,17.799013,9.082217
2016-11-22,0.000000,6.071777,17.585945,9.153941
2016-11-23,0.000000,5.983859,17.402902,9.154705
2016-11-24,0.000000,5.757430,17.072718,8.948468
2016-11-25,0.000000,4.817414,16.859884,9.045715
2016-11-26,0.000000,4.299590,16.941248,9.124061
2016-11-27,4.230282,4.275889,20.148457,9.159060
2016-11-28,11.643507,4.258092,18.956114,9.085797
2016-11-29,0.000821,4.291320,15.967719,9.126150
2016-11-30,0.000049,4.301931,15.737114,8.935709
2016-12-01,0.000000,4.271314,15.510853,9.011574
2016-12-02,0.000000,4.257256,15.341417,9.030101
2016-12-03,0.000000,4.255709,15.114364,8.852765
2016-12-04,0.000000,4.235678,15.486328,8.991172
2016-12-05,0.000000,4.171357,20.075666,8.921899
2016-12-06,1.078917,4.164959,23.178282,8.829900
2016-12-07,0.000000,4.165710,14.985142,8.876725
2016-12-08,0.000000,4.154662,14.222177,8.727591
2016-12-09,0.000000,4.146309,14.014768,8.835447
2016-12-10,0.000000,4.143573,16.206598,8.863250
2016-12-11,0.000000,4.140573,25.593050,10.535368
2016-12-12,0.000000,4.283093,13.756023,8.690478
2016-12-13,0.000000,4.338496,14.040047,8.685767
2016-12-14,0.000000,4.537445,14.884127,8.649713
2016-12-15,0.000000,4.798403,13.140843,8.610037
2016-12-16,0.000000,4.563199,12.914964,8.571922
2016-12-17,0.000000,4.449065,12.978004,8.609794
2016-12-18,0.000000,4.435812,12.741126,8.607279
2016-12-19,0.000000,4.433536,12.565341,8.521019
2016-12-20,0.000000,4.400032,12.406786,8.494389
2016-12-21,0.000000,4.357459,12.322351,8.659765
2016-12-22,0.000000,4.383088,12.168942,8.615806
2016-12-23,0.000000,4.247059,12.075076,8.556558
2016-12-24,0.000000,4.148721,11.953422,8.635151
2016-12-25,0.000000,4.143396,11.841201,8.636505
2016-12-26,0.000000,4.136522,11.710275,8.478823
2016-12-27,0.000000,4.135015,11.696525,8.646518
2016-12-28,0.000000,4.133335,11.491328,8.488325
2016-12-29,0.000000,4.132532,11.369057,8.481531
2016-12-30,0.000000,3.927359,11.263635,8.598066
2016-12-31,0.000000,3.926455,11.162228,8.452007
2017-01-01,0.000000,1.046600,12.508462,8.439048
2017-01-02,0.000000,1.945356,11.224903,8.546927
2017-01-03,0.000000,2.308895,10.815852,8.403134
2017-01-04,0.000000,3.759897,10.887173,8.421400
2017-01-05,0.000000,2.805786,10.831074,8.468591
2017-01-06,0.000000,0.835286,10.560943,8.640912
2017-01-07,0.000000,0.705299,10.537005,8.306163
2017-01-08,0.000000,0.687782,10.300217,8.412052
2017-01-09,0.000000,0.697610,10.222677,8.441214
2017-01-10,0.000000,0.683723,10.112587,8.297277
2017-01-11,0.000000,0.681545,10.031886,8.317027
2017-01-12,0.000000,0.681611,9.900601,8.292085
2017-01-13,0.000000,0.684774,9.816256,8.260162
2017-01-14,0.000000,0.690171,9.750533,8.333678
2017-01-15,0.000000,0.708638,10.093480,8.328259
2017-01-16,0.000000,0.700000,9.547644,8.194024
2017-01-17,0.000000,0.682024,9.420918,8.241229
2017-01-18,0.000000,0.681761,9.331161,8.216072
2017-01-19,0.000000,0.682126,9.269833,8.272233
2017-01-20,0.000000,0.698857,9.158764,8.216773
2017-01-21,0.000000,0.709493,9.074574,8.201220
2017-01-22,0.000000,0.710627,9.008239,8.081468
2017-01-23,0.000000,0.712027,10.774816,8.139319
2017-01-24,0.000000,0.686495,25.517828,8.252905
2017-01-25,0.000000,0.680512,8.880470,8.116369
2017-01-26,0.000000,0.790317,8.614003,8.096295
2017-01-27,0.000000,0.990348,8.531069,8.010616
2017-01-28,0.000000,1.051765,8.452833,8.169175
2017-01-29,0.000000,1.107757,8.372948,7.986802
2017-01-30,0.000000,1.125722,8.394499,8.033010
2017-01-31,0.000000,1.070155,8.832406,8.088877
2017-02-01,0.000000,1.069200,8.167757,8.037090
2017-02-02,0.000000,1.128942,8.066839,8.017631
2017-02-03,0.000000,1.693879,7.993990,7.925097
2017-02-04,0.000000,2.046201,10.346317,8.012965
2017-02-05,0.000000,2.210864,9.516061,7.997169
2017-02-06,0.000000,2.464734,8.145236,7.953401
2017-02-07,0.000000,2.683027,17.265252,7.960971
2017-02-08,0.000000,2.884462,14.160002,8.092220
2017-02-09,0.000000,3.064530,8.984813,7.888578
2017-02-10,0.000000,3.008910,7.978126,8.063473
2017-02-11,0.000000,2.625002,13.188575,7.896253
2017-02-12,0.000000,2.901172,20.102107,8.553339
2017-02-13,0.000000,3.369369,7.644732,7.922837
2017-02-14,0.000000,3.539020,7.832504,7.826261
2017-02-15,0.000000,3.563238,7.253483,7.837891
2017-02-16,0.000000,3.410388,7.157282,7.775585
2017-02-17,0.000000,3.105259,7.104920,7.839029
2017-02-18,0.000000,2.827855,7.041872,8.846508
2017-02-19,0.000000,2.730957,7.016121,7.704094
2017-02-20,0.000000,2.814011,6.949670,7.884328
2017-02-21,0.000000,2.882067,6.912398,11.511866
2017-02-22,0.000000,2.877182,6.842090,7.992963
2017-02-23,0.000000,2.865240,6.795343,7.706919
2017-02-24,0.000000,2.867611,6.764630,7.701916
2017-02-25,0.000000,3.418706,6.828822,7.748835
2017-02-26,0.000000,4.648092,6.676335,7.736145
2017-02-27,0.000000,4.885754,6.625122,7.710188
2017-02-28,0.000000,4.879364,6.570164,7.691870
2017-03-01,0.000000,4.774912,6.717901,7.636470
2017-03-02,0.000000,4.715198,6.707380,13.875964
2017-03-03,0.000000,4.750371,6.464228,7.704147
2017-03-04,0.000000,4.851693,6.380086,7.638446
2017-03-05,0.000000,4.880155,6.361382,7.671726
2017-03-06,0.000000,3.466801,6.294918,7.649798
2017-03-07,0.000000,2.619401,6.264717,7.591286
2017-03-08,0.000000,2.628014,6.206397,7.671748
2017-03-09,0.000000,2.381399,6.180268,7.653724
2017-03-10,0.000000,2.605268,6.141659,7.547447
2017-03-11,0.000000,3.825661,6.848884,7.678088
2017-03-12,0.000000,4.246813,6.080267,7.591375
2017-03-13,0.000000,4.615982,6.000289,7.549372
2017-03-14,0.000000,4.805278,5.962781,7.542018
2017-03-15,0.000000,4.446734,5.913247,7.531970
2017-03-16,0.000000,1.677234,5.859312,7.514662
2017-03-17,0.000000,1.624729,5.837073,7.621759
2017-03-18,0.000000,2.247431,5.771107,7.519661
2017-03-19,0.000000,2.326584,5.760213,10.410107
2017-03-20,0.000000,2.207234,5.696697,8.014452
2017-03-21,0.000000,1.790824,5.670085,7.523350
2017-03-22,0.000000,1.953639,5.626009,16.774353
2017-03-23,0.000000,2.095508,8.162407,7.491055
2017-03-24,0.000000,2.269437,5.532151,7.465689
2017-03-25,0.000000,2.356886,5.496171,7.458052
2017-03-26,0.000000,2.421495,5.446817,7.431887
2017-03-27,0.000000,2.377142,5.408493,7.410094
2017-03-28,0.000000,2.308306,5.373457,7.470681
2017-03-29,0.000000,2.358143,5.336378,7.402807
2017-03-30,0.000000,2.369251,5.284696,7.411800
2017-03-31,0.000000,2.468108,5.279227,7.384500
2017-04-01,0.000000,2.540204,5.251357,7.396222
2017-04-02,0.000000,2.572680,5.170238,7.403768
2017-04-03,0.000000,2.604424,5.300715,7.338508
2017-04-04,0.000000,2.596171,5.118013,7.414162
2017-04-05,0.000000,2.605001,5.081690,7.269099
2017-04-06,0.000000,2.576220,5.021095,7.366557
2017-04-07,0.000000,2.586395,4.992243,7.309172
2017-04-08,0.000000,2.622589,4.934271,7.323455
2017-04-09,0.000000,2.232989,4.920018,12.376733
2017-04-10,0.000000,2.433693,4.887974,10.775506
2017-04-11,0.000000,2.541590,4.849994,7.655298
2017-04-12,0.000000,2.592284,4.795409,7.223087
2017-04-13,0.000000,2.626176,4.777548,7.252920
2017-04-14,0.000000,2.584943,4.758897,7.174736
2017-04-15,0.000000,2.477152,4.715403,7.210824
2017-04-16,0.000000,2.299389,4.685559,7.201436
2017-04-17,0.000000,2.092603,4.980945,8.924452
2017-04-18,0.000000,2.073315,4.941469,7.296826
2017-04-19,0.000000,2.065165,4.611019,7.151968
2017-04-20,0.000000,2.125823,4.530778,7.195875
2017-04-21,0.000000,2.186935,4.516413,7.124735
2017-04-22,0.000000,3.372774,4.486890,7.121777
2017-04-23,0.000000,4.033210,4.442657,14.272365
2017-04-24,0.000000,4.138392,4.760103,18.519487
2017-04-25,0.000000,4.137610,22.560480,20.658903
2017-04-26,88.778942,6.432575,99.737042,19.271435
2017-04-27,13.253259,6.812263,7.971690,7.925991
2017-04-28,0.444398,4.440025,9.534096,7.068401
2017-04-29,35.152783,4.688310,15.922419,17.525408
2017-04-30,29.095744,4.662263,14.668772,16.686754
2017-05-01,136.299571,7.770928,59.287450,22.887486
2017-05-02,434.041024,36.158480,95.297266,28.567108
2017-05-03,1027.670044,170.655137,477.587119,59.902810
2017-05-04,1061.677861,431.648068,199.581802,164.333968
2017-05-05,762.644564,339.358642,121.847572,96.399903
2017-05-06,617.019339,322.035076,103.712144,95.050802
2017-05-07,510.291362,308.662032,115.742292,94.548212
2017-05-08,594.815523,279.556984,164.925115,81.607767
2017-05-09,1407.318364,687.737332,327.330247,203.540116
2017-05-10,130.048570,322.260283,65.144982,40.550634
2017-05-11,63.700415,43.946252,73.178880,43.272256
2017-05-12,34.521946,13.390641,36.001571,16.405609
2017-05-13,28.805358,8.197330,58.222759,24.015711
2017-05-14,129.755689,27.294167,137.360639,42.524275
2017-05-15,324.653448,102.621215,116.229502,23.270584
2017-05-16,353.016704,211.001909,163.934045,52.618494
2017-05-17,336.610542,242.346339,163.905068,71.763710
2017-05-18,301.221715,257.216216,195.428543,105.055752
2017-05-19,413.475434,374.985174,231.196436,176.633678
2017-05-20,679.146433,680.976944,235.469432,220.456459
2017-05-21,742.124468,930.103752,280.304719,294.480857
2017-05-22,431.753157,771.132403,280.351424,246.553971
2017-05-23,364.757505,614.399178,291.164899,215.471088
2017-05-24,295.226354,533.070377,276.205105,252.360315
2017-05-25,252.800714,405.805550,280.052122,314.227716
2017-05-26,194.246306,288.321853,271.503137,327.406592
2017-05-27,293.117048,447.781891,303.608778,403.609806
2017-05-28,202.684658,453.569648,291.542028,305.086266
2017-05-29,241.420467,405.040681,304.418740,346.574620
2017-05-30,84.906469,296.240360,266.444509,341.254539
2017-05-31,146.746961,282.193133,286.469455,397.976290
2017-06-01,163.823106,339.071788,297.408901,423.127771
2017-06-02,239.585815,445.341043,330.342050,443.169519
2017-06-03,266.958138,562.484145,334.293852,498.555702
2017-06-04,234.722113,552.347207,314.354352,340.403737
2017-06-05,297.293756,648.979019,369.110690,638.253797
2017-06-06,272.055845,678.964151,361.942456,541.478682
2017-06-07,271.200303,709.343834,413.890086,645.348378
2017-06-08,231.866404,675.699309,390.135261,518.207334
2017-06-09,175.272182,620.943643,376.914191,642.003207
2017-06-10,176.396729,624.721536,368.722963,595.322397
2017-06-11,207.590969,696.088479,384.484830,649.000796
2017-06-12,223.396588,797.261251,380.178246,677.599572
2017-06-13,228.213027,859.449860,376.376554,705.667831
2017-06-14,231.703498,885.104850,385.448712,738.076374
2017-06-15,267.555707,903.078423,434.820257,968.783020
2017-06-16,202.148136,859.010459,397.584269,883.891650
2017-06-17,241.427931,931.787958,337.880675,846.016497
2017-06-18,222.079412,1003.481015,370.499552,1022.598170
2017-06-19,228.241708,955.513760,361.944053,1135.754441
2017-06-20,366.263597,932.244017,343.970806,1099.325060
2017-06-21,169.721053,921.558660,316.937095,1205.077386
2017-06-22,138.814604,817.066969,310.875571,1166.109294
2017-06-23,198.770301,983.414701,307.830358,1230.400976
2017-06-24,210.563160,1165.844321,308.286194,1185.178766
2017-06-25,191.481606,1217.540123,297.291239,1168.358590
2017-06-26,189.932261,1244.885889,287.257753,1131.511791
2017-06-27,152.776675,1263.418884,288.530156,1114.709344
2017-06-28,148.844781,1296.232743,281.933853,1174.893623
2017-06-29,147.110389,1384.536331,276.173311,1170.193532
2017-06-30,123.424931,1354.996602,274.464485,1088.156441
2017-07-01,142.109915,1320.407828,269.570741,1141.633097
2017-07-02,206.643727,1033.765889,223.016425,922.106227
2017-07-03,21.434354,563.824489,188.540087,578.786554
2017-07-04,36.513223,440.591340,179.050934,464.749570
2017-07-05,26.972081,481.316221,216.705449,672.425235
2017-07-06,63.183629,1055.792133,247.036447,1061.473798
2017-07-07,71.209827,1259.234457,200.027399,1189.440794
2017-07-08,92.600675,1294.811871,190.938371,1195.270490
2017-07-09,100.092217,1406.962881,211.637542,1323.060742
2017-07-10,83.409717,1327.251972,190.812417,1138.713410
2017-07-11,71.990651,1209.345355,184.612575,1210.972914
2017-07-12,74.264325,1230.155340,187.031163,1217.523426
2017-07-13,75.153715,1297.404836,199.492285,1233.352105
2017-07-14,83.600613,1158.515417,236.880333,1097.728149
2017-07-15,74.876208,1457.535418,218.771545,1326.168305
2017-07-16,267.595185,1047.037698,182.236614,906.789856
2017-07-17,208.796365,851.166860,121.799467,918.309466
2017-07-18,47.986460,828.887281,120.489220,990.569698
2017-07-19,78.486051,1094.154841,130.584051,1189.744875
2017-07-20,86.322308,1335.358716,146.201077,1195.400303
2017-07-21,66.134092,1299.089932,151.406508,1427.197262
2017-07-22,398.729152,1572.700599,163.106139,1470.585889
2017-07-23,120.949528,1793.450370,143.514856,1370.448582
2017-07-24,130.248084,1847.379720,208.715746,1559.139077
2017-07-25,1224.920012,5197.694953,690.343463,2680.927834
2017-07-26,191.489278,5733.538532,190.224311,2339.940957
2017-07-27,107.313104,3266.347458,139.127204,1892.765027
2017-07-28,91.840370,2626.854290,148.030988,1862.096362
2017-07-29,90.543203,2486.289545,145.118088,1917.779314
2017-07-30,81.683347,2517.393704,150.994407,1852.283168
2017-07-31,79.387211,2473.916144,140.568712,1753.041775
2017-08-01,74.859417,2379.418201,135.650353,1654.476259
2017-08-02,63.766289,2339.537771,135.380547,1658.317365
2017-08-03,56.685456,2298.391436,131.715930,1535.173812
2017-08-04,39.323152,1979.901459,125.687974,1348.724988
2017-08-05,96.949053,1454.242317,114.675722,1206.365583
2017-08-06,88.870872,1224.942950,113.672885,1123.797578
2017-08-07,34.107710,914.729687,136.385726,1086.801754
2017-08-08,47.982283,783.050732,120.504896,1345.281142
2017-08-09,7.487529,829.223038,108.495496,1167.336790
2017-08-10,6.761844,788.775958,100.283780,992.479266
2017-08-11,11.962243,856.584863,104.919396,1072.727235
2017-08-12,12.088516,923.102585,104.427306,1079.342880
2017-08-13,7.009956,913.395400,108.651868,1174.810595
2017-08-14,10.563429,883.128280,115.205666,1254.401257
2017-08-15,11.277775,864.710702,121.198658,1202.959027
2017-08-16,12.800939,916.735234,108.496902,1111.181997
2017-08-17,4.944233,847.353435,93.154785,837.767122
2017-08-18,38.422207,593.385675,89.467832,556.370040
2017-08-19,7.726448,502.759844,77.633657,596.398215
2017-08-20,365.819372,361.567895,59.722600,256.343670
2017-08-21,112.229339,166.553667,75.261072,320.770192
2017-08-22,200.832876,380.466444,121.257908,663.436431
2017-08-23,11.421385,503.837603,84.317966,921.288312
2017-08-24,10.893581,572.238742,59.856747,880.078315
2017-08-25,566.966651,1164.200470,80.506487,611.055740
2017-08-26,421.551506,1377.058292,69.385693,863.196871
2017-08-27,272.027934,952.546017,84.911984,918.074176
2017-08-28,8.784686,612.660514,52.559345,686.994337
2017-08-29,6.663684,598.835436,66.086918,734.670396
2017-08-30,10.839340,716.760632,84.726153,864.849615
2017-08-31,13.604974,997.287928,80.206150,1044.850458
2017-09-01,19.084321,1388.334452,77.598098,955.147928
2017-09-02,2.332670,718.461426,40.496586,529.378869
2017-09-03,5.309788,356.568939,48.509162,232.191290
2017-09-04,175.025397,387.819963,68.078549,286.399626
2017-09-05,7.107345,458.384362,62.953387,476.747628
2017-09-06,3.692450,353.380165,56.283160,453.793584
2017-09-07,1.564114,199.828825,34.777332,375.000461
2017-09-08,0.654360,143.164436,26.542843,291.542159
2017-09-09,4.705234,157.059669,47.305397,215.948956
2017-09-10,0.596256,130.335908,32.329081,282.601857
2017-09-11,168.226607,81.944549,42.004422,94.771717
2017-09-12,65.140624,109.690926,34.429468,181.697064
2017-09-13,1.485700,80.272737,15.843371,191.508839
2017-09-14,6.449528,69.723450,45.607784,105.178826
2017-09-15,1255.645068,1424.378963,352.446466,666.482957
2017-09-16,804.028069,2257.310360,311.807699,1342.110444
2017-09-17,116.025660,1578.419704,125.883542,781.271850
2017-09-18,56.133931,332.242527,21.406665,200.415794
2017-09-19,17.173894,156.480489,22.851978,135.713628
2017-09-20,22.700238,154.131090,13.621631,190.173741
2017-09-21,1.046625,137.338396,22.303363,221.138123
2017-09-22,17.337456,102.790526,21.113761,116.238113
2017-09-23,93.165853,80.767032,20.336994,64.883460
2017-09-24,652.101662,356.177834,30.827392,80.073365
2017-09-25,84.770863,226.128807,63.067613,73.415748
2017-09-26,140.473665,233.704431,147.384891,195.912576
2017-09-27,141.239979,283.082665,21.722485,91.491154
2017-09-28,22.640192,65.236162,14.237010,30.413012
2017-09-29,4.987226,27.392497,10.051295,31.733585
2017-09-30,2.293106,19.872298,9.972120,22.885518
2017-10-01,13.507212,18.329727,10.675544,16.198194
2017-10-02,10.079702,18.286420,10.297691,56.550023
2017-10-03,23.504573,19.879581,9.929845,45.463270
2017-10-04,2.230455,20.255275,9.750648,22.720227
2017-10-05,2.102776,19.063282,10.304970,19.250805
2017-10-06,0.531771,18.764987,15.081849,29.507192
2017-10-07,265.125395,25.284320,21.612234,33.801427
2017-10-08,182.235694,35.051815,27.170867,40.162211
2017-10-09,103.368515,42.810508,21.349927,38.881995
2017-10-10,7.163059,24.555045,12.237513,18.385107
2017-10-11,93.647225,27.712173,18.841272,22.798439
2017-10-12,1.056007,23.558485,9.343551,10.239643
2017-10-13,0.271569,17.454551,9.249218,10.245078
2017-10-14,0.000004,16.817019,9.181888,10.218899
2017-10-15,0.576480,16.439383,9.957860,10.179409
2017-10-16,21.518323,16.269917,13.141488,12.409948
2017-10-17,183.175451,32.554074,43.638795,42.700401
2017-10-18,89.012735,52.052074,35.613206,41.617005
2017-10-19,204.074582,65.222982,70.084908,55.493311
2017-10-20,118.746546,71.789414,51.766981,42.788884
2017-10-21,34.966380,57.506131,13.012928,14.101135
2017-10-22,0.134463,19.431417,10.145102,9.966010
2017-10-23,5.934060,15.535275,10.594421,11.563797
2017-10-24,0.040783,15.097002,10.902360,11.744626
2017-10-25,0.018266,14.682219,11.175169,9.830786
2017-10-26,70.058954,23.211217,75.462811,12.792792
2017-10-27,68.133459,84.073094,20.881654,12.501239
2017-10-28,0.001180,27.242574,11.813663,9.774227
2017-10-29,0.164746,16.428943,11.984111,11.514889
2017-10-30,23.582989,16.631086,18.263315,10.408749
2017-10-31,0.119351,16.850661,12.159318,10.542789
2017-11-01,0.015774,14.635608,12.969677,12.112890
2017-11-02,0.004747,14.446210,12.328102,9.633026
2017-11-03,0.006905,12.206307,12.342327,9.722971
2017-11-04,0.001064,10.140152,12.418081,9.667569
2017-11-05,0.013394,5.528526,12.452988,9.643211
2017-11-06,0.006991,5.503526,12.453007,9.645532
2017-11-07,0.006243,5.455867,12.444359,9.634739
2017-11-08,0.001416,5.357038,12.461269,9.592416
2017-11-09,0.000022,5.329437,12.446847,9.628612
2017-11-10,0.000948,3.593599,12.410445,9.553141
2017-11-11,0.000021,1.047055,12.411860,9.563042
2017-11-12,0.070066,0.921593,12.400726,9.574056
2017-11-13,0.015042,1.029669,12.339235,9.517673
2017-11-14,0.011205,1.085697,12.303459,9.478471
2017-11-15,0.002959,0.933240,12.267415,9.441417
2017-11-16,0.001238,0.901047,12.233324,9.452996
2017-11-17,0.000079,0.897196,12.182546,9.447639
2017-11-18,0.000074,0.896669,12.195334,9.383139
2017-11-19,0.003745,0.993790,12.169255,9.372410
2017-11-20,0.001308,1.056019,12.024983,9.348360
2017-11-21,0.000493,1.140774,11.979848,9.331382
2017-11-22,0.000028,1.152858,11.921190,9.321875
2017-11-23,0.000393,1.153891,11.859536,9.316612
2017-11-24,0.000582,0.999114,11.788972,9.276273
2017-11-25,0.008928,0.910348,11.849851,9.259139
2017-11-26,0.004053,0.897731,11.793064,9.248125
2017-11-27,0.001207,0.896519,11.589842,9.152128
2017-11-28,0.000195,0.896313,12.737545,9.293497
2017-11-29,263.666521,2.676721,56.650429,9.669200
2017-11-30,479.494123,51.712756,89.372184,18.863269
2017-12-01,18.702543,5.940354,25.226989,12.717184
2017-12-02,0.000000,1.035050,11.234626,9.108142
2017-12-03,0.000019,0.914467,11.191732,9.103153
2017-12-04,0.000075,0.898000,11.128393,9.101684
2017-12-05,0.000080,0.896975,11.075064,9.049175
2017-12-06,0.002615,0.896396,11.019724,9.008556
2017-12-07,0.000333,0.896785,10.955913,9.051353
2017-12-08,0.000384,0.896785,10.883957,9.579185
2017-12-09,0.000715,0.896315,10.843391,9.035046
2017-12-10,0.001805,0.895838,10.764205,9.005538
2017-12-11,0.013713,0.895337,10.766613,14.757509
2017-12-12,0.006037,0.712687,10.738374,8.970219
2017-12-13,0.002483,0.707927,10.567106,8.989854
2017-12-14,0.011136,0.723913,10.513066,8.981745
2017-12-15,0.001257,0.702692,10.468639,8.980435
2017-12-16,0.003435,0.702121,10.914180,8.989246
2017-12-17,0.000000,1.124249,10.377721,8.838234
2017-12-18,0.009876,3.372263,10.810839,8.925500
2017-12-19,0.001980,3.877835,10.224579,8.947305
2017-12-20,0.000000,3.341770,10.097048,8.796623
2017-12-21,0.000000,0.775951,10.032622,8.886699
2017-12-22,0.000000,1.985527,9.953418,8.753168
2017-12-23,0.000000,1.397990,9.901977,8.862760
2017-12-24,0.000000,0.530468,9.829266,8.902665
2017-12-25,0.000000,0.530364,9.765374,8.833962
2017-12-26,0.000000,0.529964,9.667253,8.790104
2017-12-27,0.000000,0.530241,9.623674,8.832332
2017-12-28,0.000000,0.530242,9.535898,8.780467
2017-12-29,0.000000,0.530842,9.465284,8.848764
2017-12-30,0.000000,0.530753,9.390472,8.780083
2017-12-31,0.000000,0.567938,9.308839,8.699311
2018-01-01,0.000000,0.627018,9.242683,8.800491
2018-01-02,0.000000,0.627212,9.141662,8.630022
2018-01-03,0.000005,0.627528,9.079548,8.636045
2018-01-04,0.000006,0.627253,9.010024,8.610317
2018-01-05,0.000002,0.626870,8.908818,8.734471
2018-01-06,0.000002,0.627539,8.831811,8.624671
2018-01-07,0.000044,0.632337,8.775897,8.622379
2018-01-08,0.000514,1.103171,8.664515,8.552985
2018-01-09,0.301955,2.279378,10.852139,10.087100
2018-01-10,0.017453,2.472303,12.394752,8.579533
2018-01-11,0.006834,2.504822,8.543579,8.552193
2018-01-12,0.000729,1.462516,8.364925,8.578178
2018-01-13,0.000000,0.637311,8.425443,8.578864
2018-01-14,0.000000,1.099667,8.214628,8.482008
2018-01-15,0.000000,1.985167,8.149594,8.514856
2018-01-16,0.000000,2.437000,8.077615,8.440605
2018-01-17,0.000000,2.537444,8.012663,8.485574
2018-01-18,0.000001,4.149286,7.925904,10.107384
2018-01-19,0.000004,5.976840,7.867824,8.375143
2018-01-20,0.000016,6.267325,7.791627,8.374737
2018-01-21,0.000015,6.306876,7.718107,8.368444
2018-01-22,0.000037,6.344972,7.654327,8.346827
2018-01-23,0.000606,6.368677,7.577519,8.332822
2018-01-24,0.000014,6.368528,7.516634,8.342606
2018-01-25,0.000356,6.365923,7.450232,8.286613
2018-01-26,0.000854,6.365661,7.357816,8.306418
2018-01-27,0.000257,6.371918,7.310052,8.310490
2018-01-28,0.000052,6.258057,7.235314,8.278446
2018-01-29,0.000040,6.286276,7.176460,8.260521
2018-01-30,0.000521,6.635727,7.100198,8.234363
2018-01-31,0.000754,7.364358,7.030442,8.201696
2018-02-01,0.000880,6.868774,6.963507,8.222455
2018-02-02,0.000008,6.837503,6.899289,8.160618
2018-02-03,0.000150,6.094993,6.850625,8.185875
2018-02-04,0.000123,0.871237,7.092217,8.118657
2018-02-05,0.000000,0.829834,6.717442,8.138695
2018-02-06,0.000105,1.257970,6.641850,8.109317
2018-02-07,0.000201,2.044010,6.613892,8.221774
2018-02-08,0.000016,2.435533,6.510404,8.028658
2018-02-09,0.000008,3.126317,6.461703,8.054581
2018-02-10,0.000091,2.457190,6.422538,8.136440
2018-02-11,0.000001,3.502508,6.358803,8.071368
2018-02-12,0.000002,5.301349,6.285226,8.017933
2018-02-13,0.001186,5.241843,6.242153,8.011791
2018-02-14,0.000535,2.187885,6.280881,8.022544
2018-02-15,0.000488,4.277897,6.107154,8.003296
2018-02-16,0.002700,5.533861,6.929754,8.065874
2018-02-17,0.000072,4.789411,6.005953,7.996278
2018-02-18,0.000963,8.173020,6.186477,7.977135
2018-02-19,0.013139,6.184531,7.966899,7.957350
2018-02-20,0.091976,3.590525,7.126470,7.886245
2018-02-21,0.000074,2.172860,5.784672,8.000871
2018-02-22,0.000002,2.130024,5.753676,7.983041
2018-02-23,0.000211,2.384166,6.163333,8.051585
2018-02-24,0.889616,1.059955,11.784112,8.086657
2018-02-25,0.000000,0.861327,5.764201,8.241022
2018-02-26,0.000000,1.073308,5.530794,7.926494
2018-02-27,0.000000,1.630030,5.672667,7.845122
2018-02-28,0.000000,1.728110,5.440794,8.681239
2018-03-01,0.000000,1.769734,5.391683,7.820985
2018-03-02,0.000000,1.743420,5.331926,7.814132
2018-03-03,0.000000,1.748065,5.308714,7.851087
2018-03-04,0.000000,1.405558,5.249710,7.762976
2018-03-05,0.000000,0.834901,5.215060,7.716343
2018-03-06,0.000000,1.132397,5.141504,9.620739
2018-03-07,0.000000,4.018636,5.100838,7.811397
2018-03-08,0.000000,2.208736,5.085048,7.753079
2018-03-09,0.000000,3.757252,5.041600,7.738785
2018-03-10,0.000000,3.476234,4.977858,7.742108
2018-03-11,0.000000,4.012434,4.925606,8.061976
2018-03-12,0.000000,4.431220,4.893840,7.715413
2018-03-13,0.000000,4.496713,4.840476,7.694895
2018-03-14,0.000000,4.530848,4.806740,7.710771
2018-03-15,0.000000,4.672864,4.756248,7.660652
2018-03-16,0.000000,4.747177,4.716080,7.527583
2018-03-17,4.685651,2.528710,13.022134,7.724290
2018-03-18,23.503974,1.208509,43.821809,9.554865
2018-03-19,17.000543,1.317963,24.433631,12.453479
2018-03-20,4.801201,1.602207,14.156055,10.348459
2018-03-21,4.062413,3.711230,9.341910,7.690971
2018-03-22,1.796952,1.183028,4.695460,7.622764
2018-03-23,1.079097,0.914097,4.433831,7.651030
2018-03-24,0.000021,0.927008,4.437474,7.619803
2018-03-25,0.002293,1.760018,4.423298,7.646471
2018-03-26,0.000000,0.700030,5.221158,7.644874
2018-03-27,0.000000,0.655518,7.271122,7.544030
2018-03-28,3.777697,0.957359,4.328457,7.483522
2018-03-29,3.419310,0.771794,4.210287,7.511514
2018-03-30,1.767557,0.643989,4.187024,7.476880
2018-03-31,1.474429,0.639043,4.157376,7.475721
2018-04-01,2.247277,1.081628,4.115697,7.510008
2018-04-02,0.000079,1.606584,4.098013,7.245391
2018-04-03,1.409748,1.680465,4.222317,7.484857
2018-04-04,2.446589,1.740030,4.155572,7.442208
2018-04-05,0.059824,1.136014,3.995617,7.976988
2018-04-06,0.559766,1.375272,3.976802,7.288592
2018-04-07,0.000044,1.613857,3.948127,7.432823
2018-04-08,0.389652,1.693189,7.411165,7.504807
2018-04-09,6.817810,1.786497,4.059036,7.425999
2018-04-10,0.000234,1.804574,3.908747,7.430381
2018-04-11,6.868615,1.861231,7.443890,8.846580
2018-04-12,2.662955,2.190681,8.266103,13.746045
2018-04-13,7.330770,2.534687,4.567379,13.076818
2018-04-14,6.592804,2.820669,10.077175,14.251593
2018-04-15,19.806967,2.786749,3.739855,16.085340
2018-04-16,44.545367,3.083764,51.702218,23.927874
2018-04-17,75.577455,5.844446,26.306763,25.970774
2018-04-18,75.457026,7.065678,45.754635,25.900543
2018-04-19,136.971686,14.454854,53.068484,24.662698
2018-04-20,71.115020,10.567513,35.945559,30.239795
2018-04-21,32.895010,5.731080,41.023133,27.024057
2018-04-22,26.012728,4.949358,21.809463,14.877900
2018-04-23,11.534665,2.500752,28.494647,16.890569
2018-04-24,12.182964,1.778305,18.247852,11.721828
2018-04-25,10.317567,1.728532,9.686279,8.850678
2018-04-26,13.085396,1.726168,13.387257,13.662646
2018-04-27,6.162222,1.720726,6.239962,12.309071
2018-04-28,4.660931,1.729213,7.763099,15.832766
2018-04-29,0.848832,2.041404,3.744669,17.474432
2018-04-30,5.007647,2.335186,3.482637,20.370918
2018-05-01,4.470990,2.488374,4.067646,7.179230
2018-05-02,0.003742,3.198818,4.599770,10.249705
2018-05-03,3.533718,1.996083,11.010476,7.178860
2018-05-04,3.151202,1.827126,12.129651,7.344693
2018-05-05,0.000016,2.830617,5.554653,7.122713
2018-05-06,0.000005,3.054859,3.913740,17.660972
2018-05-07,0.000017,3.083848,8.277381,16.736875
2018-05-08,0.000131,3.087617,16.037408,7.135233
2018-05-09,2.505159,3.087143,23.033366,7.096502
2018-05-10,7.537423,3.652541,51.253915,30.658846
2018-05-11,10.702751,4.009313,44.927143,22.596280
2018-05-12,29.017039,4.034436,76.447824,22.304580
2018-05-13,54.204388,12.378132,114.173844,27.202482
2018-05-14,209.347690,34.292405,69.163537,20.764176
2018-05-15,52.734390,7.058356,11.582912,15.613376
2018-05-16,1.203834,3.235597,14.456239,23.367366
2018-05-17,353.407139,14.908907,65.272249,65.626571
2018-05-18,57.060957,18.323831,8.189050,19.985287
2018-05-19,34.076503,6.263619,7.047022,19.464893
2018-05-20,12.786194,3.485298,11.679760,18.551582
2018-05-21,25.626739,3.888292,15.126189,17.055637
2018-05-22,27.677020,5.285453,44.956376,25.589095
2018-05-23,142.222419,24.663304,56.129612,45.303100
2018-05-24,99.672036,29.200413,33.132160,58.226606
2018-05-25,36.352033,20.387801,42.480203,22.486077
2018-05-26,224.836904,45.801142,47.327378,68.999954
2018-05-27,181.499328,48.583323,30.071074,67.707089
2018-05-28,73.695254,29.507123,30.573207,33.471292
2018-05-29,198.640295,42.442447,76.082094,76.721757
2018-05-30,316.356538,104.303876,105.635314,96.431187
2018-05-31,265.462411,119.429872,116.581359,129.580044
2018-06-01,199.287396,109.444183,146.976572,127.370909
2018-06-02,373.893814,183.480827,223.433156,202.824834
2018-06-03,421.871858,278.631275,227.168430,200.359384
2018-06-04,444.686474,368.475685,238.810630,220.951128
2018-06-05,438.848606,387.869340,227.446793,272.770418
2018-06-06,656.652196,537.005898,344.085266,269.033205
2018-06-07,863.512437,928.158626,309.243759,322.013382
2018-06-08,429.919365,549.380621,231.469194,302.284946
2018-06-09,371.036832,553.295377,269.263793,241.476375
2018-06-10,608.503154,755.508167,205.557047,327.322919
2018-06-11,433.835792,757.419067,215.776314,385.750093
2018-06-12,328.521012,714.266152,249.092114,471.661216
2018-06-13,285.280708,659.274144,235.610211,313.778385
2018-06-14,243.722398,595.571000,229.519881,391.212296
2018-06-15,205.441066,507.748621,278.757654,371.442064
2018-06-16,148.873672,452.567048,254.473611,254.400951
2018-06-17,180.320083,463.440283,245.788736,253.704203
2018-06-18,203.650754,474.900626,270.004058,335.537190
2018-06-19,209.390103,575.538572,298.428296,423.860957
2018-06-20,169.530461,638.413145,358.239275,501.854031
2018-06-21,881.446777,776.608063,281.888317,464.825553
2018-06-22,385.860372,987.702472,322.027097,714.521530
2018-06-23,511.055795,751.718764,264.138296,577.032316
2018-06-24,287.546957,664.065547,239.545892,474.287462
2018-06-25,267.999395,728.623272,262.147293,617.015829
2018-06-26,189.665202,754.295293,254.926462,629.730605
2018-06-27,203.274287,831.419741,266.710989,653.406313
2018-06-28,280.129600,873.942651,299.546933,656.228541
2018-06-29,404.896286,1223.704119,276.491281,831.268108
2018-06-30,128.813427,795.123614,245.792893,868.230831
2018-07-01,411.513962,730.312211,276.923801,657.448848
2018-07-02,1096.503016,1457.646673,329.514207,931.215374
2018-07-03,186.989843,1064.587601,234.530548,855.091405
2018-07-04,113.706480,865.854355,239.808846,875.152350
2018-07-05,143.404609,815.778723,249.817344,894.487899
2018-07-06,172.445114,948.213862,269.623015,1091.614324
2018-07-07,200.504076,1134.662394,274.155150,1105.932261
2018-07-08,642.165811,934.494350,279.631985,635.593331
2018-07-09,357.626675,1189.968482,270.228409,1216.614950
2018-07-10,115.799487,1045.245462,227.501634,943.389087
2018-07-11,140.088168,1163.733837,247.838051,1141.193572
2018-07-12,147.856373,1376.218581,295.076982,1205.955856
2018-07-13,183.671150,1574.639639,297.304867,1268.873366
2018-07-14,134.761487,1665.131493,309.815552,1615.381066
2018-07-15,147.239947,2428.262841,328.733961,1590.968011
2018-07-16,104.829100,1817.410743,288.616384,1362.865061
2018-07-17,133.997265,1863.408873,340.682920,1682.282114
2018-07-18,112.533218,1794.877702,292.222712,1624.372315
2018-07-19,69.721614,1446.568401,285.346694,1383.166737
2018-07-20,190.169894,1311.380222,261.468574,1628.096278
2018-07-21,128.706325,1312.918810,232.279685,1326.685953
2018-07-22,71.541153,1350.387775,241.578095,1627.964737
2018-07-23,53.646583,1287.267832,224.450455,1423.707711
2018-07-24,43.279928,1156.044559,211.015784,1133.067152
2018-07-25,39.000908,1062.378277,225.715601,1442.871184
2018-07-26,38.789876,951.458868,218.514104,1232.197191
2018-07-27,63.467844,1157.996690,234.581184,1460.763580
2018-07-28,55.772014,1331.687132,236.786205,1462.545020
2018-07-29,215.189961,1929.202736,322.285878,1702.416008
2018-07-30,119.950493,2752.777445,217.465505,1735.437141
2018-07-31,180.268457,2020.068490,224.143089,1801.872143
2018-08-01,90.382540,1852.592742,231.887414,2057.858259
2018-08-02,133.237315,1405.444788,206.537012,1498.062438
2018-08-03,60.387668,1422.516806,205.391260,1508.856998
2018-08-04,41.311267,1424.481842,201.042581,1581.443833
2018-08-05,44.424675,1333.340198,183.491403,1495.522930
2018-08-06,43.739239,1428.294931,199.840326,1615.928816
2018-08-07,36.316393,1418.100156,178.944614,1485.024116
2018-08-08,39.064926,1296.588130,174.927365,1498.496449
2018-08-09,37.865075,1490.177552,186.693062,1660.772950
2018-08-10,34.719223,1430.535047,159.646518,1306.035961
2018-08-11,77.675259,1389.817229,169.347240,1316.608575
2018-08-12,374.481014,1799.280615,169.737824,1526.034479
2018-08-13,344.810933,2564.882508,160.737865,1262.731459
2018-08-14,34.797832,1798.568783,154.744869,1212.545228
2018-08-15,26.015320,1276.694341,148.551818,1160.516029
2018-08-16,19.237343,1204.707069,138.780120,902.361204
2018-08-17,13.435228,1040.846520,135.471890,1106.670623
2018-08-18,9.377211,876.624355,123.145166,952.939845
2018-08-19,9.639713,751.964464,116.486137,505.320139
2018-08-20,5.360062,645.217134,109.315175,701.608178
2018-08-21,2.147121,548.862571,109.297186,498.400837
2018-08-22,83.325677,510.399683,119.122278,719.779414
2018-08-23,2.132120,499.237007,95.820572,632.972477
2018-08-24,0.150212,426.892615,85.484133,577.196302
2018-08-25,0.167891,316.506892,90.095366,273.985731
2018-08-26,83.683778,202.921115,80.987670,224.319451
2018-08-27,50.582083,201.708703,79.687883,304.042491
2018-08-28,2.987741,204.175178,59.258903,302.110199
2018-08-29,1.294601,149.804747,73.769956,319.913083
2018-08-30,432.214587,185.336747,133.191257,202.890482
2018-08-31,149.981718,387.584962,69.686753,328.003829
2018-09-01,15.872648,234.478199,30.687925,416.875465
2018-09-02,1.413896,167.097276,32.671603,322.157790
2018-09-03,73.693379,124.146600,49.396193,290.827003
2018-09-04,2.843336,155.519977,38.928319,331.819010
2018-09-05,38.022112,158.020349,87.473968,329.012970
2018-09-06,277.470961,423.159287,176.257982,379.882268
2018-09-07,803.703588,1922.840882,282.729515,646.896945
2018-09-08,564.949669,2548.311342,323.293910,655.675507
2018-09-09,615.107187,1008.763254,129.255883,427.599305
2018-09-10,733.605685,725.586081,75.480361,369.398963
2018-09-11,109.340564,349.708028,55.789816,281.951765
2018-09-12,274.811116,401.983554,68.571539,410.370136
2018-09-13,97.058009,439.000727,52.487351,287.479174
2018-09-14,11.440854,208.329697,39.999106,251.356651
2018-09-15,133.332539,116.962670,50.448376,222.168581
2018-09-16,82.926439,78.088391,35.761995,130.105287
2018-09-17,36.490172,84.555224,46.378677,103.068172
2018-09-18,0.853369,75.840035,29.532893,151.454935
2018-09-19,0.549428,44.377412,27.861125,32.794841
2018-09-20,0.823044,26.100838,27.222059,25.050151
2018-09-21,1.163035,20.395745,26.833892,11.675563
2018-09-22,0.548045,18.232979,26.761094,32.923102
2018-09-23,0.113832,14.618116,26.144662,23.315497
2018-09-24,43.908255,14.122107,27.781265,22.825390
2018-09-25,54.358487,14.060030,25.442826,14.537752
2018-09-26,15.239361,14.154230,24.975981,13.069186
2018-09-27,6.180886,13.923219,24.910224,22.129635
2018-09-28,83.648729,13.667567,26.628029,22.398316
2018-09-29,7.567498,13.741074,23.887891,17.328373
2018-09-30,0.016709,13.654444,23.824406,15.612523
2018-10-01,4.471829,13.596938,23.208718,11.112780
2018-10-02,26.516674,13.562327,22.852842,11.127345
2018-10-03,6.567231,13.383853,22.446870,11.062908
2018-10-04,7.618961,13.547462,22.117589,11.030613
2018-10-05,0.053452,12.754909,21.754200,13.849880
2018-10-06,0.904455,12.148704,24.306998,11.012656
2018-10-07,1.141260,12.155082,21.523468,10.976732
2018-10-08,0.520196,12.160422,20.754372,10.925371
2018-10-09,0.000246,12.258238,20.437372,10.934625
2018-10-10,0.000276,12.303174,20.089747,10.838852
2018-10-11,0.015636,12.281980,20.805716,12.323051
2018-10-12,4.698070,12.286683,39.421167,10.997698
2018-10-13,0.001418,12.267978,19.174411,10.809531
2018-10-14,0.000743,12.348454,18.854073,10.738530
2018-10-15,0.017642,12.453860,18.591116,10.709290
2018-10-16,0.036104,12.454234,18.311150,10.696160
2018-10-17,0.008260,12.402853,18.008936,10.683538
2018-10-18,43.172688,12.372782,20.139843,10.843732
2018-10-19,20.326368,12.165036,18.121166,10.592983
2018-10-20,0.001093,12.114847,17.793313,10.597378
2018-10-21,0.000000,12.043020,16.955245,10.537167
2018-10-22,0.000012,7.617040,16.698536,12.017026
2018-10-23,0.000057,4.803705,16.476830,10.484494
2018-10-24,0.000276,4.912363,16.222531,10.432056
2018-10-25,0.000087,4.941859,15.993262,10.411091
2018-10-26,0.000001,4.977960,15.772245,11.523682
2018-10-27,0.016931,6.111542,16.744500,10.375165
2018-10-28,0.000001,6.372316,15.423659,10.292823
2018-10-29,0.000457,6.418980,15.055828,10.386812
2018-10-30,0.000235,6.440308,14.826652,10.216317
2018-10-31,0.650155,6.462574,14.609353,10.281571
2018-11-01,0.000331,6.689629,14.412216,10.212444
2018-11-02,0.000135,6.432799,14.157476,10.143185
2018-11-03,0.000055,5.047945,13.967932,10.215967
2018-11-04,0.004384,5.877555,13.860731,10.182982
2018-11-05,0.012051,6.618974,13.529081,10.124733
2018-11-06,0.004247,6.597946,13.328243,10.002507
2018-11-07,0.052896,6.352365,13.878405,10.128933
2018-11-08,1.038336,6.349890,24.746315,10.033538
2018-11-09,27.214041,6.445668,19.001389,10.357725
2018-11-10,0.000312,6.433145,12.537551,10.001659
2018-11-11,0.265608,6.346404,14.025713,9.977622
2018-11-12,0.001107,6.338564,12.833341,9.951682
2018-11-13,0.004056,6.328449,12.024365,9.917041
2018-11-14,0.000731,6.334575,11.809683,9.899826
2018-11-15,0.001055,6.325923,11.613379,9.894984
2018-11-16,0.914911,6.317314,12.289848,9.857248
2018-11-17,45.225780,7.019492,94.549876,10.091721
2018-11-18,108.073249,16.948074,36.135501,9.934674
2018-11-19,164.654332,9.055491,89.727102,10.626137
2018-11-20,751.890495,75.020895,379.411362,77.671500
2018-11-21,11.752437,54.156682,12.444241,9.849751
2018-11-22,0.065678,10.990932,10.741719,9.663007
2018-11-23,0.027185,6.888124,10.745008,9.680361
2018-11-24,0.004646,6.322580,10.732583,9.613465
2018-11-25,0.000276,6.161596,10.723126,9.643801
2018-11-26,0.000670,6.128816,10.713023,9.573042
2018-11-27,0.000818,5.453756,10.663509,9.557499
2018-11-28,0.000463,4.187106,10.621564,9.602107
2018-11-29,0.002918,3.620241,10.570674,9.532254
2018-11-30,0.000095,3.620373,10.507989,9.510996
2018-12-01,0.000032,3.618147,10.431811,9.490100
2018-12-02,0.000187,3.619974,10.339433,9.441901
2018-12-03,0.002139,3.620197,10.248554,9.460258
2018-12-04,0.001753,3.605069,10.148972,9.462800
2018-12-05,0.001511,3.590339,10.061569,9.451288
2018-12-06,0.000919,3.588206,9.932986,9.438984
2018-12-07,0.000416,3.590092,9.843662,9.383502
2018-12-08,0.005004,3.590282,9.727557,9.378525
2018-12-09,0.002148,3.590754,9.629353,9.403679
2018-12-10,0.001355,3.593366,10.254342,9.353399
2018-12-11,2.145185,3.591272,22.250074,10.559774
2018-12-12,0.759551,3.714700,29.445477,9.433449
2018-12-13,25.028242,5.781194,67.774224,9.394150
2018-12-14,12.201831,15.429279,34.614485,9.307586
2018-12-15,4.675970,8.268705,9.622053,9.283430
2018-12-16,0.003845,6.389927,10.349850,9.249694
2018-12-17,0.006226,6.085690,9.264129,9.306206
2018-12-18,0.002975,5.997581,8.782799,10.873960
2018-12-19,0.000707,5.984677,8.601563,9.252536
2018-12-20,0.000675,5.719127,8.529847,9.244263
2018-12-21,0.000922,5.619674,8.439134,9.242112
2018-12-22,0.002422,5.602708,8.348060,9.252504
2018-12-23,0.004545,5.602176,10.281254,9.376040
2018-12-24,1.053600,5.818361,9.144915,9.204368
2018-12-25,0.152551,5.959076,8.963306,9.185862
2018-12-26,2.308229,6.021268,8.739149,9.231749
2018-12-27,0.000000,6.029299,7.911018,9.062893
2018-12-28,0.000000,6.029301,7.856655,8.857369
2018-12-29,0.000000,6.029253,7.767707,9.113752
2018-12-30,0.000000,4.617983,7.677196,9.156426
2018-12-31,0.000000,3.649923,7.616238,8.733611
2019-01-01,0.000000,5.467607,10.966910,9.093601
2019-01-02,0.000000,5.446484,16.538888,9.191477
2019-01-03,327.248766,43.875963,100.453699,8.976088
2019-01-04,20.035456,18.217294,44.122535,13.318170
2019-01-05,8.461911,6.740921,8.620668,9.097857
2019-01-06,0.000000,3.650526,7.166574,8.958601
2019-01-07,0.000000,3.188924,7.091740,10.036474
2019-01-08,1.020976,4.868331,20.043207,9.373976
2019-01-09,0.001146,4.961169,20.056455,12.923339
2019-01-10,0.000000,3.315721,6.880468,8.927322
2019-01-11,0.000000,4.783543,6.842570,8.937706
2019-01-12,0.000000,3.098901,6.755916,8.906103
2019-01-13,0.000000,3.495471,6.713682,8.909484
2019-01-14,0.000000,3.700971,6.634233,8.870296
2019-01-15,0.000000,3.027542,6.576005,8.872735
2019-01-16,0.000000,3.579079,6.523245,8.852685
2019-01-17,0.000000,5.045072,6.460552,8.898900
2019-01-18,0.000000,5.308930,6.387203,8.839367
2019-01-19,0.000000,5.330106,6.375637,8.858431
2019-01-20,0.000000,7.963140,6.279300,8.328566
2019-01-21,0.000000,9.378082,6.206682,8.767217
2019-01-22,0.000000,8.208080,6.135879,8.835026
2019-01-23,0.000000,8.474787,6.089445,8.457008
2019-01-24,0.000000,9.257657,6.011761,8.755698
2019-01-25,0.000000,9.053773,5.980386,8.827333
2019-01-26,0.000000,8.672277,5.899238,8.585976
2019-01-27,0.000000,9.596486,5.963535,8.760788
2019-01-28,0.000000,9.567341,5.786789,8.754787
2019-01-29,0.000000,9.504916,5.723185,8.494999
2019-01-30,0.000000,5.291548,5.672882,8.811987
2019-01-31,0.000000,3.128976,5.596107,8.404349
2019-02-01,0.000000,3.084449,5.540932,8.731157
2019-02-02,0.000000,4.639226,5.491874,8.581534
2019-02-03,0.000000,8.106905,5.421358,8.600558
2019-02-04,0.000000,9.408585,5.359534,8.344337
2019-02-05,0.000000,10.102485,5.316062,8.621531
2019-02-06,0.000000,10.702428,5.234283,10.187452
2019-02-07,0.000000,11.132200,5.202170,8.538940
2019-02-08,0.000000,11.179484,5.131190,8.559672
2019-02-09,0.000000,6.929614,5.081954,8.526542
2019-02-10,0.000000,4.311735,5.028595,8.531747
2019-02-11,0.000000,6.278268,4.964789,8.531192
2019-02-12,0.000000,9.081810,4.901856,8.557072
2019-02-13,0.000000,7.402550,4.847986,8.550144
2019-02-14,0.000000,8.464255,4.791559,8.156081
2019-02-15,0.000000,10.798765,4.738080,8.473453
2019-02-16,0.000000,10.028560,4.677665,8.153722
2019-02-17,0.000000,10.173372,4.628347,8.439093
2019-02-18,0.000000,6.085861,4.567010,8.453193
2019-02-19,0.000000,8.577232,4.664435,8.443581
2019-02-20,0.000000,8.936261,5.025957,8.406949
2019-02-21,17.009277,8.968730,66.584620,8.445071
2019-02-22,25.995145,8.986305,22.528927,8.401414
2019-02-23,0.000000,8.968049,4.418493,8.391687
2019-02-24,0.000000,9.068153,5.535833,8.343900
2019-02-25,0.000000,9.329331,5.298754,8.414043
2019-02-26,0.000000,9.469589,4.448097,9.838294
2019-02-27,0.000000,9.291332,4.871925,8.120611
2019-02-28,0.000000,9.525994,10.144377,8.291031
2019-03-01,0.000000,9.638664,29.781070,8.130236
2019-03-02,0.000000,9.399610,4.032525,8.226469
2019-03-03,0.000000,9.344524,3.994143,8.278605
2019-03-04,0.000000,9.484327,3.942787,8.318862
2019-03-05,0.000000,9.010572,3.914394,8.077539
2019-03-06,0.000000,5.522405,3.858498,8.245742
2019-03-07,0.000000,5.864308,3.829853,8.027523
2019-03-08,0.000000,5.937180,3.796274,8.215539
2019-03-09,0.000000,6.367988,3.758580,8.264596
2019-03-10,0.000000,5.846925,3.726379,8.198180
2019-03-11,0.000000,6.221795,3.683407,7.939544
2019-03-12,0.000000,7.543124,3.648521,8.194024
2019-03-13,0.000000,7.644800,3.612508,8.183018
2019-03-14,0.000000,7.630118,3.573103,8.170506
2019-03-15,0.000000,7.104038,3.533506,7.785865
2019-03-16,0.000000,6.364329,3.511506,7.796039
2019-03-17,0.000000,6.982026,3.522628,8.152676
2019-03-18,0.000000,7.411962,3.706117,7.839067
2019-03-19,0.000000,7.221114,3.440331,7.758789
2019-03-20,0.000000,3.730402,3.365181,11.300922
2019-03-21,0.000000,2.784804,3.331771,7.784987
2019-03-22,0.000000,4.449983,3.283286,7.780060
2019-03-23,0.000000,3.197870,3.268680,8.108959
2019-03-24,0.000000,3.032091,3.238001,8.031335
2019-03-25,0.000000,4.316337,3.315027,8.833573
2019-03-26,0.000000,5.091728,3.568900,8.050409
2019-03-27,0.000000,5.171130,3.146942,7.986977
2019-03-28,0.000000,3.523676,3.104879,7.708448
2019-03-29,0.000000,3.043495,3.072408,7.965785
2019-03-30,0.000000,4.107187,3.042132,7.965657
2019-03-31,0.000000,5.673139,3.051138,7.682983
2019-04-01,0.000000,6.139479,3.025343,7.967163
2019-04-02,0.000000,6.140775,2.994906,15.284489
2019-04-03,0.000000,6.122739,4.679494,7.979073
2019-04-04,0.000000,6.088495,2.890033,7.641017
2019-04-05,0.000000,6.075606,2.874331,7.927223
2019-04-06,0.000000,6.067315,5.096794,12.929490
2019-04-07,0.000000,6.088910,10.116661,7.900327
2019-04-08,0.000000,6.072939,13.161374,14.741752
2019-04-09,0.000000,6.055149,9.881199,18.157280
2019-04-10,11.403906,6.090346,14.023301,18.113306
2019-04-11,324.491173,9.544913,172.141006,15.233881
2019-04-12,536.906212,30.601962,396.838035,15.163143
2019-04-13,756.032207,121.227428,340.394720,27.229987
2019-04-14,655.798583,135.371512,375.314681,72.369900
2019-04-15,277.222929,109.426298,80.124909,33.472708
2019-04-16,127.860592,50.020167,52.173587,30.948849
2019-04-17,246.275316,48.351517,30.538910,29.162548
2019-04-18,36.511755,14.292026,27.605988,40.290668
2019-04-19,218.039135,25.868357,38.624231,31.848390
2019-04-20,169.012663,37.371065,32.219711,27.934277
2019-04-21,26.323378,21.975231,15.919572,30.667105
2019-04-22,5.188947,8.683905,7.114497,7.420770
2019-04-23,7.317416,8.046548,10.609267,7.680329
2019-04-24,13.363256,8.633735,48.817387,38.401068
2019-04-25,349.920509,51.159730,174.995834,106.178413
2019-04-26,388.614738,172.448949,363.585700,142.800226
2019-04-27,418.597536,192.957757,229.067572,132.844043
2019-04-28,300.136130,170.365547,116.788022,81.159633
2019-04-29,503.589734,272.855738,313.431589,195.840806
2019-04-30,331.338663,281.193508,210.233365,134.289965
2019-05-01,387.120505,318.305288,172.696654,198.644175
2019-05-02,175.623905,247.666296,111.161108,121.941807
2019-05-03,33.975059,104.607834,101.902916,158.164199
2019-05-04,102.653776,96.156358,153.915443,164.227280
2019-05-05,177.590276,155.234101,167.411258,105.395197
2019-05-06,241.206931,240.464343,170.023241,157.553137
2019-05-07,248.731716,316.388003,188.221103,148.720551
2019-05-08,76.316423,232.669908,162.222457,132.325669
2019-05-09,50.889514,94.641543,86.407355,33.184820
2019-05-10,29.657966,56.731735,70.234557,28.176739
2019-05-11,17.981532,54.071059,91.326188,30.654368
2019-05-12,10.211996,54.097611,115.989536,29.845778
2019-05-13,40.274574,51.705994,180.242417,46.358730
2019-05-14,178.407385,146.676566,254.755660,110.339368
2019-05-15,542.205299,525.433362,335.790710,174.372669
2019-05-16,337.829877,533.080932,253.391364,294.909865
2019-05-17,399.194140,515.085404,221.593621,265.515259
2019-05-18,473.406951,509.732156,261.310701,345.646685
2019-05-19,801.599282,658.330057,249.971170,396.854770
2019-05-20,480.420991,725.839144,169.113205,333.334028
2019-05-21,193.554011,471.463721,156.156340,207.020917
2019-05-22,308.614549,536.628657,222.124553,382.915942
2019-05-23,189.974827,552.459500,192.110883,309.999159
2019-05-24,134.978754,525.738065,199.997857,256.660197
2019-05-25,140.222776,530.863984,220.558476,284.121175
2019-05-26,154.932794,557.714006,233.954668,289.510590
2019-05-27,140.654981,583.916848,238.472172,328.643161
2019-05-28,102.317155,546.826843,223.307347,229.170673
2019-05-29,117.415781,525.595913,274.138436,361.981192
2019-05-30,102.633561,539.050426,304.795225,340.483154
2019-05-31,80.879405,471.054638,242.817804,306.968928
2019-06-01,55.548559,409.596234,257.789708,214.907164
2019-06-02,82.525699,428.994996,298.133843,312.147083
2019-06-03,89.053547,464.834944,297.078988,377.996133
2019-06-04,121.754863,509.427615,308.563690,393.660854
2019-06-05,125.756795,569.549965,319.937467,421.348859
2019-06-06,98.781574,586.427139,336.809003,479.908819
2019-06-07,140.696762,678.249612,350.285322,544.818856
2019-06-08,144.041010,802.892096,376.907768,620.868243
2019-06-09,141.221861,847.530063,358.070779,637.206201
2019-06-10,126.566465,876.327508,378.644312,681.489439
2019-06-11,349.425898,919.482778,418.461868,497.284335
2019-06-12,487.879250,1823.752676,393.312115,862.701753
2019-06-13,231.195299,1509.370455,316.345077,913.222674
2019-06-14,294.806806,1943.172899,327.105917,1041.990370
2019-06-15,179.235581,1843.718411,322.143256,991.175217
2019-06-16,203.984415,2025.468556,345.868045,1204.846503
2019-06-17,163.402136,2371.091886,356.792150,1291.547142
2019-06-18,113.339845,1677.230344,323.887988,1091.898736
2019-06-19,127.246746,1571.483265,332.284736,1155.310176
2019-06-20,93.120500,1453.871468,328.594945,1113.034488
2019-06-21,108.542468,1451.461389,325.998966,1141.765111
2019-06-22,102.132553,1465.268188,318.084800,1144.033264
2019-06-23,104.079169,1561.224561,341.234233,1353.751596
2019-06-24,102.024093,1216.752163,270.955960,736.903552
2019-06-25,140.377675,1628.870844,334.745458,1784.468026
2019-06-26,107.378062,2066.878659,374.976230,1570.068167
2019-06-27,309.896506,1721.352039,297.623133,1242.866930
2019-06-28,164.128350,1548.954380,291.955004,1408.956788
2019-06-29,329.731368,1570.454465,285.820865,1419.125818
2019-06-30,980.513783,1331.656108,365.133060,1402.471698
2019-07-01,399.854136,1127.356057,217.505868,1361.621096
2019-07-02,265.026814,824.112298,188.007541,1169.652012
2019-07-03,461.431344,2248.601608,237.827433,1546.525649
2019-07-04,87.030608,1943.550080,191.865203,1891.634915
2019-07-05,92.094377,1891.588134,173.594011,1711.653387
2019-07-06,94.714489,1834.054822,180.175033,1794.911639
2019-07-07,89.521209,1778.949754,185.916339,1790.683019
2019-07-08,85.740035,1829.800758,188.457153,1814.191536
2019-07-09,90.354452,1761.329874,192.138679,1803.587461
2019-07-10,75.525544,1688.115538,182.052681,1804.432094
2019-07-11,62.645969,1697.377635,179.957675,1756.350827
2019-07-12,58.873873,1684.632206,188.214552,1797.878077
2019-07-13,69.724002,1765.050819,191.666802,1859.398555
2019-07-14,63.102892,1775.937464,224.333780,1998.163261
2019-07-15,98.559832,1762.779818,233.970422,2124.862670
2019-07-16,143.346438,2489.812558,212.921148,2237.017109
2019-07-17,78.110640,2466.281256,198.940939,1967.539547
2019-07-18,70.035024,2321.131086,192.672587,2245.962152
2019-07-19,70.992024,2322.163351,195.896117,2249.821288
2019-07-20,84.910803,2521.422661,201.034387,2299.286439
2019-07-21,72.958601,2522.483282,209.381303,2334.135429
2019-07-22,76.373841,2573.999746,189.360319,2331.856149
2019-07-23,66.431762,2450.829475,182.579587,2086.415682
2019-07-24,58.161859,2313.236835,167.487210,1887.809779
2019-07-25,61.579987,1941.919238,179.602855,1896.826302
2019-07-26,259.791321,1648.286272,147.027653,1285.945251
2019-07-27,82.578799,1640.428763,162.404121,1942.390016
2019-07-28,819.191158,3159.609978,223.006747,2213.664028
2019-07-29,1121.134990,5508.903971,203.660307,2036.011480
2019-07-30,414.868934,7392.059976,455.002738,4427.489721
2019-07-31,128.977181,6762.935116,194.812441,3187.182606
2019-08-01,75.981476,3832.840477,90.167077,2173.081834
2019-08-02,47.033435,2646.259696,89.286749,1959.264761
2019-08-03,50.176746,2430.534624,98.349485,1937.266552
2019-08-04,50.137530,2457.755519,111.263673,1932.860229
2019-08-05,47.793625,2527.102665,110.980982,1989.803233
2019-08-06,49.461447,2472.629807,102.266329,1420.772287
2019-08-07,41.157240,2048.255323,102.904855,1592.914151
2019-08-08,26.116684,1620.104378,103.764506,1337.321958
2019-08-09,25.069221,1452.392918,102.453064,1285.856767
2019-08-10,20.092964,1400.001233,110.692138,1301.923311
2019-08-11,19.986599,1309.632909,102.932889,1286.461054
2019-08-12,12.734103,1177.339029,91.820419,1157.062350
2019-08-13,9.540879,989.448123,93.285537,1058.774143
2019-08-14,13.702017,932.414792,92.229837,1094.091000
2019-08-15,9.448793,789.050724,107.200849,923.370195
2019-08-16,18.420655,1056.910773,116.486292,1438.519568
2019-08-17,11.593885,1039.164600,90.802844,950.169015
2019-08-18,9.587333,825.642154,83.582899,846.154312
2019-08-19,12.736343,772.115818,78.045131,760.708220
2019-08-20,7.784113,700.666506,77.341508,716.219841
2019-08-21,8.502593,641.719116,73.798298,729.949267
2019-08-22,6.000447,576.988386,73.755142,589.743526
2019-08-23,311.945787,472.484367,76.886809,579.800977
2019-08-24,421.752242,658.267409,73.756721,505.826898
2019-08-25,43.292599,629.599544,89.263919,699.237361
2019-08-26,7.243337,515.988860,61.117308,834.729683
2019-08-27,1.016728,380.613642,46.823140,544.026932
2019-08-28,0.669725,325.496029,49.554770,575.270902
2019-08-29,0.212412,295.488615,43.779925,486.154317
2019-08-30,0.059529,250.858513,40.730871,315.894393
2019-08-31,0.259640,216.122876,33.419021,481.560489
2019-09-01,0.901798,215.457631,0.000000,0.000000
2019-09-02,1.083953,207.562434,0.000000,0.000000
2019-09-03,1.455927,241.471467,0.000000,0.000000
2019-09-04,0.996241,307.282780,0.000000,0.000000
2019-09-05,58.532964,318.337548,0.000000,0.000000
2019-09-06,108.533011,202.154067,0.000000,0.000000
2019-09-07,667.122906,697.473156,0.000000,0.000000
2019-09-08,107.063275,470.889649,0.000000,0.000000
2019-09-09,94.576953,268.633654,0.000000,0.000000
2019-09-10,8.704541,154.607945,0.000000,0.000000
2019-09-11,34.664786,109.834893,0.000000,0.000000
2019-09-12,53.565197,72.604125,0.000000,0.000000
2019-09-13,3.658162,36.982439,0.000000,0.000000
2019-09-14,0.183890,21.612219,0.000000,0.000000
2019-09-15,0.337680,17.819349,0.000000,0.000000
2019-09-16,0.037493,16.603350,0.000000,0.000000
2019-09-17,0.006658,15.969937,0.000000,0.000000
2019-09-18,0.020227,15.685385,0.000000,0.000000
2019-09-19,33.901603,16.130166,0.000000,0.000000
2019-09-20,265.043138,65.672798,0.000000,0.000000
2019-09-21,123.252528,128.335950,0.000000,0.000000
2019-09-22,207.655896,1157.149518,0.000000,0.000000
2019-09-23,275.512587,2137.455211,0.000000,0.000000
2019-09-24,140.467676,1420.319436,0.000000,0.000000
2019-09-25,42.990135,610.947444,0.000000,0.000000
2019-09-26,57.032150,317.522482,0.000000,0.000000
2019-09-27,27.754040,377.145355,0.000000,0.000000
2019-09-28,0.044846,155.306117,0.000000,0.000000
2019-09-29,0.166004,79.680819,0.000000,0.000000
2019-09-30,0.039162,53.945572,0.000000,0.000000
2019-10-01,0.002289,39.337720,0.000000,0.000000
2019-10-02,1.217252,25.743457,0.000000,0.000000
2019-10-03,297.271260,89.750511,0.000000,0.000000
2019-10-04,252.194025,415.668944,0.000000,0.000000
2019-10-05,171.659204,350.263580,0.000000,0.000000
2019-10-06,165.356081,359.439403,0.000000,0.000000
2019-10-07,12.569190,191.208480,0.000000,0.000000
2019-10-08,1.717911,42.652531,0.000000,0.000000
2019-10-09,3.361034,31.743812,0.000000,0.000000
2019-10-10,0.007236,21.326552,0.000000,0.000000
2019-10-11,0.000085,18.525049,0.000000,0.000000
2019-10-12,2.855813,17.905940,0.000000,0.000000
2019-10-13,2.446015,17.049880,0.000000,0.000000
2019-10-14,4.930444,17.065006,0.000000,0.000000
2019-10-15,0.000462,17.163439,0.000000,0.000000
2019-10-16,1.059872,18.064257,0.000000,0.000000
2019-10-17,0.000080,18.558282,0.000000,0.000000
2019-10-18,0.000717,18.650277,0.000000,0.000000
2019-10-19,0.190109,18.696073,0.000000,0.000000
2019-10-20,0.291575,19.066723,0.000000,0.000000
2019-10-21,0.009394,16.738002,0.000000,0.000000
2019-10-22,0.011785,10.886766,0.000000,0.000000
2019-10-23,0.000777,10.160547,0.000000,0.000000
2019-10-24,0.000682,10.094300,0.000000,0.000000
2019-10-25,0.000604,9.304107,0.000000,0.000000
2019-10-26,0.258931,8.815853,0.000000,0.000000
2019-10-27,0.532114,9.844612,0.000000,0.000000
2019-10-28,0.008475,10.254245,0.000000,0.000000
2019-10-29,0.001098,10.262370,0.000000,0.000000
2019-10-30,0.000916,10.265004,0.000000,0.000000
2019-10-31,0.001789,10.264462,0.000000,0.000000
2019-11-01,0.015662,9.621886,0.000000,0.000000
2019-11-02,0.000539,9.833311,0.000000,0.000000
2019-11-03,0.003103,10.058199,0.000000,0.000000
2019-11-04,0.001924,9.653956,0.000000,0.000000
2019-11-05,0.038614,9.100606,0.000000,0.000000
2019-11-06,0.004461,7.757967,0.000000,0.000000
2019-11-07,0.043752,8.304606,0.000000,0.000000
2019-11-08,0.619149,8.601258,0.000000,0.000000
2019-11-09,0.035193,8.708680,0.000000,0.000000
2019-11-10,3.229585,8.719435,0.000000,0.000000
2019-11-11,18.314980,9.574727,0.000000,0.000000
2019-11-12,11.168202,7.365628,0.000000,0.000000
2019-11-13,0.732735,8.092675,0.000000,0.000000
2019-11-14,0.046911,8.295813,0.000000,0.000000
2019-11-15,0.131803,6.823458,0.000000,0.000000
2019-11-16,0.000020,6.827404,0.000000,0.000000
2019-11-17,0.000032,6.844789,0.000000,0.000000
2019-11-18,0.762942,6.837569,0.000000,0.000000
2019-11-19,3.354161,6.816119,0.000000,0.000000
2019-11-20,2.436652,6.829017,0.000000,0.000000
2019-11-21,0.053973,6.808964,0.000000,0.000000
2019-11-22,0.000000,6.810346,0.000000,0.000000
2019-11-23,0.000000,6.809699,0.000000,0.000000
2019-11-24,0.000000,6.809525,0.000000,0.000000
2019-11-25,0.000000,6.809394,0.000000,0.000000
2019-11-26,0.000014,6.805849,0.000000,0.000000
2019-11-27,0.000007,6.809295,0.000000,0.000000
2019-11-28,0.000097,6.808953,0.000000,0.000000
2019-11-29,0.001204,6.808919,0.000000,0.000000
2019-11-30,0.000592,6.805817,0.000000,0.000000
2019-12-01,0.038038,6.801637,0.000000,0.000000
2019-12-02,3.265002,6.564867,0.000000,0.000000
2019-12-03,1.516828,6.192775,0.000000,0.000000
2019-12-04,0.000000,6.173725,0.000000,0.000000
2019-12-05,0.000000,6.097229,0.000000,0.000000
2019-12-06,0.000000,6.100182,0.000000,0.000000
2019-12-07,0.000000,6.129573,0.000000,0.000000
2019-12-08,0.000000,6.127543,0.000000,0.000000
2019-12-09,0.000000,6.100799,0.000000,0.000000
2019-12-10,0.000000,6.083475,0.000000,0.000000
2019-12-11,0.000000,5.999855,0.000000,0.000000
2019-12-12,0.000000,5.992852,0.000000,0.000000
2019-12-13,0.000000,5.356452,0.000000,0.000000
2019-12-14,0.000000,5.272782,0.000000,0.000000
2019-12-15,0.000000,5.252943,0.000000,0.000000
2019-12-16,0.000000,5.250472,0.000000,0.000000
2019-12-17,0.000000,5.253329,0.000000,0.000000
2019-12-18,0.000000,5.252478,0.000000,0.000000
2019-12-19,0.000000,5.252276,0.000000,0.000000
2019-12-20,0.000000,5.252234,0.000000,0.000000
2019-12-21,0.000000,5.249719,0.000000,0.000000
2019-12-22,0.000000,5.252389,0.000000,0.000000
2019-12-23,0.000000,5.251486,0.000000,0.000000
2019-12-24,0.000000,5.251240,0.000000,0.000000
2019-12-25,0.000000,5.250713,0.000000,0.000000
2019-12-26,0.000000,5.248504,0.000000,0.000000
2019-12-27,0.000000,5.239892,0.000000,0.000000
2019-12-28,0.000000,5.228741,0.000000,0.000000
2019-12-29,0.000000,5.220530,0.000000,0.000000
2019-12-30,0.000000,5.592463,0.000000,0.000000
2019-12-31,0.000000,6.608687,0.000000,0.000000

