time,MAR_land,MAR_ice,RACMO_land,RACMO_ice
2015-01-01,2.948519,0.000001,0.000000,2.945790
2015-01-02,2.904193,0.000001,0.000000,2.925538
2015-01-03,2.857741,0.000022,0.000000,2.934499
2015-01-04,2.812183,0.000049,0.000000,2.931842
2015-01-05,2.772404,0.000047,0.000000,2.921020
2015-01-06,2.732002,0.000086,0.000000,2.926025
2015-01-07,2.696187,0.000176,0.001857,2.920943
2015-01-08,2.659557,0.000177,0.000346,2.915352
2015-01-09,2.623490,0.000136,0.000007,2.912751
2015-01-10,2.588773,0.000100,0.001708,2.902887
2015-01-11,2.552520,0.000081,0.000003,2.906410
2015-01-12,2.520156,0.000071,0.003755,2.883582
2015-01-13,2.486334,0.000071,0.000000,2.891570
2015-01-14,2.453597,0.000070,0.000000,2.897653
2015-01-15,2.421220,0.000071,0.000000,2.890782
2015-01-16,2.387991,0.000071,-0.002047,2.868448
2015-01-17,2.359152,0.000022,0.000000,2.864228
2015-01-18,2.329319,0.000000,0.000000,2.906884
2015-01-19,2.301195,0.000000,0.000000,2.987647
2015-01-20,2.273930,0.000000,0.011305,2.935859
2015-01-21,2.245102,0.003393,0.000000,2.936835
2015-01-22,2.219418,0.069463,0.000000,2.946771
2015-01-23,2.193496,0.084863,0.000000,2.925003
2015-01-24,2.167816,0.098272,0.000000,2.929724
2015-01-25,2.142614,0.097570,0.000000,2.928455
2015-01-26,2.116666,0.095146,0.000000,2.906495
2015-01-27,2.093484,0.099249,0.000000,2.906365
2015-01-28,2.070870,0.098387,0.000000,2.894426
2015-01-29,2.050035,0.095535,0.000000,2.896855
2015-01-30,2.029214,0.094429,0.000000,2.895196
2015-01-31,2.008400,0.008911,0.000000,2.891786
2015-02-01,1.986743,0.000087,0.000000,2.892221
2015-02-02,1.968514,0.000074,0.000000,2.882775
2015-02-03,1.949204,0.000074,0.000000,2.889580
2015-02-04,1.930140,0.000068,0.000000,2.874320
2015-02-05,1.910988,0.000006,0.000000,2.885172
2015-02-06,1.890692,0.000006,0.000000,2.863283
2015-02-07,1.873404,0.000004,0.000000,2.865710
2015-02-08,1.855124,0.000008,0.000000,2.881434
2015-02-09,1.837097,0.000026,0.000000,2.868083
2015-02-10,1.818934,0.000030,0.000000,2.849923
2015-02-11,1.799645,0.000030,0.000000,2.842235
2015-02-12,1.783086,0.000018,0.000000,2.868301
2015-02-13,1.765393,0.000008,0.000000,2.857310
2015-02-14,1.747910,0.000005,0.000000,2.825614
2015-02-15,1.730675,0.000004,0.000000,2.843268
2015-02-16,1.712531,0.000005,0.000343,2.846229
2015-02-17,1.697590,0.000005,0.000000,2.830619
2015-02-18,1.681620,0.000005,0.000000,2.835109
2015-02-19,1.665740,0.000005,0.000000,2.823783
2015-02-20,1.649771,0.000005,0.000000,2.826998
2015-02-21,1.632960,0.000004,0.000000,2.821307
2015-02-22,1.619430,0.000000,0.000000,2.833151
2015-02-23,1.605053,0.000002,0.000000,2.810908
2015-02-24,1.590561,0.000001,0.000343,2.821389
2015-02-25,1.576144,0.000003,0.000000,2.804946
2015-02-26,1.560910,0.000002,0.000000,2.810697
2015-02-27,1.548199,0.000000,0.000000,2.815499
2015-02-28,1.534958,0.000000,0.000000,2.793272
2015-03-01,1.521010,0.000000,0.000000,2.783461
2015-03-02,1.509207,0.000002,0.000000,2.783775
2015-03-03,1.497709,0.000064,0.000000,2.790948
2015-03-04,1.486579,0.000071,0.000000,2.850868
2015-03-05,1.475517,0.000009,0.000000,2.803264
2015-03-06,1.463397,0.000010,0.000000,2.771511
2015-03-07,1.453390,0.000007,0.000000,2.764383
2015-03-08,1.442741,0.000004,0.000000,2.770051
2015-03-09,1.432412,0.000004,0.000000,2.753891
2015-03-10,1.422228,0.000005,0.000000,2.768481
2015-03-11,1.410938,0.000006,0.000003,2.770575
2015-03-12,1.401649,0.000005,0.000000,2.750481
2015-03-13,1.391343,0.000004,0.000003,2.758927
2015-03-14,1.381135,0.000006,0.061222,2.764484
2015-03-15,1.370934,0.000004,0.001365,2.740007
2015-03-16,1.359798,0.000000,-0.001365,2.743652
2015-03-17,1.350681,0.000001,0.000000,2.744464
2015-03-18,1.340867,0.000000,0.000000,2.733296
2015-03-19,1.331282,0.000000,0.000000,2.733947
2015-03-20,1.321738,0.000000,0.000000,2.732068
2015-03-21,1.311242,0.000002,0.000010,2.732309
2015-03-22,1.302526,0.000000,0.000000,2.733712
2015-03-23,1.292892,0.000000,0.000000,2.735621
2015-03-24,1.283532,0.000000,0.000000,2.734402
2015-03-25,1.274267,0.059747,0.000000,2.717840
2015-03-26,1.264247,0.137808,0.000003,2.703165
2015-03-27,1.256099,0.048468,0.000000,2.701935
2015-03-28,1.247400,0.008814,0.000000,2.701084
2015-03-29,1.238775,0.000021,0.001365,2.690059
2015-03-30,1.230198,0.000000,0.000000,2.692267
2015-03-31,1.221561,0.000000,0.000000,2.675487
2015-04-01,1.212060,0.000000,0.000000,2.674718
2015-04-02,1.204590,0.000000,0.000000,2.682153
2015-04-03,1.196380,0.040870,0.000000,2.663755
2015-04-04,1.188329,0.006693,0.000000,2.663958
2015-04-05,1.180214,0.024685,0.000000,2.656934
2015-04-06,1.171233,0.311033,0.000000,2.677455
2015-04-07,1.163991,0.397320,0.000000,2.653895
2015-04-08,1.156126,0.396026,0.000000,2.640539
2015-04-09,1.148489,0.413022,0.000000,2.668179
2015-04-10,1.141021,0.386784,0.000000,2.683551
2015-04-11,1.132806,0.048569,0.000000,2.628694
2015-04-12,1.126476,0.000046,0.000000,2.645442
2015-04-13,1.119556,0.000000,0.000007,2.624115
2015-04-14,1.112603,0.000000,0.000000,2.627862
2015-04-15,1.105671,0.000000,0.000000,4.639066
2015-04-16,1.097980,0.000000,0.019149,3.333953
2015-04-17,1.091909,0.000000,0.111903,3.633193
2015-04-18,1.085144,0.000000,0.037786,3.122513
2015-04-19,1.078409,0.000001,0.466620,3.344935
2015-04-20,1.071684,0.050238,0.502885,3.456988
2015-04-21,1.064626,0.004548,0.000000,2.872517
2015-04-22,1.059671,0.000005,0.000000,2.612938
2015-04-23,1.054028,0.000002,0.000000,3.504777
2015-04-24,1.048417,0.000002,0.000000,3.731399
2015-04-25,1.042835,0.000002,0.000000,2.585140
2015-04-26,1.036619,0.000002,0.000000,2.612446
2015-04-27,1.031977,0.000002,0.000000,2.582356
2015-04-28,1.026597,0.000000,0.000000,2.585548
2015-04-29,1.021155,0.000000,-0.000003,2.599447
2015-04-30,1.015683,0.000000,0.000000,2.585447
2015-05-01,1.009605,0.000000,0.000000,2.586527
2015-05-02,1.004949,0.000000,0.000000,2.575670
2015-05-03,0.999629,0.000000,0.000000,2.568800
2015-05-04,0.994313,0.000000,0.000000,2.974725
2015-05-05,0.989023,0.000000,0.000000,3.294278
2015-05-06,0.983162,0.000000,0.000000,2.605052
2015-05-07,0.978715,0.000000,0.000000,2.931669
2015-05-08,0.973460,0.000000,0.000000,3.120940
2015-05-09,0.968154,0.000000,0.000000,2.924564
2015-05-10,0.962980,0.000000,0.000000,2.566881
2015-05-11,0.957320,0.000000,0.094701,2.894827
2015-05-12,0.952983,0.000000,0.000000,4.006148
2015-05-13,0.947985,0.000000,0.120270,3.452388
2015-05-14,0.942991,0.000000,0.002399,3.263900
2015-05-15,0.938151,0.000003,1.155714,3.808606
2015-05-16,0.932684,0.000012,1.445150,3.363316
2015-05-17,0.928516,0.045576,0.930247,3.505594
2015-05-18,0.923679,0.093772,0.599763,3.708204
2015-05-19,0.918860,0.039156,0.008298,3.438203
2015-05-20,0.914008,0.129429,0.015059,2.857293
2015-05-21,1.511343,0.117907,0.234575,3.719162
2015-05-22,2.092290,0.711493,0.605704,3.839450
2015-05-23,4.559719,3.699926,0.631896,3.693840
2015-05-24,4.571041,3.933541,0.707077,3.305779
2015-05-25,2.558749,1.839837,0.258545,3.821828
2015-05-26,5.096621,3.427595,0.715554,3.741121
2015-05-27,7.826134,13.788610,0.886724,3.468091
2015-05-28,4.709134,8.551896,0.851050,3.725651
2015-05-29,3.478525,6.355181,1.236090,3.488339
2015-05-30,2.398782,3.387727,0.057960,3.443609
2015-05-31,4.252898,8.386014,0.062550,4.088625
2015-06-01,3.934615,8.535289,0.041279,3.999253
2015-06-02,5.902064,11.953511,0.464432,3.673859
2015-06-03,6.488885,12.573091,0.445194,3.643598
2015-06-04,6.589808,13.644059,1.165507,3.556361
2015-06-05,6.995556,14.881477,0.840420,3.476242
2015-06-06,6.825085,16.037612,0.769921,3.488508
2015-06-07,6.643478,17.216652,1.570380,3.512795
2015-06-08,7.888740,19.913114,2.551943,3.600823
2015-06-09,5.402265,12.009191,2.960923,3.376916
2015-06-10,8.584735,21.434833,4.188002,3.338144
2015-06-11,7.178624,18.103743,1.964095,3.459585
2015-06-12,6.275065,16.077257,1.424801,3.459764
2015-06-13,7.014834,17.034436,1.999420,3.325681
2015-06-14,6.813054,16.865853,2.005197,3.383638
2015-06-15,6.637361,18.201625,3.635837,3.403056
2015-06-16,10.690972,30.250941,2.824097,3.968172
2015-06-17,14.585154,41.628952,4.831241,6.359616
2015-06-18,12.766253,36.852243,3.429064,5.252344
2015-06-19,11.313634,51.203842,3.682373,5.445317
2015-06-20,12.208563,55.359214,3.845996,4.821327
2015-06-21,11.627279,51.711556,3.634538,4.774074
2015-06-22,11.535251,49.855643,3.708512,11.275494
2015-06-23,11.437203,45.203216,3.779831,11.272348
2015-06-24,12.810632,55.041610,3.845277,13.189988
2015-06-25,17.877534,84.409570,3.747765,17.219274
2015-06-26,19.428495,94.339829,4.374825,21.147474
2015-06-27,21.724529,91.238356,4.704157,24.447629
2015-06-28,19.198212,82.037531,4.650056,24.830103
2015-06-29,17.488217,63.492448,3.463385,19.076531
2015-06-30,17.107416,58.717893,4.018484,23.483130
2015-07-01,18.190369,66.364793,4.336478,23.595137
2015-07-02,20.411641,77.706575,4.411464,24.943743
2015-07-03,22.185492,86.246651,5.109419,25.511481
2015-07-04,20.967565,91.393570,4.811211,26.299526
2015-07-05,27.711303,115.913849,5.363523,28.599075
2015-07-06,26.292170,106.487085,5.058953,27.630898
2015-07-07,21.809403,90.420881,4.183990,24.426039
2015-07-08,24.748711,94.293423,4.216262,23.543508
2015-07-09,29.807862,103.591952,3.208984,24.022816
2015-07-10,22.743120,114.452807,3.248299,32.427309
2015-07-11,25.160227,120.701408,3.433120,28.285426
2015-07-12,28.868553,85.507052,6.104786,35.169130
2015-07-13,27.473899,120.553473,4.527834,32.652082
2015-07-14,21.438995,113.450884,2.640718,35.553183
2015-07-15,22.711523,148.631191,2.504523,44.520852
2015-07-16,25.757475,174.952477,2.710292,61.705021
2015-07-17,23.598174,155.609730,3.442464,59.895508
2015-07-18,22.654889,153.223905,3.512051,67.886776
2015-07-19,23.224746,146.446581,3.102701,54.417343
2015-07-20,22.018298,124.117790,2.131666,45.500125
2015-07-21,21.641689,108.985504,3.279517,49.913379
2015-07-22,15.413570,102.152035,2.913447,53.060170
2015-07-23,12.163548,115.489928,2.782289,43.703113
2015-07-24,11.459223,78.744314,2.788298,40.937749
2015-07-25,11.110959,77.195873,2.773340,43.467323
2015-07-26,10.678027,81.964144,3.510726,51.697891
2015-07-27,10.223047,77.813902,3.867013,47.983927
2015-07-28,9.826309,67.165690,3.374510,51.148227
2015-07-29,9.453006,62.690111,2.967305,54.019120
2015-07-30,9.125056,89.929077,2.814832,57.023554
2015-07-31,8.993735,98.172327,3.826707,72.084887
2015-08-01,9.292092,193.376541,4.669629,102.597744
2015-08-02,8.373459,167.730504,3.344640,84.571929
2015-08-03,8.586113,110.132401,3.982724,94.676532
2015-08-04,8.861657,110.512865,3.684227,78.058596
2015-08-05,8.917300,109.469677,3.963208,67.811003
2015-08-06,8.855223,94.079294,3.414812,67.912444
2015-08-07,8.823679,83.505497,2.987257,59.709281
2015-08-08,8.747557,77.096376,3.087559,54.425534
2015-08-09,8.590073,47.405559,2.661320,37.294132
2015-08-10,8.530192,60.098610,2.725071,39.977340
2015-08-11,8.419001,84.142668,2.810265,55.907177
2015-08-12,8.136104,42.602297,4.592553,50.366035
2015-08-13,8.216971,79.022327,3.561957,66.506168
2015-08-14,8.087703,84.312703,2.798855,62.482021
2015-08-15,8.594701,80.124711,2.772006,56.332131
2015-08-16,7.951005,100.509628,4.422704,83.034121
2015-08-17,8.015076,59.643508,2.976290,42.341666
2015-08-18,8.313075,34.590618,3.285245,41.992077
2015-08-19,8.267923,32.707999,2.265847,26.726182
2015-08-20,8.157944,41.481563,2.700458,32.582906
2015-08-21,7.988843,54.094396,1.910031,31.925808
2015-08-22,7.771370,87.602654,3.520228,60.454969
2015-08-23,7.424604,39.825712,2.594556,33.662481
2015-08-24,7.310525,51.474872,2.294935,27.512722
2015-08-25,7.454002,187.993697,5.749174,82.339512
2015-08-26,7.202723,178.753699,7.684274,118.436095
2015-08-27,7.123576,126.382661,2.392753,67.288293
2015-08-28,7.229774,37.147986,2.307948,26.320785
2015-08-29,7.547687,58.450371,2.391768,46.366969
2015-08-30,7.531468,62.335230,2.213885,48.066535
2015-08-31,7.418067,72.519129,2.326278,50.567034
2015-09-01,7.139413,25.706587,2.234217,20.277048
2015-09-02,6.981496,18.058215,2.379259,26.517195
2015-09-03,6.867389,32.924888,2.049084,14.486044
2015-09-04,6.740008,7.783056,2.055684,21.163676
2015-09-05,6.586155,34.635327,1.828028,18.137102
2015-09-06,6.509332,47.186095,1.809526,25.870959
2015-09-07,6.462515,107.356767,7.153779,109.143813
2015-09-08,6.396979,166.944860,10.722301,78.032375
2015-09-09,6.546768,563.414884,32.838221,158.626311
2015-09-10,7.550380,284.702509,19.987755,118.298999
2015-09-11,9.796562,92.132962,5.692777,29.866248
2015-09-12,12.140198,13.860555,0.007859,5.691898
2015-09-13,12.984917,9.418085,0.002057,5.254187
2015-09-14,13.004935,6.878261,-0.001582,5.475044
2015-09-15,12.658566,7.875322,0.000000,5.033281
2015-09-16,12.238042,6.555448,0.000000,5.045987
2015-09-17,11.770001,3.044152,0.000099,5.147535
2015-09-18,11.309158,3.760411,0.026681,5.245286
2015-09-19,10.907650,29.564553,3.325083,7.312058
2015-09-20,9.925054,202.404356,9.198145,31.337560
2015-09-21,9.533254,13.351588,3.658331,25.981588
2015-09-22,11.239594,30.613106,4.146435,20.946705
2015-09-23,12.363729,36.543741,0.978892,17.685774
2015-09-24,12.713477,16.242718,0.336499,15.000183
2015-09-25,12.935876,9.970915,1.129025,11.525873
2015-09-26,13.021459,22.799703,0.708985,4.468618
2015-09-27,12.625121,9.869650,0.454057,4.504624
2015-09-28,12.385352,2.216501,0.584543,5.567674
2015-09-29,12.491811,0.202470,0.000000,3.982518
2015-09-30,12.563561,0.075746,0.000000,3.975695
2015-10-01,12.523629,0.067316,0.000000,3.974903
2015-10-02,12.354646,0.143292,0.000000,3.961391
2015-10-03,12.064978,0.120009,0.000000,3.958220
2015-10-04,11.719500,0.069627,0.051215,3.966935
2015-10-05,11.338224,0.016745,0.257056,3.970019
2015-10-06,10.971156,29.614435,4.024632,4.066358
2015-10-07,10.197116,29.150749,1.629183,5.387226
2015-10-08,9.696427,22.122284,0.694475,5.888186
2015-10-09,9.769756,6.492086,0.000728,3.905682
2015-10-10,10.339107,0.147301,0.000000,3.892125
2015-10-11,10.948171,0.127472,0.000000,3.881574
2015-10-12,11.265759,0.117028,0.000023,4.025374
2015-10-13,11.319866,0.036779,0.004106,3.860760
2015-10-14,11.184316,0.060492,0.000000,3.868328
2015-10-15,10.927149,0.035410,0.009236,4.033228
2015-10-16,10.595056,0.004562,0.000000,3.848603
2015-10-17,10.240892,2.968664,2.464744,4.017592
2015-10-18,9.898150,0.518142,0.000003,3.834105
2015-10-19,9.450938,0.000932,0.000000,3.996314
2015-10-20,9.085484,0.000026,0.000000,3.834520
2015-10-21,8.758623,0.000050,0.000000,3.821581
2015-10-22,8.471735,0.000004,0.000000,3.827863
2015-10-23,8.197223,0.000006,0.000000,3.811201
2015-10-24,7.942158,0.001127,0.000000,3.809308
2015-10-25,7.699088,0.002619,0.000000,3.812196
2015-10-26,7.457176,0.004788,0.000000,3.800147
2015-10-27,7.243248,0.004933,0.000000,3.791330
2015-10-28,7.045623,0.144840,0.004159,3.884804
2015-10-29,6.912755,54.352755,4.859987,3.822805
2015-10-30,5.998614,54.426234,1.762689,4.112669
2015-10-31,6.238599,0.416520,0.000000,3.745891
2015-11-01,7.104016,0.135799,0.000000,3.744274
2015-11-02,7.770352,0.185542,0.000000,3.759349
2015-11-03,8.138402,0.096577,0.000000,3.757535
2015-11-04,8.308921,0.144738,0.000000,3.728430
2015-11-05,8.341116,0.094924,0.078217,3.730944
2015-11-06,8.190510,0.396365,0.356093,3.710046
2015-11-07,7.818550,0.171767,0.489719,3.698302
2015-11-08,7.652161,0.035218,0.000000,3.696708
2015-11-09,7.463402,0.101499,-0.001705,3.688798
2015-11-10,7.241516,0.054971,0.000000,3.693100
2015-11-11,7.008598,0.071685,0.000000,3.676379
2015-11-12,6.784244,0.005410,0.001705,3.672432
2015-11-13,6.560333,0.007436,0.000000,3.666136
2015-11-14,6.364316,0.004958,0.000000,3.657008
2015-11-15,6.177216,0.004860,0.000000,3.654811
2015-11-16,5.989674,0.004851,0.000000,3.653994
2015-11-17,5.814572,0.004904,0.000000,3.643077
2015-11-18,5.646808,0.020035,0.000000,3.635766
2015-11-19,5.488044,0.000123,0.000000,3.626280
2015-11-20,5.332917,0.000006,0.000000,3.625105
2015-11-21,5.176995,0.000281,0.000000,3.632646
2015-11-22,5.034023,0.000122,0.000000,3.601463
2015-11-23,4.905309,0.000000,0.000036,3.594869
2015-11-24,4.783394,0.000000,0.000000,3.592921
2015-11-25,4.664105,0.000000,0.000343,3.590589
2015-11-26,4.544873,0.000000,0.000343,3.586854
2015-11-27,4.436276,0.000000,0.000000,3.575189
2015-11-28,4.328538,0.000000,0.000000,3.578641
2015-11-29,4.223612,0.002385,0.000000,3.574536
2015-11-30,4.123886,0.015612,-0.001708,3.567907
2015-12-01,4.028280,0.000018,0.000000,3.559922
2015-12-02,3.940813,0.000000,0.003758,3.554940
2015-12-03,3.852173,0.021105,-0.000343,3.549489
2015-12-04,3.766871,0.004893,0.000343,3.538028
2015-12-05,3.690753,0.004783,0.000000,3.540923
2015-12-06,3.616338,0.004778,-0.000343,3.537008
2015-12-07,3.548237,0.004781,0.000000,3.526589
2015-12-08,3.478379,0.004781,0.158551,3.590624
2015-12-09,3.410190,0.004784,0.000000,3.525984
2015-12-10,3.345171,0.004790,0.000000,3.511965
2015-12-11,3.279762,0.023381,0.000000,3.503298
2015-12-12,3.219844,0.027915,-0.000346,3.525734
2015-12-13,3.159184,0.000031,0.000000,3.527614
2015-12-14,3.100964,0.000000,0.000000,3.513287
2015-12-15,3.044325,0.000000,0.000000,3.506715
2015-12-16,2.987068,0.000000,0.000346,3.513187
2015-12-17,2.937962,0.000000,0.000000,3.507056
2015-12-18,2.888551,0.000000,0.000000,3.521863
2015-12-19,2.839869,0.000000,0.000000,3.531031
2015-12-20,2.792000,0.000000,0.000000,3.510054
2015-12-21,2.745823,0.000000,0.000000,3.520393
2015-12-22,2.707898,0.000000,0.000000,3.506239
2015-12-23,2.668061,0.000000,0.000000,3.505576
2015-12-24,2.629093,0.000000,-0.000346,3.511805
2015-12-25,2.590964,0.000000,0.000000,3.492687
2015-12-26,2.552160,0.000000,0.000000,3.480613
2015-12-27,2.517008,0.000000,0.000000,3.494602
2015-12-28,2.468830,0.013745,0.083802,3.478562
2015-12-29,2.417830,0.022131,0.000000,3.458055
2015-12-30,2.382768,0.027566,0.002074,3.484491
2015-12-31,2.348229,0.029225,0.000000,3.457010
2016-01-01,2.333605,0.010604,0.000000,3.495191
2016-01-02,2.303533,0.012115,0.000000,3.466247
2016-01-03,2.272186,0.005903,0.000000,3.464564
2016-01-04,2.241315,0.001711,0.000000,3.454493
2016-01-05,2.210915,0.008386,0.000000,3.442608
2016-01-06,2.180131,0.002680,0.000000,3.466362
2016-01-07,2.153212,0.008585,0.000073,3.419548
2016-01-08,2.125295,0.017972,0.000339,3.426958
2016-01-09,2.098962,0.006441,0.000000,3.401674
2016-01-10,2.073697,0.000267,0.000000,3.418176
2016-01-11,2.047962,0.000370,0.000000,3.411411
2016-01-12,2.025231,0.000344,0.000000,3.391109
2016-01-13,2.002653,0.000569,0.000000,3.399726
2016-01-14,1.982533,0.000382,-0.000339,3.375492
2016-01-15,1.962409,0.000330,0.000000,3.395070
2016-01-16,1.941146,0.000304,0.000000,3.372356
2016-01-17,1.922797,0.000380,0.000000,3.359728
2016-01-18,1.903780,0.000339,0.000000,3.378067
2016-01-19,1.884896,0.000419,0.000000,3.368235
2016-01-20,1.866156,0.000685,0.000000,3.352572
2016-01-21,1.846077,0.000476,0.005840,3.376524
2016-01-22,1.828408,0.006075,0.342229,3.356929
2016-01-23,1.809799,0.004943,0.220744,3.348192
2016-01-24,1.791540,0.014847,0.000000,3.354926
2016-01-25,1.773385,0.050329,0.003825,3.360614
2016-01-26,1.754123,0.048856,0.000000,3.387713
2016-01-27,1.737563,0.053740,0.000000,3.327465
2016-01-28,1.720049,0.062699,0.000000,3.308271
2016-01-29,1.702718,0.044679,0.000000,3.306319
2016-01-30,1.685454,0.032841,0.000000,3.302423
2016-01-31,1.668349,0.030267,0.000000,3.294924
2016-02-01,1.650212,0.002855,0.000000,3.292620
2016-02-02,1.634657,0.000615,0.000000,3.285840
2016-02-03,1.618325,0.000524,0.000000,3.277148
2016-02-04,1.602054,0.000523,0.000000,3.279158
2016-02-05,1.585679,0.000523,0.000000,3.278326
2016-02-06,1.568518,0.001223,0.000000,3.279961
2016-02-07,1.553813,0.000582,0.000000,3.251933
2016-02-08,1.538475,0.000524,0.000000,3.251068
2016-02-09,1.523578,0.001096,0.000000,3.250843
2016-02-10,1.508880,0.001492,0.000000,3.246256
2016-02-11,1.493445,0.001473,0.000000,3.240128
2016-02-12,1.481119,0.001365,0.000000,3.239880
2016-02-13,1.468006,0.011230,0.000000,3.238076
2016-02-14,1.455236,0.012377,0.000000,3.233375
2016-02-15,1.442556,0.017036,0.000000,3.244024
2016-02-16,1.430084,0.026385,0.000000,3.202392
2016-02-17,1.420590,0.014869,0.000000,3.253133
2016-02-18,1.410273,0.002484,0.000000,3.186814
2016-02-19,1.399850,0.004826,0.000000,3.202183
2016-02-20,1.389450,0.002500,0.000000,3.173021
2016-02-21,1.378226,0.001461,0.000000,3.200134
2016-02-22,1.369177,0.001181,0.000000,3.175099
2016-02-23,1.359324,0.000825,0.000343,3.171046
2016-02-24,1.349418,0.000823,0.000000,3.187645
2016-02-25,1.339535,0.000683,0.000000,3.167385
2016-02-26,1.328745,0.001175,0.000000,3.158686
2016-02-27,1.319939,0.001627,0.000000,3.156841
2016-02-28,1.310212,0.010133,0.000000,3.147244
2016-02-29,1.300529,0.004661,0.000000,3.137050
2016-03-01,1.290071,0.006177,0.000000,3.129820
2016-03-02,1.281559,0.000759,0.000000,3.119877
2016-03-03,1.272175,0.000524,0.000000,3.136182
2016-03-04,1.262916,0.000523,0.000000,3.105756
2016-03-05,1.253696,0.001187,0.000000,3.181721
2016-03-06,1.243607,0.003582,0.000000,3.099198
2016-03-07,1.235318,0.000967,0.000000,3.128013
2016-03-08,1.226373,0.003176,0.200598,3.112186
2016-03-09,1.217458,0.007824,0.004108,3.124365
2016-03-10,1.117236,0.013394,0.001370,3.117247
2016-03-11,1.066786,0.012348,0.000000,3.085808
2016-03-12,1.059626,0.012319,0.000000,3.081659
2016-03-13,1.052108,0.012555,0.024257,3.090274
2016-03-14,1.044569,0.010434,0.055850,3.081492
2016-03-15,1.036861,0.000650,0.000000,3.077117
2016-03-16,1.028349,0.000318,0.000000,3.065819
2016-03-17,1.021584,0.000237,0.000000,3.261187
2016-03-18,1.014350,0.000237,0.022011,3.202532
2016-03-19,1.007194,0.000683,0.027846,3.069740
2016-03-20,1.000157,0.000416,0.000000,3.048232
2016-03-21,0.992349,0.000238,0.000000,3.070287
2016-03-22,0.985952,0.000793,0.000000,3.034612
2016-03-23,0.978858,0.001745,0.000000,3.052692
2016-03-24,0.971942,0.001308,0.002054,3.050969
2016-03-25,0.965149,0.000556,0.000000,3.035601
2016-03-26,0.957730,0.000342,0.000000,3.042537
2016-03-27,0.951538,0.000237,0.000000,3.018473
2016-03-28,0.944667,0.000237,0.000000,3.026638
2016-03-29,0.937922,0.000237,0.000000,3.028643
2016-03-30,0.931315,0.000237,0.000000,3.021752
2016-03-31,0.924687,0.000237,0.000000,3.021511
2016-04-01,0.917722,0.000877,0.000000,3.006074
2016-04-02,0.912452,0.003287,0.000000,3.013289
2016-04-03,0.906636,0.002640,0.024659,3.017460
2016-04-04,0.900754,0.001653,0.000000,2.982102
2016-04-05,0.895074,0.000240,0.000000,3.000046
2016-04-06,0.889479,0.000237,-0.000003,2.977848
2016-04-07,0.885340,0.000237,0.000000,2.985571
2016-04-08,0.880568,0.000237,0.000000,3.318478
2016-04-09,0.875876,0.000237,0.000000,3.342043
2016-04-10,0.871229,0.000268,0.055584,4.372397
2016-04-11,0.866064,0.000238,0.000569,4.607285
2016-04-12,0.862072,0.000237,0.511213,3.742504
2016-04-13,0.857507,0.000237,0.643359,3.975309
2016-04-14,0.852914,0.000237,0.200277,5.532526
2016-04-15,0.848260,0.000237,0.121141,5.449238
2016-04-16,0.843000,0.001991,0.000000,3.039939
2016-04-17,0.838988,0.001934,0.000000,2.952575
2016-04-18,0.834390,0.000245,0.000000,2.952388
2016-04-19,0.829720,0.000237,0.000000,2.935413
2016-04-20,0.825197,0.000237,0.000000,2.945355
2016-04-21,0.820239,0.000237,0.000000,2.928979
2016-04-22,0.816418,0.000237,0.000000,2.929403
2016-04-23,0.811968,0.000237,2.976789,3.592198
2016-04-24,0.806988,0.000237,0.086073,4.481314
2016-04-25,0.803338,0.000237,0.254125,5.199759
2016-04-26,0.801492,0.013492,0.666383,4.926279
2016-04-27,0.801285,0.003742,0.000000,3.468985
2016-04-28,0.796674,0.066287,0.739447,4.258706
2016-04-29,0.790088,1.925691,0.474329,3.319765
2016-04-30,0.785985,2.781194,1.200258,4.135857
2016-05-01,0.782112,7.009094,1.452326,3.859993
2016-05-02,0.771917,9.302231,1.547215,4.127083
2016-05-03,0.737342,5.081120,1.711496,4.074221
2016-05-04,0.706161,7.642261,1.488713,4.655724
2016-05-05,0.686463,9.087732,1.889137,4.467587
2016-05-06,0.675942,9.778354,1.671338,4.027850
2016-05-07,0.672632,4.612800,1.037005,4.741505
2016-05-08,0.676056,3.309167,0.619305,4.822051
2016-05-09,0.694019,11.216151,2.214893,4.464573
2016-05-10,0.716497,16.551538,3.221511,3.566819
2016-05-11,0.720428,13.823318,1.281274,4.563498
2016-05-12,0.733323,12.622038,2.148033,3.609556
2016-05-13,0.780454,12.637018,2.497224,3.721029
2016-05-14,0.850843,42.921273,3.727030,3.507474
2016-05-15,0.892634,49.499737,3.887816,3.448716
2016-05-16,0.978505,19.241584,1.887868,4.267761
2016-05-17,1.234797,15.764723,2.472207,4.927063
2016-05-18,1.524474,6.897200,1.662089,4.082611
2016-05-19,1.829643,2.834401,2.823065,5.359005
2016-05-20,2.551981,5.098983,2.298359,4.573336
2016-05-21,2.786251,3.532336,1.704181,4.295885
2016-05-22,3.196955,7.019937,2.864976,3.901801
2016-05-23,3.775928,15.674312,2.941293,4.177237
2016-05-24,2.842756,22.172264,0.755948,3.684089
2016-05-25,2.826094,28.181235,1.540097,3.947265
2016-05-26,2.728625,5.180489,0.858503,4.156405
2016-05-27,2.920830,5.815798,0.451808,4.734430
2016-05-28,3.182584,12.535512,0.550169,3.871500
2016-05-29,3.461855,37.095314,0.259867,3.810590
2016-05-30,3.603259,6.993883,0.899172,4.772180
2016-05-31,4.118460,6.533826,0.552962,4.408097
2016-06-01,4.629286,35.183521,1.282058,4.934171
2016-06-02,8.132168,40.228789,1.395847,3.512129
2016-06-03,11.151649,71.950983,1.789657,3.600740
2016-06-04,9.770808,52.365911,2.129461,3.529872
2016-06-05,7.388621,21.279518,1.302891,3.645812
2016-06-06,9.932605,36.778457,2.120728,3.747629
2016-06-07,11.189792,38.829347,1.949805,4.624832
2016-06-08,13.129388,50.886287,2.402945,4.470055
2016-06-09,14.552828,81.359656,4.439362,4.937625
2016-06-10,16.038581,90.962718,4.518799,8.381509
2016-06-11,15.345795,79.600728,3.747666,9.901593
2016-06-12,16.778089,70.663498,5.246844,16.615165
2016-06-13,18.138605,66.301327,4.038441,18.151715
2016-06-14,18.892281,63.796120,3.188612,18.867997
2016-06-15,16.932071,32.189042,2.122794,15.254543
2016-06-16,18.047253,48.028436,2.855326,24.193465
2016-06-17,19.508454,53.604552,1.958730,28.236453
2016-06-18,22.138000,62.880743,2.541949,25.827296
2016-06-19,23.513560,78.889939,2.637957,24.637523
2016-06-20,24.529178,79.303682,4.287974,29.037725
2016-06-21,24.218607,73.855521,4.036460,24.903059
2016-06-22,24.215822,88.574355,4.179316,27.438768
2016-06-23,24.228846,104.543864,4.524452,25.358578
2016-06-24,22.926230,115.806015,4.667162,29.632724
2016-06-25,21.856113,112.203835,4.422592,26.025439
2016-06-26,21.107399,104.934104,6.648491,28.343927
2016-06-27,29.289908,317.930544,10.394291,32.053132
2016-06-28,23.915078,218.768579,6.068922,45.009138
2016-06-29,22.615551,168.070791,3.536026,29.477320
2016-06-30,23.175415,158.810848,4.871211,40.108840
2016-07-01,23.704598,157.515761,4.398135,47.091172
2016-07-02,25.020389,160.752709,4.559524,58.607833
2016-07-03,23.856225,159.949739,4.455011,62.540941
2016-07-04,23.807942,160.174255,4.175647,55.338572
2016-07-05,22.572170,157.290248,4.364557,56.929409
2016-07-06,21.667067,151.417707,4.720681,61.761842
2016-07-07,20.990986,167.307832,4.310325,69.449113
2016-07-08,20.367668,168.064850,4.997722,84.371123
2016-07-09,18.789188,128.779362,4.465463,85.635156
2016-07-10,17.447859,140.389509,4.036118,78.344820
2016-07-11,17.846175,161.077528,5.752920,106.857402
2016-07-12,17.127901,192.464732,4.848261,111.524129
2016-07-13,17.728338,210.554184,5.359527,117.215196
2016-07-14,15.770842,150.265237,4.882180,111.192162
2016-07-15,15.112431,159.569562,5.793455,132.230656
2016-07-16,14.389893,152.435350,5.022784,106.743782
2016-07-17,13.743332,140.491190,4.959850,110.107304
2016-07-18,13.514502,144.292960,4.639462,114.622312
2016-07-19,13.172248,146.726299,4.818530,114.089795
2016-07-20,13.155529,160.382061,4.398111,131.005169
2016-07-21,13.936810,212.115204,4.531490,154.808554
2016-07-22,13.686654,205.270705,4.758367,149.670992
2016-07-23,13.334002,217.501157,4.587479,152.925587
2016-07-24,12.239562,193.858107,4.257421,121.365575
2016-07-25,12.364592,190.272333,4.761720,140.725217
2016-07-26,13.009643,203.504499,4.778342,134.320157
2016-07-27,12.736717,212.286959,4.625995,133.177722
2016-07-28,11.866822,172.912408,4.767837,124.855673
2016-07-29,10.520506,126.054123,3.898478,88.229641
2016-07-30,10.000132,114.894984,3.938824,89.599566
2016-07-31,10.660361,113.225229,4.467538,76.340666
2016-08-01,9.631526,79.506717,3.350508,62.649600
2016-08-02,9.190189,69.766851,3.759334,60.461694
2016-08-03,9.299738,78.286462,3.901480,68.429568
2016-08-04,9.239691,91.392389,3.670686,77.602854
2016-08-05,9.473217,106.865211,3.763584,90.784775
2016-08-06,10.773759,179.519864,4.277392,130.896418
2016-08-07,9.803749,165.891266,3.988698,115.342558
2016-08-08,8.709673,102.335992,3.973493,82.897808
2016-08-09,7.883050,76.788443,4.051640,71.723194
2016-08-10,8.769642,117.706767,3.537768,115.773317
2016-08-11,7.733383,88.185579,3.174988,59.702724
2016-08-12,7.416122,84.215668,3.145655,95.054518
2016-08-13,7.138846,75.057355,3.470380,65.266232
2016-08-14,7.178367,51.544045,4.078171,45.643101
2016-08-15,28.461287,498.032140,16.495949,153.905265
2016-08-16,22.153330,421.682596,31.050714,229.777909
2016-08-17,12.856987,283.297740,11.137540,119.416117
2016-08-18,9.277227,138.773121,3.205198,85.236980
2016-08-19,9.141459,89.776526,1.927228,46.584001
2016-08-20,9.340410,78.885212,1.616786,61.083691
2016-08-21,10.843242,107.762026,2.118884,74.877129
2016-08-22,10.320169,109.342259,2.348439,69.608787
2016-08-23,10.054404,83.005669,1.798174,48.475976
2016-08-24,10.925025,109.658173,1.743618,44.662802
2016-08-25,10.826065,102.849061,2.773958,56.613327
2016-08-26,10.447484,81.944876,2.622125,63.240354
2016-08-27,8.668040,32.683660,1.820829,30.799630
2016-08-28,7.883241,23.426514,1.130772,11.651405
2016-08-29,8.322372,35.082866,1.632971,26.283681
2016-08-30,9.246634,55.212331,4.806603,47.254784
2016-08-31,7.147580,20.844349,1.496964,8.978904
2016-09-01,7.511521,28.453356,1.638874,11.068118
2016-09-02,6.208055,21.979318,1.113197,8.372511
2016-09-03,5.962539,12.914714,1.293825,5.552277
2016-09-04,5.770163,10.243482,1.505257,5.549297
2016-09-05,5.882252,16.340084,0.903778,6.056147
2016-09-06,5.431616,11.676998,0.969954,6.316195
2016-09-07,5.604110,12.095109,1.748746,5.640502
2016-09-08,6.716526,33.514220,3.028850,13.277002
2016-09-09,14.136259,145.287773,4.939978,24.885205
2016-09-10,7.991437,91.462046,4.321391,37.939929
2016-09-11,6.673039,59.790589,1.094147,16.550970
2016-09-12,5.448181,51.465704,0.567221,10.894599
2016-09-13,4.447630,17.061042,0.305112,6.038413
2016-09-14,4.748093,11.501793,0.888770,5.213797
2016-09-15,6.633083,30.065823,6.784801,28.261352
2016-09-16,7.354703,67.448338,7.022325,38.883451
2016-09-17,5.443437,31.564706,2.432754,23.946899
2016-09-18,4.069607,4.746085,0.245268,5.167304
2016-09-19,3.968406,4.617123,0.280191,5.259094
2016-09-20,3.931208,3.837034,0.473585,6.572706
2016-09-21,3.901659,1.090665,0.014061,4.816999
2016-09-22,3.896845,2.977587,0.000099,4.656571
2016-09-23,4.684915,23.823649,0.887090,4.625448
2016-09-24,5.031935,35.722845,0.583781,4.551405
2016-09-25,3.884425,6.178419,0.000000,4.207162
2016-09-26,3.839476,7.396821,0.000314,3.917328
2016-09-27,3.803450,3.482984,0.000000,3.903347
2016-09-28,3.768276,1.445826,0.037303,3.901553
2016-09-29,3.735377,0.459295,0.050764,3.861717
2016-09-30,4.881869,0.440129,0.020051,4.249480
2016-10-01,3.668795,0.214989,0.514090,3.863553
2016-10-02,3.643291,0.009108,0.911708,4.161281
2016-10-03,3.653865,47.673692,6.987122,7.898761
2016-10-04,5.397670,61.357908,3.907201,12.088842
2016-10-05,5.148018,70.290281,6.177342,14.171295
2016-10-06,4.543891,36.566866,5.677297,15.495147
2016-10-07,7.678785,55.004742,10.812535,25.141132
2016-10-08,6.372623,72.153252,8.388051,22.558552
2016-10-09,5.521621,38.956260,3.375731,12.887795
2016-10-10,5.724839,0.971056,0.011292,3.812082
2016-10-11,6.262598,4.550210,3.004663,12.013107
2016-10-12,6.743974,38.007227,4.972685,18.249995
2016-10-13,9.432307,82.501204,12.326807,32.267890
2016-10-14,6.708413,3.872402,0.242090,5.068917
2016-10-15,7.343167,0.020284,0.000000,3.778354
2016-10-16,7.936923,0.160457,0.064941,3.868142
2016-10-17,8.328614,0.285791,0.216836,3.768460
2016-10-18,8.488839,0.074741,0.027393,3.744268
2016-10-19,8.486118,12.483782,0.420984,3.883909
2016-10-20,8.355717,45.530776,4.166275,5.196022
2016-10-21,7.657762,11.442289,1.891823,6.975861
2016-10-22,7.740466,18.855645,0.824436,6.721295
2016-10-23,8.404837,0.969600,0.130425,3.828996
2016-10-24,9.289138,0.109165,0.155035,3.930538
2016-10-25,9.847137,0.001364,0.000346,3.705904
2016-10-26,10.067935,0.635665,0.274094,3.710204
2016-10-27,10.094699,1.586476,0.119637,3.707971
2016-10-28,9.844803,0.006982,0.060509,3.698975
2016-10-29,9.547072,0.146993,0.838584,3.697092
2016-10-30,9.286840,2.373970,0.867089,3.688197
2016-10-31,8.962415,0.048759,0.000000,3.739004
2016-11-01,8.629986,0.000622,0.062991,3.672242
2016-11-02,8.384159,0.003776,0.567732,3.661953
2016-11-03,8.158436,1.830184,0.879842,3.704115
2016-11-04,7.909903,0.030524,0.000000,3.661453
2016-11-05,7.628129,0.013039,-0.000343,3.654374
2016-11-06,7.382100,0.076223,0.193268,3.656884
2016-11-07,7.166277,0.017980,0.007222,3.648355
2016-11-08,6.953272,1.242446,0.060856,3.648573
2016-11-09,6.730703,0.461304,0.012124,3.644936
2016-11-10,6.477590,0.515828,0.001708,3.687880
2016-11-11,6.254370,0.522428,0.004786,3.645735
2016-11-12,6.065385,0.539810,0.014022,3.612814
2016-11-13,5.894412,0.321991,0.013906,3.610575
2016-11-14,5.731080,0.018703,0.000000,3.603998
2016-11-15,5.573884,0.060835,0.000000,3.601974
2016-11-16,5.414119,0.009879,0.000000,3.598393
2016-11-17,5.263594,0.001662,0.000000,3.594396
2016-11-18,5.117566,0.001185,0.000000,3.578201
2016-11-19,4.977140,0.001189,0.000000,3.568657
2016-11-20,4.839349,0.001185,0.000000,3.575683
2016-11-21,4.700162,0.001822,0.000000,3.567258
2016-11-22,4.571014,0.011172,-0.001708,3.552086
2016-11-23,4.449626,0.026616,0.000000,3.570279
2016-11-24,4.339957,0.006385,0.000000,3.568140
2016-11-25,4.233313,0.028098,0.000000,3.535787
2016-11-26,4.127361,0.007343,0.000000,3.553465
2016-11-27,4.031118,0.180816,0.000000,3.538139
2016-11-28,3.933977,0.215008,0.000013,3.533988
2016-11-29,3.838651,0.014547,0.000000,3.507093
2016-11-30,3.747643,0.007433,0.000000,3.533757
2016-12-01,3.659646,0.023962,0.000000,3.507401
2016-12-02,3.580013,0.121704,0.000000,3.551348
2016-12-03,3.499121,0.015524,0.000000,3.501514
2016-12-04,3.419478,0.026761,0.000000,3.505454
2016-12-05,3.343092,0.011058,0.000050,3.489453
2016-12-06,3.273007,0.007320,0.000003,3.504655
2016-12-07,3.211419,0.006744,0.000000,3.468419
2016-12-08,3.148527,0.005686,-0.000003,3.478495
2016-12-09,3.085587,0.100607,0.000000,3.503031
2016-12-10,3.024080,0.063355,0.013675,3.481178
2016-12-11,2.963512,0.461655,0.009993,3.530605
2016-12-12,2.909095,0.183055,0.076411,3.458107
2016-12-13,2.855088,0.092068,0.000000,3.467981
2016-12-14,2.802319,0.024884,0.000010,3.447610
2016-12-15,2.750133,0.000597,0.004101,3.424464
2016-12-16,2.697633,0.000573,0.562747,3.492667
2016-12-17,2.651486,0.044262,0.000000,3.408166
2016-12-18,2.606098,0.206909,-0.001362,3.412968
2016-12-19,2.561436,0.209207,0.000000,3.408053
2016-12-20,2.517170,0.209608,0.000000,3.398070
2016-12-21,2.471591,0.209204,0.000000,3.399805
2016-12-22,2.433328,0.208815,0.000000,3.401904
2016-12-23,2.397698,0.209641,0.000000,3.388417
2016-12-24,2.362081,0.209115,0.001708,3.411956
2016-12-25,2.327313,0.208166,0.000000,3.430875
2016-12-26,2.291715,0.208409,0.000000,3.383387
2016-12-27,2.260147,0.051339,0.010266,3.428140
2016-12-28,2.227087,0.000574,0.016412,3.363997
2016-12-29,2.194684,0.000496,0.000000,3.354348
2016-12-30,2.162587,0.000493,0.000000,3.347918
2016-12-31,2.130833,0.000493,0.000000,3.344032
2017-01-01,2.633233,0.519894,0.000000,3.328653
2017-01-02,2.599252,0.005626,0.000000,3.331873
2017-01-03,2.564699,0.005373,0.000000,3.303023
2017-01-04,2.531088,0.005345,0.000000,3.322637
2017-01-05,2.498290,0.553518,0.000000,3.316932
2017-01-06,2.464516,0.104850,0.000000,3.315718
2017-01-07,2.434914,0.106893,0.000000,3.307438
2017-01-08,2.403767,0.259774,0.000000,3.290766
2017-01-09,2.373394,0.031497,0.000000,3.282710
2017-01-10,2.344771,0.000534,0.000000,3.279081
2017-01-11,2.314878,0.000510,0.000000,3.278967
2017-01-12,2.289158,0.000554,0.000000,3.263235
2017-01-13,2.262242,0.000591,0.000000,3.268044
2017-01-14,2.236074,0.000591,0.000000,3.255290
2017-01-15,2.212768,0.189988,0.000000,3.300004
2017-01-16,2.188341,0.021607,0.000000,3.258297
2017-01-17,2.167064,0.008436,0.000000,3.248507
2017-01-18,2.144435,0.024511,0.000000,3.234325
2017-01-19,2.122538,0.000536,0.000000,3.251513
2017-01-20,2.101058,0.019915,0.000000,3.240945
2017-01-21,2.078714,0.129898,0.000000,3.244707
2017-01-22,2.059266,0.099563,0.000000,3.225653
2017-01-23,2.038226,0.037550,0.157727,3.225124
2017-01-24,2.017645,0.290003,0.009274,3.215939
2017-01-25,1.997471,0.568264,0.000000,3.211770
2017-01-26,1.976166,0.625246,0.000000,3.206573
2017-01-27,1.957697,0.626566,-0.001365,3.210180
2017-01-28,1.937996,0.634562,0.000000,3.222389
2017-01-29,1.918626,0.633440,0.000000,3.205375
2017-01-30,1.899417,0.639614,0.000000,3.207572
2017-01-31,1.880299,0.738846,0.000000,3.202159
2017-02-01,1.860082,0.634831,0.000000,3.199136
2017-02-02,1.842721,0.034583,0.013331,3.197848
2017-02-03,1.824377,0.082480,0.000013,3.227559
2017-02-04,1.806525,0.142722,0.136873,3.192617
2017-02-05,1.648752,0.139699,0.000000,3.170747
2017-02-06,1.567078,0.139936,0.113060,3.173475
2017-02-07,1.552330,0.220362,0.243815,3.231143
2017-02-08,1.525480,0.266261,0.528165,3.229737
2017-02-09,1.500014,0.261714,0.000000,3.165283
2017-02-10,1.485355,0.267591,0.000000,3.167705
2017-02-11,1.469719,0.113016,-0.001369,3.154940
2017-02-12,1.456487,0.083908,0.003416,3.139856
2017-02-13,1.443130,0.024740,0.000000,3.148656
2017-02-14,1.429958,0.061074,0.000000,3.148756
2017-02-15,1.417187,0.016050,0.000000,3.149657
2017-02-16,1.403347,0.008026,0.000000,3.129296
2017-02-17,1.392077,0.008024,-0.000339,3.137888
2017-02-18,1.381061,0.030384,0.000000,3.135625
2017-02-19,1.370182,0.008056,0.000000,3.134559
2017-02-20,1.359408,0.008024,0.000000,3.128417
2017-02-21,1.347727,0.037312,0.000000,3.123633
2017-02-22,1.338035,0.170913,0.001708,3.140947
2017-02-23,1.322510,0.263814,0.010253,3.141478
2017-02-24,1.309517,0.178615,0.000000,3.161413
2017-02-25,1.299327,0.152808,0.000003,3.185910
2017-02-26,1.288193,0.052983,0.000000,3.127746
2017-02-27,1.278963,0.000539,0.000000,3.115331
2017-02-28,1.268921,0.000469,0.000000,3.109416
2017-03-01,1.258002,0.000469,0.000000,3.107200
2017-03-02,1.248872,0.004017,0.000000,3.097091
2017-03-03,1.238997,0.000584,0.000000,3.097241
2017-03-04,1.229415,0.000529,0.000000,3.068585
2017-03-05,1.219921,0.051540,0.000000,3.082309
2017-03-06,1.209524,0.009751,0.000000,3.074296
2017-03-07,1.200767,0.000486,0.000000,3.060609
2017-03-08,1.191281,0.009164,0.000000,3.084901
2017-03-09,1.181854,0.000491,0.000000,3.055770
2017-03-10,1.172668,0.000468,0.000000,3.069125
2017-03-11,1.162922,0.015925,0.000000,3.065770
2017-03-12,1.154808,0.068331,0.000000,3.057628
2017-03-13,1.145858,0.000605,0.000000,3.062224
2017-03-14,1.137228,0.000468,0.000000,3.052704
2017-03-15,1.129058,0.004651,0.000000,3.056586
2017-03-16,1.120186,0.020221,0.000000,3.067031
2017-03-17,1.112806,0.000490,0.000000,3.021644
2017-03-18,1.104509,0.000468,0.000000,3.055575
2017-03-19,1.096325,0.000468,0.000000,3.046429
2017-03-20,1.088449,0.000468,0.000000,3.041948
2017-03-21,1.079883,0.000468,0.000000,3.040457
2017-03-22,1.072927,0.000468,0.000000,3.319836
2017-03-23,1.065176,0.075837,0.000000,3.033543
2017-03-24,1.057408,0.066546,0.000000,3.078217
2017-03-25,1.049596,0.074319,0.000000,3.014863
2017-03-26,1.041218,0.008104,0.000000,3.002156
2017-03-27,1.034528,0.008025,0.000000,3.013576
2017-03-28,1.027288,0.015902,0.000000,2.999016
2017-03-29,1.020117,0.010287,0.000000,3.004886
2017-03-30,1.013121,0.084055,0.000000,2.993817
2017-03-31,1.006206,0.095424,0.000000,2.995967
2017-04-01,0.998606,0.035777,0.000000,2.977786
2017-04-02,0.992407,0.162466,0.000000,3.009579
2017-04-03,0.985745,0.197164,0.000000,2.960286
2017-04-04,0.979340,0.048404,0.000000,2.974676
2017-04-05,0.972984,0.000184,0.000000,2.963156
2017-04-06,0.965865,0.030514,0.000000,2.948429
2017-04-07,0.960144,0.036672,0.000000,2.955302
2017-04-08,0.954403,0.019393,0.000000,2.955115
2017-04-09,0.949034,0.007672,0.000000,2.923445
2017-04-10,0.943620,0.007655,0.000000,2.956776
2017-04-11,0.937593,0.007650,0.000000,3.098257
2017-04-12,0.932935,0.007655,0.000000,2.930863
2017-04-13,0.927725,0.007655,0.000000,2.936514
2017-04-14,0.922482,0.007655,0.000000,2.937415
2017-04-15,0.917232,0.007655,0.000000,2.932096
2017-04-16,0.911356,0.007650,0.000000,2.930641
2017-04-17,0.906850,0.055244,0.000013,2.968236
2017-04-18,0.901736,0.127557,0.000000,2.925973
2017-04-19,0.896632,0.199243,0.000003,2.923367
2017-04-20,0.891568,0.018003,0.000000,2.918509
2017-04-21,0.885870,0.007658,0.000000,2.909701
2017-04-22,0.881527,0.007655,0.000000,3.811152
2017-04-23,0.876625,0.007655,0.000000,3.267550
2017-04-24,0.871677,0.007655,0.000000,3.853321
2017-04-25,0.866683,0.007655,0.361130,4.848696
2017-04-26,0.861085,0.055160,0.222352,4.033573
2017-04-27,0.856895,0.155543,0.000427,3.653725
2017-04-28,0.852155,0.058383,0.160870,2.891795
2017-04-29,0.847437,0.186771,0.989294,3.808086
2017-04-30,0.842737,0.103234,0.250390,3.611155
2017-05-01,0.837536,0.264808,1.190448,3.105426
2017-05-02,0.821810,0.755806,1.910246,3.088880
2017-05-03,0.808337,0.916913,5.156481,3.229302
2017-05-04,0.811324,7.586774,6.043799,3.761302
2017-05-05,0.813138,5.462473,1.180958,3.543348
2017-05-06,0.770899,15.730571,1.199493,3.485330
2017-05-07,0.725901,14.621918,1.806374,3.579430
2017-05-08,0.701768,16.838056,1.504233,3.571495
2017-05-09,0.691943,35.017096,4.058651,3.525686
2017-05-10,0.670547,11.171782,0.851999,3.287483
2017-05-11,0.712528,1.592633,0.000000,3.731959
2017-05-12,0.798876,0.734315,0.000000,4.013734
2017-05-13,0.901301,0.613973,0.000000,3.933950
2017-05-14,0.996032,2.981902,0.287158,4.116772
2017-05-15,1.102266,23.392034,0.463794,3.820192
2017-05-16,1.141418,22.233145,1.594702,4.194817
2017-05-17,1.156629,12.773626,0.608012,3.990007
2017-05-18,1.248099,13.285119,0.370122,3.927252
2017-05-19,1.395655,20.635113,1.655775,3.578265
2017-05-20,1.536329,60.804944,2.493107,3.291186
2017-05-21,1.661266,86.452864,2.568802,3.341994
2017-05-22,2.136816,44.888429,1.026579,4.637216
2017-05-23,2.891363,31.388487,2.217211,3.596210
2017-05-24,3.677221,29.750501,1.695014,3.823558
2017-05-25,4.314530,27.552229,1.364537,3.915373
2017-05-26,4.904407,18.811832,2.846797,4.115281
2017-05-27,5.460713,25.261280,2.929101,4.011576
2017-05-28,5.919872,15.249352,1.980887,3.828453
2017-05-29,6.297820,23.589140,1.967566,3.811719
2017-05-30,6.544984,15.294166,0.264293,3.755915
2017-05-31,7.088305,10.209737,0.325895,4.445012
2017-06-01,7.724793,8.124145,0.104357,4.296893
2017-06-02,8.236183,21.799900,1.018595,5.780479
2017-06-03,8.334711,25.086500,1.043245,4.982894
2017-06-04,8.607853,35.154974,2.183608,4.699023
2017-06-05,8.923178,42.027620,3.143794,5.554639
2017-06-06,9.532162,37.495737,2.721661,5.081448
2017-06-07,10.333184,64.688642,2.534002,4.996983
2017-06-08,10.964537,60.862109,2.877425,4.616816
2017-06-09,11.804393,46.442043,2.078528,5.099359
2017-06-10,12.688702,43.825916,2.479968,9.152519
2017-06-11,13.308772,52.626343,2.380179,8.003493
2017-06-12,13.665883,56.451343,2.684898,10.811890
2017-06-13,13.902276,65.910626,3.636104,15.359759
2017-06-14,14.090246,70.785070,3.829986,16.219123
2017-06-15,14.570395,69.196618,3.903081,17.475482
2017-06-16,15.239123,53.616362,3.607121,16.749045
2017-06-17,15.975651,97.001407,7.761848,23.235902
2017-06-18,17.053640,66.458149,3.745939,19.618999
2017-06-19,19.006807,49.627716,3.182291,19.261497
2017-06-20,20.132565,74.535872,1.664256,21.797548
2017-06-21,20.222963,110.660328,2.843128,23.783349
2017-06-22,26.278683,109.499741,5.523814,35.541625
2017-06-23,35.077166,71.357593,1.549001,28.803358
2017-06-24,36.792583,61.932973,2.323612,30.855935
2017-06-25,35.671854,61.775785,1.052600,24.693614
2017-06-26,33.802917,66.075481,1.282096,22.174802
2017-06-27,31.869157,64.499943,1.952587,23.687215
2017-06-28,30.140124,68.699308,2.010295,23.099075
2017-06-29,28.734958,64.388783,2.186196,21.991351
2017-06-30,27.739820,46.185016,2.965357,23.261611
2017-07-01,26.780343,68.949528,2.905681,22.858710
2017-07-02,26.093574,28.346619,0.702787,19.341894
2017-07-03,26.758097,23.019546,1.345198,26.244873
2017-07-04,26.520299,24.926663,1.162891,26.553980
2017-07-05,25.920388,53.356497,1.507942,24.621862
2017-07-06,24.673795,76.399884,2.990509,31.142065
2017-07-07,23.595877,82.115618,3.084455,27.048639
2017-07-08,23.789884,79.462986,2.700437,25.658032
2017-07-09,24.452562,78.777272,2.964148,24.903552
2017-07-10,25.057892,78.787804,2.784055,25.221388
2017-07-11,25.539239,68.869229,2.652326,29.288376
2017-07-12,25.825583,63.336613,2.407774,28.972590
2017-07-13,25.559078,66.026078,2.650750,27.563274
2017-07-14,24.889942,59.294140,3.495983,30.403611
2017-07-15,24.370991,77.437400,4.188625,32.769225
2017-07-16,23.894206,79.826716,4.170519,34.589734
2017-07-17,24.300183,64.893004,5.118223,32.773615
2017-07-18,24.965233,60.870723,9.221978,43.994184
2017-07-19,25.075279,152.140434,4.307641,35.206149
2017-07-20,26.156077,117.869342,4.155993,50.654398
2017-07-21,28.819577,102.140573,3.983066,50.074644
2017-07-22,30.228570,384.529894,13.701222,90.600591
2017-07-23,32.279901,286.196917,5.250607,73.015218
2017-07-24,40.798325,110.543996,3.820376,51.662080
2017-07-25,41.094436,117.511783,7.508565,52.553724
2017-07-26,37.745989,187.360831,3.977773,70.033384
2017-07-27,34.957993,158.301586,3.037673,53.283915
2017-07-28,33.305337,149.844768,3.251372,58.042925
2017-07-29,31.448956,165.354789,3.960452,68.975285
2017-07-30,30.035493,131.755781,3.102964,56.937135
2017-07-31,29.238856,124.393107,3.210020,55.521323
2017-08-01,27.902498,86.354100,3.167514,54.143382
2017-08-02,27.329295,116.675093,3.178886,56.532971
2017-08-03,28.550703,105.450952,2.913566,50.716897
2017-08-04,25.254517,65.388010,2.597624,45.581725
2017-08-05,24.219106,57.328707,2.340942,37.179669
2017-08-06,23.549837,62.800453,2.551692,37.194728
2017-08-07,20.905847,54.685850,3.093891,39.252302
2017-08-08,20.321602,79.839432,3.410850,48.818304
2017-08-09,19.104939,63.026127,2.724249,37.353217
2017-08-10,18.705467,73.761966,2.632283,37.737519
2017-08-11,18.370603,88.732914,2.855827,44.285617
2017-08-12,16.933675,82.667097,2.662055,45.144194
2017-08-13,15.671670,72.559378,3.038542,60.648625
2017-08-14,15.614070,73.488389,2.713555,43.197191
2017-08-15,15.133615,74.479371,2.585208,40.046529
2017-08-16,14.891227,66.295364,2.447942,34.237791
2017-08-17,12.922674,38.507314,1.772874,14.138740
2017-08-18,12.365485,49.963969,2.586042,20.368850
2017-08-19,11.714906,33.622808,2.669586,42.692717
2017-08-20,11.196338,14.055991,2.379510,22.417703
2017-08-21,10.774214,21.290710,2.514283,24.644899
2017-08-22,10.284174,45.470628,3.825429,54.181941
2017-08-23,9.774183,60.134169,2.390032,43.499249
2017-08-24,9.355804,93.798281,3.097088,38.225677
2017-08-25,9.007758,100.095877,5.453650,59.297200
2017-08-26,8.909951,200.762010,13.381668,120.760665
2017-08-27,9.113504,97.868354,4.545424,61.311413
2017-08-28,9.484439,55.169439,2.271205,36.446503
2017-08-29,9.815251,57.916733,1.917540,31.687477
2017-08-30,9.775268,56.714312,2.081925,33.273943
2017-08-31,9.692764,121.754187,2.726069,60.289622
2017-09-01,10.255360,87.164860,4.607511,89.028939
2017-09-02,9.745399,24.292189,1.906085,25.171315
2017-09-03,9.786564,50.991963,3.837415,26.120671
2017-09-04,9.587695,183.267263,8.068658,74.072259
2017-09-05,9.151642,57.015436,1.368742,37.499397
2017-09-06,10.095635,51.445940,2.210766,47.572282
2017-09-07,10.681033,12.887986,0.026691,8.471240
2017-09-08,10.988702,7.082810,0.658975,6.862862
2017-09-09,11.293055,10.437740,1.934720,12.109546
2017-09-10,10.938049,6.472629,0.048163,5.771180
2017-09-11,10.639086,2.812739,0.576635,5.073589
2017-09-12,10.352854,5.810184,1.109239,8.339570
2017-09-13,10.100340,7.008946,0.000208,5.511142
2017-09-14,9.642498,7.779137,0.903475,5.320613
2017-09-15,9.208246,31.785764,2.213105,11.590043
2017-09-16,15.776309,150.110299,7.502472,107.923079
2017-09-17,12.123036,224.511769,5.242549,78.508016
2017-09-18,7.585881,19.145957,0.368575,20.702649
2017-09-19,7.661057,71.433287,3.652498,17.029381
2017-09-20,7.522280,26.691846,0.683217,16.468684
2017-09-21,7.629779,125.378051,7.048860,31.536896
2017-09-22,7.679794,80.493512,3.323778,14.161917
2017-09-23,8.701236,45.608888,1.686528,13.573207
2017-09-24,9.623128,268.069221,10.853205,45.051660
2017-09-25,12.483504,51.230727,2.725194,18.694036
2017-09-26,17.932156,50.060646,7.518725,34.359521
2017-09-27,19.652128,145.417901,7.880177,39.791705
2017-09-28,20.758606,7.950344,0.159733,4.587921
2017-09-29,23.540485,1.514719,0.001711,4.843524
2017-09-30,23.922823,19.852566,0.047575,4.935662
2017-10-01,22.967193,68.149909,4.644410,13.073070
2017-10-02,21.103818,32.214764,1.700763,26.079790
2017-10-03,19.517956,7.807767,0.989693,10.674561
2017-10-04,18.716511,0.691330,0.000000,4.736614
2017-10-05,17.843545,0.359303,0.000000,4.040975
2017-10-06,16.780826,0.246134,0.004108,4.222246
2017-10-07,15.797511,3.361343,0.321611,4.045946
2017-10-08,14.770887,24.120597,4.010276,7.673367
2017-10-09,13.796275,19.902192,3.037265,11.481409
2017-10-10,12.928539,35.004003,1.606821,6.867885
2017-10-11,12.012221,39.858118,3.589928,12.664033
2017-10-12,11.339929,3.107301,0.000000,4.002805
2017-10-13,11.437044,2.371166,0.000000,4.003784
2017-10-14,11.589248,0.276668,0.000000,3.989759
2017-10-15,11.567079,0.014265,0.000000,3.980594
2017-10-16,11.379302,0.009274,0.002054,3.983409
2017-10-17,11.089470,0.007951,0.595687,3.995584
2017-10-18,10.713019,0.035710,1.068724,4.130868
2017-10-19,10.317072,4.509990,2.800145,4.026930
2017-10-20,9.868211,70.358675,5.952928,6.915899
2017-10-21,8.582809,36.268568,0.706717,6.400130
2017-10-22,10.555943,0.648181,0.000000,3.963643
2017-10-23,12.370139,0.451819,0.000745,3.941337
2017-10-24,13.063654,1.303162,0.000000,3.961726
2017-10-25,13.098860,0.025085,0.000000,3.921033
2017-10-26,12.869639,0.067740,0.337812,4.421757
2017-10-27,12.498371,1.207386,1.082965,4.180885
2017-10-28,11.987334,0.057024,0.000000,3.996340
2017-10-29,11.492611,0.014369,0.000000,3.923089
2017-10-30,11.070008,0.108189,0.000000,3.926302
2017-10-31,10.507010,0.106894,0.000000,3.884188
2017-11-01,10.022305,0.054596,0.000000,3.885992
2017-11-02,9.535789,0.006410,0.000000,3.887394
2017-11-03,9.072050,0.002871,0.000000,3.884468
2017-11-04,8.719338,0.007828,0.000000,3.873986
2017-11-05,8.409581,0.009377,0.005124,3.875272
2017-11-06,8.186194,0.007492,0.075643,3.857987
2017-11-07,7.873966,0.007533,-0.001362,3.872108
2017-11-08,7.362040,0.007485,0.000000,3.858050
2017-11-09,7.078545,0.007477,0.000000,3.854378
2017-11-10,6.819359,0.007494,0.000000,3.857994
2017-11-11,6.587159,0.007590,0.000000,3.843749
2017-11-12,6.372747,0.007509,0.006886,3.830685
2017-11-13,6.161328,0.007431,0.008202,3.848518
2017-11-14,5.962999,0.007425,0.000000,3.832615
2017-11-15,5.771485,0.007429,0.000000,3.830756
2017-11-16,5.581930,0.020867,0.000000,3.810122
2017-11-17,5.408623,0.029825,-0.000343,3.817778
2017-11-18,5.245801,0.743183,0.000000,3.805119
2017-11-19,5.099238,0.724127,0.004826,3.825933
2017-11-20,4.964784,0.776593,0.000000,3.792476
2017-11-21,4.830446,0.201689,0.000000,3.795261
2017-11-22,4.706663,0.318539,0.000000,3.792229
2017-11-23,4.583720,0.136145,0.000000,3.796301
2017-11-24,4.464210,0.036326,0.000000,3.781800
2017-11-25,4.349078,0.172858,0.000000,3.782617
2017-11-26,4.237089,0.032528,0.000000,3.779521
2017-11-27,4.135685,0.039925,0.000000,3.792824
2017-11-28,4.035244,0.227273,0.000000,3.765511
2017-11-29,3.939937,0.061213,0.000000,3.773194
2017-11-30,3.851444,0.052094,0.036501,3.766505
2017-12-01,3.769724,0.045437,0.000000,3.767755
2017-12-02,3.697289,0.006082,0.000000,3.752911
2017-12-03,3.623419,0.005875,0.000000,3.748880
2017-12-04,3.550499,0.005842,0.000000,3.738906
2017-12-05,3.479625,0.005871,0.000000,3.826241
2017-12-06,3.408891,0.005891,0.000000,3.812554
2017-12-07,3.344167,0.005944,0.000000,3.802007
2017-12-08,3.277977,0.005949,0.000000,3.796871
2017-12-09,3.213978,0.005927,0.000000,3.807934
2017-12-10,3.151405,0.005931,0.000000,3.800933
2017-12-11,3.088314,0.005912,0.000000,3.820160
2017-12-12,3.032945,0.005913,0.000000,3.810032
2017-12-13,2.976537,0.005861,0.000000,3.814087
2017-12-14,2.921101,0.005859,0.000000,3.796805
2017-12-15,2.867023,0.005943,0.000000,3.806254
2017-12-16,2.814499,0.005901,0.000000,3.808989
2017-12-17,2.769798,0.005908,0.000000,3.809262
2017-12-18,2.727451,0.005980,0.000000,3.784922
2017-12-19,2.685774,0.005896,0.000000,3.785197
2017-12-20,2.645354,0.005868,0.000000,3.776020
2017-12-21,2.605085,0.005876,0.000000,3.774424
2017-12-22,2.569270,0.005991,0.000000,3.765370
2017-12-23,2.531849,0.003923,0.000000,3.764858
2017-12-24,2.495036,0.000797,0.000000,3.753516
2017-12-25,2.458825,0.000780,0.000000,3.745142
2017-12-26,2.421168,0.000769,0.000000,3.746219
2017-12-27,2.387862,0.000766,0.000000,3.726266
2017-12-28,2.353186,0.000787,0.000000,3.742353
2017-12-29,2.319248,0.000737,0.000000,3.721185
2017-12-30,2.286100,0.000742,0.000000,3.732602
2017-12-31,2.253077,0.000741,0.000000,3.715274
2018-01-01,2.280429,0.016390,0.000000,3.716889
2018-01-02,2.250095,0.027645,0.000000,3.685921
2018-01-03,2.218109,0.024568,0.000000,3.693899
2018-01-04,2.187567,0.020732,0.000000,3.680360
2018-01-05,2.158018,0.003606,0.000000,3.678062
2018-01-06,2.127286,0.001890,0.000000,3.673307
2018-01-07,2.100457,0.001891,0.000000,3.659418
2018-01-08,2.074123,0.001883,0.000000,3.672521
2018-01-09,2.049060,0.002388,0.000000,3.660117
2018-01-10,2.023953,0.018366,0.000000,3.655342
2018-01-11,2.000299,0.017183,0.016752,3.628846
2018-01-12,1.979782,0.047943,0.035954,3.623133
2018-01-13,1.955896,0.017064,0.018007,3.623845
2018-01-14,1.925734,0.001918,0.041312,3.624245
2018-01-15,1.905248,0.011677,0.000000,3.618098
2018-01-16,1.883458,0.013580,0.000000,3.599269
2018-01-17,1.864185,0.002677,0.000000,3.606370
2018-01-18,1.843680,0.001909,0.000000,3.596165
2018-01-19,1.823515,0.001888,0.000000,3.584165
2018-01-20,1.803597,0.001885,0.000000,3.589016
2018-01-21,1.782724,0.001339,0.000000,3.582612
2018-01-22,1.764486,0.009120,0.000000,4.655571
2018-01-23,1.745339,0.001209,0.000000,3.570916
2018-01-24,1.726959,0.000747,0.000000,3.557295
2018-01-25,1.708669,0.000574,0.000000,3.555987
2018-01-26,1.689257,0.000674,0.000000,3.558460
2018-01-27,1.672496,0.019061,0.002051,3.546861
2018-01-28,1.654932,0.023640,0.000000,3.541825
2018-01-29,1.637832,0.022495,0.000000,3.560670
2018-01-30,1.620967,0.015269,0.000000,3.532245
2018-01-31,1.603994,0.001097,0.000000,3.528356
2018-02-01,1.585833,0.040674,0.000000,3.531994
2018-02-02,1.570189,0.054884,0.000000,3.513974
2018-02-03,1.553588,0.045440,0.000000,3.507129
2018-02-04,1.537562,0.050126,0.000000,3.495371
2018-02-05,1.521631,0.045938,0.000000,3.487351
2018-02-06,1.504794,0.048169,0.000000,3.508756
2018-02-07,1.490762,0.056303,0.002055,3.497800
2018-02-08,1.476126,0.021349,0.000343,3.490737
2018-02-09,1.461600,0.000474,0.000000,3.488271
2018-02-10,1.447614,0.003023,0.000000,3.477567
2018-02-11,1.433352,0.003059,0.000000,3.460064
2018-02-12,1.421992,0.003102,0.000000,3.456610
2018-02-13,1.410665,0.020479,0.000000,3.461209
2018-02-14,1.399302,0.006591,0.003416,3.446771
2018-02-15,1.387825,0.026175,0.021200,3.452164
2018-02-16,1.375625,0.042901,0.002054,3.456564
2018-02-17,1.365582,0.002150,0.000000,3.422491
2018-02-18,1.355032,0.002374,0.000000,3.422055
2018-02-19,1.344475,0.004705,-0.001691,3.436206
2018-02-20,1.313458,0.005169,0.003429,3.414017
2018-02-21,1.290257,0.005285,0.015034,3.385221
2018-02-22,1.280826,0.004048,-0.001362,3.373692
2018-02-23,1.270492,0.003856,0.000000,3.368378
2018-02-24,1.252297,0.005147,0.907579,3.438476
2018-02-25,1.242337,0.003996,0.019477,3.366363
2018-02-26,1.231607,0.002867,0.344959,3.325992
2018-02-27,1.222803,0.001681,0.000026,3.372696
2018-02-28,1.213182,0.000050,0.000000,3.344325
2018-03-01,1.202824,0.002258,0.000000,3.325516
2018-03-02,1.194216,0.002437,0.000000,3.340317
2018-03-03,1.184844,0.002441,0.000000,3.325475
2018-03-04,1.175482,0.003757,0.000000,3.320441
2018-03-05,1.166104,0.004175,0.000000,3.334993
2018-03-06,1.155934,0.001942,0.000000,3.304499
2018-03-07,1.147377,0.004197,0.000000,3.308988
2018-03-08,1.138194,0.062888,0.000000,3.318059
2018-03-09,1.129415,0.071817,0.000000,3.301063
2018-03-10,1.120759,0.067323,0.000000,3.312779
2018-03-11,1.111249,0.067232,0.000000,3.293148
2018-03-12,1.103145,0.066195,0.000000,3.282485
2018-03-13,1.094438,0.065433,0.000000,3.279785
2018-03-14,1.086178,0.063536,0.000000,3.286519
2018-03-15,1.078442,0.004479,0.000000,3.273076
2018-03-16,1.069935,0.000489,0.000000,3.277754
2018-03-17,1.062945,0.000487,0.000000,3.274741
2018-03-18,1.055105,0.000487,0.000000,3.791598
2018-03-19,1.047365,0.000472,0.000000,3.255119
2018-03-20,1.039752,0.000460,0.000000,3.472870
2018-03-21,1.031618,0.000460,0.000000,3.261717
2018-03-22,1.025077,0.000468,0.000000,3.255310
2018-03-23,1.017815,0.000473,0.000000,3.251403
2018-03-24,1.010470,0.000478,0.002051,3.240681
2018-03-25,1.003178,0.002431,0.000000,3.242475
2018-03-26,0.995261,0.003606,0.000000,3.255020
2018-03-27,0.981203,0.003604,0.000000,3.269994
2018-03-28,0.937009,0.003567,0.001711,3.214659
2018-03-29,0.930281,0.002318,0.000000,3.213762
2018-03-30,0.923528,0.000468,0.000000,3.204015
2018-03-31,0.916807,0.000462,0.000000,3.195810
2018-04-01,0.909622,0.049747,0.000000,3.199233
2018-04-02,0.904175,0.000490,0.000000,3.193058
2018-04-03,0.898774,0.000601,0.000000,3.200898
2018-04-04,0.893685,0.000536,0.000000,3.199793
2018-04-05,0.888611,0.000147,0.000000,3.177965
2018-04-06,0.883016,0.000005,0.000000,3.179245
2018-04-07,0.878738,0.000005,0.000000,3.184936
2018-04-08,0.873923,0.000218,0.000000,3.153899
2018-04-09,0.869091,0.003397,0.000000,3.206428
2018-04-10,0.864215,0.003593,0.000000,3.159641
2018-04-11,0.858702,0.002377,0.033555,4.189534
2018-04-12,0.854381,0.000577,0.354960,4.241555
2018-04-13,0.849479,0.001831,0.137650,4.103360
2018-04-14,0.844553,0.003641,0.003442,3.595684
2018-04-15,0.839635,0.003579,0.415313,3.997997
2018-04-16,0.834147,0.002049,0.978757,4.778138
2018-04-17,0.829887,0.001846,0.383985,4.212535
2018-04-18,0.825032,0.088360,2.371230,4.464952
2018-04-19,0.821767,0.312624,1.328209,4.662780
2018-04-20,0.829532,0.347850,0.012078,5.114928
2018-04-21,0.818253,0.042819,0.000000,5.374060
2018-04-22,0.801891,0.000481,-0.000343,3.678335
2018-04-23,0.786829,0.000460,0.000000,5.079871
2018-04-24,0.774812,0.000460,0.000000,4.559707
2018-04-25,0.765437,0.000463,0.000000,3.064945
2018-04-26,0.757430,0.000570,0.000000,4.438081
2018-04-27,0.752229,0.000031,0.000000,4.433965
2018-04-28,0.747823,0.000005,0.000000,3.077908
2018-04-29,0.744447,0.000005,0.000000,3.399069
2018-04-30,0.741936,0.000524,0.000343,3.994427
2018-05-01,0.739471,0.000221,0.001764,8.310545
2018-05-02,0.738637,0.000114,0.000000,3.737185
2018-05-03,0.737752,0.000121,0.001705,3.936364
2018-05-04,0.737230,0.000056,-0.001705,3.073640
2018-05-05,0.736829,0.000010,0.000000,4.636432
2018-05-06,0.736076,0.000012,0.000000,4.436257
2018-05-07,0.736487,0.000006,0.001705,4.620511
2018-05-08,0.736497,0.000010,0.000007,3.030265
2018-05-09,0.736537,0.000340,0.215344,2.998632
2018-05-10,0.736512,0.000086,0.280591,5.111137
2018-05-11,0.735909,0.000082,0.000317,5.612735
2018-05-12,0.736386,0.000092,0.593129,4.521692
2018-05-13,0.736189,0.000144,0.000930,4.190831
2018-05-14,0.735417,0.000246,1.133257,4.533027
2018-05-15,0.743174,1.664261,0.347796,4.907963
2018-05-16,0.744366,0.570189,0.180337,5.659642
2018-05-17,0.732894,2.427887,0.482929,3.862818
2018-05-18,0.726936,5.034756,0.187984,4.310252
2018-05-19,0.702685,0.351497,0.000000,4.424515
2018-05-20,0.682564,2.864023,0.429458,5.103599
2018-05-21,0.682294,6.717179,0.033299,4.810325
2018-05-22,0.680760,4.262509,0.616224,3.867192
2018-05-23,0.678188,10.012190,0.611881,3.596778
2018-05-24,0.670910,7.279725,0.123236,5.430671
2018-05-25,0.687111,1.440366,0.000000,5.554064
2018-05-26,0.725159,7.682854,0.269406,4.128144
2018-05-27,0.781976,3.633980,0.434151,5.444276
2018-05-28,0.834596,3.863486,0.340481,4.838188
2018-05-29,0.894235,10.109131,2.091793,4.606841
2018-05-30,0.964311,23.809120,1.939429,4.438768
2018-05-31,1.003957,14.931622,1.406141,4.250302
2018-06-01,1.108057,17.251804,2.499973,4.042671
2018-06-02,1.269381,19.614656,2.139318,3.804344
2018-06-03,1.469786,22.759266,1.907456,3.752019
2018-06-04,1.731798,21.453189,2.892489,3.855669
2018-06-05,2.083487,20.163253,1.097935,3.791118
2018-06-06,2.513891,28.170101,1.610639,3.619385
2018-06-07,2.929854,22.536552,2.411163,3.462969
2018-06-08,3.485338,23.363003,2.600657,3.642312
2018-06-09,4.097320,19.633529,2.249473,3.945706
2018-06-10,4.756661,27.494906,2.099579,4.067412
2018-06-11,5.417107,21.260895,2.156222,4.380063
2018-06-12,6.336663,20.571684,2.443844,4.431806
2018-06-13,7.212071,26.924166,2.168879,4.363808
2018-06-14,7.943211,33.947967,2.697423,5.287086
2018-06-15,8.495054,28.436971,2.790047,4.675222
2018-06-16,9.324837,26.023277,1.123581,4.503809
2018-06-17,10.007748,24.050598,2.525695,4.722146
2018-06-18,10.530531,33.325380,2.293217,4.429629
2018-06-19,10.755499,35.359655,1.857902,4.544103
2018-06-20,11.035757,43.394684,2.547204,4.372424
2018-06-21,11.328257,32.950316,3.180779,4.583041
2018-06-22,11.759104,51.628982,4.093239,8.950268
2018-06-23,12.088419,43.211466,3.422750,11.355453
2018-06-24,12.610586,85.164653,4.343008,14.785991
2018-06-25,13.788976,57.089415,3.047604,19.632417
2018-06-26,15.467459,56.301746,2.649907,15.095374
2018-06-27,16.492943,57.577596,3.423600,16.420494
2018-06-28,17.083905,51.955806,3.010932,16.832156
2018-06-29,17.434356,101.519384,5.471789,18.610469
2018-06-30,17.889272,60.132825,4.351225,19.579611
2018-07-01,18.844347,64.184440,2.379434,13.686518
2018-07-02,19.175742,130.050815,6.585335,25.045401
2018-07-03,19.935486,72.781717,3.312367,23.227334
2018-07-04,22.218705,38.433609,3.093719,21.821954
2018-07-05,23.261429,49.053972,3.268676,23.906704
2018-07-06,22.999274,72.563379,3.146740,22.633711
2018-07-07,22.253001,61.356492,3.195478,22.021259
2018-07-08,21.981506,43.373953,3.040636,19.992828
2018-07-09,21.729727,73.791613,4.403273,24.948101
2018-07-10,22.077077,54.589961,3.726817,25.123708
2018-07-11,22.925655,64.876856,3.645688,23.722223
2018-07-12,23.195080,83.649744,3.772152,25.434495
2018-07-13,23.133780,78.803865,3.829047,27.864545
2018-07-14,23.401382,95.293623,3.039348,27.655279
2018-07-15,23.661706,119.730924,3.033143,21.922131
2018-07-16,24.768405,71.999827,2.817552,23.944169
2018-07-17,25.873708,99.197432,3.478745,23.761957
2018-07-18,26.064190,70.356951,3.401050,28.988682
2018-07-19,26.076619,64.395602,3.075245,29.621884
2018-07-20,25.912687,76.552949,3.062764,28.728122
2018-07-21,26.544335,68.977445,2.972685,28.433962
2018-07-22,26.442311,59.914086,3.519215,32.271214
2018-07-23,26.213181,75.589252,3.596802,28.602931
2018-07-24,25.255687,67.225512,3.549806,28.395711
2018-07-25,24.152149,51.997726,3.512655,30.076303
2018-07-26,23.156067,53.306432,3.654702,31.743231
2018-07-27,22.174968,71.566261,3.397864,37.362037
2018-07-28,21.087624,93.887426,4.135075,38.929889
2018-07-29,19.996167,313.694401,11.516746,122.736051
2018-07-30,21.126347,328.220306,3.875017,72.351340
2018-07-31,34.428707,234.859273,6.781712,69.044634
2018-08-01,32.746159,126.323060,3.382164,59.072379
2018-08-02,33.900704,95.475431,3.809772,47.914762
2018-08-03,32.475254,84.363859,3.867450,46.567129
2018-08-04,31.141891,96.158957,2.908148,47.445906
2018-08-05,28.284256,94.727173,3.378696,48.074507
2018-08-06,25.560433,81.360207,3.035196,39.814537
2018-08-07,22.675876,79.716774,3.482678,47.654183
2018-08-08,22.633065,114.879984,2.991607,52.450287
2018-08-09,21.606175,113.566158,3.178107,52.748431
2018-08-10,19.952320,89.141658,3.153047,50.839745
2018-08-11,18.630228,86.717313,3.162734,70.319528
2018-08-12,19.745044,115.859519,3.820079,67.712587
2018-08-13,17.986111,105.874397,3.758150,64.785375
2018-08-14,16.332813,81.334519,3.763351,49.740262
2018-08-15,16.483025,77.062397,3.312008,52.392468
2018-08-16,14.590283,69.765285,2.890837,51.666088
2018-08-17,13.315717,57.635944,2.849002,41.880305
2018-08-18,11.854814,37.403592,2.728380,34.253144
2018-08-19,11.389381,28.954845,2.902316,34.945634
2018-08-20,10.913700,25.766827,2.172509,25.748282
2018-08-21,10.381309,24.061736,1.690663,13.861929
2018-08-22,9.887151,31.280394,3.041462,47.257096
2018-08-23,9.418754,19.373796,1.721483,13.789743
2018-08-24,8.981785,13.166330,1.776386,9.122523
2018-08-25,8.595265,8.046783,2.401765,10.954765
2018-08-26,8.232809,11.641959,2.372416,18.689138
2018-08-27,7.901097,19.582676,2.143892,19.003664
2018-08-28,7.559841,11.217847,1.099294,6.485090
2018-08-29,7.234715,8.990033,1.724962,6.461907
2018-08-30,7.167382,16.878758,6.078609,14.694749
2018-08-31,6.770132,109.632586,14.108985,43.137669
2018-09-01,6.098492,79.997788,3.414678,28.288026
2018-09-02,5.803378,17.164088,1.491673,18.503775
2018-09-03,5.885897,8.517835,0.028430,6.701022
2018-09-04,6.035841,10.084183,0.597929,8.696510
2018-09-05,6.141777,8.526594,1.772740,20.169416
2018-09-06,6.179273,11.082701,4.298357,36.069760
2018-09-07,6.221189,225.570574,20.372531,92.771562
2018-09-08,5.790252,160.546555,12.742186,81.910236
2018-09-09,6.220121,139.175287,9.298622,79.253268
2018-09-10,7.354777,105.082360,13.215808,73.897843
2018-09-11,8.659973,92.003670,4.529899,47.602799
2018-09-12,9.699498,89.180292,1.675434,27.229524
2018-09-13,10.426913,36.217324,1.537725,25.370366
2018-09-14,10.994844,6.781267,0.745631,13.940348
2018-09-15,11.423585,13.695086,1.411266,10.526449
2018-09-16,11.353891,13.338030,0.965173,9.850686
2018-09-17,11.127234,20.629115,1.953903,14.066628
2018-09-18,10.740695,6.648726,0.160839,5.677662
2018-09-19,10.430152,1.385894,0.000000,5.234193
2018-09-20,10.128052,0.201233,0.000000,4.210334
2018-09-21,9.797616,0.377366,0.000000,4.201702
2018-09-22,9.441837,0.467970,0.000000,4.189725
2018-09-23,9.055873,0.082564,0.000000,5.137899
2018-09-24,8.703329,0.093962,0.638901,4.923638
2018-09-25,8.356263,0.346428,0.086809,4.132312
2018-09-26,8.005794,0.073011,0.000000,4.143113
2018-09-27,7.682127,0.001489,0.000000,4.128073
2018-09-28,7.893259,0.002547,0.023290,4.121256
2018-09-29,7.108721,0.000669,0.000000,4.116344
2018-09-30,6.855157,0.001125,0.000000,5.007322
2018-10-01,6.608329,0.000139,0.000000,4.107054
2018-10-02,7.261156,0.000426,0.000000,4.086721
2018-10-03,6.528793,0.174101,0.027891,4.097395
2018-10-04,5.933112,0.032765,0.000000,4.074059
2018-10-05,5.739615,0.000485,0.000000,4.901169
2018-10-06,5.551209,0.000503,-0.000250,4.058582
2018-10-07,5.375287,0.006073,0.025334,4.190508
2018-10-08,5.199675,0.004526,0.002051,4.186106
2018-10-09,5.030853,0.000188,0.000000,4.182614
2018-10-10,4.870432,0.000183,0.000000,4.170085
2018-10-11,4.714091,0.000227,0.319694,4.167922
2018-10-12,4.611717,24.030217,1.632289,4.344559
2018-10-13,4.488268,0.749931,0.000000,4.144389
2018-10-14,4.284388,0.003717,0.000000,4.143061
2018-10-15,4.130043,0.000492,0.049983,4.134263
2018-10-16,4.015839,0.000339,0.226781,4.132006
2018-10-17,3.934829,0.001858,0.010254,4.113439
2018-10-18,3.865254,0.020924,0.435860,4.109505
2018-10-19,4.102969,0.686584,0.747254,4.094101
2018-10-20,3.759455,0.077604,0.008571,4.093985
2018-10-21,3.697109,0.000441,0.000000,4.085412
2018-10-22,3.640878,0.000312,0.000000,4.078705
2018-10-23,3.586563,0.000139,0.000000,4.074288
2018-10-24,3.537613,0.000142,0.000000,4.072178
2018-10-25,3.493688,0.000160,0.001708,4.058880
2018-10-26,3.448814,0.000182,0.000000,4.361630
2018-10-27,3.408880,0.000144,0.000000,4.042094
2018-10-28,3.365803,0.000132,0.000705,4.032947
2018-10-29,3.321813,0.000129,0.000000,4.046676
2018-10-30,3.277548,0.038416,0.000000,4.005809
2018-10-31,3.233628,0.188745,0.000000,4.034630
2018-11-01,3.187363,0.213608,0.000000,3.999169
2018-11-02,3.144823,0.222448,0.000000,4.016409
2018-11-03,3.099702,0.225587,0.000000,4.006539
2018-11-04,3.055702,0.179512,0.000000,3.989757
2018-11-05,3.009943,0.020929,0.023911,3.986879
2018-11-06,2.962769,0.018889,0.010590,3.974810
2018-11-07,2.921352,0.019510,0.355835,3.953696
2018-11-08,4.777261,0.855145,2.696739,4.018984
2018-11-09,9.122788,27.712854,1.047976,3.993241
2018-11-10,2.831449,0.520446,0.000346,3.955317
2018-11-11,2.736294,0.027981,0.033839,3.943953
2018-11-12,2.674230,0.024960,0.000000,3.942819
2018-11-13,2.616977,0.024304,0.000000,3.930988
2018-11-14,2.575014,0.021029,0.000000,3.973081
2018-11-15,2.547619,0.020887,0.000000,3.974986
2018-11-16,2.525170,0.021037,0.000000,3.974079
2018-11-17,2.509874,0.021927,1.635462,3.992520
2018-11-18,3.429318,0.438742,0.293430,3.972185
2018-11-19,2.482826,0.051346,0.141779,3.956725
2018-11-20,2.468742,0.029557,0.007341,3.966256
2018-11-21,2.849069,0.024952,0.000352,3.932580
2018-11-22,2.438745,0.000449,0.000000,3.926677
2018-11-23,2.420732,0.000283,0.000000,3.921559
2018-11-24,2.403412,0.001147,0.000000,3.928625
2018-11-25,2.385676,0.001701,0.000000,3.914190
2018-11-26,2.363157,0.000531,0.000000,3.911510
2018-11-27,2.345684,0.000864,0.000000,3.897011
2018-11-28,2.326821,0.002304,0.000000,3.896335
2018-11-29,2.307731,0.003487,0.000000,3.886402
2018-11-30,2.288344,0.000364,0.000000,3.880010
2018-12-01,2.266706,0.000287,0.000000,3.874274
2018-12-02,2.247225,0.000258,0.000000,3.864971
2018-12-03,2.226978,0.000262,0.000000,3.856382
2018-12-04,2.207382,0.002376,0.000000,3.856978
2018-12-05,2.187651,0.192983,0.000000,3.856206
2018-12-06,2.165670,0.006919,0.000000,3.852641
2018-12-07,2.146058,0.003756,0.000000,3.850105
2018-12-08,2.124925,0.000392,0.000000,3.831369
2018-12-09,2.103789,0.000130,0.000000,3.840499
2018-12-10,2.082743,0.000576,0.000000,3.839334
2018-12-11,2.059825,0.022634,0.000000,4.036031
2018-12-12,2.040213,0.310977,0.000000,4.004170
2018-12-13,2.019954,0.321991,1.936541,3.993511
2018-12-14,1.999426,0.321580,1.608083,3.965934
2018-12-15,1.978740,0.322733,0.425067,3.982476
2018-12-16,1.956515,0.321213,0.000000,3.944465
2018-12-17,1.937803,0.193991,0.096930,3.981852
2018-12-18,1.917710,0.007894,0.138540,3.953829
2018-12-19,1.897209,0.000324,0.000003,3.951879
2018-12-20,1.877059,0.000129,0.000000,3.942843
2018-12-21,1.857763,0.000587,0.000000,3.946931
2018-12-22,1.841327,0.000163,0.000000,3.930104
2018-12-23,1.823627,0.001337,-0.001365,3.935853
2018-12-24,1.806016,0.000153,0.000000,3.928518
2018-12-25,1.788149,0.000128,0.000000,3.931079
2018-12-26,1.768993,0.001158,0.000000,3.922275
2018-12-27,1.752375,0.013130,0.000000,3.917812
2018-12-28,1.734487,0.235573,0.000000,3.911333
2018-12-29,1.716640,0.107419,0.000000,3.901477
2018-12-30,1.698827,0.000195,0.000000,3.890296
2018-12-31,1.681270,0.000128,0.000000,3.894173
2019-01-01,1.732881,0.004789,0.000000,3.874471
2019-01-02,1.716337,0.004821,0.000109,3.879337
2019-01-03,1.698677,0.007830,1.528339,3.862479
2019-01-04,1.681026,0.007547,0.054075,3.852632
2019-01-05,1.663853,0.007703,-0.001365,3.836880
2019-01-06,1.646112,0.007700,0.000000,3.832495
2019-01-07,1.630586,0.007705,0.000000,3.803631
2019-01-08,1.614125,0.007695,0.001365,3.825243
2019-01-09,1.597660,0.007663,0.000013,3.813830
2019-01-10,1.581248,0.007717,0.000000,3.809488
2019-01-11,1.564473,0.007670,0.000000,3.818696
2019-01-12,1.550326,0.007571,0.000000,3.805320
2019-01-13,1.535311,0.007692,0.000000,3.800782
2019-01-14,1.520304,0.007610,0.000000,3.788346
2019-01-15,1.505382,0.007566,0.000000,3.776177
2019-01-16,1.489510,0.007656,-0.001365,3.775862
2019-01-17,1.476270,0.007736,0.000000,3.761150
2019-01-18,1.462013,0.007722,0.000000,3.749080
2019-01-19,1.448127,0.007599,0.000000,3.742668
2019-01-20,1.434792,0.007602,0.000000,3.748863
2019-01-21,1.420612,0.007700,0.000000,3.720508
2019-01-22,1.408657,0.205991,0.003416,3.740911
2019-01-23,1.396243,0.436951,0.000000,3.750168
2019-01-24,1.383802,0.148035,0.000000,3.705029
2019-01-25,1.371777,0.007785,0.000000,3.714979
2019-01-26,1.360019,0.007578,0.000000,3.714407
2019-01-27,1.350323,0.007564,0.000000,3.704224
2019-01-28,1.339677,0.008953,0.000000,3.709834
2019-01-29,1.329042,0.011470,0.000000,3.693673
2019-01-30,1.318470,0.007585,0.000000,3.699695
2019-01-31,1.308201,0.007646,0.000000,3.676985
2019-02-01,1.297138,0.007734,0.000000,3.680024
2019-02-02,1.287988,0.017331,0.000000,3.679492
2019-02-03,1.277882,0.018112,0.000000,3.682118
2019-02-04,1.267807,0.007803,0.000000,3.662365
2019-02-05,1.257808,0.007745,0.000000,3.652567
2019-02-06,1.247048,0.007749,0.000000,3.633452
2019-02-07,1.238101,0.030091,0.000000,3.632200
2019-02-08,1.228386,0.023207,0.000000,3.619322
2019-02-09,1.218773,0.026348,0.000000,3.628933
2019-02-10,1.209277,0.012412,0.000000,3.616160
2019-02-11,1.198985,0.012364,0.000000,3.605514
2019-02-12,1.190421,0.012373,0.000000,3.615425
2019-02-13,1.181197,0.012373,0.000000,3.610759
2019-02-14,1.172187,0.012373,0.000000,3.592094
2019-02-15,1.163102,0.012373,0.000000,3.606041
2019-02-16,1.153197,0.012364,0.000000,3.569327
2019-02-17,1.144884,0.012373,0.000000,3.605725
2019-02-18,1.135696,0.012373,0.000000,3.582142
2019-02-19,1.126818,0.011945,0.000000,3.584931
2019-02-20,1.118335,0.007894,0.000000,3.578316
2019-02-21,1.109186,0.007663,0.000000,3.638389
2019-02-22,1.101552,0.007611,0.000000,3.567876
2019-02-23,1.092949,0.007609,0.185765,3.594873
2019-02-24,1.084453,0.007623,0.000000,3.558399
2019-02-25,1.076503,0.007695,0.002047,3.555304
2019-02-26,1.068108,0.007622,0.111253,3.559109
2019-02-27,1.061255,0.007608,0.000000,3.565496
2019-02-28,1.053661,0.007608,0.000000,3.525085
2019-03-01,1.045238,0.007603,0.000000,3.522109
2019-03-02,1.038333,0.007608,0.000000,3.531315
2019-03-03,1.030781,0.007608,0.000000,3.508082
2019-03-04,1.023523,0.007608,0.000000,3.513785
2019-03-05,1.016520,0.007608,0.000000,3.504626
2019-03-06,1.008824,0.007603,0.000000,3.509983
2019-03-07,1.002525,0.007608,0.000000,3.505011
2019-03-08,0.995581,0.007608,0.000000,3.498438
2019-03-09,0.988600,0.007608,0.000000,3.489506
2019-03-10,0.981809,0.007608,0.000000,3.489434
2019-03-11,0.974635,0.007603,0.000000,3.482620
2019-03-12,0.968794,0.007608,0.000000,3.484042
2019-03-13,0.962333,0.007608,0.000000,3.481450
2019-03-14,0.955994,0.007608,0.000000,3.476287
2019-03-15,0.949638,0.007609,0.000000,3.474152
2019-03-16,0.942980,0.007606,0.000000,3.474002
2019-03-17,0.938267,0.007656,0.000000,3.458748
2019-03-18,0.932986,0.007609,0.000000,3.464344
2019-03-19,0.927728,0.007561,0.000000,3.473312
2019-03-20,0.922513,0.007566,0.000000,3.466085
2019-03-21,0.916684,0.007603,0.000000,3.460619
2019-03-22,0.912019,0.007608,0.000000,3.441935
2019-03-23,0.906759,0.007608,0.000000,3.449283
2019-03-24,0.901694,0.007608,0.000000,3.774691
2019-03-25,0.896658,0.007608,0.000000,3.444667
2019-03-26,0.890983,0.007603,0.000000,3.427660
2019-03-27,0.886487,0.007608,0.000000,3.446554
2019-03-28,0.881368,0.007608,0.000000,3.422909
2019-03-29,0.876327,0.007608,0.000000,3.432568
2019-03-30,0.871304,0.007608,0.000000,3.416563
2019-03-31,0.866290,0.007608,0.000000,3.425298
2019-04-01,0.860768,0.007768,0.000000,3.418314
2019-04-02,0.856428,0.007798,0.000000,4.695450
2019-04-03,0.851436,0.007798,0.000000,3.409669
2019-04-04,0.846523,0.007798,0.000000,3.434150
2019-04-05,0.841832,0.007798,0.000000,3.394375
2019-04-06,0.836581,0.007792,0.000000,3.395053
2019-04-07,0.832526,0.007798,0.000000,4.899739
2019-04-08,0.827858,0.007889,0.000000,4.657696
2019-04-09,0.823162,0.007864,0.000000,3.726993
2019-04-10,0.818490,0.007821,0.000007,3.544656
2019-04-11,0.813260,0.007793,0.264921,4.215339
2019-04-12,0.809127,0.007798,0.760050,3.805274
2019-04-13,0.804424,0.310568,2.964614,4.340649
2019-04-14,6.168160,9.938940,0.972595,3.935029
2019-04-15,6.432236,19.448049,0.016562,4.497228
2019-04-16,5.604110,11.051276,2.079988,4.729204
2019-04-17,7.972687,32.932279,1.311868,3.941995
2019-04-18,2.288643,2.636557,0.687988,4.904083
2019-04-19,7.220345,18.802479,2.294596,4.597855
2019-04-20,4.438519,19.722505,0.912561,5.143896
2019-04-21,0.626737,1.189210,0.000000,3.587412
2019-04-22,0.612846,0.012149,0.000000,3.323335
2019-04-23,0.619616,0.008028,0.000000,3.333915
2019-04-24,0.657392,0.007863,0.000000,3.356429
2019-04-25,5.125660,10.813536,0.837313,3.838672
2019-04-26,9.327488,24.967552,4.031696,5.034054
2019-04-27,19.625995,75.871732,7.494839,3.918522
2019-04-28,13.832353,43.521477,3.280695,4.575085
2019-04-29,28.187592,69.543767,7.206628,3.842626
2019-04-30,19.749143,39.449730,6.278930,4.700486
2019-05-01,10.512664,16.473025,1.033934,5.644046
2019-05-02,2.470335,1.845633,0.000000,3.310435
2019-05-03,3.262596,0.047805,0.000000,3.727601
2019-05-04,7.589726,2.813132,0.296108,5.479402
2019-05-05,6.464888,2.914712,0.403433,6.386717
2019-05-06,7.693101,6.365607,0.839126,5.713608
2019-05-07,9.658525,8.779275,1.086483,5.176993
2019-05-08,3.550148,1.376358,0.660880,3.796953
2019-05-09,5.858320,0.734478,0.238670,3.348628
2019-05-10,5.484849,0.734712,0.520794,4.901324
2019-05-11,5.452714,1.363512,0.310907,5.402795
2019-05-12,4.901985,0.976555,0.793331,5.543560
2019-05-13,5.042517,1.005964,0.642968,4.816046
2019-05-14,11.248042,4.382628,2.072885,5.733579
2019-05-15,26.690182,44.217226,10.489636,6.323389
2019-05-16,19.173365,32.691292,6.344195,6.706007
2019-05-17,19.999940,50.580386,3.234708,6.023868
2019-05-18,31.504208,81.671760,2.578049,9.092691
2019-05-19,33.026494,80.999960,0.958718,11.271220
2019-05-20,16.322650,35.874882,0.541777,12.320116
2019-05-21,15.291305,25.396816,1.012696,10.554744
2019-05-22,14.221512,23.989394,1.318698,11.137938
2019-05-23,13.780613,20.744522,1.216210,9.990308
2019-05-24,14.038516,24.537413,1.287149,12.561380
2019-05-25,16.277890,30.034093,1.346032,14.622198
2019-05-26,15.635378,30.324320,1.152377,8.861291
2019-05-27,13.598673,24.323823,1.145798,7.645682
2019-05-28,15.264366,25.802724,1.412902,8.904034
2019-05-29,15.264494,30.004754,2.220311,13.130379
2019-05-30,13.842679,26.896277,1.717588,13.628703
2019-05-31,12.430872,19.717431,1.686019,11.954049
2019-06-01,14.574947,29.070949,2.286690,15.740126
2019-06-02,15.904165,43.911393,2.154925,11.457756
2019-06-03,14.688684,35.897194,2.290892,14.807470
2019-06-04,19.104438,54.053425,2.396542,16.950099
2019-06-05,17.945357,49.163616,2.116251,16.041014
2019-06-06,19.943813,53.663932,2.449433,18.271937
2019-06-07,20.536464,63.188041,3.011972,18.658260
2019-06-08,19.304699,67.441702,3.205386,19.933229
2019-06-09,19.585764,63.112946,3.187988,20.491273
2019-06-10,17.918331,62.023172,2.882920,20.362152
2019-06-11,21.647814,73.663129,4.790776,26.150635
2019-06-12,33.452430,133.556794,6.470280,35.545808
2019-06-13,40.170028,196.817107,5.939257,36.115335
2019-06-14,24.329000,116.152253,4.303202,24.788560
2019-06-15,23.236217,95.972702,4.553369,27.654127
2019-06-16,26.366643,124.910401,4.688010,28.615427
2019-06-17,25.497932,93.393630,4.165803,33.688711
2019-06-18,35.293888,91.940677,4.180737,34.966278
2019-06-19,22.296817,75.711919,3.908657,32.293169
2019-06-20,14.921665,79.260852,4.102799,32.180209
2019-06-21,15.020664,98.335822,3.730759,36.869749
2019-06-22,15.243716,99.042352,4.332612,41.013099
2019-06-23,16.986031,135.136782,4.674190,55.193387
2019-06-24,15.446586,102.026117,4.806818,52.084876
2019-06-25,15.882390,210.307085,5.753534,84.043794
2019-06-26,15.014371,187.087576,7.746577,79.645636
2019-06-27,15.215182,134.565713,4.059284,58.841945
2019-06-28,17.578962,150.778299,4.252836,50.306215
2019-06-29,18.200581,152.387646,4.752297,65.697030
2019-06-30,18.868930,161.907523,5.247895,63.530214
2019-07-01,17.583787,100.923013,5.082466,67.756141
2019-07-02,15.824199,69.616011,5.913949,72.870596
2019-07-03,15.322533,259.089688,20.342176,125.309824
2019-07-04,16.114890,221.409226,2.420821,84.400927
2019-07-05,19.415498,126.914220,1.701843,72.126283
2019-07-06,20.785068,133.554148,2.060692,90.146749
2019-07-07,19.610413,123.921680,1.991854,81.004316
2019-07-08,23.695709,139.249820,2.200961,74.165318
2019-07-09,22.874431,133.243015,1.996624,59.414076
2019-07-10,19.712201,104.584485,3.078226,93.462126
2019-07-11,18.271038,112.112832,3.317247,87.093629
2019-07-12,18.139767,122.826154,3.436374,86.641174
2019-07-13,17.206223,118.047316,3.685655,97.260524
2019-07-14,16.171470,112.179021,3.615774,101.297142
2019-07-15,16.387563,118.250478,4.815980,116.419385
2019-07-16,18.708877,192.951269,5.816045,156.413554
2019-07-17,16.203133,134.900880,3.316714,108.171512
2019-07-18,16.219223,139.751632,4.659376,123.294920
2019-07-19,15.897650,150.040936,4.362413,115.516453
2019-07-20,16.683641,179.115414,4.433582,127.659433
2019-07-21,16.238096,182.335008,4.326148,131.307628
2019-07-22,15.944535,170.330542,4.570882,131.583889
2019-07-23,13.953973,123.322338,3.685252,102.235765
2019-07-24,14.369913,140.085915,3.732064,89.126786
2019-07-25,11.283539,105.438722,3.172612,78.869476
2019-07-26,11.038750,135.922806,6.032431,96.554069
2019-07-27,12.012623,218.875619,5.370443,131.485411
2019-07-28,16.886481,444.774381,19.128047,262.529688
2019-07-29,42.498667,756.879674,26.500170,484.256382
2019-07-30,21.078827,390.290092,4.007688,147.772899
2019-07-31,22.837880,249.625620,2.789787,153.429003
2019-08-01,20.720863,198.198399,1.803266,102.087459
2019-08-02,20.232564,191.859782,1.743675,105.040317
2019-08-03,19.661155,197.883295,1.968546,117.176782
2019-08-04,18.411580,188.144411,2.859066,108.012558
2019-08-05,17.483495,149.535322,4.958668,101.609190
2019-08-06,16.525769,138.435270,2.313767,89.945487
2019-08-07,15.374215,121.965541,1.995088,85.215317
2019-08-08,14.556221,112.020408,2.398060,73.587635
2019-08-09,14.446602,121.880874,2.171004,72.472341
2019-08-10,12.964117,94.507797,2.453355,60.852481
2019-08-11,10.468403,111.891686,2.180989,78.647657
2019-08-12,9.977250,77.905439,2.247713,49.915862
2019-08-13,9.523474,57.225230,2.624866,52.652378
2019-08-14,9.886590,68.612075,2.264116,60.661599
2019-08-15,10.679343,103.112239,3.032319,71.853272
2019-08-16,9.432360,72.794863,2.253869,54.250319
2019-08-17,8.846827,65.338605,2.022151,43.878777
2019-08-18,8.032848,52.960391,2.254397,35.386260
2019-08-19,7.656448,45.686738,1.848828,27.546066
2019-08-20,7.363611,35.042995,1.716980,19.609256
2019-08-21,7.109513,30.897403,2.017986,17.206356
2019-08-22,6.882203,19.852275,2.201943,20.915501
2019-08-23,6.760829,163.568228,6.327612,26.654885
2019-08-24,5.768061,294.349465,8.354624,46.819170
2019-08-25,6.519116,75.665293,5.147873,56.581999
2019-08-26,8.441320,64.860626,1.179102,39.798084
2019-08-27,9.412858,35.645266,0.402187,19.885644
2019-08-28,9.777927,19.069581,0.292546,13.871906
2019-08-29,9.842188,18.405767,0.350558,10.466976
2019-08-30,9.756798,24.407654,0.360858,8.957039
2019-08-31,9.593653,19.980119,0.425118,8.710671
2019-09-01,9.297770,15.016881,0.302201,7.046341
2019-09-02,8.976063,10.444924,0.163584,8.010125
2019-09-03,8.672687,14.130827,0.293738,7.719223
2019-09-04,8.403566,15.946621,0.430980,7.139469
2019-09-05,8.104701,16.462216,1.727582,8.647637
2019-09-06,7.823563,11.979504,1.146150,9.113692
2019-09-07,9.133492,77.364883,5.782440,30.554801
2019-09-08,9.193661,98.798621,6.999173,34.983618
2019-09-09,7.177576,43.769850,0.716667,25.435182
2019-09-10,6.424798,6.110576,0.242028,9.754715
2019-09-11,6.553184,6.310413,0.204119,6.617772
2019-09-12,6.744306,3.971099,0.003426,6.753944
2019-09-13,6.875821,0.879717,0.000003,5.587091
2019-09-14,6.934514,0.679551,0.000000,5.160309
2019-09-15,6.930721,0.380787,0.000000,5.443877
2019-09-16,7.133012,3.772176,0.007335,5.744286
2019-09-17,6.786443,2.072216,0.181310,6.602832
2019-09-18,6.668190,0.637422,0.391137,5.480370
2019-09-19,6.646976,5.387769,0.436209,5.882337
2019-09-20,6.513578,15.144750,0.068180,5.369497
2019-09-21,7.385298,23.122523,3.817882,11.672723
2019-09-22,13.220348,165.916756,14.588140,63.575098
2019-09-23,9.061050,182.073238,8.763502,57.059681
2019-09-24,8.998965,115.717923,3.693289,43.162277
2019-09-25,8.609336,141.690888,2.141801,34.382303
2019-09-26,9.190049,90.666683,5.283075,41.801366
2019-09-27,8.322635,37.689106,1.283041,19.486650
2019-09-28,8.954130,10.555188,0.000000,5.904215
2019-09-29,9.721997,13.152475,0.000000,4.818386
2019-09-30,10.051324,3.478253,0.055020,4.549750
2019-10-01,10.217417,0.236639,0.079466,4.545371
2019-10-02,10.215001,0.032617,-0.001296,4.531634
2019-10-03,10.083887,10.980102,1.875984,4.865958
2019-10-04,9.852830,39.775353,7.479716,13.150591
2019-10-05,9.142416,61.128405,5.958601,17.402028
2019-10-06,8.909921,53.681187,6.252239,20.534671
2019-10-07,10.024102,11.877118,0.409405,6.039668
2019-10-08,11.634258,13.078836,0.228297,5.133024
2019-10-09,12.645355,15.432916,0.545144,4.674344
2019-10-10,12.689851,0.197130,0.000000,4.472874
2019-10-11,12.559855,0.010271,0.002051,4.469017
2019-10-12,12.280036,0.009176,0.000000,4.464115
2019-10-13,11.879267,0.012491,0.000000,4.450164
2019-10-14,11.428172,0.009986,0.000000,4.465925
2019-10-15,10.957105,0.008933,-0.002051,4.440933
2019-10-16,10.458114,0.008308,0.000000,4.429630
2019-10-17,9.974539,0.013634,0.000000,4.833999
2019-10-18,9.523249,0.013683,0.000000,4.773063
2019-10-19,9.097089,0.009265,0.000000,4.409727
2019-10-20,8.705816,0.009250,0.002054,4.408314
2019-10-21,8.323964,0.009691,0.000000,4.403205
2019-10-22,7.973440,0.008279,0.000000,4.390722
2019-10-23,7.635923,0.007432,0.000000,4.476136
2019-10-24,7.327392,0.131084,0.000000,4.483754
2019-10-25,7.052471,0.094894,0.000000,4.481060
2019-10-26,6.796122,0.007696,0.000000,4.468449
2019-10-27,6.563504,0.007401,0.000000,4.458423
2019-10-28,6.332448,0.007411,0.000000,4.456936
2019-10-29,6.110484,0.007425,0.000000,4.441657
2019-10-30,5.896008,0.007411,0.000000,4.439162
2019-10-31,5.696962,0.007407,0.000000,4.442086
2019-11-01,5.508110,0.007461,0.000000,4.433620
2019-11-02,5.350502,0.007441,0.000000,4.425041
2019-11-03,5.201389,0.139545,0.000000,4.413865
2019-11-04,5.061869,0.013639,0.000000,4.409886
2019-11-05,4.926870,0.007380,0.000000,4.395703
2019-11-06,4.792632,0.007390,0.000000,4.390161
2019-11-07,4.668658,0.007555,0.000000,4.384678
2019-11-08,4.545374,0.007790,0.000000,4.375526
2019-11-09,4.425648,0.007488,0.012336,4.366875
2019-11-10,4.309470,0.007365,0.185920,4.394786
2019-11-11,4.195265,0.344374,0.177408,4.417285
2019-11-12,4.093391,0.014828,0.008626,4.321132
2019-11-13,3.960142,0.133526,0.036224,4.329754
2019-11-14,3.865784,0.206312,-0.002047,4.333431
2019-11-15,3.783716,0.319044,0.002736,4.317553
2019-11-16,3.701929,0.356250,0.000000,4.286455
2019-11-17,3.629178,0.333793,0.000000,4.279004
2019-11-18,3.556103,0.109268,0.000000,4.270652
2019-11-19,3.485099,0.014924,0.066487,4.274646
2019-11-20,3.416051,0.086426,0.045950,4.267348
2019-11-21,3.346332,0.084590,0.026024,4.256849
2019-11-22,3.282539,0.048055,0.128614,4.236927
2019-11-23,3.217854,0.031251,0.006878,4.250798
2019-11-24,3.154639,0.031012,0.000000,4.226420
2019-11-25,3.092623,0.030763,-0.000003,4.222021
2019-11-26,3.029449,0.098911,0.000000,4.216456
2019-11-27,2.971610,0.036919,0.000000,4.208782
2019-11-28,2.914314,0.023830,0.000000,4.198543
2019-11-29,2.859769,0.048908,0.000000,4.189203
2019-11-30,2.811315,0.053995,0.000000,4.174524
2019-12-01,2.763977,0.022347,0.000000,4.158949
2019-12-02,2.723264,0.014607,0.215853,4.201392
2019-12-03,2.681690,0.037360,0.056838,4.153009
2019-12-04,2.641112,0.014389,0.000343,4.150734
2019-12-05,2.601380,0.024258,0.000000,4.138893
2019-12-06,2.560211,0.058769,0.000000,4.136013
2019-12-07,2.523122,0.027360,0.000000,4.133309
2019-12-08,2.484731,0.014477,0.001365,4.108725
2019-12-09,2.446950,0.019125,0.000000,4.100876
2019-12-10,2.410423,0.131619,0.000000,4.112232
2019-12-11,2.373724,0.183043,0.000000,4.105313
2019-12-12,2.341022,0.179285,0.000000,4.086208
2019-12-13,2.307218,0.126985,-0.001365,4.069378
2019-12-14,2.274084,0.167886,0.000000,4.065800
2019-12-15,2.241452,0.196725,0.000000,4.065634
2019-12-16,2.207525,0.206299,0.000000,4.049950
2019-12-17,2.177018,0.089401,0.000000,4.040550
2019-12-18,2.145264,0.003880,0.000000,4.036328
2019-12-19,2.113942,0.003461,0.000000,4.021162
2019-12-20,2.083485,0.003517,0.000000,4.012835
2019-12-21,2.052911,0.003487,0.000000,4.008072
2019-12-22,2.026504,0.132505,0.000000,4.006135
2019-12-23,2.001430,0.004202,0.000000,3.998214
2019-12-24,1.977798,0.003475,0.000000,3.995309
2019-12-25,1.955741,0.003470,0.000000,4.004467
2019-12-26,1.932658,0.003485,0.001365,3.995449
2019-12-27,1.913035,0.003510,0.000000,3.987080
2019-12-28,1.892487,0.003560,0.000000,3.990791
2019-12-29,1.872331,0.003466,0.000000,3.967997
2019-12-30,1.852316,0.003464,0.000000,3.951766
2019-12-31,1.832303,0.003511,0.000000,3.959491

