time,MAR_land,MAR_ice,RACMO_land,RACMO_ice
2015-01-01,0.000000,0.000000,0.217508,0.028495
2015-01-02,0.000000,0.000000,0.207898,0.029311
2015-01-03,0.000000,0.000000,0.203044,0.028517
2015-01-04,0.000000,0.000000,0.204531,0.028549
2015-01-05,0.000000,0.000000,0.201212,0.028910
2015-01-06,0.000000,0.000000,0.198989,0.028532
2015-01-07,0.000000,0.000000,0.196080,0.028864
2015-01-08,0.000000,0.000000,0.194132,0.028482
2015-01-09,0.000000,0.000000,0.192364,0.028438
2015-01-10,0.000000,0.000000,0.191222,0.028487
2015-01-11,0.000000,0.000000,0.187567,0.028394
2015-01-12,0.000000,0.000000,0.186027,0.028477
2015-01-13,0.000000,0.000000,0.185055,0.030979
2015-01-14,0.000000,0.000000,0.180487,0.028269
2015-01-15,0.000000,0.000000,0.180485,0.028497
2015-01-16,0.000000,0.000000,0.179859,0.028402
2015-01-17,0.000000,0.000000,0.175004,0.028359
2015-01-18,0.000000,0.000000,0.214588,0.028399
2015-01-19,0.000000,0.000000,0.175006,0.028290
2015-01-20,0.000000,0.000000,0.170206,0.028402
2015-01-21,0.000000,0.000000,0.167693,0.027959
2015-01-22,0.000000,0.000000,0.166551,0.028375
2015-01-23,0.000000,0.000000,0.164723,0.027901
2015-01-24,0.000000,0.000000,0.163581,0.028359
2015-01-25,0.000000,0.000000,0.159928,0.028329
2015-01-26,0.000000,0.000000,0.159926,0.027903
2015-01-27,0.000000,0.000000,0.157413,0.026498
2015-01-28,0.000000,0.000000,0.155129,0.026186
2015-01-29,0.000000,0.000000,0.154445,0.026492
2015-01-30,0.000000,0.000000,0.153301,0.026142
2015-01-31,0.000000,0.000000,0.149648,0.026066
2015-02-01,0.000000,0.000000,0.148961,0.026448
2015-02-02,0.000000,0.000000,0.148507,0.028200
2015-02-03,0.000000,0.000000,0.144872,0.030459
2015-02-04,0.000000,0.000000,0.151248,0.026377
2015-02-05,0.000000,0.000000,0.143019,0.025628
2015-02-06,0.000000,0.000000,0.141655,0.026401
2015-02-07,0.000000,0.000000,0.253214,0.025681
2015-02-08,0.000000,0.000000,0.137541,0.026370
2015-02-09,0.000000,0.000000,0.136854,0.026037
2015-02-10,0.000000,0.000000,0.135711,0.025526
2015-02-11,0.000000,0.000000,0.133886,0.025209
2015-02-12,0.000000,0.000000,0.130916,0.024660
2015-02-13,0.000000,0.000000,0.132057,0.024858
2015-02-14,0.000000,0.000000,0.130914,0.025080
2015-02-15,0.000000,0.000000,0.129087,0.024735
2015-02-16,0.000000,0.000000,0.128401,0.025105
2015-02-17,0.000000,0.000000,0.125433,0.024787
2015-02-18,0.000000,0.000000,0.125433,0.024664
2015-02-19,0.000000,0.000000,0.123606,0.024704
2015-02-20,0.000000,0.000000,0.122462,0.024653
2015-02-21,0.000000,0.000000,0.119951,0.024623
2015-02-22,0.000000,0.000000,0.120635,0.025090
2015-02-23,0.000000,0.000000,0.118808,0.024719
2015-02-24,0.000000,0.000000,0.117437,0.024182
2015-02-25,0.000000,0.000000,0.116524,0.024710
2015-02-26,0.000000,0.000000,0.115152,0.024665
2015-02-27,0.000000,0.000000,0.111498,0.024528
2015-02-28,0.000000,0.000000,0.112870,0.024628
2015-03-01,0.000000,0.000000,0.110357,0.024621
2015-03-02,0.000000,0.000000,0.110354,0.024621
2015-03-03,0.000000,0.000000,0.108528,0.024662
2015-03-04,0.000000,0.000000,0.107844,0.024346
2015-03-05,0.000000,0.000000,0.106700,0.023545
2015-03-06,0.000000,0.000000,0.105559,0.024567
2015-03-07,0.000000,0.000000,0.103731,0.024276
2015-03-08,0.000000,0.000000,0.104187,0.024446
2015-03-09,0.000000,0.000000,0.101905,0.024609
2015-03-10,0.000000,0.000000,0.100076,0.024257
2015-03-11,0.000000,0.000000,0.099391,0.024494
2015-03-12,0.000000,0.000000,0.099391,0.024221
2015-03-13,0.000000,0.000000,0.097791,0.024546
2015-03-14,0.000000,0.000000,0.096878,0.024107
2015-03-15,0.000000,0.000000,0.094593,0.024112
2015-03-16,0.000000,0.000000,0.096877,0.024491
2015-03-17,0.000000,0.000000,0.093452,0.024487
2015-03-18,0.000000,0.000000,0.093907,0.024028
2015-03-19,0.000000,0.000000,0.091624,0.024125
2015-03-20,0.000000,0.000000,0.091395,0.024624
2015-03-21,0.000000,0.000000,0.090937,0.023827
2015-03-22,0.000000,0.000000,0.089111,0.023899
2015-03-23,0.000000,0.000000,0.091622,0.023846
2015-03-24,0.000000,0.000000,0.088426,0.024158
2015-03-25,0.000000,0.000000,0.087282,0.023770
2015-03-26,0.000000,0.000000,0.086597,0.023808
2015-03-27,0.000000,0.000000,0.084770,0.023731
2015-03-28,0.000000,0.000000,0.084769,0.023805
2015-03-29,0.000000,0.000000,0.083629,0.023927
2015-03-30,0.000000,0.000000,0.082942,0.023744
2015-03-31,0.000000,0.000000,0.082941,0.023806
2015-04-01,0.000000,0.000000,0.081115,0.023766
2015-04-02,0.000000,0.000000,0.081114,0.023826
2015-04-03,0.000000,0.000000,0.079973,0.023361
2015-04-04,0.000000,0.000000,0.079286,0.024313
2015-04-05,0.000000,0.000000,0.079286,0.023470
2015-04-06,0.000000,0.000000,0.076776,0.023610
2015-04-07,0.000000,0.000000,0.076317,0.023913
2015-04-08,0.000000,0.000000,0.075631,0.023800
2015-04-09,0.000000,0.000000,0.076088,0.023865
2015-04-10,0.000000,0.000000,0.074033,0.023277
2015-04-11,0.000000,0.000000,0.074947,0.023321
2015-04-12,0.000000,0.000000,0.071292,0.024096
2015-04-13,0.000000,0.000000,0.073803,0.023230
2015-04-14,0.000000,0.000000,0.165702,0.200756
2015-04-15,0.000000,0.000000,0.152153,0.197128
2015-04-16,0.000000,0.000000,0.116546,0.023639
2015-04-17,0.000000,0.000000,0.070149,0.023249
2015-04-18,0.000000,0.000000,0.081146,0.023243
2015-04-19,0.000000,0.000000,0.074535,0.023067
2015-04-20,0.000000,0.000000,0.071979,0.023542
2015-04-21,0.000000,0.000000,0.069051,0.023600
2015-04-22,0.000000,0.000000,0.075974,0.416159
2015-04-23,0.000000,0.000000,0.176466,0.186127
2015-04-24,0.000000,0.000000,0.072961,0.023131
2015-04-25,0.000000,0.000000,0.065808,0.023625
2015-04-26,0.000000,0.000000,0.071972,0.023151
2015-04-27,0.000000,0.000000,0.095946,0.023094
2015-04-28,0.000000,0.000000,0.195294,0.023444
2015-04-29,0.000000,0.000000,1.161383,0.023364
2015-04-30,0.000000,0.000000,0.850717,0.023163
2015-05-01,0.000000,0.000000,0.104642,0.023123
2015-05-02,0.000000,0.000000,0.062837,0.023160
2015-05-03,0.000000,0.000005,0.070145,0.054331
2015-05-04,0.000000,0.000013,0.350707,0.147008
2015-05-05,0.000000,0.000013,0.172548,0.177943
2015-05-06,0.000000,0.000013,0.663075,0.140148
2015-05-07,0.000000,0.000013,1.069965,0.226955
2015-05-08,0.000000,0.000013,0.607233,0.153054
2015-05-09,0.000000,0.001127,2.026928,0.113301
2015-05-10,0.000000,0.004950,2.037947,0.187565
2015-05-11,0.000000,0.006752,0.304737,0.101038
2015-05-12,0.116871,0.007680,0.133321,0.119279
2015-05-13,0.036756,0.008308,0.141169,0.086211
2015-05-14,0.150752,0.008731,0.252143,0.222915
2015-05-15,0.309457,0.009019,0.425652,0.209610
2015-05-16,0.479929,0.009117,0.698675,0.106038
2015-05-17,0.842711,0.022401,0.754178,0.080457
2015-05-18,5.506442,0.028238,1.775507,0.071748
2015-05-19,0.765143,0.034145,0.297310,0.022944
2015-05-20,1.393813,0.056849,0.824286,0.115147
2015-05-21,3.997044,0.048144,1.295161,0.082358
2015-05-22,0.561312,0.022814,0.473896,0.022507
2015-05-23,6.906910,0.059863,0.756038,0.120145
2015-05-24,8.461571,0.258726,0.941556,0.060896
2015-05-25,8.139802,0.359258,1.062077,0.096152
2015-05-26,5.112559,0.253690,1.202820,0.070843
2015-05-27,8.281904,0.261641,1.353555,0.058515
2015-05-28,3.227922,0.224641,1.679015,0.096247
2015-05-29,7.706365,0.188973,1.116903,0.151706
2015-05-30,2.001521,0.162973,0.888284,0.133329
2015-05-31,3.506242,0.094141,0.889076,0.107588
2015-06-01,5.556637,0.143146,0.878035,0.233504
2015-06-02,6.939992,0.279845,0.996391,0.095310
2015-06-03,7.525827,0.354348,1.092056,0.088182
2015-06-04,9.568077,0.468994,1.231199,0.103054
2015-06-05,10.052996,0.571374,1.636541,0.087697
2015-06-06,9.442230,0.588920,2.037316,0.105126
2015-06-07,19.257955,1.142525,2.383968,0.145205
2015-06-08,15.813628,1.123703,1.974656,0.088909
2015-06-09,17.402065,1.217875,2.320261,0.207924
2015-06-10,14.686672,1.125114,2.649325,0.170478
2015-06-11,7.545777,0.823388,3.157070,0.165268
2015-06-12,15.035246,0.921496,3.390098,0.159421
2015-06-13,9.475111,0.850376,4.129199,0.192938
2015-06-14,13.413311,0.816564,5.262263,0.194821
2015-06-15,16.479206,0.973362,5.656538,0.274438
2015-06-16,28.467303,1.654647,5.214145,0.202941
2015-06-17,18.430662,1.507691,5.260021,0.192257
2015-06-18,20.328331,1.666420,6.497215,0.266064
2015-06-19,21.488294,1.577254,6.822223,0.231764
2015-06-20,14.306050,1.274183,6.588658,0.232980
2015-06-21,19.407114,1.500971,6.647613,0.232157
2015-06-22,23.732135,1.391316,7.231667,0.251485
2015-06-23,8.157293,1.546918,7.278570,0.273529
2015-06-24,4.372093,2.212886,7.337997,0.612367
2015-06-25,3.854486,2.387560,7.473414,2.176970
2015-06-26,4.356582,2.711468,7.499314,2.090613
2015-06-27,6.148860,4.065778,8.598478,2.745918
2015-06-28,6.754079,3.800567,7.908494,2.040471
2015-06-29,6.667902,3.745028,8.041530,2.533631
2015-06-30,3.860631,2.752667,7.370483,2.277087
2015-07-01,4.051085,2.240824,7.426353,2.522448
2015-07-02,4.662509,3.169084,7.756437,2.721936
2015-07-03,4.692898,3.012821,7.815130,2.556464
2015-07-04,5.399633,3.122873,7.290278,2.334678
2015-07-05,5.629441,3.481918,8.057568,3.648870
2015-07-06,7.975538,3.859572,8.015594,2.816622
2015-07-07,2.187314,4.234791,6.617814,3.629407
2015-07-08,0.015218,2.776070,5.457836,2.973682
2015-07-09,0.010628,2.435586,5.349689,3.000575
2015-07-10,0.098456,2.323248,5.480620,1.470088
2015-07-11,0.179110,2.619323,5.655124,2.982779
2015-07-12,1.082783,2.171170,6.315492,2.429041
2015-07-13,0.158759,1.728682,6.345219,2.433543
2015-07-14,0.000615,2.456235,6.272502,2.896880
2015-07-15,0.004053,2.847106,5.847173,2.822347
2015-07-16,0.006145,2.839478,5.508654,2.915077
2015-07-17,0.002769,3.283907,4.989093,2.702821
2015-07-18,0.010650,2.979171,4.449265,2.618833
2015-07-19,0.007455,2.355564,4.328833,2.540626
2015-07-20,0.000987,2.429444,3.968679,2.791797
2015-07-21,0.002072,2.432498,3.835334,2.429768
2015-07-22,0.006689,2.361053,3.336240,2.624729
2015-07-23,0.002662,2.415266,3.327417,2.474309
2015-07-24,0.292340,1.624214,2.905430,2.206929
2015-07-25,0.028068,1.683873,3.186118,2.620657
2015-07-26,0.002950,1.975784,3.034892,2.586364
2015-07-27,0.263138,1.924087,2.554423,1.966480
2015-07-28,0.720019,2.479988,2.768591,2.831975
2015-07-29,0.004715,2.115094,2.506302,2.394512
2015-07-30,0.002756,1.994599,2.373112,2.274295
2015-07-31,0.006561,1.984902,2.226539,2.206377
2015-08-01,0.000255,1.887910,2.252850,2.158407
2015-08-02,0.240877,3.082497,2.295630,1.710490
2015-08-03,0.754429,3.188221,2.054423,1.821530
2015-08-04,0.003873,2.208800,2.434659,2.592349
2015-08-05,0.002339,2.021156,2.313443,2.306289
2015-08-06,0.002682,1.849748,2.302148,2.080365
2015-08-07,0.004164,1.536649,1.771232,1.793240
2015-08-08,0.000056,1.675901,2.047923,2.404348
2015-08-09,0.000016,2.966987,2.775796,2.872099
2015-08-10,0.000101,4.235015,2.658088,2.926520
2015-08-11,0.003588,4.008674,2.890128,2.932774
2015-08-12,9.923430,2.603190,2.724098,2.303834
2015-08-13,0.000405,2.953120,1.902587,2.245921
2015-08-14,0.002563,2.639897,1.819634,1.921406
2015-08-15,0.000422,2.222977,1.677494,1.734303
2015-08-16,0.000592,2.167700,1.865104,1.895801
2015-08-17,0.001265,1.796399,1.687554,1.551808
2015-08-18,0.003406,1.394713,1.774394,1.721966
2015-08-19,0.018495,1.306127,1.673832,1.641851
2015-08-20,0.000470,1.602820,1.630327,1.798589
2015-08-21,0.000027,1.609873,1.625154,1.703518
2015-08-22,0.000231,1.876371,1.773736,2.051679
2015-08-23,0.015753,1.846463,1.644474,1.744304
2015-08-24,0.000111,1.734081,1.437225,1.415813
2015-08-25,0.000109,1.688155,1.507949,1.464499
2015-08-26,0.001274,1.867061,1.491602,1.365219
2015-08-27,0.000154,1.643408,1.211596,1.150747
2015-08-28,0.001312,1.188687,1.711913,1.290259
2015-08-29,0.011465,1.668908,1.752486,2.367061
2015-08-30,9.399895,3.001519,3.133957,1.938963
2015-08-31,4.353234,3.062401,1.482398,2.140112
2015-09-01,4.177703,1.496251,1.728759,1.642258
2015-09-02,17.914806,2.894757,2.840938,3.167074
2015-09-03,1.047063,1.726903,2.068465,1.860979
2015-09-04,10.540311,3.080315,3.258944,2.909638
2015-09-05,7.910454,1.680648,2.516173,2.321030
2015-09-06,9.475876,3.834503,4.474407,3.504121
2015-09-07,18.620821,4.374436,3.629669,2.611673
2015-09-08,0.184107,2.325428,0.615524,1.364346
2015-09-09,0.058604,1.411615,0.349205,0.517414
2015-09-10,0.797334,2.012281,0.629455,1.242603
2015-09-11,0.018867,1.350430,0.418986,0.307168
2015-09-12,0.639722,1.487117,0.423921,0.289678
2015-09-13,0.000045,0.887510,0.336437,0.266486
2015-09-14,0.000164,0.695193,0.340509,0.274203
2015-09-15,0.000051,0.684526,0.450504,0.243985
2015-09-16,0.000001,0.507861,0.841103,0.288709
2015-09-17,0.063282,0.452945,1.039682,0.729700
2015-09-18,5.023882,0.690992,1.207698,0.712122
2015-09-19,3.755439,0.750405,0.748660,0.944058
2015-09-20,0.000117,0.562914,0.245817,0.515840
2015-09-21,3.920645,0.435013,0.850252,0.129879
2015-09-22,1.821985,0.912486,0.778759,0.999962
2015-09-23,0.001393,0.642671,0.253265,0.229916
2015-09-24,2.502968,0.615325,0.812269,0.146130
2015-09-25,0.288888,0.464068,0.453829,0.212149
2015-09-26,0.017021,0.298059,0.247838,0.105852
2015-09-27,0.004150,0.209783,0.249667,0.079644
2015-09-28,0.421315,0.189591,0.413819,0.065661
2015-09-29,2.915629,0.145324,0.280318,0.204842
2015-09-30,0.048475,0.063746,0.498985,0.250788
2015-10-01,0.000015,0.163227,0.239663,0.074454
2015-10-02,0.000000,0.173461,0.236693,0.034099
2015-10-03,0.000117,0.058091,0.235549,0.024389
2015-10-04,0.000261,0.024383,0.235551,0.031779
2015-10-05,0.000019,0.003375,0.233724,0.026093
2015-10-06,0.000186,0.001561,0.233726,0.062478
2015-10-07,0.156444,0.117305,0.231898,0.030636
2015-10-08,0.000157,0.117730,0.238539,0.030310
2015-10-09,6.212747,0.069300,0.318263,0.025420
2015-10-10,16.041758,0.714683,0.508135,0.033544
2015-10-11,16.659959,0.900263,1.366887,0.112581
2015-10-12,12.554662,1.991311,0.747432,0.104570
2015-10-13,0.164175,0.620625,0.244905,0.023914
2015-10-14,0.059824,0.104470,0.241069,0.065971
2015-10-15,5.940945,0.703128,1.103500,0.078784
2015-10-16,0.419165,0.243933,0.354211,0.074307
2015-10-17,0.112937,0.037699,0.261399,0.025000
2015-10-18,0.001380,0.006538,0.232238,0.023209
2015-10-19,0.000008,0.000905,0.235441,0.022828
2015-10-20,0.000161,0.000126,0.237503,0.022817
2015-10-21,0.001715,0.000019,0.240018,0.022815
2015-10-22,0.003156,0.000004,0.240935,0.022781
2015-10-23,0.065530,0.000000,0.246365,0.023195
2015-10-24,0.000000,0.000000,0.244815,0.022730
2015-10-25,0.000006,0.000000,0.246869,0.022874
2015-10-26,0.000001,0.000000,0.370192,0.022835
2015-10-27,0.000000,0.000000,0.306418,0.023375
2015-10-28,0.000000,0.000000,0.249150,0.022807
2015-10-29,0.763778,0.000000,0.893397,0.039739
2015-10-30,3.889989,0.003545,0.630982,0.031674
2015-10-31,12.396351,0.146643,0.356854,0.021408
2015-11-01,16.197408,0.896571,0.299208,0.022756
2015-11-02,0.037650,0.108434,0.285385,0.022777
2015-11-03,0.077012,0.000000,0.274541,0.021327
2015-11-04,0.000000,0.000000,0.280019,0.022354
2015-11-05,0.000140,0.000000,0.294655,0.022226
2015-11-06,0.003490,0.000000,0.320064,0.023201
2015-11-07,0.000007,0.000000,0.294403,0.022372
2015-11-08,0.000027,0.000000,0.298968,0.022721
2015-11-09,0.000235,0.000000,0.303994,0.022713
2015-11-10,0.000270,0.000000,0.306729,0.021346
2015-11-11,0.000316,0.000000,0.308096,0.021811
2015-11-12,0.000151,0.000000,0.307178,0.021408
2015-11-13,0.000197,0.000000,0.310830,0.022534
2015-11-14,0.000000,0.000000,0.309684,0.021931
2015-11-15,0.000000,0.000000,0.312191,0.021881
2015-11-16,0.000000,0.000000,0.311047,0.021904
2015-11-17,0.000000,0.000000,0.309901,0.022259
2015-11-18,0.000000,0.000000,0.311039,0.021846
2015-11-19,0.000000,0.000000,0.310578,0.021433
2015-11-20,3.512194,0.000019,0.309894,0.028080
2015-11-21,0.047377,0.000000,0.317337,0.021104
2015-11-22,0.000001,0.000000,0.308344,0.021462
2015-11-23,0.000001,0.000000,0.308051,0.021421
2015-11-24,3.871171,0.001852,0.320309,0.021702
2015-11-25,0.117556,0.003588,0.305760,0.020015
2015-11-26,0.000000,0.000000,0.305070,0.019998
2015-11-27,0.000003,0.000000,0.303922,0.021113
2015-11-28,0.000030,0.000000,0.302092,0.021072
2015-11-29,0.000013,0.000000,0.302088,0.021046
2015-11-30,0.000006,0.000001,0.299573,0.019784
2015-12-01,0.000000,0.000002,0.298883,0.021306
2015-12-02,0.000000,0.000000,0.295455,0.019491
2015-12-03,0.000000,0.000000,0.294081,0.020570
2015-12-04,0.000000,0.000000,0.293390,0.020193
2015-12-05,0.000302,0.000000,0.291560,0.021063
2015-12-06,0.000000,0.000000,0.288362,0.020653
2015-12-07,0.000000,0.000000,0.285615,0.020511
2015-12-08,0.000000,0.000000,0.284761,0.021072
2015-12-09,0.000000,0.000000,0.287116,0.019763
2015-12-10,0.000000,0.000000,0.279212,0.019695
2015-12-11,0.000000,0.000000,0.277900,0.019743
2015-12-12,0.000000,0.000000,0.274180,0.020570
2015-12-13,0.000000,0.000000,0.271895,0.021653
2015-12-14,0.000000,0.000000,0.268405,0.020108
2015-12-15,0.000000,0.000000,0.265497,0.020253
2015-12-16,0.000000,0.000000,0.263664,0.019306
2015-12-17,0.000000,0.000000,0.264907,0.018953
2015-12-18,0.000000,0.000000,0.258636,0.018899
2015-12-19,0.000000,0.000000,0.256806,0.019323
2015-12-20,0.000000,0.000000,0.252464,0.018869
2015-12-21,0.000000,0.000000,0.250636,0.018887
2015-12-22,0.000000,0.000000,0.250007,0.019168
2015-12-23,0.000000,0.000000,0.244466,0.018454
2015-12-24,0.000000,0.000000,0.244461,0.020418
2015-12-25,0.000000,0.000000,0.239438,0.018543
2015-12-26,0.000000,0.000000,0.239433,0.019233
2015-12-27,0.000000,0.000000,0.233892,0.019643
2015-12-28,0.000000,0.000000,0.234010,0.018795
2015-12-29,0.000000,0.000000,0.230753,0.019268
2015-12-30,0.000000,0.000000,0.227092,0.018433
2015-12-31,0.000000,0.000000,0.225725,0.020469
2016-01-01,0.000000,0.000000,0.222069,0.019618
2016-01-02,0.000000,0.000000,0.220922,0.019287
2016-01-03,0.000000,0.000000,0.217270,0.018869
2016-01-04,0.000000,0.000000,0.215210,0.018808
2016-01-05,0.000000,0.000000,0.212927,0.018364
2016-01-06,0.000000,0.000000,0.211101,0.019282
2016-01-07,0.000000,0.000000,0.323294,0.018407
2016-01-08,0.000000,0.000000,0.240990,0.018770
2016-01-09,0.000000,0.000000,0.204243,0.018837
2016-01-10,0.000000,0.000000,0.200588,0.018799
2016-01-11,0.000000,0.000000,0.199216,0.019622
2016-01-12,0.000000,0.000000,0.197388,0.018720
2016-01-13,0.000000,0.000000,0.194419,0.019387
2016-01-14,0.000000,0.000000,0.193047,0.018725
2016-01-15,0.000000,0.000000,0.190078,0.018537
2016-01-16,0.000000,0.000000,0.193732,0.017858
2016-01-17,0.000000,0.000000,0.186422,0.018454
2016-01-18,0.000000,0.000000,0.182767,0.018492
2016-01-19,0.000000,0.000000,0.240538,0.019471
2016-01-20,1.994968,0.000000,0.421523,0.018709
2016-01-21,10.058928,0.010051,0.443535,0.019135
2016-01-22,6.189485,0.072448,0.397506,0.020610
2016-01-23,0.821439,0.014006,0.176597,0.017783
2016-01-24,0.497113,0.000013,0.175454,0.018142
2016-01-25,0.351083,0.000000,0.175454,0.017884
2016-01-26,0.234058,0.000000,0.174311,0.017722
2016-01-27,0.153379,0.000000,0.173854,0.017734
2016-01-28,0.091049,0.000000,0.173397,0.018163
2016-01-29,0.059679,0.000000,0.173395,0.017769
2016-01-30,0.041270,0.000000,0.173395,0.017816
2016-01-31,0.017612,0.000000,0.172937,0.019147
2016-02-01,0.012961,0.000000,0.171796,0.017744
2016-02-02,0.011940,0.000000,0.172478,0.017721
2016-02-03,0.006085,0.000000,0.172143,0.018124
2016-02-04,0.004822,0.000000,0.172417,0.017326
2016-02-05,0.003812,0.000000,0.170194,0.017738
2016-02-06,0.004139,0.000000,0.171395,0.017749
2016-02-07,0.003904,0.000000,0.169051,0.018052
2016-02-08,0.003112,0.000000,0.168305,0.018476
2016-02-09,0.000000,0.000000,0.167907,0.017730
2016-02-10,0.000000,0.000000,0.167223,0.017677
2016-02-11,0.000000,0.000000,0.166537,0.017730
2016-02-12,0.000000,0.000000,0.166079,0.017728
2016-02-13,0.000000,0.000000,0.164252,0.017667
2016-02-14,0.000000,0.000000,0.163568,0.017761
2016-02-15,0.000000,0.000000,0.164311,0.017321
2016-02-16,0.000000,0.000000,0.161738,0.018108
2016-02-17,0.000000,0.000000,0.159458,0.017274
2016-02-18,0.000000,0.000000,0.161738,0.017425
2016-02-19,0.000000,0.000000,0.159453,0.018087
2016-02-20,0.000000,0.000000,0.158084,0.017190
2016-02-21,0.000000,0.000000,0.159451,0.018142
2016-02-22,0.000000,0.000000,0.155512,0.017284
2016-02-23,0.000000,0.000000,0.155798,0.017386
2016-02-24,0.000000,0.000000,0.158659,0.018720
2016-02-25,0.000000,0.000000,0.155112,0.017727
2016-02-26,0.000000,0.000000,0.154426,0.017906
2016-02-27,0.000000,0.000000,0.152600,0.018844
2016-02-28,0.000000,0.000000,0.233341,0.017307
2016-02-29,0.000000,0.000000,0.166722,0.016562
2016-03-01,0.000000,0.000000,0.149630,0.016581
2016-03-02,0.000000,0.000000,0.149630,0.020775
2016-03-03,0.000000,0.000000,0.147119,0.016719
2016-03-04,0.000000,0.000000,0.149189,0.017439
2016-03-05,0.000000,0.000000,0.148971,0.016509
2016-03-06,0.000000,0.000000,0.145973,0.016463
2016-03-07,0.000000,0.000000,0.143460,0.016466
2016-03-08,0.000000,0.000000,0.143006,0.017880
2016-03-09,0.000000,0.000000,0.143005,0.017523
2016-03-10,0.000000,0.000000,0.142380,0.016445
2016-03-11,0.000000,0.000000,0.141175,0.016483
2016-03-12,0.000000,0.000000,0.140492,0.017087
2016-03-13,0.000000,0.000000,0.139804,0.016838
2016-03-14,0.000000,0.000000,0.138663,0.017123
2016-03-15,0.000000,0.000000,0.136835,0.016438
2016-03-16,0.000000,0.000000,0.136835,0.017493
2016-03-17,0.000000,0.000000,0.623914,0.042402
2016-03-18,0.000000,0.000000,1.295744,0.076216
2016-03-19,0.000000,0.000000,0.141310,0.017169
2016-03-20,0.000000,0.000000,0.135234,0.017419
2016-03-21,0.000000,0.000000,0.144844,0.017073
2016-03-22,0.000000,0.000000,0.134320,0.016387
2016-03-23,0.000000,0.000000,0.184643,0.016392
2016-03-24,0.000000,0.000000,0.140035,0.017097
2016-03-25,0.000000,0.000000,0.138198,0.016396
2016-03-26,0.000000,0.000000,0.138425,0.016449
2016-03-27,0.000000,0.000000,0.139110,0.016455
2016-03-28,0.000000,0.000000,0.139336,0.016031
2016-03-29,0.000000,0.000000,0.141162,0.016433
2016-03-30,0.000000,0.000000,0.141449,0.016460
2016-03-31,0.000000,0.000000,0.142075,0.016358
2016-04-01,0.000000,0.000000,0.142758,0.016362
2016-04-02,0.000000,0.000000,0.141616,0.016402
2016-04-03,0.000000,0.000000,0.152375,0.016447
2016-04-04,0.000000,0.000000,0.173653,0.022995
2016-04-05,0.000000,0.000000,0.276299,0.063686
2016-04-06,0.000000,0.000000,0.146366,0.016962
2016-04-07,0.000000,0.000000,0.171834,0.015997
2016-04-08,0.000000,0.000000,0.226502,0.016335
2016-04-09,0.000000,0.000000,0.163720,0.033371
2016-04-10,0.000000,0.000000,0.296164,0.088199
2016-04-11,0.000000,0.000000,0.499117,0.049192
2016-04-12,0.000000,0.000000,0.776914,0.044521
2016-04-13,0.000000,0.000000,0.565495,0.050049
2016-04-14,0.414630,0.000000,0.636368,0.048151
2016-04-15,1.078503,0.000001,0.795501,0.043879
2016-04-16,0.745919,0.000011,0.462496,0.071645
2016-04-17,0.073520,0.000002,0.201773,0.015935
2016-04-18,0.055517,0.000001,0.178597,0.016257
2016-04-19,0.045905,0.000001,0.279609,0.166156
2016-04-20,0.041946,0.000001,0.197241,0.016205
2016-04-21,0.078744,0.000001,0.312157,0.094784
2016-04-22,0.399766,0.000003,0.822369,0.074988
2016-04-23,3.510169,0.000029,1.036452,0.050572
2016-04-24,6.951189,0.054417,0.841121,0.048756
2016-04-25,6.200329,0.198249,1.158095,0.042794
2016-04-26,4.979527,0.307533,0.903597,0.052910
2016-04-27,5.153312,0.309835,0.755031,0.118830
2016-04-28,5.276293,0.289489,0.385591,0.038671
2016-04-29,5.703798,0.240463,0.453765,0.048717
2016-04-30,0.587295,0.090853,0.437615,0.048506
2016-05-01,4.496382,0.094671,0.633364,0.114246
2016-05-02,3.712513,0.182499,0.532165,0.084962
2016-05-03,5.859237,0.270529,0.666254,0.057345
2016-05-04,3.989597,0.298983,0.592115,0.066835
2016-05-05,4.768944,0.296607,0.672309,0.057690
2016-05-06,5.238395,0.317617,0.764034,0.060547
2016-05-07,5.263718,0.339236,1.223704,0.055356
2016-05-08,6.689003,0.415060,1.329124,0.055460
2016-05-09,6.986132,0.398959,1.569291,0.046941
2016-05-10,14.495601,0.790472,1.319925,0.042031
2016-05-11,15.888836,1.201097,1.653379,0.047123
2016-05-12,16.500542,1.095064,1.764547,0.059540
2016-05-13,11.255440,0.791470,2.013490,0.069348
2016-05-14,13.014057,0.732221,2.403775,0.065381
2016-05-15,14.746040,0.887489,4.278637,0.083091
2016-05-16,12.461473,1.114096,2.150762,0.538731
2016-05-17,10.735656,0.558389,2.327703,0.112400
2016-05-18,10.004879,0.573646,2.480715,0.092382
2016-05-19,13.693628,0.741164,2.823782,0.103497
2016-05-20,8.853814,0.707176,2.527532,0.057206
2016-05-21,9.307726,0.529055,2.719984,0.124024
2016-05-22,10.557986,0.571395,2.529316,0.347985
2016-05-23,11.212449,0.680539,2.516239,0.215234
2016-05-24,10.201437,0.692145,2.705915,0.143141
2016-05-25,12.143586,0.791305,3.179938,0.122807
2016-05-26,12.138820,0.876763,3.016484,0.136733
2016-05-27,8.184785,0.674564,2.994888,0.128579
2016-05-28,9.400299,0.607064,3.172043,0.128800
2016-05-29,8.193322,0.566019,3.552421,0.122488
2016-05-30,8.313553,0.498523,3.435193,0.259399
2016-05-31,12.033975,0.616859,4.069759,0.396192
2016-06-01,12.217626,0.715340,4.624743,0.154463
2016-06-02,23.960480,0.996155,5.886476,0.277489
2016-06-03,36.967509,2.548530,8.711775,0.272946
2016-06-04,23.065689,2.056098,7.088623,0.235983
2016-06-05,14.848867,1.508302,6.590591,0.171040
2016-06-06,17.357879,1.415582,6.495887,0.216555
2016-06-07,16.586767,1.231503,6.441901,0.230242
2016-06-08,28.379384,1.559871,7.906050,0.298717
2016-06-09,70.158703,3.802245,16.015753,0.532622
2016-06-10,81.918749,6.325032,28.193081,1.853110
2016-06-11,25.312871,3.425949,21.195919,2.622181
2016-06-12,41.493715,2.807913,19.446453,3.961753
2016-06-13,21.062132,2.256740,12.812769,3.091657
2016-06-14,18.473549,1.710962,10.324249,2.514525
2016-06-15,17.258701,1.582906,8.945696,2.455193
2016-06-16,11.538398,1.333091,8.156033,2.014048
2016-06-17,16.976654,0.896386,7.399174,1.299775
2016-06-18,45.042408,1.827695,9.782740,3.489674
2016-06-19,28.041142,5.039738,11.712690,4.406530
2016-06-20,7.889598,4.570655,8.089360,3.721854
2016-06-21,4.660353,3.045287,7.019553,3.134078
2016-06-22,5.362420,2.733401,7.294147,2.848605
2016-06-23,6.583972,3.138805,7.576704,3.550407
2016-06-24,4.799218,2.594924,7.257111,3.114432
2016-06-25,4.434014,2.080452,8.075999,3.399268
2016-06-26,4.558872,2.210449,6.888482,2.769227
2016-06-27,5.280295,2.898268,7.183018,3.239715
2016-06-28,5.523192,2.509643,6.487758,1.849437
2016-06-29,4.453889,2.092326,6.617591,2.985285
2016-06-30,4.718492,2.505919,6.314832,3.319924
2016-07-01,4.842372,2.630725,5.919836,2.765819
2016-07-02,4.454960,2.871922,5.874485,2.778648
2016-07-03,4.229663,2.380091,5.455425,2.787918
2016-07-04,3.597879,2.079089,5.331332,2.709868
2016-07-05,4.332392,2.283462,6.002582,2.361502
2016-07-06,5.103844,3.795856,8.127004,4.376576
2016-07-07,3.507622,2.861565,6.768049,3.185077
2016-07-08,3.220098,2.145199,6.986526,3.058087
2016-07-09,2.907706,2.290464,6.454915,2.818337
2016-07-10,2.665119,2.179725,6.400102,2.651104
2016-07-11,3.472237,2.137936,6.446080,2.617787
2016-07-12,3.435287,1.732527,6.678600,3.011821
2016-07-13,5.396056,1.863717,5.650265,1.964848
2016-07-14,6.594762,2.204618,5.822611,2.115457
2016-07-15,9.203804,4.091516,5.826970,2.239490
2016-07-16,5.512320,4.066459,6.756675,2.468328
2016-07-17,5.156775,3.077455,6.756116,3.447396
2016-07-18,5.193717,2.523283,6.096903,3.067686
2016-07-19,0.015139,2.542577,6.040494,2.817739
2016-07-20,0.008609,2.403787,6.105802,2.761726
2016-07-21,0.021489,2.280455,6.231115,2.791265
2016-07-22,0.000151,2.996982,7.205154,3.691594
2016-07-23,0.000040,4.262949,7.572666,3.743990
2016-07-24,0.004964,3.506540,7.119602,2.804701
2016-07-25,0.012313,3.461640,7.073740,2.794312
2016-07-26,0.012428,2.793399,6.910997,2.845932
2016-07-27,0.003055,2.498710,6.806788,2.839566
2016-07-28,0.001041,2.934623,6.784762,2.837401
2016-07-29,0.002512,2.743933,6.553242,2.604905
2016-07-30,0.058576,2.459237,6.098813,2.204406
2016-07-31,0.022459,2.948484,6.276548,2.069829
2016-08-01,0.015835,2.658099,6.390292,2.826025
2016-08-02,0.001411,2.153626,6.304541,2.438889
2016-08-03,0.002361,2.009698,6.241703,2.296534
2016-08-04,0.000539,1.764160,6.052360,2.574394
2016-08-05,0.001113,1.969638,5.647217,2.081842
2016-08-06,0.000520,2.440979,5.664904,2.167427
2016-08-07,0.000997,2.780288,5.758410,2.331413
2016-08-08,0.253393,2.475177,5.637223,2.105808
2016-08-09,1.871390,2.111778,6.323073,3.106671
2016-08-10,0.682790,2.588537,5.416870,2.753541
2016-08-11,0.000305,2.495165,4.807107,2.617671
2016-08-12,1.913941,1.958187,4.921526,2.280330
2016-08-13,0.898565,2.037075,5.639188,2.173001
2016-08-14,8.952220,3.686083,8.759780,4.368333
2016-08-15,6.054680,5.433802,7.891494,3.758035
2016-08-16,0.026563,2.955866,5.604981,1.819712
2016-08-17,0.047990,2.016770,5.510683,1.815417
2016-08-18,0.323417,2.524307,5.240111,1.831840
2016-08-19,0.479072,2.651269,5.656404,2.433066
2016-08-20,0.004412,2.020650,4.464768,2.400445
2016-08-21,0.000188,1.643974,3.714402,1.906511
2016-08-22,0.000009,1.611918,3.422570,1.828058
2016-08-23,0.000305,1.730719,3.267437,1.979747
2016-08-24,0.005217,1.567894,2.734702,1.774142
2016-08-25,0.001458,2.148665,2.738018,1.655358
2016-08-26,0.053363,2.233730,2.978824,1.479362
2016-08-27,0.126174,2.185122,2.767520,2.129018
2016-08-28,0.000059,1.559509,2.094734,1.346083
2016-08-29,0.000214,1.406938,1.943667,1.298029
2016-08-30,0.016359,1.890112,2.193092,1.178526
2016-08-31,0.001831,1.847235,1.729811,1.067788
2016-09-01,0.000902,1.879766,1.701024,0.922138
2016-09-02,0.001460,1.471480,1.512933,0.883223
2016-09-03,0.023585,1.274633,1.691876,1.188625
2016-09-04,3.928424,1.977005,2.353551,1.464980
2016-09-05,0.043473,1.426260,1.490717,1.376197
2016-09-06,0.939722,1.460566,1.709750,1.145158
2016-09-07,0.031162,1.675923,1.167472,0.917470
2016-09-08,0.077497,1.257780,1.197494,0.990854
2016-09-09,0.161169,1.363802,1.573058,1.192486
2016-09-10,0.982860,2.300323,2.659284,1.709817
2016-09-11,0.003007,2.173043,1.180579,1.036220
2016-09-12,0.000336,0.957338,1.150518,0.461629
2016-09-13,20.072546,1.982499,2.969653,1.547161
2016-09-14,32.501018,5.816973,5.590848,3.820206
2016-09-15,0.202330,3.347895,1.440935,1.503601
2016-09-16,0.002114,1.339597,1.007598,1.121510
2016-09-17,4.099797,0.674248,1.013918,0.274780
2016-09-18,3.857307,1.210680,0.787866,0.614799
2016-09-19,0.164721,0.838650,0.666853,0.657965
2016-09-20,2.748226,0.518142,0.463740,0.043098
2016-09-21,4.537487,0.911759,0.334434,0.212038
2016-09-22,0.000003,0.345751,0.325005,0.047702
2016-09-23,0.000038,0.221758,0.315184,0.143761
2016-09-24,0.006127,0.461873,0.307650,0.040314
2016-09-25,0.000017,0.437613,0.298288,0.319943
2016-09-26,0.000032,0.321047,0.290296,0.132019
2016-09-27,0.000117,0.287228,0.283903,0.150086
2016-09-28,0.000369,0.233815,0.277113,0.033888
2016-09-29,0.000407,0.299756,0.268894,0.034093
2016-09-30,0.000909,0.242951,0.263124,0.068633
2016-10-01,1.250286,0.124593,0.264976,0.028861
2016-10-02,3.581252,0.023427,0.365235,0.028848
2016-10-03,38.834408,1.120793,3.880706,0.187991
2016-10-04,19.511003,3.274316,3.967714,2.242289
2016-10-05,23.622468,3.085165,3.399225,2.242621
2016-10-06,5.566858,2.273895,2.681173,1.801911
2016-10-07,19.634438,2.369220,3.056660,1.848724
2016-10-08,18.621959,3.568929,2.708125,1.986613
2016-10-09,0.491761,1.036867,0.527733,0.146742
2016-10-10,8.918095,0.687059,0.643331,0.175489
2016-10-11,0.187495,0.485300,0.221573,0.090285
2016-10-12,0.120443,0.135654,0.220155,0.060338
2016-10-13,0.000006,0.078414,0.222327,0.033063
2016-10-14,0.000214,0.089483,0.221599,0.050805
2016-10-15,3.060119,0.149859,1.090321,0.110755
2016-10-16,0.209405,0.156510,0.524016,0.184724
2016-10-17,0.056190,0.082451,0.231109,0.258429
2016-10-18,0.008337,0.011395,0.245258,0.032312
2016-10-19,0.013522,0.001582,0.253813,0.029617
2016-10-20,0.000003,0.000221,0.215451,0.027608
2016-10-21,0.462572,0.000022,0.216143,0.025806
2016-10-22,0.147847,0.000000,0.215460,0.027503
2016-10-23,0.000035,0.000000,0.217694,0.027517
2016-10-24,0.000377,0.000000,0.213182,0.027460
2016-10-25,0.791696,0.000000,0.223719,0.025391
2016-10-26,0.002986,0.000000,0.211354,0.027388
2016-10-27,0.000045,0.000000,0.210212,0.026681
2016-10-28,0.000000,0.000000,0.209072,0.025346
2016-10-29,0.000175,0.000000,0.207245,0.027064
2016-10-30,0.000005,0.000000,0.206788,0.026491
2016-10-31,2.262812,0.000037,0.421568,0.037219
2016-11-01,0.714321,0.000004,0.347348,0.028059
2016-11-02,0.000000,0.000000,0.202221,0.026451
2016-11-03,0.000000,0.000000,0.198567,0.026358
2016-11-04,0.484803,0.000000,0.254393,0.026230
2016-11-05,1.493831,0.000408,1.016415,0.043336
2016-11-06,0.138144,0.001400,0.246516,0.027579
2016-11-07,0.000000,0.000000,0.192407,0.026051
2016-11-08,0.000000,0.000000,0.190583,0.023846
2016-11-09,0.000000,0.000000,0.188759,0.026278
2016-11-10,0.000000,0.000000,0.189674,0.023363
2016-11-11,0.000000,0.000002,0.188303,0.024286
2016-11-12,0.000023,0.000002,0.186024,0.023510
2016-11-13,0.000000,0.000000,0.183744,0.025425
2016-11-14,0.053923,0.000000,0.185351,0.025849
2016-11-15,0.000009,0.000000,0.182599,0.023788
2016-11-16,0.000003,0.000000,0.181001,0.025327
2016-11-17,0.000001,0.000000,0.179860,0.025764
2016-11-18,0.000058,0.000000,0.184721,0.024934
2016-11-19,0.000000,0.000000,0.176434,0.024850
2016-11-20,0.000000,0.000000,0.177118,0.025400
2016-11-21,0.000000,0.000000,0.195674,0.023400
2016-11-22,0.000000,0.000000,0.260693,0.024840
2016-11-23,0.518266,0.000000,0.369296,0.027844
2016-11-24,0.000854,0.000000,0.173699,0.023247
2016-11-25,0.000144,0.000000,0.171408,0.022541
2016-11-26,0.000000,0.000000,0.242329,0.024627
2016-11-27,0.000000,0.000000,0.488104,0.023299
2016-11-28,0.000000,0.000000,0.172804,0.023242
2016-11-29,0.000000,0.000000,0.164557,0.021807
2016-11-30,0.000000,0.000000,0.164555,0.023326
2016-12-01,0.000000,0.000000,0.162272,0.023180
2016-12-02,0.000000,0.000000,0.160674,0.024308
2016-12-03,0.000000,0.000000,0.160674,0.024353
2016-12-04,0.000000,0.000000,0.161358,0.024668
2016-12-05,0.413427,0.000000,0.326607,0.025219
2016-12-06,38.652018,0.844040,1.017905,0.029122
2016-12-07,17.267350,1.900049,1.316266,0.031576
2016-12-08,0.036084,0.184089,0.483415,0.023916
2016-12-09,0.002867,0.000012,0.163407,0.023904
2016-12-10,0.003656,0.000000,0.192429,0.022365
2016-12-11,0.619103,0.000000,0.203891,0.021038
2016-12-12,1.079369,0.000000,0.195446,0.022994
2016-12-13,0.031104,0.000000,0.188293,0.023124
2016-12-14,0.012915,0.000000,0.194914,0.021962
2016-12-15,0.007594,0.000000,0.199024,0.023403
2016-12-16,0.001736,0.000000,0.204275,0.022962
2016-12-17,0.000000,0.000000,0.209525,0.021906
2016-12-18,0.000000,0.000000,0.212265,0.023506
2016-12-19,0.000000,0.000000,0.215857,0.021862
2016-12-20,0.000000,0.000000,0.217516,0.022985
2016-12-21,0.000000,0.000000,0.220255,0.022869
2016-12-22,0.000000,0.000000,0.220255,0.021542
2016-12-23,0.000000,0.000000,0.222991,0.022888
2016-12-24,0.000000,0.000000,0.221624,0.021417
2016-12-25,0.000000,0.000000,0.224363,0.022620
2016-12-26,0.000000,0.000000,0.222993,0.022709
2016-12-27,0.000000,0.000000,0.223278,0.022199
2016-12-28,0.000000,0.000000,0.221393,0.022672
2016-12-29,0.000000,0.000000,0.220706,0.021242
2016-12-30,0.000000,0.000000,0.221391,0.023065
2016-12-31,0.000000,0.000000,0.222773,0.022526
2017-01-01,0.000000,0.000000,0.693534,0.022660
2017-01-02,0.000000,0.000000,0.259158,0.021180
2017-01-03,0.000000,0.000000,0.215225,0.022661
2017-01-04,0.000000,0.000000,0.214084,0.022651
2017-01-05,0.000000,0.000000,0.213395,0.021195
2017-01-06,0.000000,0.000000,0.212257,0.022630
2017-01-07,0.000000,0.000000,0.209283,0.022507
2017-01-08,0.000000,0.000000,0.209739,0.022512
2017-01-09,0.000000,0.000000,0.208596,0.021231
2017-01-10,0.000000,0.000000,0.206768,0.022173
2017-01-11,0.000000,0.000000,0.206083,0.021193
2017-01-12,0.000000,0.000000,0.204940,0.022555
2017-01-13,0.000000,0.000000,0.203112,0.022220
2017-01-14,0.000000,0.000000,0.200143,0.022478
2017-01-15,0.000000,0.000000,0.202426,0.020558
2017-01-16,0.000000,0.000000,0.198769,0.022442
2017-01-17,0.000000,0.000000,0.196486,0.021758
2017-01-18,0.000000,0.000021,0.196484,0.021069
2017-01-19,0.000000,0.000021,0.195115,0.020570
2017-01-20,0.000000,0.000021,0.193970,0.022198
2017-01-21,0.000000,0.000021,0.193283,0.022550
2017-01-22,0.000000,0.000021,0.190321,0.022043
2017-01-23,0.000000,0.002047,0.199972,0.022608
2017-01-24,0.000000,0.007872,0.197455,0.021970
2017-01-25,0.000000,0.009828,0.186718,0.022045
2017-01-26,0.000000,0.011044,0.184830,0.022020
2017-01-27,0.000000,0.008108,0.182715,0.032749
2017-01-28,0.000000,0.000000,0.181860,0.020487
2017-01-29,0.000000,0.000000,0.180489,0.022385
2017-01-30,0.000000,0.000000,0.180489,0.019826
2017-01-31,0.000000,0.000000,0.176832,0.022580
2017-02-01,0.000000,0.000000,0.176146,0.022073
2017-02-02,0.000000,0.000000,0.175004,0.022035
2017-02-03,0.000000,0.000000,0.173177,0.021987
2017-02-04,0.000000,0.000000,0.170665,0.022100
2017-02-05,0.000000,0.000000,0.172488,0.021968
2017-02-06,0.000000,0.000000,0.168834,0.022043
2017-02-07,0.000000,0.000000,0.178440,0.022979
2017-02-08,0.000000,0.000000,0.167462,0.021651
2017-02-09,0.000000,0.000000,0.164039,0.019641
2017-02-10,0.000000,0.000000,0.165177,0.021546
2017-02-11,0.000000,0.000000,0.165868,0.021473
2017-02-12,0.000000,0.000000,0.162210,0.021575
2017-02-13,0.000000,0.000000,0.161292,0.021474
2017-02-14,0.000000,0.000000,0.159008,0.021547
2017-02-15,0.000000,0.000000,0.158323,0.021554
2017-02-16,0.000000,0.000000,0.155811,0.020316
2017-02-17,0.000000,0.000000,0.157195,0.019569
2017-02-18,0.000000,0.000000,0.152161,0.020740
2017-02-19,0.000000,0.000000,0.153524,0.019657
2017-02-20,0.000000,0.000000,0.152152,0.021465
2017-02-21,0.000000,0.000000,0.148500,0.022402
2017-02-22,0.000000,0.000000,0.150783,0.021463
2017-02-23,0.000000,0.000000,0.148498,0.019581
2017-02-24,0.000000,0.000000,0.146213,0.020762
2017-02-25,0.000000,0.000000,0.147126,0.019621
2017-02-26,0.000000,0.000000,0.144841,0.020109
2017-02-27,0.000000,0.000000,0.143472,0.018825
2017-02-28,0.000000,0.000000,0.207905,0.021373
2017-03-01,0.000000,0.000000,0.140501,0.021068
2017-03-02,0.000000,0.000000,0.140501,0.021406
2017-03-03,0.000000,0.000000,0.137987,0.021067
2017-03-04,0.000000,0.000000,0.137987,0.020139
2017-03-05,0.000000,0.000000,0.136846,0.021142
2017-03-06,0.000000,0.000000,0.134333,0.021040
2017-03-07,0.000000,0.000000,0.135015,0.021300
2017-03-08,0.000000,0.000025,0.132509,0.018879
2017-03-09,0.000000,0.000152,0.131133,0.021361
2017-03-10,0.000000,0.000152,0.132504,0.019201
2017-03-11,0.000000,0.000152,0.129995,0.021048
2017-03-12,0.000000,0.000152,0.131134,0.021231
2017-03-13,0.000000,0.000152,0.128165,0.020992
2017-03-14,0.000000,0.000152,0.126336,0.020998
2017-03-15,0.000000,0.000152,0.124509,0.020995
2017-03-16,0.000000,0.000152,0.125193,0.018800
2017-03-17,0.000000,0.000152,0.123822,0.021347
2017-03-18,0.000000,0.000152,0.123822,0.020588
2017-03-19,0.000000,0.000152,0.120170,0.019537
2017-03-20,0.000000,0.000152,0.120168,0.020430
2017-03-21,0.000000,0.000152,0.120853,0.019218
2017-03-22,0.000000,0.005274,0.122468,0.020954
2017-03-23,0.000000,0.029226,0.135965,0.020543
2017-03-24,0.000000,0.042631,0.116513,0.020218
2017-03-25,0.000000,0.049668,0.115827,0.019807
2017-03-26,0.000000,0.054902,0.114685,0.018955
2017-03-27,0.000000,0.057229,0.114000,0.019085
2017-03-28,0.000000,0.058928,0.113999,0.018584
2017-03-29,0.000000,0.062498,0.112171,0.018899
2017-03-30,0.000000,0.066676,0.111029,0.019047
2017-03-31,0.000000,0.068509,0.111487,0.018514
2017-04-01,0.000000,0.069897,0.109203,0.018920
2017-04-02,0.000000,0.013713,0.108972,0.016855
2017-04-03,0.000000,0.000000,0.108516,0.018975
2017-04-04,0.000000,0.000000,0.128638,0.018518
2017-04-05,0.000000,0.000000,0.105546,0.018969
2017-04-06,0.000000,0.000000,0.106460,0.017175
2017-04-07,0.000000,0.000000,0.103720,0.018562
2017-04-08,0.000000,0.000000,0.104632,0.016617
2017-04-09,0.000000,0.000000,0.103270,0.018883
2017-04-10,0.000000,0.000000,0.117701,0.018884
2017-04-11,0.000000,0.000000,0.109239,0.016363
2017-04-12,0.000000,0.000000,0.143919,0.018977
2017-04-13,0.000000,0.000000,0.101203,0.016738
2017-04-14,0.000000,0.000000,0.099834,0.018887
2017-04-15,0.000000,0.000000,0.104186,0.017200
2017-04-16,0.000000,0.000009,0.098008,0.020231
2017-04-17,0.000000,0.000077,0.108582,0.018226
2017-04-18,0.000000,0.000077,0.096180,0.018348
2017-04-19,0.000000,0.000038,0.094353,0.018690
2017-04-20,0.000000,0.000021,0.094351,0.017050
2017-04-21,0.000000,0.000020,0.113532,0.018288
2017-04-22,0.000000,0.000020,0.104662,0.017108
2017-04-23,0.000000,0.000019,0.111759,0.074124
2017-04-24,0.000000,0.000019,0.219166,0.059877
2017-04-25,0.000000,0.000019,0.447856,0.100217
2017-04-26,0.000000,0.000019,0.138390,0.155058
2017-04-27,0.000000,0.000018,0.090012,0.017053
2017-04-28,0.000000,0.000017,0.091645,0.018368
2017-04-29,0.000000,0.000017,0.104766,0.071649
2017-04-30,0.000000,0.000018,0.153907,0.060243
2017-05-01,0.000000,0.000017,0.216882,0.147104
2017-05-02,0.000000,0.007056,0.595129,0.110876
2017-05-03,0.939261,0.016965,1.762840,0.049354
2017-05-04,9.040974,0.109197,2.472015,0.033411
2017-05-05,22.074959,0.823295,3.575746,0.051762
2017-05-06,13.756254,0.771663,1.714151,0.093026
2017-05-07,7.827229,0.495007,1.002730,0.064134
2017-05-08,8.858605,0.453259,1.193424,0.061534
2017-05-09,17.350553,0.944877,2.610325,0.041471
2017-05-10,13.217880,1.108444,1.039905,0.138238
2017-05-11,8.203336,0.625563,1.254944,0.083388
2017-05-12,2.453585,0.343896,0.676100,0.041612
2017-05-13,2.246041,0.154489,1.096017,0.044357
2017-05-14,8.412231,0.259006,1.359292,0.056844
2017-05-15,23.847313,1.072523,2.278384,0.115408
2017-05-16,12.113780,0.970756,2.279101,0.129669
2017-05-17,11.470347,0.908905,2.697577,0.163274
2017-05-18,10.836674,0.827728,2.883532,0.189314
2017-05-19,20.939663,1.410232,2.641086,0.285725
2017-05-20,18.799732,1.418715,3.067018,0.269666
2017-05-21,16.346886,1.424614,2.924298,0.230601
2017-05-22,19.063696,1.548424,3.111735,0.190267
2017-05-23,11.311195,1.150285,2.969530,0.246191
2017-05-24,8.805712,0.723299,3.162892,0.126237
2017-05-25,10.337984,0.649158,3.265134,0.277129
2017-05-26,12.703766,0.720549,3.116993,0.192880
2017-05-27,12.701370,0.696093,2.205216,0.198391
2017-05-28,13.495387,0.694746,2.658767,0.254593
2017-05-29,11.822253,0.590991,2.977204,0.127146
2017-05-30,12.241679,0.698607,3.271276,0.227833
2017-05-31,9.070060,0.565583,2.726891,0.070896
2017-06-01,14.022776,0.645161,3.332869,0.363506
2017-06-02,19.478505,0.882812,3.562012,0.330294
2017-06-03,19.447262,1.591398,3.924760,0.213212
2017-06-04,17.922222,1.682904,3.685363,0.213318
2017-06-05,2.630428,1.573051,4.007168,0.213453
2017-06-06,2.664647,1.450606,4.334993,0.238034
2017-06-07,3.085026,1.569279,4.249771,0.231456
2017-06-08,3.026081,1.859836,4.320089,0.200174
2017-06-09,2.844797,1.744164,4.484660,0.200881
2017-06-10,2.005608,1.515676,4.687026,0.180894
2017-06-11,2.540916,1.470316,4.921467,0.222630
2017-06-12,2.902610,1.579327,5.112494,0.211952
2017-06-13,2.729712,1.964045,5.052561,0.185890
2017-06-14,3.988234,2.565793,6.915920,0.277941
2017-06-15,5.176491,3.150948,6.800767,0.249154
2017-06-16,5.414833,4.035766,7.628387,0.585128
2017-06-17,3.584727,2.842847,7.052200,2.238261
2017-06-18,3.532733,2.129739,7.133322,2.277361
2017-06-19,3.866129,2.041182,7.328068,2.455424
2017-06-20,3.802589,2.265265,6.742955,2.388743
2017-06-21,4.316845,2.756732,7.013728,2.538892
2017-06-22,3.746834,2.978358,7.039937,2.841162
2017-06-23,4.033455,2.697937,6.884506,2.610137
2017-06-24,4.626987,2.656993,7.080581,2.681461
2017-06-25,3.825881,2.586914,7.207726,2.672813
2017-06-26,3.666671,2.011376,6.440137,1.808491
2017-06-27,3.841549,2.121741,7.062402,2.801851
2017-06-28,3.218838,2.384448,6.830507,2.569446
2017-06-29,2.799312,2.292556,6.515641,2.362587
2017-06-30,2.523871,2.098503,6.342024,2.171706
2017-07-01,2.743849,2.158460,6.523147,2.742688
2017-07-02,4.987672,2.566627,7.264126,3.430391
2017-07-03,2.450157,2.186529,6.836682,2.540464
2017-07-04,10.078534,1.731593,6.408110,1.342675
2017-07-05,12.507350,2.760948,5.776548,2.507512
2017-07-06,9.499406,2.731227,4.774271,1.568029
2017-07-07,5.450405,3.406098,5.322358,2.481698
2017-07-08,5.205856,2.924284,4.787447,3.035906
2017-07-09,2.866260,2.630597,4.718308,2.793292
2017-07-10,0.009875,2.395417,4.604750,2.479537
2017-07-11,0.002809,2.222101,4.301165,1.588589
2017-07-12,0.001236,2.836708,4.567324,3.028286
2017-07-13,16.946476,2.619133,5.369197,1.865748
2017-07-14,7.156901,3.274196,4.746657,2.783933
2017-07-15,0.119694,2.935368,3.884009,2.869128
2017-07-16,0.989394,2.843731,4.135283,3.016926
2017-07-17,0.001680,2.410826,4.080175,2.604630
2017-07-18,0.000102,1.958391,4.080910,2.592921
2017-07-19,1.538647,1.541399,5.020704,3.009822
2017-07-20,0.806197,1.776470,4.437471,3.011734
2017-07-21,0.004517,1.905940,4.749244,2.637424
2017-07-22,0.004090,2.189481,5.730144,2.566208
2017-07-23,0.002743,2.339178,8.164772,2.632078
2017-07-24,14.429880,3.976079,10.533300,3.113421
2017-07-25,0.165558,3.797088,6.993485,2.594356
2017-07-26,17.890326,5.234182,12.312365,5.514442
2017-07-27,0.042518,6.385226,6.960577,3.834613
2017-07-28,0.003658,3.355060,5.783959,2.895211
2017-07-29,0.001285,2.669192,5.411300,2.887864
2017-07-30,0.003891,2.490148,4.903306,2.734639
2017-07-31,0.000750,2.580667,4.171950,2.553832
2017-08-01,0.009890,2.434503,3.730363,2.612922
2017-08-02,0.005202,2.125418,3.508757,2.336170
2017-08-03,0.005329,2.206945,3.218403,2.307569
2017-08-04,0.003337,1.839442,2.950558,2.033770
2017-08-05,0.000930,1.724170,2.894314,2.185497
2017-08-06,0.015598,1.493819,3.220593,2.079101
2017-08-07,2.832978,1.969526,2.519985,3.098818
2017-08-08,0.064039,2.232253,2.279650,2.667727
2017-08-09,0.010140,2.255435,2.230015,1.762077
2017-08-10,0.006539,2.180637,2.146764,2.587155
2017-08-11,0.000880,1.843167,1.778822,2.220686
2017-08-12,0.005093,1.431641,1.649673,2.151234
2017-08-13,0.000324,1.505649,1.661547,1.982127
2017-08-14,0.000588,2.037297,1.793066,2.115623
2017-08-15,0.005150,1.741931,1.597230,1.726812
2017-08-16,0.000431,1.792479,1.586297,1.684027
2017-08-17,0.005198,1.786861,1.758974,1.614501
2017-08-18,0.002799,1.697624,1.645293,1.748639
2017-08-19,0.036672,1.511508,1.509400,1.634026
2017-08-20,0.012961,1.331986,1.644162,1.522767
2017-08-21,4.032734,1.453524,2.124613,2.027586
2017-08-22,10.467606,2.272709,3.493649,2.341958
2017-08-23,2.504471,2.737434,2.036355,2.064814
2017-08-24,0.003858,1.962746,1.768640,1.731402
2017-08-25,1.080969,1.388534,1.624878,1.278019
2017-08-26,0.627387,1.545391,1.673765,1.824206
2017-08-27,2.236542,1.586271,1.914146,1.928300
2017-08-28,0.004680,1.681157,1.462687,1.709170
2017-08-29,0.000003,1.907089,1.540063,1.521835
2017-08-30,0.000112,3.483761,2.810410,2.952493
2017-08-31,0.000030,4.426644,1.865990,2.140233
2017-09-01,0.000829,3.368461,1.824650,2.019597
2017-09-02,0.000179,2.379791,1.380009,1.873877
2017-09-03,0.000035,1.873528,1.130759,1.326911
2017-09-04,0.000001,1.332591,1.030249,0.567443
2017-09-05,0.000995,1.067478,1.315389,0.769080
2017-09-06,0.000477,1.028873,1.082312,1.108657
2017-09-07,0.000316,0.997916,1.215869,1.204384
2017-09-08,0.279098,0.967025,1.693960,1.366433
2017-09-09,5.333042,1.623002,1.446726,1.419187
2017-09-10,0.000047,0.995693,1.050822,0.682191
2017-09-11,10.193094,1.022419,0.859038,0.535204
2017-09-12,5.197196,2.564294,1.350490,1.207081
2017-09-13,0.000047,1.309449,0.812335,0.474519
2017-09-14,16.814545,1.738888,4.107397,2.577235
2017-09-15,11.293654,3.427626,3.411355,2.546228
2017-09-16,0.003997,1.405778,0.483780,0.860154
2017-09-17,0.466745,0.903305,0.868814,0.842461
2017-09-18,0.223810,1.206103,0.713418,0.945670
2017-09-19,0.000072,1.133322,0.264118,0.498911
2017-09-20,0.063765,1.077758,0.360886,0.482786
2017-09-21,0.000159,0.711898,0.264767,0.476899
2017-09-22,0.035829,0.750059,0.320234,0.414279
2017-09-23,0.147918,0.499108,0.472452,0.144499
2017-09-24,0.112688,0.247659,0.254586,0.330060
2017-09-25,1.993334,0.175121,0.263983,0.155089
2017-09-26,34.834599,3.151127,2.594263,0.419258
2017-09-27,2.650628,1.405624,0.400418,0.148497
2017-09-28,0.463868,0.422209,0.264975,0.026565
2017-09-29,0.000082,0.208533,0.229160,0.025072
2017-09-30,0.000088,0.071217,0.235106,0.025038
2017-10-01,0.000240,0.025523,0.225742,0.025085
2017-10-02,7.773103,0.311354,0.370310,0.027192
2017-10-03,0.560815,0.362705,0.230163,0.027769
2017-10-04,0.622147,0.125483,0.227836,0.090331
2017-10-05,0.362438,0.064319,0.441120,0.101196
2017-10-06,10.740750,0.332256,1.033392,0.098919
2017-10-07,4.289701,0.832213,0.386817,0.099090
2017-10-08,2.884618,0.246566,0.318897,0.076944
2017-10-09,0.094533,0.080588,0.219502,0.055395
2017-10-10,0.016633,0.014887,0.261207,0.029565
2017-10-11,0.604457,0.058229,0.223228,0.029989
2017-10-12,8.793215,0.422682,0.475898,0.027192
2017-10-13,0.133199,0.390529,0.238841,0.030101
2017-10-14,0.000000,0.175372,0.219858,0.027687
2017-10-15,0.002526,0.086029,0.219862,0.024183
2017-10-16,0.400488,0.098699,0.352596,0.036988
2017-10-17,4.476530,0.404935,0.246662,0.055831
2017-10-18,0.033423,0.193839,0.252613,0.038417
2017-10-19,0.000068,0.088469,0.221810,0.026135
2017-10-20,0.148086,0.073890,0.218035,0.024801
2017-10-21,0.007703,0.071818,0.235184,0.023335
2017-10-22,0.590137,0.074535,0.237380,0.023662
2017-10-23,0.037965,0.118682,0.219406,0.023706
2017-10-24,0.024673,0.619484,0.625970,0.088210
2017-10-25,0.000000,0.241003,0.215979,0.025123
2017-10-26,3.724530,0.652875,0.905497,0.079126
2017-10-27,2.109029,4.442672,2.087665,0.138757
2017-10-28,0.000744,1.713804,0.216950,0.086544
2017-10-29,0.000015,0.452924,0.215062,0.036127
2017-10-30,0.001725,0.090825,0.312971,0.088077
2017-10-31,0.000006,0.041818,0.217641,0.026675
2017-11-01,0.735718,0.003827,0.219879,0.026736
2017-11-02,0.001841,0.000066,0.211631,0.024085
2017-11-03,0.000000,0.000004,0.211630,0.023149
2017-11-04,0.001229,0.000060,0.209345,0.024166
2017-11-05,0.000000,0.000006,0.220903,0.023134
2017-11-06,0.000000,0.000000,0.210485,0.023531
2017-11-07,0.000000,0.000000,0.208198,0.023097
2017-11-08,0.000000,0.000000,0.207511,0.023190
2017-11-09,0.000000,0.000000,0.207054,0.024538
2017-11-10,0.000000,0.000000,0.207050,0.022384
2017-11-11,0.000000,0.000000,0.205681,0.023097
2017-11-12,0.000000,0.000000,0.204765,0.022353
2017-11-13,0.000000,0.000000,0.203620,0.022787
2017-11-14,0.000000,0.000000,0.202934,0.023082
2017-11-15,0.000000,0.000000,0.202933,0.022700
2017-11-16,0.000000,0.000000,0.200647,0.022724
2017-11-17,0.000000,0.000000,0.199961,0.023075
2017-11-18,0.000000,0.000000,0.198818,0.022708
2017-11-19,0.000000,0.000000,0.198359,0.022708
2017-11-20,0.000000,0.000000,0.196987,0.022680
2017-11-21,0.000000,0.000000,0.195388,0.022645
2017-11-22,0.000000,0.000000,0.194701,0.034550
2017-11-23,0.000000,0.000000,0.194243,0.021543
2017-11-24,0.000000,0.000000,0.192415,0.021841
2017-11-25,9.607208,0.193884,0.623981,0.021446
2017-11-26,0.000000,0.049053,0.223048,0.022108
2017-11-27,0.000000,0.000000,0.216586,0.021491
2017-11-28,10.495529,0.152168,1.097658,0.028407
2017-11-29,11.554794,0.419500,1.300517,0.032494
2017-11-30,2.106026,0.237117,0.237134,0.026580
2017-12-01,0.024440,0.008044,0.192182,0.022107
2017-12-02,0.010574,0.000000,0.195835,0.021044
2017-12-03,0.005720,0.000000,0.199948,0.022048
2017-12-04,0.000178,0.000000,0.202918,0.021420
2017-12-05,0.000000,0.000000,0.205660,0.021708
2017-12-06,0.000000,0.000000,0.209088,0.021388
2017-12-07,0.000000,0.000000,0.210686,0.021732
2017-12-08,0.000000,0.000000,0.229893,0.020958
2017-12-09,0.000000,0.000000,0.433993,0.023075
2017-12-10,0.000000,0.000000,0.258777,0.019832
2017-12-11,0.000000,0.000000,0.227141,0.020564
2017-12-12,0.000000,0.000000,0.246875,0.020480
2017-12-13,0.000000,0.000000,0.230332,0.019756
2017-12-14,0.000000,0.000000,0.235815,0.020425
2017-12-15,0.000000,0.000000,0.240383,0.020173
2017-12-16,0.000000,0.000000,0.244724,0.020472
2017-12-17,0.000000,0.000000,0.247235,0.020392
2017-12-18,0.000000,0.000000,0.249642,0.020166
2017-12-19,0.000000,0.000000,0.252033,0.020483
2017-12-20,0.000000,0.000000,0.251576,0.019785
2017-12-21,0.000000,0.000000,0.252263,0.020405
2017-12-22,0.000000,0.000000,0.254088,0.020451
2017-12-23,0.000000,0.000000,0.252947,0.020132
2017-12-24,0.000000,0.000000,0.252261,0.020430
2017-12-25,0.000000,0.000000,0.252551,0.019740
2017-12-26,0.000000,0.000000,0.251577,0.020410
2017-12-27,0.000000,0.000000,0.254845,0.020327
2017-12-28,0.000000,0.000000,0.248609,0.019636
2017-12-29,0.000000,0.000000,0.249749,0.020249
2017-12-30,0.000000,0.000000,0.247237,0.019619
2017-12-31,0.000000,0.000000,0.247235,0.020149
2018-01-01,0.000000,0.000000,0.245408,0.019878
2018-01-02,0.000000,0.000000,0.246322,0.020211
2018-01-03,0.000000,0.000000,0.242896,0.019188
2018-01-04,0.000000,0.000000,0.242896,0.020210
2018-01-05,0.000000,0.000000,0.241978,0.022603
2018-01-06,0.000000,0.000000,0.240152,0.021494
2018-01-07,0.000000,0.000000,0.239468,0.018798
2018-01-08,0.000000,0.000000,0.236495,0.019783
2018-01-09,0.000000,0.000000,0.236495,0.019775
2018-01-10,0.000000,0.000000,0.272604,0.019105
2018-01-11,0.000000,0.000000,0.233754,0.019421
2018-01-12,0.000000,0.000000,0.231925,0.019129
2018-01-13,0.000000,0.000000,0.230555,0.019735
2018-01-14,0.000000,0.000000,0.229866,0.019339
2018-01-15,0.000000,0.000000,0.228040,0.019092
2018-01-16,0.000000,0.000000,0.225984,0.021998
2018-01-17,0.000000,0.000000,0.224840,0.019724
2018-01-18,0.000000,0.000000,0.223469,0.018753
2018-01-19,0.000000,0.000000,0.222097,0.019711
2018-01-20,0.000000,0.000000,0.223528,0.019293
2018-01-21,0.000000,0.000000,0.219585,0.018740
2018-01-22,0.000000,0.000000,0.216386,0.020546
2018-01-23,0.000000,0.000000,0.216384,0.023340
2018-01-24,0.000000,0.000000,0.213187,0.020128
2018-01-25,0.000000,0.000000,0.213186,0.022827
2018-01-26,0.000000,0.000000,0.210672,0.019433
2018-01-27,0.000000,0.000000,0.209301,0.019304
2018-01-28,0.000000,0.000000,0.206789,0.019932
2018-01-29,0.000000,0.000000,0.206101,0.018602
2018-01-30,0.000000,0.000000,0.203590,0.019976
2018-01-31,0.000000,0.000000,0.202903,0.021822
2018-02-01,0.000000,0.000000,0.201534,0.019194
2018-02-02,0.000000,0.000000,0.199704,0.019279
2018-02-03,0.000000,0.000000,0.197193,0.019114
2018-02-04,0.000000,0.000000,0.196505,0.022018
2018-02-05,0.000000,0.000000,0.195132,0.018190
2018-02-06,0.000000,0.000000,0.192622,0.021946
2018-02-07,0.000000,0.000000,0.191477,0.018894
2018-02-08,0.000000,0.000000,0.188737,0.019908
2018-02-09,0.000000,0.000000,0.188737,0.020145
2018-02-10,0.000000,0.000000,0.185766,0.019889
2018-02-11,0.000000,0.000000,0.186222,0.018545
2018-02-12,0.000000,0.000000,0.183024,0.018801
2018-02-13,0.000000,0.000000,0.181197,0.019879
2018-02-14,0.000000,0.000000,0.180510,0.018846
2018-02-15,0.000000,0.000000,0.177998,0.539303
2018-02-16,0.000000,0.000000,0.177311,0.018849
2018-02-17,0.000000,0.000000,0.174799,0.018322
2018-02-18,0.000000,0.000000,0.174111,0.019107
2018-02-19,0.000000,0.000000,0.171602,0.018162
2018-02-20,0.000000,0.000000,0.169771,0.019178
2018-02-21,0.000000,0.000000,0.168628,0.017712
2018-02-22,0.000000,0.000000,0.167716,0.017786
2018-02-23,0.000000,0.000000,0.165888,0.021038
2018-02-24,0.000000,0.000000,0.163374,0.018676
2018-02-25,0.000000,0.000000,0.163373,0.018437
2018-02-26,0.000000,0.000000,0.161319,0.020497
2018-02-27,0.000000,0.000000,0.158576,0.018367
2018-02-28,0.000000,0.000000,0.158125,0.021088
2018-03-01,0.000000,0.000000,0.155834,0.018286
2018-03-02,0.000000,0.000000,0.155150,0.018411
2018-03-03,0.000000,0.000000,0.153320,0.019030
2018-03-04,0.000000,0.000000,0.152634,0.017760
2018-03-05,0.000000,0.000000,0.149440,0.019071
2018-03-06,0.000000,0.000000,0.149434,0.017321
2018-03-07,0.000000,0.000000,0.147609,0.019024
2018-03-08,0.000000,0.000000,0.145781,0.017736
2018-03-09,0.000000,0.000000,0.144410,0.018332
2018-03-10,0.000000,0.000000,0.142583,0.018636
2018-03-11,0.000000,0.000000,0.142582,0.018367
2018-03-12,0.000000,0.000000,0.140068,0.018280
2018-03-13,0.000000,0.000000,0.139383,0.018564
2018-03-14,0.000000,0.000000,0.136871,0.018376
2018-03-15,0.000000,0.000000,0.135728,0.018647
2018-03-16,0.000000,0.000000,0.134357,0.018320
2018-03-17,0.000000,0.000000,0.155478,0.019049
2018-03-18,0.000000,0.000000,0.241280,0.041749
2018-03-19,0.000000,0.000000,0.475483,0.027606
2018-03-20,0.000000,0.000000,0.141235,0.030055
2018-03-21,0.000000,0.000000,0.138952,0.017544
2018-03-22,0.000000,0.000000,0.125694,0.017316
2018-03-23,0.000000,0.000000,0.125676,0.018749
2018-03-24,0.000000,0.000000,0.124989,0.018337
2018-03-25,0.000000,0.000000,0.123162,0.017621
2018-03-26,0.000000,0.000000,0.121335,0.018685
2018-03-27,0.000000,0.000011,0.121333,0.017759
2018-03-28,0.000000,0.000073,0.123618,0.017609
2018-03-29,0.000000,0.000073,0.120666,0.017574
2018-03-30,0.000000,0.000073,0.119075,0.017085
2018-03-31,0.000000,0.000075,0.118395,0.017599
2018-04-01,0.000000,0.000077,0.116992,0.017405
2018-04-02,0.000000,0.000078,0.115655,0.017273
2018-04-03,0.000000,0.000078,0.114526,0.017095
2018-04-04,0.000000,0.000079,0.113364,0.017549
2018-04-05,0.000000,0.002795,0.113597,0.017979
2018-04-06,0.000000,0.019273,0.112678,0.017354
2018-04-07,0.000000,0.028290,0.147152,0.017520
2018-04-08,0.000000,0.033094,0.108312,0.017108
2018-04-09,0.000000,0.036664,0.108310,0.017591
2018-04-10,0.000000,0.038973,0.108996,0.017089
2018-04-11,0.000000,0.040246,0.122024,0.017124
2018-04-12,0.000000,0.041787,0.106027,0.016565
2018-04-13,0.000000,0.042937,0.106939,0.018020
2018-04-14,0.000000,0.043870,0.103287,0.017788
2018-04-15,0.000000,0.044319,0.104257,0.017032
2018-04-16,0.000000,0.044538,1.557715,0.105833
2018-04-17,2.076577,0.040751,4.794073,0.029164
2018-04-18,11.809336,0.033250,1.507452,0.042764
2018-04-19,9.033893,0.051155,0.915817,0.051570
2018-04-20,12.998844,0.150957,1.135052,0.051134
2018-04-21,7.800143,0.241097,1.241944,0.051936
2018-04-22,12.644972,0.317064,0.281534,0.017214
2018-04-23,2.830654,0.256740,0.131222,0.054670
2018-04-24,2.343257,0.049992,0.214320,0.059512
2018-04-25,3.459840,0.045485,0.168706,0.095854
2018-04-26,2.949905,0.044921,0.184853,0.056692
2018-04-27,2.018488,0.046934,0.416377,0.057928
2018-04-28,2.688166,0.045236,0.480091,0.123145
2018-04-29,1.390076,0.053209,0.497564,0.077977
2018-04-30,0.521251,0.060321,0.433482,0.109027
2018-05-01,0.253815,0.063259,0.278247,0.016971
2018-05-02,0.242400,0.062929,0.292396,0.015570
2018-05-03,0.209474,0.060846,0.330615,0.016962
2018-05-04,0.208809,0.059294,0.465454,0.194957
2018-05-05,0.184033,0.058862,0.541529,0.037277
2018-05-06,0.177518,0.058254,0.663627,0.210353
2018-05-07,0.171437,0.058856,0.803168,0.181033
2018-05-08,0.167000,0.036069,0.702134,0.015885
2018-05-09,0.160751,0.001099,0.713117,0.015623
2018-05-10,0.162015,0.000000,1.079792,0.053031
2018-05-11,0.295866,0.000000,1.446157,0.065752
2018-05-12,0.750838,0.000000,0.907298,0.050339
2018-05-13,1.785151,0.000000,1.098473,0.108676
2018-05-14,0.930318,0.000000,0.930869,0.114728
2018-05-15,0.643628,0.000000,0.926794,0.047833
2018-05-16,5.978745,0.000513,0.933727,0.106456
2018-05-17,4.954277,0.007289,0.949654,0.142405
2018-05-18,2.833623,0.001483,0.898525,0.034135
2018-05-19,0.414012,0.000046,0.931145,0.145359
2018-05-20,5.436015,0.002132,0.875751,0.168019
2018-05-21,0.411590,0.000830,0.846032,0.028080
2018-05-22,4.273385,0.007679,1.269585,0.132179
2018-05-23,8.508928,0.024820,1.037857,0.070109
2018-05-24,6.777548,0.053028,1.044937,0.108756
2018-05-25,0.300982,0.013942,0.772339,0.075131
2018-05-26,7.067619,0.067318,1.298556,0.459777
2018-05-27,7.845409,0.218991,1.054377,0.072526
2018-05-28,5.527621,0.231150,1.062433,0.073729
2018-05-29,9.936393,0.249626,1.196896,0.057231
2018-05-30,8.491703,0.271050,1.165739,0.075690
2018-05-31,16.795987,0.648116,1.828071,0.088611
2018-06-01,11.699178,0.857629,2.729514,0.070973
2018-06-02,17.589877,1.396605,3.080540,0.148368
2018-06-03,17.009512,1.543163,4.465003,0.293271
2018-06-04,19.411003,1.442731,3.352391,0.183045
2018-06-05,51.700377,1.925421,6.048030,0.307837
2018-06-06,33.375840,3.300547,6.464622,0.508106
2018-06-07,18.254127,1.434382,4.398825,0.234644
2018-06-08,14.386934,1.209958,4.527230,0.172801
2018-06-09,17.336076,1.318606,5.118542,0.291432
2018-06-10,16.520266,1.284303,4.106635,0.209593
2018-06-11,11.922682,0.960016,4.627688,0.308938
2018-06-12,15.751374,0.777977,3.899377,0.267633
2018-06-13,14.716551,0.987918,4.001747,0.312376
2018-06-14,13.434684,0.958261,3.407563,0.101673
2018-06-15,13.511249,0.932905,3.837370,0.219242
2018-06-16,13.516763,0.908064,3.859946,0.266991
2018-06-17,12.853215,0.937362,3.817802,0.215571
2018-06-18,14.263995,1.063426,3.848716,0.221004
2018-06-19,16.267361,1.259469,4.111501,0.229578
2018-06-20,14.093675,1.011860,3.819162,0.255473
2018-06-21,25.371411,1.366604,5.059182,0.287535
2018-06-22,11.471523,1.133253,3.968006,0.173417
2018-06-23,16.356082,1.292880,3.904866,0.216958
2018-06-24,9.561208,1.059433,3.931550,0.212990
2018-06-25,16.828030,1.193815,3.968038,0.265627
2018-06-26,21.744787,1.448864,4.142559,0.230330
2018-06-27,3.100660,1.378676,4.252373,0.210499
2018-06-28,12.653601,2.174766,4.432751,0.560469
2018-06-29,4.916425,2.216505,3.812535,2.384846
2018-06-30,10.217101,1.427197,3.726901,1.357911
2018-07-01,4.422564,1.464175,4.097516,1.679804
2018-07-02,3.213855,1.303825,3.994005,2.121646
2018-07-03,3.550189,1.697970,4.053127,2.213855
2018-07-04,11.565775,1.596442,3.718698,0.678292
2018-07-05,6.880582,2.177376,4.984795,1.858355
2018-07-06,5.110381,2.960104,4.278947,2.547559
2018-07-07,6.091168,2.214935,4.165873,1.693085
2018-07-08,14.043237,2.578410,4.483815,1.215697
2018-07-09,3.884888,2.016163,3.683093,2.305735
2018-07-10,3.635325,1.839820,4.045085,2.382156
2018-07-11,5.139994,1.893874,4.165202,2.498497
2018-07-12,9.607181,2.970864,4.643273,2.957672
2018-07-13,5.712978,3.320382,4.119781,2.649932
2018-07-14,5.173146,2.631759,4.360824,2.615196
2018-07-15,7.908127,4.022917,5.257339,3.060216
2018-07-16,5.175970,3.014303,4.740559,2.559544
2018-07-17,8.483359,3.276855,5.634439,4.190462
2018-07-18,5.831024,3.380196,5.786066,3.709166
2018-07-19,9.392443,2.308960,4.946632,2.498571
2018-07-20,4.386398,2.387419,5.453348,3.229265
2018-07-21,3.895874,2.622184,5.447125,2.601849
2018-07-22,3.453874,2.281045,5.613157,2.744897
2018-07-23,3.034037,2.084800,5.824630,2.700115
2018-07-24,4.356646,2.273796,6.056980,1.708202
2018-07-25,5.523665,3.963835,6.907374,3.302041
2018-07-26,1.464534,2.777556,5.294523,2.150994
2018-07-27,0.004710,2.016852,5.727994,2.773505
2018-07-28,1.443146,1.462362,6.186391,3.175347
2018-07-29,0.000069,1.879490,5.708888,2.657226
2018-07-30,1.178641,4.052409,6.308984,3.118326
2018-07-31,0.055386,3.859888,5.741098,2.398002
2018-08-01,0.448236,3.372070,5.389143,2.497105
2018-08-02,0.231068,2.939775,5.122734,1.971121
2018-08-03,0.000319,2.514668,5.266297,2.367199
2018-08-04,0.007181,2.017686,5.086400,2.203954
2018-08-05,0.165946,1.362414,5.008175,2.301158
2018-08-06,0.000136,1.575351,5.143552,2.319506
2018-08-07,0.001152,2.215015,5.368982,2.192470
2018-08-08,0.002690,1.897330,5.790617,2.429549
2018-08-09,0.025434,2.253351,6.207215,2.660225
2018-08-10,0.000351,2.311949,5.650018,2.127180
2018-08-11,0.004344,2.331717,6.041209,2.090513
2018-08-12,4.422094,2.989055,7.461064,2.968000
2018-08-13,3.860773,4.902620,7.120589,2.700937
2018-08-14,11.225000,5.589804,11.102834,4.363015
2018-08-15,0.002962,4.215171,8.217151,2.601737
2018-08-16,10.533664,2.883539,8.635410,1.672330
2018-08-17,0.332319,2.804620,6.694897,2.054558
2018-08-18,0.003588,2.073110,6.298074,1.900687
2018-08-19,0.005963,1.624772,5.352789,1.525341
2018-08-20,0.006289,1.788357,5.149006,1.955162
2018-08-21,0.068710,1.725011,5.010087,1.678009
2018-08-22,0.000041,1.380855,4.836375,1.739881
2018-08-23,0.000000,1.609142,4.526936,1.462286
2018-08-24,0.048044,1.256575,4.009672,0.970239
2018-08-25,0.877886,1.417381,4.293841,1.607961
2018-08-26,4.524226,1.099134,4.114809,1.056583
2018-08-27,0.243868,1.846548,3.124675,1.347551
2018-08-28,0.002930,1.294408,3.008318,0.753625
2018-08-29,13.146824,0.972602,3.653031,0.649764
2018-08-30,22.375100,3.093481,4.034722,2.167034
2018-08-31,0.345094,2.037349,2.655841,1.172955
2018-09-01,0.000000,1.496151,2.629286,0.835810
2018-09-02,3.091997,0.820802,3.257036,0.646478
2018-09-03,0.282725,1.139453,3.473084,1.628619
2018-09-04,0.030976,0.937620,4.284841,0.960659
2018-09-05,37.173640,2.463883,6.156989,1.124084
2018-09-06,14.548320,2.734972,7.008669,2.203872
2018-09-07,5.532882,2.182155,5.673548,1.577203
2018-09-08,0.338027,1.150132,5.067572,1.048236
2018-09-09,0.145471,0.980490,4.927579,1.129811
2018-09-10,0.000599,0.757132,4.053796,0.502582
2018-09-11,0.000610,0.579439,3.374326,0.341255
2018-09-12,0.000434,0.589642,2.991268,0.402649
2018-09-13,0.165615,0.704931,2.807243,0.292288
2018-09-14,11.780082,1.252637,3.108358,0.245781
2018-09-15,0.793997,1.056486,2.514930,1.137224
2018-09-16,5.075488,1.073430,2.306112,0.855055
2018-09-17,11.345452,1.176495,2.688940,0.883495
2018-09-18,23.467727,2.774394,2.802276,0.624615
2018-09-19,1.206300,1.185948,1.650579,0.117294
2018-09-20,0.656829,0.461359,1.593002,0.093495
2018-09-21,0.000207,0.294922,1.536762,0.059908
2018-09-22,0.098171,0.210256,1.512037,0.129213
2018-09-23,34.320986,2.033456,2.079308,0.110669
2018-09-24,1.093345,1.206761,1.362369,0.051203
2018-09-25,0.078609,0.294710,1.297065,0.025459
2018-09-26,0.000000,0.137822,1.246355,0.024278
2018-09-27,1.621152,0.049779,1.513997,0.027802
2018-09-28,7.412046,0.100877,1.603451,0.094621
2018-09-29,0.666374,0.177801,1.107959,0.100564
2018-09-30,4.690727,0.249215,1.419044,0.113523
2018-10-01,0.138633,0.149041,1.039521,0.029445
2018-10-02,0.316984,0.036546,1.008162,0.028476
2018-10-03,0.294602,0.004777,0.983733,0.028484
2018-10-04,0.000015,0.000335,0.959583,0.027101
2018-10-05,0.462185,0.000009,0.937328,0.037254
2018-10-06,0.388026,0.000000,1.114914,0.023805
2018-10-07,0.154533,0.000000,0.911088,0.023407
2018-10-08,0.205407,0.000000,0.867127,0.024219
2018-10-09,0.189938,0.000000,0.834151,0.022954
2018-10-10,0.000000,0.000000,0.812227,0.023740
2018-10-11,0.000000,0.000000,0.789390,0.023010
2018-10-12,1.594164,0.000607,1.668625,0.057260
2018-10-13,1.337426,0.005830,1.140484,0.024185
2018-10-14,0.055216,0.000000,0.732983,0.023293
2018-10-15,0.000000,0.000000,0.719283,0.022993
2018-10-16,0.000000,0.000000,0.704898,0.023342
2018-10-17,0.000968,0.000000,0.688686,0.023372
2018-10-18,0.000008,0.000000,0.675899,0.023697
2018-10-19,0.000025,0.000000,0.666309,0.023350
2018-10-20,0.000013,0.000000,0.649863,0.023299
2018-10-21,0.000058,0.000000,0.638215,0.022916
2018-10-22,0.000042,0.000000,0.638897,0.023703
2018-10-23,0.000121,0.000000,0.612470,0.023291
2018-10-24,0.027595,0.000000,0.600530,0.023234
2018-10-25,0.000000,0.000000,0.588881,0.025203
2018-10-26,0.000000,0.000000,0.586049,0.036622
2018-10-27,0.000000,0.000000,0.739469,0.044102
2018-10-28,0.000000,0.000000,0.554163,0.022903
2018-10-29,0.000000,0.000000,0.540917,0.022744
2018-10-30,0.000000,0.000000,0.529041,0.022085
2018-10-31,0.000000,0.000000,0.521730,0.022775
2018-11-01,0.000000,0.000000,0.510312,0.022401
2018-11-02,0.000000,0.000000,0.500721,0.022378
2018-11-03,0.000000,0.000000,0.489073,0.023206
2018-11-04,0.000000,0.000000,0.481764,0.022382
2018-11-05,0.000000,0.000000,0.469660,0.023498
2018-11-06,0.000000,0.000000,0.460753,0.022004
2018-11-07,0.000000,0.000000,0.455506,0.023206
2018-11-08,0.009904,0.000000,0.554387,0.021972
2018-11-09,6.843474,0.006739,1.068550,0.042225
2018-11-10,2.424382,0.008886,0.425126,0.021959
2018-11-11,0.167932,0.000000,0.420108,0.021578
2018-11-12,1.411349,0.001507,0.425607,0.023507
2018-11-13,0.000000,0.000000,0.402289,0.021560
2018-11-14,0.000000,0.000000,0.394300,0.021954
2018-11-15,0.265136,0.000000,0.386991,0.027326
2018-11-16,0.000000,0.000000,0.379000,0.023807
2018-11-17,0.000000,0.000000,0.989999,0.033552
2018-11-18,0.000000,0.000000,0.515156,0.021375
2018-11-19,0.098076,0.000000,1.051550,0.021439
2018-11-20,1.189212,0.000000,3.220414,0.072238
2018-11-21,0.024177,0.000000,0.360052,0.022269
2018-11-22,0.013388,0.000000,0.371940,0.021419
2018-11-23,0.024299,0.000000,0.383630,0.021264
2018-11-24,0.223475,0.000000,0.386155,0.021436
2018-11-25,0.297368,0.000000,0.391666,0.022161
2018-11-26,0.021258,0.000000,0.381315,0.020616
2018-11-27,0.015961,0.000000,0.381776,0.020990
2018-11-28,0.015444,0.000000,0.382010,0.020611
2018-11-29,0.015012,0.000000,0.380873,0.020985
2018-11-30,0.013962,0.000000,0.378592,0.021322
2018-12-01,0.011416,0.000000,0.376769,0.020526
2018-12-02,0.001283,0.000000,0.373119,0.020923
2018-12-03,0.000000,0.000000,0.371292,0.021170
2018-12-04,0.000000,0.000000,0.367642,0.020872
2018-12-05,0.000000,0.000000,0.366268,0.021268
2018-12-06,0.000000,0.000000,0.361933,0.020528
2018-12-07,0.000000,0.000000,0.359419,0.020798
2018-12-08,0.000000,0.000000,0.356450,0.020985
2018-12-09,0.000000,0.000000,0.352568,0.020459
2018-12-10,0.000000,0.000000,0.349368,0.020445
2018-12-11,0.000000,0.000000,0.346976,0.020841
2018-12-12,0.000000,0.000000,0.342289,0.020172
2018-12-13,0.027632,0.000000,0.571166,0.024432
2018-12-14,0.270403,0.000002,0.394034,0.021234
2018-12-15,0.204402,0.000000,0.372057,0.020052
2018-12-16,0.017758,0.000001,0.331802,0.020903
2018-12-17,0.000000,0.000000,0.323042,0.019979
2018-12-18,0.000000,0.000000,0.321742,0.020054
2018-12-19,0.000000,0.000000,0.316369,0.019632
2018-12-20,0.000000,0.000000,0.318095,0.020703
2018-12-21,0.000000,0.000000,0.307113,0.019616
2018-12-22,0.000000,0.000000,0.303914,0.019665
2018-12-23,0.000000,0.000000,0.340025,0.020225
2018-12-24,0.617960,0.000000,0.443646,0.021287
2018-12-25,0.000000,0.000000,0.299359,0.019208
2018-12-26,0.000000,0.000000,0.289753,0.020026
2018-12-27,0.000000,0.000000,0.287008,0.019184
2018-12-28,0.000000,0.000000,0.290109,0.019940
2018-12-29,0.000000,0.000000,0.278330,0.019159
2018-12-30,0.000000,0.000000,0.276961,0.020524
2018-12-31,0.000000,0.000000,0.274215,0.017760
2019-01-01,0.000000,0.000000,0.269879,0.019473
2019-01-02,0.000000,0.000000,0.268509,0.018763
2019-01-03,0.000000,0.000000,0.266451,0.018386
2019-01-04,0.000000,0.000000,0.288401,0.019882
2019-01-05,0.000000,0.000000,0.258229,0.020380
2019-01-06,0.000000,0.000000,0.256398,0.019187
2019-01-07,0.000000,0.000000,0.251374,0.018321
2019-01-08,0.000000,0.000000,0.328139,0.018436
2019-01-09,0.000000,0.000000,0.248699,0.018380
2019-01-10,0.000000,0.000000,0.244749,0.018673
2019-01-11,0.000000,0.000000,0.241551,0.019063
2019-01-12,0.000000,0.000000,0.238352,0.018330
2019-01-13,0.000000,0.000000,0.236981,0.018322
2019-01-14,0.000000,0.000000,0.232641,0.018673
2019-01-15,0.000000,0.000000,0.231270,0.019177
2019-01-16,0.000000,0.000000,0.229212,0.018397
2019-01-17,0.000000,0.000000,0.225559,0.018295
2019-01-18,0.000000,0.000000,0.223899,0.018322
2019-01-19,0.000000,0.000000,0.220304,0.018297
2019-01-20,0.000000,0.000000,0.218017,0.018422
2019-01-21,0.000000,0.000000,0.216194,0.019072
2019-01-22,0.000000,0.000000,0.213905,0.018335
2019-01-23,0.000000,0.000000,0.212536,0.018411
2019-01-24,0.000000,0.000000,0.207510,0.018225
2019-01-25,0.000000,0.000000,0.206138,0.018338
2019-01-26,0.000000,0.000000,0.204767,0.018245
2019-01-27,0.000000,0.000000,0.201113,0.018303
2019-01-28,0.000000,0.000000,0.199739,0.017433
2019-01-29,0.000000,0.000000,0.196087,0.018920
2019-01-30,0.000000,0.000000,0.193346,0.035323
2019-01-31,0.000000,0.000000,0.193342,0.018234
2019-02-01,0.000000,0.000000,0.196202,0.018113
2019-02-02,0.000000,0.000000,0.189518,0.017661
2019-02-03,0.000000,0.000000,0.186320,0.017677
2019-02-04,0.000000,0.000000,0.181861,0.018446
2019-02-05,0.000000,0.000000,0.180610,0.018208
2019-02-06,0.000000,0.000000,0.176896,0.018125
2019-02-07,0.000000,0.000000,0.176604,0.017780
2019-02-08,0.000000,0.000000,0.174151,0.017736
2019-02-09,0.000000,0.000000,0.173466,0.018164
2019-02-10,0.000000,0.000000,0.169126,0.017858
2019-02-11,0.000000,0.000000,0.167754,0.017669
2019-02-12,0.000000,0.000000,0.165985,0.018144
2019-02-13,0.000000,0.000000,0.164099,0.018144
2019-02-14,0.000000,0.000000,0.161358,0.017322
2019-02-15,0.000000,0.000000,0.159982,0.018182
2019-02-16,0.000000,0.000000,0.158098,0.017702
2019-02-17,0.000000,0.000000,0.157472,0.017715
2019-02-18,0.000000,0.000000,0.155703,0.017728
2019-02-19,0.000000,0.000000,0.152446,0.017710
2019-02-20,0.000000,0.000000,0.151759,0.017771
2019-02-21,0.000000,0.000000,0.466097,0.017486
2019-02-22,0.000000,0.000000,0.152734,0.017677
2019-02-23,0.000000,0.000000,0.144220,0.017754
2019-02-24,0.000000,0.000000,0.145360,0.017718
2019-02-25,0.000000,0.000000,0.141708,0.017643
2019-02-26,0.000000,0.000000,0.140791,0.017998
2019-02-27,0.000000,0.000000,0.138508,0.017674
2019-02-28,0.000000,0.000000,0.366236,0.017139
2019-03-01,0.000000,0.000000,0.152331,0.017163
2019-03-02,0.000000,0.000000,0.133478,0.017937
2019-03-03,0.000000,0.000000,0.131823,0.017065
2019-03-04,0.000000,0.000000,0.131025,0.017905
2019-03-05,0.000000,0.000000,0.130739,0.017145
2019-03-06,0.000000,0.000000,0.128164,0.017500
2019-03-07,0.000000,0.000000,0.127081,0.017090
2019-03-08,0.000000,0.000000,0.126456,0.017516
2019-03-09,0.000000,0.000000,0.124568,0.017116
2019-03-10,0.000000,0.000000,0.123198,0.017476
2019-03-11,0.000000,0.000000,0.123198,0.017501
2019-03-12,0.000000,0.000000,0.121368,0.017062
2019-03-13,0.000000,0.000000,0.120684,0.021060
2019-03-14,0.000000,0.000000,0.117029,0.022143
2019-03-15,0.000000,0.000000,0.117029,0.021080
2019-03-16,0.000000,0.000000,0.117941,0.020110
2019-03-17,0.000000,0.000000,0.113375,0.020910
2019-03-18,0.000000,0.000043,0.114284,0.020250
2019-03-19,0.000000,0.000082,0.112002,0.020849
2019-03-20,0.000000,0.000052,0.112002,0.020285
2019-03-21,0.000000,0.000090,0.110630,0.020134
2019-03-22,0.000000,0.000162,0.110628,0.020967
2019-03-23,0.000000,0.000244,0.108117,0.020492
2019-03-24,0.000000,0.000246,0.106975,0.020597
2019-03-25,0.000000,0.000245,0.107778,0.020137
2019-03-26,0.000000,0.000244,0.104462,0.020557
2019-03-27,0.000000,0.000243,0.102635,0.020545
2019-03-28,0.000000,0.000243,0.103089,0.020515
2019-03-29,0.000000,0.000242,0.100806,0.020184
2019-03-30,0.000000,0.000244,0.100120,0.020506
2019-03-31,0.000000,0.000246,0.099434,0.020546
2019-04-01,0.000000,0.000245,0.097607,0.020535
2019-04-02,0.000000,0.000245,0.095781,0.026958
2019-04-03,0.000000,0.000244,0.106059,0.020546
2019-04-04,0.000000,0.000243,0.093951,0.020130
2019-04-05,0.000000,0.000243,0.094406,0.020513
2019-04-06,0.000000,0.000242,1.033976,0.048586
2019-04-07,0.000000,0.000241,1.808368,0.111164
2019-04-08,0.000000,0.000241,1.783506,0.039839
2019-04-09,0.000000,0.000119,0.089614,0.045240
2019-04-10,1.971514,0.000001,0.212207,0.027614
2019-04-11,0.844128,0.000000,0.287894,0.105292
2019-04-12,3.144261,0.000573,2.577141,0.075275
2019-04-13,3.889886,0.037602,1.781770,0.112167
2019-04-14,14.724918,0.083775,4.411326,0.069258
2019-04-15,13.461247,0.302396,0.598503,0.020087
2019-04-16,6.578358,0.196571,0.331226,0.137331
2019-04-17,1.181334,0.103479,0.189031,0.153744
2019-04-18,0.867527,0.002697,0.176249,0.049675
2019-04-19,4.179253,0.057792,0.446036,0.156467
2019-04-20,3.246447,0.109272,0.264144,0.135877
2019-04-21,2.064799,0.070235,0.201169,0.185787
2019-04-22,0.557857,0.012399,0.205640,0.019990
2019-04-23,0.510123,0.000469,0.211778,0.019987
2019-04-24,0.482660,0.000359,0.221830,0.019969
2019-04-25,0.462910,0.000355,0.220753,0.020001
2019-04-26,0.442702,0.000352,0.320487,0.076834
2019-04-27,7.356166,0.106496,0.883636,0.086007
2019-04-28,22.428027,0.697354,3.301265,0.034415
2019-04-29,31.482147,1.317216,3.519249,0.045413
2019-04-30,27.437023,1.543488,1.897300,0.075256
2019-05-01,21.308893,1.009949,2.839449,0.098667
2019-05-02,19.991945,1.656828,2.166045,0.144028
2019-05-03,12.091384,0.381393,0.743054,0.056361
2019-05-04,48.876020,2.387557,2.340217,0.087932
2019-05-05,32.153709,2.571839,3.806288,0.330136
2019-05-06,22.567234,1.632387,6.611339,0.463719
2019-05-07,11.203637,1.076339,2.504938,0.190542
2019-05-08,8.981824,0.854867,2.438479,0.188334
2019-05-09,11.248861,0.758268,2.407696,0.217328
2019-05-10,5.451683,0.497216,2.263307,0.285000
2019-05-11,7.742095,0.419414,2.130310,0.156892
2019-05-12,4.628147,0.326173,1.703943,0.052444
2019-05-13,1.263787,0.107202,1.615220,0.036009
2019-05-14,22.706214,0.694661,3.116951,0.137452
2019-05-15,13.153646,0.822645,3.850964,0.446472
2019-05-16,13.672761,0.799582,2.250659,0.347773
2019-05-17,14.283083,0.878410,2.030858,0.186229
2019-05-18,11.511879,0.815693,2.483253,0.270557
2019-05-19,17.986129,0.850730,2.709401,0.301551
2019-05-20,13.258379,0.732164,2.359890,0.218500
2019-05-21,13.739664,0.657451,2.558475,0.178678
2019-05-22,22.427017,0.926370,2.701178,0.333905
2019-05-23,23.121505,1.256986,3.838222,0.298196
2019-05-24,16.012701,1.080967,1.979135,0.452678
2019-05-25,25.729466,1.286382,2.024033,0.141502
2019-05-26,29.433770,1.838915,2.906895,0.347184
2019-05-27,14.339248,1.107825,2.434905,0.257130
2019-05-28,14.755725,0.870171,2.699471,0.183720
2019-05-29,14.111231,0.774188,2.840752,0.232789
2019-05-30,12.818238,0.739039,2.926603,0.224281
2019-05-31,12.363585,0.756020,2.967678,0.213232
2019-06-01,11.043997,0.772608,2.983506,0.162923
2019-06-02,11.801035,0.835196,3.389408,0.181737
2019-06-03,12.876539,0.912824,3.669287,0.223501
2019-06-04,14.070742,1.078114,3.996439,0.238287
2019-06-05,10.913532,0.997442,4.591421,0.231091
2019-06-06,11.013319,0.948439,4.079104,0.179160
2019-06-07,18.966079,1.217421,4.623097,0.242425
2019-06-08,11.259195,1.191805,4.383949,0.239989
2019-06-09,21.185733,1.262241,5.318983,0.317187
2019-06-10,17.664224,1.122808,4.724655,0.295223
2019-06-11,43.461656,2.535451,8.034974,0.342561
2019-06-12,29.926103,2.130965,10.700319,0.492439
2019-06-13,28.772268,2.602467,9.063544,0.387818
2019-06-14,24.750150,2.122551,7.816729,0.317132
2019-06-15,21.821921,2.037952,7.023401,0.270459
2019-06-16,19.298326,1.846346,6.656630,0.270720
2019-06-17,23.607670,2.285225,6.673893,0.285633
2019-06-18,16.728827,2.031438,6.028028,0.254421
2019-06-19,18.461367,1.842854,5.956820,0.263557
2019-06-20,19.960696,1.713667,5.776688,0.247733
2019-06-21,11.211090,1.596474,5.818865,0.500138
2019-06-22,3.530385,1.621171,5.592579,0.521738
2019-06-23,4.022080,1.857071,5.546391,0.433970
2019-06-24,5.053558,2.139956,5.450598,1.356676
2019-06-25,8.320794,3.547503,6.583042,3.045597
2019-06-26,8.041428,4.495909,7.117082,2.854349
2019-06-27,5.618975,3.240077,7.096078,2.787337
2019-06-28,4.951574,2.568746,7.293459,2.535165
2019-06-29,4.124019,2.378710,7.384722,2.272308
2019-06-30,4.347098,2.199500,7.184481,2.277703
2019-07-01,2.622504,1.696131,7.796149,2.707408
2019-07-02,10.402553,2.269829,7.207054,1.937350
2019-07-03,4.457430,2.356300,7.066504,2.660524
2019-07-04,3.785543,2.298157,7.276733,2.648535
2019-07-05,4.812875,2.209273,7.338582,2.662530
2019-07-06,4.281334,2.123176,7.359320,2.555867
2019-07-07,4.232877,2.488264,8.177751,2.712549
2019-07-08,5.226895,2.951470,7.280887,2.526684
2019-07-09,4.948649,2.990459,7.420109,2.907125
2019-07-10,3.531225,2.315252,7.036665,2.456581
2019-07-11,4.473123,2.173450,7.131484,2.517231
2019-07-12,3.444213,1.988108,7.012807,2.691631
2019-07-13,4.090803,1.816357,6.631400,2.584375
2019-07-14,4.864896,2.211652,6.991474,2.712844
2019-07-15,6.998609,3.344066,5.881499,1.594049
2019-07-16,4.690952,2.924277,6.341127,2.473690
2019-07-17,5.348597,2.438738,6.680791,2.918307
2019-07-18,5.377856,2.297215,6.339950,2.996879
2019-07-19,4.476936,2.327373,5.956589,2.894881
2019-07-20,3.678592,2.095720,5.958788,2.796273
2019-07-21,3.463171,1.997305,6.213907,3.540769
2019-07-22,4.070556,2.368984,5.948812,2.964610
2019-07-23,3.612681,2.717017,5.709863,2.592233
2019-07-24,3.192346,2.380458,5.527777,2.493961
2019-07-25,3.080028,1.949045,5.067777,2.267056
2019-07-26,2.842921,1.440219,5.255610,1.902276
2019-07-27,3.180948,1.910259,5.591996,2.857342
2019-07-28,4.523551,1.744280,5.062043,2.402726
2019-07-29,5.349086,3.361399,5.808178,2.871350
2019-07-30,9.399367,3.619552,5.143732,2.088286
2019-07-31,14.056567,4.908958,7.248575,2.941344
2019-08-01,6.148742,5.365475,7.070345,3.432511
2019-08-02,0.009785,3.539565,5.389344,2.870991
2019-08-03,0.007164,2.418346,5.514651,2.920960
2019-08-04,0.002737,2.224975,5.372486,2.514248
2019-08-05,0.004691,2.446059,5.553103,2.631536
2019-08-06,0.000902,2.199004,5.220500,2.438967
2019-08-07,0.000314,2.227955,5.441531,2.417628
2019-08-08,0.003379,2.250180,5.181546,2.193765
2019-08-09,0.007182,1.994362,4.834715,2.058305
2019-08-10,0.000815,2.108261,4.924650,2.481943
2019-08-11,0.018094,2.174998,4.640738,1.957988
2019-08-12,0.388124,1.641821,5.051534,2.272700
2019-08-13,11.282833,3.672094,7.652012,3.521331
2019-08-14,0.019392,2.642930,4.811811,2.364044
2019-08-15,0.000251,1.807140,4.919847,2.084801
2019-08-16,0.000006,1.715627,5.181854,1.921199
2019-08-17,0.002890,1.833534,5.739714,2.172539
2019-08-18,0.006166,1.809987,5.412341,1.888763
2019-08-19,0.277493,2.261309,5.734773,1.722132
2019-08-20,0.000841,2.333879,4.959632,2.084023
2019-08-21,0.000026,1.588397,4.709263,1.496368
2019-08-22,0.000062,1.276454,4.338468,1.413018
2019-08-23,0.000347,1.199732,4.573309,1.319280
2019-08-24,6.624497,1.501336,4.731736,1.045955
2019-08-25,5.113817,3.232570,5.234508,2.512234
2019-08-26,0.001466,3.057166,4.102731,1.912849
2019-08-27,0.000664,1.970866,4.117878,1.373628
2019-08-28,0.004733,2.003382,4.094662,1.840472
2019-08-29,0.000336,1.593737,3.774993,0.975866
2019-08-30,0.000071,0.895680,4.169038,1.071926
2019-08-31,0.000164,0.832744,3.956441,1.289847
2019-09-01,0.982016,1.424506,0.000000,0.000000
2019-09-02,0.020342,1.262708,0.000000,0.000000
2019-09-03,0.001999,1.231198,0.000000,0.000000
2019-09-04,0.011994,2.063264,0.000000,0.000000
2019-09-05,0.000411,1.347819,0.000000,0.000000
2019-09-06,4.889946,1.761506,0.000000,0.000000
2019-09-07,0.319718,1.819146,0.000000,0.000000
2019-09-08,0.000000,1.612937,0.000000,0.000000
2019-09-09,1.233781,1.106752,0.000000,0.000000
2019-09-10,0.084540,1.474489,0.000000,0.000000
2019-09-11,0.000033,0.873599,0.000000,0.000000
2019-09-12,0.000024,0.508281,0.000000,0.000000
2019-09-13,0.000007,0.523576,0.000000,0.000000
2019-09-14,0.000126,0.744200,0.000000,0.000000
2019-09-15,0.000001,0.791949,0.000000,0.000000
2019-09-16,0.000003,0.428755,0.000000,0.000000
2019-09-17,0.001393,0.177367,0.000000,0.000000
2019-09-18,1.105095,0.099683,0.000000,0.000000
2019-09-19,1.164525,0.491203,0.000000,0.000000
2019-09-20,1.750002,1.361705,0.000000,0.000000
2019-09-21,0.047979,1.165984,0.000000,0.000000
2019-09-22,7.974313,1.769030,0.000000,0.000000
2019-09-23,3.834553,2.822787,0.000000,0.000000
2019-09-24,1.143435,2.410441,0.000000,0.000000
2019-09-25,0.005016,1.974105,0.000000,0.000000
2019-09-26,0.010018,1.054980,0.000000,0.000000
2019-09-27,3.988075,2.598880,0.000000,0.000000
2019-09-28,4.107961,3.256354,0.000000,0.000000
2019-09-29,0.000401,1.773728,0.000000,0.000000
2019-09-30,0.000524,0.911603,0.000000,0.000000
2019-10-01,14.547530,0.998223,0.000000,0.000000
2019-10-02,61.549609,3.923293,0.000000,0.000000
2019-10-03,39.426974,4.056229,0.000000,0.000000
2019-10-04,35.370327,3.327800,0.000000,0.000000
2019-10-05,39.531403,4.952995,0.000000,0.000000
2019-10-06,24.176405,4.621201,0.000000,0.000000
2019-10-07,5.819431,3.192124,0.000000,0.000000
2019-10-08,0.622367,0.789165,0.000000,0.000000
2019-10-09,6.358771,0.814879,0.000000,0.000000
2019-10-10,0.102678,0.537280,0.000000,0.000000
2019-10-11,0.080218,0.164143,0.000000,0.000000
2019-10-12,0.067120,0.035844,0.000000,0.000000
2019-10-13,0.510254,0.016325,0.000000,0.000000
2019-10-14,2.114711,0.024947,0.000000,0.000000
2019-10-15,0.493081,0.046156,0.000000,0.000000
2019-10-16,0.037982,0.007904,0.000000,0.000000
2019-10-17,0.024578,0.011357,0.000000,0.000000
2019-10-18,0.000095,0.019443,0.000000,0.000000
2019-10-19,5.201846,0.070922,0.000000,0.000000
2019-10-20,0.639357,0.268113,0.000000,0.000000
2019-10-21,0.003974,0.085405,0.000000,0.000000
2019-10-22,0.007684,0.011910,0.000000,0.000000
2019-10-23,0.000230,0.001720,0.000000,0.000000
2019-10-24,0.000044,0.000310,0.000000,0.000000
2019-10-25,0.000191,0.000049,0.000000,0.000000
2019-10-26,0.001839,0.000011,0.000000,0.000000
2019-10-27,0.010140,0.000004,0.000000,0.000000
2019-10-28,4.367263,0.129346,0.000000,0.000000
2019-10-29,2.416431,0.207770,0.000000,0.000000
2019-10-30,0.013072,0.046559,0.000000,0.000000
2019-10-31,0.000500,0.004710,0.000000,0.000000
2019-11-01,0.000000,0.000000,0.000000,0.000000
2019-11-02,0.000000,0.000000,0.000000,0.000000
2019-11-03,0.000000,0.000000,0.000000,0.000000
2019-11-04,0.000000,0.000000,0.000000,0.000000
2019-11-05,0.000000,0.000000,0.000000,0.000000
2019-11-06,0.000000,0.000000,0.000000,0.000000
2019-11-07,0.022193,0.000000,0.000000,0.000000
2019-11-08,2.414341,0.004510,0.000000,0.000000
2019-11-09,0.440186,0.002664,0.000000,0.000000
2019-11-10,3.645109,0.022940,0.000000,0.000000
2019-11-11,0.282166,0.006994,0.000000,0.000000
2019-11-12,0.061316,0.000428,0.000000,0.000000
2019-11-13,0.042449,0.000000,0.000000,0.000000
2019-11-14,0.035392,0.000000,0.000000,0.000000
2019-11-15,0.028856,0.000000,0.000000,0.000000
2019-11-16,0.021352,0.000000,0.000000,0.000000
2019-11-17,0.080096,0.000000,0.000000,0.000000
2019-11-18,0.054147,0.000000,0.000000,0.000000
2019-11-19,0.002127,0.000000,0.000000,0.000000
2019-11-20,0.000000,0.000000,0.000000,0.000000
2019-11-21,0.000000,0.000000,0.000000,0.000000
2019-11-22,0.000000,0.000000,0.000000,0.000000
2019-11-23,0.000000,0.000000,0.000000,0.000000
2019-11-24,0.000000,0.000000,0.000000,0.000000
2019-11-25,0.000000,0.000000,0.000000,0.000000
2019-11-26,0.000000,0.000000,0.000000,0.000000
2019-11-27,0.000000,0.000000,0.000000,0.000000
2019-11-28,0.000000,0.000000,0.000000,0.000000
2019-11-29,0.000000,0.000000,0.000000,0.000000
2019-11-30,0.000000,0.000000,0.000000,0.000000
2019-12-01,0.000000,0.000000,0.000000,0.000000
2019-12-02,0.000000,0.000000,0.000000,0.000000
2019-12-03,0.000000,0.000000,0.000000,0.000000
2019-12-04,0.000000,0.000000,0.000000,0.000000
2019-12-05,0.000000,0.000000,0.000000,0.000000
2019-12-06,0.000000,0.000000,0.000000,0.000000
2019-12-07,0.000000,0.000000,0.000000,0.000000
2019-12-08,0.000000,0.000000,0.000000,0.000000
2019-12-09,0.000000,0.000000,0.000000,0.000000
2019-12-10,0.000000,0.000000,0.000000,0.000000
2019-12-11,0.000000,0.000000,0.000000,0.000000
2019-12-12,0.000000,0.000000,0.000000,0.000000
2019-12-13,0.000000,0.000000,0.000000,0.000000
2019-12-14,0.000000,0.000000,0.000000,0.000000
2019-12-15,0.000000,0.000000,0.000000,0.000000
2019-12-16,0.000000,0.000000,0.000000,0.000000
2019-12-17,0.000000,0.000000,0.000000,0.000000
2019-12-18,0.000000,0.000000,0.000000,0.000000
2019-12-19,0.000000,0.000000,0.000000,0.000000
2019-12-20,0.000000,0.000000,0.000000,0.000000
2019-12-21,0.000000,0.000000,0.000000,0.000000
2019-12-22,0.000000,0.000000,0.000000,0.000000
2019-12-23,0.000000,0.000000,0.000000,0.000000
2019-12-24,0.000000,0.000000,0.000000,0.000000
2019-12-25,0.000000,0.000000,0.000000,0.000000
2019-12-26,0.000000,0.000000,0.000000,0.000000
2019-12-27,0.000000,0.000000,0.000000,0.000000
2019-12-28,0.000000,0.000000,0.000000,0.000000
2019-12-29,0.000000,0.000000,0.000000,0.000000
2019-12-30,0.000000,0.000000,0.000000,0.000000
2019-12-31,0.000000,0.000000,0.000000,0.000000

