time,MAR_land,MAR_ice,RACMO_land,RACMO_ice
2015-01-01,4.690220,0.000000,0.899711,0.004274
2015-01-02,4.650915,0.000000,0.862639,0.004237
2015-01-03,4.609250,0.000000,0.852295,0.004224
2015-01-04,4.569759,0.000000,0.837121,0.004295
2015-01-05,4.530931,0.000000,0.828250,0.004182
2015-01-06,4.489323,0.000000,0.815684,0.004308
2015-01-07,4.454287,0.000000,0.805615,0.004219
2015-01-08,4.417166,0.000000,0.794684,0.004323
2015-01-09,4.381573,0.000000,0.783536,0.004212
2015-01-10,4.346490,0.000000,0.774554,0.004194
2015-01-11,4.308585,0.000000,0.760731,0.004263
2015-01-12,4.277245,0.000000,0.753957,0.004187
2015-01-13,4.243792,0.000000,0.746645,0.004170
2015-01-14,4.210801,0.000000,0.726854,0.004233
2015-01-15,4.178102,0.000000,0.726150,0.004238
2015-01-16,4.142566,0.000000,0.708552,0.004163
2015-01-17,4.113138,0.000000,0.720835,0.004230
2015-01-18,4.081811,0.000000,1.000238,0.004182
2015-01-19,4.051053,0.000000,0.706318,0.004162
2015-01-20,4.020395,0.000000,0.676443,0.004236
2015-01-21,3.986912,0.000000,0.668465,0.004108
2015-01-22,3.959023,0.000000,0.652793,0.004262
2015-01-23,3.928844,0.000000,0.648369,0.004136
2015-01-24,3.899109,0.000000,0.641604,0.004181
2015-01-25,3.869653,0.000000,0.629784,0.004103
2015-01-26,3.837496,0.000000,0.620502,0.004111
2015-01-27,3.810481,0.000000,0.617392,0.004085
2015-01-28,3.781079,0.000000,0.600536,0.003990
2015-01-29,3.752457,0.000000,0.598772,0.004138
2015-01-30,3.724465,0.000000,0.587375,0.004121
2015-01-31,3.696614,0.000000,0.582436,0.004060
2015-02-01,3.666813,0.000000,0.567452,0.004046
2015-02-02,3.642854,0.000000,0.568554,0.004094
2015-02-03,3.617290,0.000000,0.900220,0.014247
2015-02-04,3.591943,0.000000,0.644683,0.004061
2015-02-05,3.566799,0.000000,0.568481,0.004154
2015-02-06,3.539557,0.000000,0.534209,0.004094
2015-02-07,3.517678,0.000000,1.215643,0.011085
2015-02-08,3.493593,0.000000,0.967908,0.004099
2015-02-09,3.469911,0.000000,0.512638,0.004115
2015-02-10,3.446460,0.000000,0.508342,0.004070
2015-02-11,3.420868,0.000000,0.499898,0.004143
2015-02-12,3.400725,0.000000,0.495077,0.004024
2015-02-13,3.378444,0.000000,0.487160,0.004089
2015-02-14,3.356216,0.000000,0.485314,0.004108
2015-02-15,3.334162,0.000000,0.470664,0.004046
2015-02-16,3.309785,0.000000,0.473489,0.003992
2015-02-17,3.290195,0.000000,0.462578,0.004136
2015-02-18,3.268513,0.000000,0.457915,0.004009
2015-02-19,3.246985,0.000000,0.450617,0.004052
2015-02-20,3.225682,0.000000,0.445398,0.003906
2015-02-21,3.202385,0.000000,0.442586,0.004114
2015-02-22,3.184626,0.000000,0.434876,0.003981
2015-02-23,3.165566,0.000000,0.424977,0.004003
2015-02-24,3.146608,0.000000,0.427130,0.004011
2015-02-25,3.127764,0.000000,0.419362,0.003905
2015-02-26,3.106856,0.000000,0.402327,0.004148
2015-02-27,3.090971,0.000000,0.413637,0.003862
2015-02-28,3.073153,0.000000,0.399685,0.003924
2015-03-01,3.053089,0.000000,0.396033,0.003976
2015-03-02,3.037376,0.000000,0.390630,0.003975
2015-03-03,3.019927,0.000000,0.381642,0.003892
2015-03-04,3.002634,0.000000,0.379812,0.003852
2015-03-05,2.985705,0.000000,0.380338,0.004038
2015-03-06,2.966826,0.000000,0.381184,0.003927
2015-03-07,2.951916,0.000000,0.366479,0.004088
2015-03-08,2.934973,0.000000,0.366518,0.003966
2015-03-09,2.918165,0.000000,0.364675,0.003998
2015-03-10,2.901342,0.000000,0.356482,0.004051
2015-03-11,2.882523,0.000000,0.351085,0.003939
2015-03-12,2.867765,0.000000,0.346328,0.003911
2015-03-13,2.851448,0.000000,0.345265,0.003954
2015-03-14,2.835332,0.000000,0.336986,0.003905
2015-03-15,2.819187,0.000000,0.336837,0.003900
2015-03-16,2.801082,0.000000,0.330587,0.003976
2015-03-17,2.786788,0.000000,0.328017,0.003955
2015-03-18,2.770831,0.000000,0.323262,0.003937
2015-03-19,2.754961,0.000000,0.318556,0.003911
2015-03-20,2.739164,0.000000,0.321672,0.003876
2015-03-21,2.721652,0.000000,0.314663,0.003861
2015-03-22,2.708104,0.000000,0.309768,0.003982
2015-03-23,2.692728,0.000000,0.312009,0.003992
2015-03-24,2.677794,0.000000,0.322801,0.004103
2015-03-25,2.662986,0.000000,0.300378,0.003952
2015-03-26,2.646416,0.000000,0.300644,0.004005
2015-03-27,2.633537,0.000000,0.293524,0.003941
2015-03-28,2.618816,0.000000,0.294433,0.003946
2015-03-29,2.604499,0.000000,0.284020,0.003975
2015-03-30,2.590428,0.000000,0.287417,0.003997
2015-03-31,2.576338,0.000000,0.286741,0.003892
2015-04-01,2.560529,0.000000,0.279144,0.003896
2015-04-02,2.548411,0.000000,0.278297,0.003930
2015-04-03,2.534721,0.000000,0.273807,0.003983
2015-04-04,2.521422,0.000000,0.271440,0.004095
2015-04-05,2.508111,0.000000,0.269464,0.003845
2015-04-06,2.493170,0.000000,0.264109,0.003986
2015-04-07,2.481600,0.000000,0.259514,0.003922
2015-04-08,2.468463,0.000000,0.260763,0.003865
2015-04-09,2.455524,0.000000,0.255632,0.003908
2015-04-10,2.442733,0.000000,0.250546,0.004043
2015-04-11,2.428174,0.000000,0.256671,0.003774
2015-04-12,2.417121,0.000000,0.246628,0.003952
2015-04-13,2.404542,0.000000,0.346524,0.003959
2015-04-14,2.392498,0.000000,0.810098,0.076308
2015-04-15,2.380743,0.000000,1.925646,0.050297
2015-04-16,2.367411,0.000000,2.288494,0.072740
2015-04-17,2.357476,0.000000,0.237611,0.003742
2015-04-18,2.346200,0.000000,1.468843,0.087740
2015-04-19,2.335143,0.000000,6.160843,0.038527
2015-04-20,2.324353,0.000000,0.282547,0.003839
2015-04-21,2.311975,0.000000,0.226879,0.003800
2015-04-22,2.302909,0.000000,0.453191,0.075182
2015-04-23,2.292325,0.000000,6.017362,0.024451
2015-04-24,2.281749,0.000000,0.229062,0.044312
2015-04-25,2.271279,0.000000,0.216727,0.081715
2015-04-26,2.259324,0.000000,0.257057,0.003710
2015-04-27,2.250420,0.000000,0.243202,0.003755
2015-04-28,2.239956,0.000000,0.540283,0.003703
2015-04-29,2.229788,0.000000,3.858821,0.003712
2015-04-30,2.220016,0.000000,2.428309,0.003598
2015-05-01,2.208881,0.000000,1.094964,0.003536
2015-05-02,2.200707,0.000000,0.661893,0.003410
2015-05-03,2.190886,0.000000,1.350951,0.003497
2015-05-04,2.181116,0.000000,10.795799,0.044293
2015-05-05,2.171632,0.000000,6.232205,0.032093
2015-05-06,2.160761,0.000000,12.209412,0.122257
2015-05-07,2.152986,0.000000,15.715453,0.046221
2015-05-08,2.143842,0.000000,13.498416,0.026801
2015-05-09,2.135170,0.000000,19.509304,0.035485
2015-05-10,2.126615,0.000000,22.910835,0.030298
2015-05-11,2.116592,0.000000,4.143817,0.066897
2015-05-12,2.109499,0.000000,3.630495,0.027635
2015-05-13,2.100899,0.000000,0.978916,0.020834
2015-05-14,2.092446,0.000000,2.372435,0.060268
2015-05-15,2.084045,0.000000,7.669732,0.041088
2015-05-16,2.074311,0.000000,11.808904,0.026518
2015-05-17,2.067629,0.000000,22.567668,0.020261
2015-05-18,2.059461,0.000000,24.077097,0.016656
2015-05-19,2.051027,0.000000,5.983260,0.034767
2015-05-20,2.045131,0.000000,4.414354,0.021230
2015-05-21,2.040720,0.000000,10.155551,0.018015
2015-05-22,2.037822,0.000000,4.141132,0.100336
2015-05-23,2.025892,0.000000,10.514053,0.024465
2015-05-24,2.020603,0.000000,13.265228,0.021096
2015-05-25,2.012935,0.000000,11.404093,0.032335
2015-05-26,1.988506,0.000000,9.663865,0.020863
2015-05-27,1.956356,0.000000,12.291342,0.013009
2015-05-28,1.917731,0.000000,14.956636,0.018887
2015-05-29,1.869055,0.000000,3.521125,0.032865
2015-05-30,1.831471,0.000000,1.636165,0.003434
2015-05-31,1.817765,0.000000,4.358178,0.025392
2015-06-01,1.816078,0.000000,2.732693,0.018458
2015-06-02,1.825577,0.000000,6.366303,0.017088
2015-06-03,1.842407,0.000000,5.654522,0.020955
2015-06-04,1.856155,0.006497,8.810908,0.017631
2015-06-05,1.845353,0.041667,19.369514,0.017828
2015-06-06,1.821323,0.167283,23.560473,0.016511
2015-06-07,1.807331,0.200125,15.651028,0.137172
2015-06-08,1.807021,0.231375,16.431037,0.164215
2015-06-09,1.822520,0.270144,19.619714,0.118917
2015-06-10,1.882398,0.303562,22.615824,0.124068
2015-06-11,1.997749,0.285844,26.884011,0.119495
2015-06-12,2.175589,0.357291,27.665830,0.093427
2015-06-13,2.397446,0.329062,30.081371,0.117523
2015-06-14,2.703676,0.338098,37.847170,0.237323
2015-06-15,3.086510,0.413832,27.974665,0.321009
2015-06-16,3.501284,0.593160,35.148724,0.427553
2015-06-17,4.092150,0.591941,36.737057,0.399690
2015-06-18,5.341252,0.428621,33.185044,0.269670
2015-06-19,7.063769,0.517532,39.100274,0.455509
2015-06-20,8.747460,0.522464,42.240281,0.485207
2015-06-21,10.615476,0.525669,47.322141,0.823678
2015-06-22,12.678215,0.538033,54.575697,0.826919
2015-06-23,14.968331,0.502878,49.838268,1.005556
2015-06-24,17.558142,0.462081,52.175982,0.944932
2015-06-25,20.304326,0.496357,53.810315,0.966825
2015-06-26,23.193230,0.544011,52.743011,0.977292
2015-06-27,25.878011,0.977452,61.988566,1.122502
2015-06-28,32.130309,1.031349,55.452366,0.780862
2015-06-29,39.775771,0.896543,54.356970,0.877036
2015-06-30,47.575881,0.536675,49.065378,0.842165
2015-07-01,57.074481,0.522030,48.146740,0.864701
2015-07-02,62.000981,0.549588,51.243459,0.948811
2015-07-03,62.007216,0.568768,52.742727,0.920219
2015-07-04,62.199082,0.599562,46.198716,0.677281
2015-07-05,61.534724,0.760245,47.776926,0.774827
2015-07-06,60.209774,1.071851,51.400338,0.920213
2015-07-07,61.619116,0.885558,48.734298,1.076763
2015-07-08,64.475573,0.608550,44.041084,1.222410
2015-07-09,66.440431,0.612392,42.381989,1.228421
2015-07-10,65.847616,0.632806,26.151646,0.571661
2015-07-11,67.316295,0.478626,34.334713,0.958873
2015-07-12,65.261895,0.399959,25.706966,0.443538
2015-07-13,65.812494,0.870620,25.875752,0.555602
2015-07-14,64.390581,1.113072,35.669676,0.847432
2015-07-15,61.764629,1.177403,32.028660,0.768605
2015-07-16,60.614905,1.233474,32.314610,0.800696
2015-07-17,59.470879,1.502449,31.555984,0.805124
2015-07-18,59.186599,1.146954,32.629375,0.774548
2015-07-19,59.046067,1.327226,31.215505,0.747964
2015-07-20,57.891335,1.268981,28.914795,0.679885
2015-07-21,55.378945,1.412776,27.896034,0.569489
2015-07-22,53.129560,1.426572,27.897064,0.619795
2015-07-23,49.526311,1.195814,28.741365,0.630055
2015-07-24,46.771586,0.812602,23.508614,0.493000
2015-07-25,44.542663,0.705886,24.543612,0.608020
2015-07-26,40.595932,0.947033,26.093720,0.816932
2015-07-27,39.316915,0.786462,19.221668,0.463333
2015-07-28,36.657344,0.937020,21.034680,0.755591
2015-07-29,34.918150,0.934903,21.161722,0.845892
2015-07-30,33.385469,0.899981,21.371911,0.853982
2015-07-31,32.383209,0.932358,21.055026,0.823691
2015-08-01,31.376730,0.953102,21.771345,0.826307
2015-08-02,32.925289,1.142651,28.083147,0.845243
2015-08-03,31.753624,1.396538,26.660958,0.746343
2015-08-04,30.176582,1.314328,25.238096,0.894838
2015-08-05,29.909798,1.313265,24.587964,0.877087
2015-08-06,29.197237,1.326492,20.101117,0.917020
2015-08-07,27.275272,1.015595,17.920099,0.866191
2015-08-08,27.494888,0.876373,18.371754,0.907108
2015-08-09,30.984097,1.116417,23.091925,1.103142
2015-08-10,29.022754,1.059555,19.185499,1.006011
2015-08-11,27.581004,0.899718,17.925016,0.892412
2015-08-12,25.410473,1.007745,22.233281,1.082422
2015-08-13,23.524245,1.315946,11.793426,1.061942
2015-08-14,23.131105,0.969486,11.532567,0.962166
2015-08-15,22.611516,0.701183,11.274153,0.818551
2015-08-16,22.171072,0.693070,11.425827,0.791165
2015-08-17,21.249276,0.832827,12.362794,0.802151
2015-08-18,20.536001,0.912953,11.253385,0.902563
2015-08-19,19.457388,0.831316,13.560186,0.879047
2015-08-20,18.693187,0.916710,12.826783,0.796349
2015-08-21,17.082371,0.584699,10.479831,0.739340
2015-08-22,17.990967,0.786583,12.548556,0.949150
2015-08-23,15.887963,0.723499,11.500675,0.833315
2015-08-24,15.650078,0.524385,9.969414,0.649284
2015-08-25,15.085533,0.599510,9.864301,0.777974
2015-08-26,16.073572,1.438325,11.020357,0.662063
2015-08-27,13.817904,0.783161,8.825806,0.686816
2015-08-28,14.149498,0.730407,9.685349,0.436659
2015-08-29,17.359838,1.211119,17.340307,1.002326
2015-08-30,16.161367,1.207166,14.359838,0.588290
2015-08-31,13.908029,0.970760,14.582837,0.711091
2015-09-01,12.792527,0.545572,11.173183,0.567556
2015-09-02,12.998066,1.170956,12.276033,0.775977
2015-09-03,12.724105,0.700669,9.433355,0.827885
2015-09-04,16.766204,1.449956,28.771845,0.995732
2015-09-05,12.167974,0.577659,9.615216,0.510823
2015-09-06,13.894519,1.994259,39.489338,0.956246
2015-09-07,8.873446,1.948473,35.787880,0.878434
2015-09-08,8.434332,0.925666,2.993528,0.575515
2015-09-09,9.909406,0.893173,2.995801,0.785988
2015-09-10,11.848663,0.592700,4.452672,0.844688
2015-09-11,13.488086,0.687036,4.498885,0.496345
2015-09-12,14.827157,0.579924,3.951145,0.748330
2015-09-13,15.876908,0.258863,2.639793,0.745270
2015-09-14,16.768444,0.193499,2.589317,0.525622
2015-09-15,17.421553,0.180682,2.957790,0.654356
2015-09-16,17.823751,0.258510,3.900453,0.721078
2015-09-17,18.071781,0.162387,4.192299,0.435980
2015-09-18,18.156599,0.061665,5.458620,0.087296
2015-09-19,20.323389,0.009064,5.464332,0.098530
2015-09-20,21.992249,0.192598,5.708564,0.181007
2015-09-21,18.527153,0.068311,7.199700,0.275063
2015-09-22,18.801842,0.377829,5.740496,0.299661
2015-09-23,17.415492,0.218522,2.563632,0.399657
2015-09-24,17.905155,0.130936,4.306344,0.018828
2015-09-25,16.938464,0.028213,3.023070,0.020756
2015-09-26,16.742450,0.000372,4.140307,0.093531
2015-09-27,16.168653,0.000005,3.122182,0.160582
2015-09-28,16.743607,0.000000,3.259122,0.190415
2015-09-29,15.673522,0.000000,3.094065,0.045754
2015-09-30,14.947327,0.000000,2.898112,0.012186
2015-10-01,14.603112,0.000000,2.845340,0.005110
2015-10-02,14.371415,0.000000,2.805878,0.005067
2015-10-03,14.169273,0.000000,2.820119,0.005004
2015-10-04,13.999379,0.000000,2.826273,0.005086
2015-10-05,13.838054,0.000000,2.835175,0.005021
2015-10-06,13.839044,0.000000,2.849658,0.066696
2015-10-07,13.519761,0.000000,3.564469,0.030242
2015-10-08,13.370929,0.000000,3.047908,0.004988
2015-10-09,13.272195,0.000000,3.035992,0.005032
2015-10-10,13.160337,0.000000,4.245110,0.004944
2015-10-11,12.930862,0.000000,5.025421,0.020213
2015-10-12,12.739775,0.037427,5.639654,0.015917
2015-10-13,12.492696,0.117076,3.242296,0.004903
2015-10-14,11.938210,0.002227,2.875637,0.004877
2015-10-15,11.688236,0.000089,6.082464,0.015941
2015-10-16,11.590221,0.000008,4.414115,0.022368
2015-10-17,11.802014,0.000003,4.453365,0.030366
2015-10-18,11.529713,0.000000,2.769730,0.004807
2015-10-19,11.525939,0.000000,2.762459,0.004828
2015-10-20,11.545058,0.000000,2.753598,0.004775
2015-10-21,11.551931,0.000000,2.733527,0.004821
2015-10-22,11.555561,0.000000,2.709642,0.004724
2015-10-23,11.530700,0.000000,2.678531,0.004842
2015-10-24,11.487277,0.000000,2.648765,0.004729
2015-10-25,11.427879,0.000000,2.615935,0.004717
2015-10-26,11.340228,0.000000,2.641215,0.004765
2015-10-27,11.258864,0.000000,4.314481,0.025626
2015-10-28,11.174949,0.000000,2.831615,0.004954
2015-10-29,11.011966,0.000000,6.062434,0.010535
2015-10-30,10.864804,0.000000,6.188737,0.009451
2015-10-31,10.738886,0.000000,2.586881,0.004766
2015-11-01,10.605538,0.000000,2.662240,0.004781
2015-11-02,10.491560,0.000000,2.374098,0.004681
2015-11-03,10.375961,0.000000,2.335539,0.004700
2015-11-04,10.260114,0.000000,2.317612,0.004638
2015-11-05,10.144012,0.000000,2.556708,0.004818
2015-11-06,10.020216,0.000000,3.094671,0.004626
2015-11-07,9.906815,0.000000,2.232342,0.004703
2015-11-08,9.786982,0.000000,2.203935,0.004575
2015-11-09,9.666239,0.000000,2.182448,0.004608
2015-11-10,9.542495,0.000000,2.151181,0.004584
2015-11-11,9.410916,0.000000,2.116551,0.004578
2015-11-12,9.294278,0.000000,2.101939,0.004564
2015-11-13,9.171816,0.000000,2.071277,0.004581
2015-11-14,9.049375,0.000000,2.043396,0.004499
2015-11-15,8.927742,0.000000,2.019704,0.004501
2015-11-16,8.799397,0.000000,1.990143,0.004527
2015-11-17,8.683605,0.000000,1.966762,0.003418
2015-11-18,8.563222,0.000000,1.944964,0.004558
2015-11-19,8.441846,0.000000,1.908085,0.004507
2015-11-20,8.321705,0.000000,1.999185,0.013291
2015-11-21,8.199586,0.000000,2.771476,0.004550
2015-11-22,8.093739,0.000000,2.585700,0.004479
2015-11-23,7.983717,0.000000,1.819129,0.004458
2015-11-24,7.875840,0.000000,1.795779,0.004508
2015-11-25,7.771529,0.000000,1.910817,0.004509
2015-11-26,7.664908,0.000000,1.744559,0.004541
2015-11-27,7.574115,0.000000,1.724060,0.004527
2015-11-28,7.479536,0.000000,1.700131,0.004557
2015-11-29,7.387464,0.000000,1.679104,0.004496
2015-11-30,7.296663,0.000000,1.657501,0.004473
2015-12-01,7.201192,0.000000,1.652925,0.004491
2015-12-02,7.117043,0.000000,1.613510,0.004611
2015-12-03,7.028389,0.000000,1.638353,0.004692
2015-12-04,6.941257,0.000000,1.569686,0.004539
2015-12-05,6.855477,0.000000,1.553902,0.004537
2015-12-06,6.765298,0.000000,1.536472,0.004550
2015-12-07,6.686071,0.000000,1.514855,0.004528
2015-12-08,6.604568,0.000000,1.494100,0.004891
2015-12-09,6.524479,0.000000,1.494115,0.004538
2015-12-10,6.445961,0.000000,1.453390,0.004458
2015-12-11,6.365166,0.000000,1.436817,0.004522
2015-12-12,6.294807,0.000000,1.415754,0.004310
2015-12-13,6.222061,0.000000,1.407025,0.004476
2015-12-14,6.150098,0.000000,1.382378,0.004522
2015-12-15,6.079675,0.000000,1.416268,0.004372
2015-12-16,6.008378,0.000000,1.344083,0.004424
2015-12-17,5.946219,0.000000,1.355564,0.004363
2015-12-18,5.880069,0.000000,1.320424,0.004341
2015-12-19,5.814530,0.000000,1.300250,0.004369
2015-12-20,5.750470,0.000000,1.288743,0.004306
2015-12-21,5.683504,0.000000,1.274143,0.004333
2015-12-22,5.627017,0.000000,1.260136,0.004265
2015-12-23,5.567613,0.000000,1.242817,0.004217
2015-12-24,5.509642,0.000000,1.228333,0.004237
2015-12-25,5.452754,0.000000,1.213019,0.004094
2015-12-26,5.393562,0.000000,1.203767,0.004237
2015-12-27,5.343689,0.000000,1.186365,0.004200
2015-12-28,5.290771,0.000000,1.187208,0.004149
2015-12-29,5.239988,0.000000,1.178544,0.004184
2015-12-30,5.190884,0.000000,1.145781,0.004231
2015-12-31,5.141816,0.000000,1.139714,0.004080
2016-01-01,5.057384,0.000000,1.122515,0.004137
2016-01-02,5.013733,0.000000,1.108064,0.004234
2016-01-03,4.967208,0.000000,1.102649,0.004158
2016-01-04,4.921517,0.000000,1.086107,0.004159
2016-01-05,4.876126,0.000000,1.076565,0.004092
2016-01-06,4.827579,0.000000,1.047988,0.004215
2016-01-07,4.786238,0.000000,1.246808,0.004746
2016-01-08,4.741745,0.000000,1.037083,0.004167
2016-01-09,4.697905,0.000000,1.026682,0.004175
2016-01-10,4.654562,0.000000,1.015713,0.004133
2016-01-11,4.608628,0.000000,1.001180,0.004146
2016-01-12,4.571008,0.000000,0.993358,0.004130
2016-01-13,4.531129,0.000000,0.979853,0.004165
2016-01-14,4.491483,0.000000,0.967008,0.004040
2016-01-15,4.452079,0.000000,0.956358,0.004136
2016-01-16,4.410106,0.000000,0.980397,0.004186
2016-01-17,4.374881,0.000000,1.268444,0.004122
2016-01-18,4.338424,0.000000,1.983788,0.004087
2016-01-19,4.302552,0.000000,3.520944,0.004122
2016-01-20,4.266771,0.000000,6.414220,0.004014
2016-01-21,4.227850,0.000000,11.169451,0.004091
2016-01-22,4.195271,0.000000,3.970803,0.004113
2016-01-23,4.160526,0.000000,1.564442,0.004067
2016-01-24,4.126784,0.000000,0.883960,0.004053
2016-01-25,4.094245,0.000000,0.872852,0.004083
2016-01-26,4.058794,0.000000,0.898210,0.004026
2016-01-27,4.029472,0.000000,0.862929,0.004000
2016-01-28,3.997970,0.000000,0.855699,0.004142
2016-01-29,3.966554,0.000000,0.853001,0.004012
2016-01-30,3.935904,0.000000,0.841327,0.004011
2016-01-31,3.906319,0.000000,0.843723,0.004102
2016-02-01,3.874615,0.000000,0.837529,0.004072
2016-02-02,3.848302,0.000000,0.829036,0.004042
2016-02-03,3.819522,0.000000,0.826174,0.004119
2016-02-04,3.790919,0.000000,0.822784,0.003997
2016-02-05,3.762767,0.000000,0.812043,0.004039
2016-02-06,3.732364,0.000000,0.811889,0.004024
2016-02-07,3.707463,0.000000,0.797683,0.003891
2016-02-08,3.680372,0.000000,0.803648,0.003801
2016-02-09,3.653247,0.000000,0.789219,0.003754
2016-02-10,3.625976,0.000000,0.783481,0.003791
2016-02-11,3.596870,0.000000,0.782257,0.003706
2016-02-12,3.573701,0.000000,0.775715,0.003786
2016-02-13,3.548315,0.000000,0.767748,0.003695
2016-02-14,3.522933,0.000000,0.766150,0.003750
2016-02-15,3.497411,0.000000,0.762813,0.003634
2016-02-16,3.470122,0.000000,0.748716,0.003786
2016-02-17,3.448777,0.000000,0.742910,0.003608
2016-02-18,3.425760,0.000000,0.732751,0.003832
2016-02-19,3.403614,0.000000,0.735297,0.003735
2016-02-20,3.381832,0.000000,0.732749,0.003751
2016-02-21,3.357896,0.000000,0.722213,0.003689
2016-02-22,3.338681,0.000000,0.717349,0.003825
2016-02-23,3.317310,0.000000,0.742844,0.003724
2016-02-24,3.296403,0.000000,0.704400,0.003726
2016-02-25,3.275524,0.000000,0.708611,0.003704
2016-02-26,3.252332,0.000000,0.691516,0.003759
2016-02-27,3.233596,0.000000,0.688018,0.003755
2016-02-28,3.212613,0.000000,0.680861,0.003724
2016-02-29,3.191486,0.000000,0.674290,0.003774
2016-03-01,3.168454,0.000000,0.673045,0.003712
2016-03-02,3.150766,0.000000,0.660286,0.003745
2016-03-03,3.131283,0.000000,0.783727,0.003610
2016-03-04,3.111781,0.000000,0.867979,0.028476
2016-03-05,3.092206,0.000000,0.656347,0.016441
2016-03-06,3.070788,0.000000,0.647916,0.001917
2016-03-07,3.054339,0.000000,0.630884,0.001863
2016-03-08,3.036231,0.000000,0.631805,0.001793
2016-03-09,3.018072,0.000000,0.616592,0.001869
2016-03-10,3.000056,0.000000,0.639504,0.001814
2016-03-11,2.980266,0.000000,0.610706,0.001744
2016-03-12,2.964693,0.000000,0.618888,0.001828
2016-03-13,2.947084,0.000000,0.603252,0.001729
2016-03-14,2.929800,0.000000,0.599367,0.001624
2016-03-15,2.912712,0.000000,0.595111,0.001718
2016-03-16,2.893671,0.000000,0.595103,0.001659
2016-03-17,2.878875,0.000000,12.966982,0.016366
2016-03-18,2.861991,0.000000,12.113308,0.011017
2016-03-19,2.845295,0.000000,0.617874,0.002238
2016-03-20,2.828838,0.000000,0.594083,0.002291
2016-03-21,2.810726,0.000000,0.697695,0.002011
2016-03-22,2.796902,0.000000,0.562752,0.001687
2016-03-23,2.781228,0.000000,0.556989,0.002402
2016-03-24,2.765483,0.000000,0.553077,0.004652
2016-03-25,2.749790,0.000000,0.549361,0.001802
2016-03-26,2.732413,0.000000,0.545796,0.001714
2016-03-27,2.718962,0.000000,0.543031,0.001711
2016-03-28,2.703803,0.000000,0.536099,0.001706
2016-03-29,2.688813,0.000000,0.533558,0.001662
2016-03-30,2.673873,0.000000,0.531540,0.001775
2016-03-31,2.658781,0.000000,0.526881,0.001619
2016-04-01,2.641958,0.000000,0.523229,0.001459
2016-04-02,2.629090,0.000000,0.520684,0.001893
2016-04-03,2.614571,0.000000,0.535404,0.001893
2016-04-04,2.599980,0.000000,0.570258,0.001739
2016-04-05,2.585515,0.000000,1.157361,0.001783
2016-04-06,2.569418,0.000000,0.544886,0.001734
2016-04-07,2.557359,0.000000,0.604935,0.001724
2016-04-08,2.543692,0.000000,0.984135,0.022821
2016-04-09,2.530147,0.000000,0.502905,0.001635
2016-04-10,2.516697,0.000000,3.429114,0.035220
2016-04-11,2.501816,0.000000,5.858594,0.008770
2016-04-12,2.490466,0.000000,6.282358,0.008072
2016-04-13,2.477330,0.000000,4.917029,0.008236
2016-04-14,2.464112,0.000000,4.483823,0.009213
2016-04-15,2.451091,0.000000,7.537644,0.007530
2016-04-16,2.436546,0.000000,0.599002,0.022540
2016-04-17,2.425423,0.000000,0.853180,0.060398
2016-04-18,2.412644,0.000000,0.529263,0.001379
2016-04-19,2.399986,0.000000,0.744725,0.035770
2016-04-20,2.387327,0.000000,0.772632,0.001482
2016-04-21,2.373076,0.000000,1.358119,0.024750
2016-04-22,2.362448,0.000000,8.493343,0.016793
2016-04-23,2.350592,0.000000,9.156198,0.009025
2016-04-24,2.339022,0.000000,8.771550,0.008412
2016-04-25,2.327515,0.000000,9.538461,0.008164
2016-04-26,2.314437,0.000000,11.497247,0.009440
2016-04-27,2.304827,0.000000,11.136338,0.008451
2016-04-28,2.293944,0.000000,6.849271,0.017846
2016-04-29,2.283339,0.000000,9.870035,0.014323
2016-04-30,2.272589,0.000000,5.402960,0.060694
2016-05-01,2.260188,0.000176,9.034216,0.050761
2016-05-02,2.250234,0.003713,7.459992,0.029338
2016-05-03,2.244861,0.001057,7.072149,0.027374
2016-05-04,2.240320,0.000355,7.883312,0.028835
2016-05-05,2.231633,0.000309,10.732173,0.026067
2016-05-06,2.215665,0.001480,12.982609,0.017719
2016-05-07,2.201054,0.003682,20.442570,0.022546
2016-05-08,2.189933,0.006181,19.034988,0.017589
2016-05-09,2.183000,0.007888,21.792243,0.017203
2016-05-10,2.166009,0.009478,17.634029,0.024223
2016-05-11,2.153902,0.029152,22.208150,0.015026
2016-05-12,2.129708,0.143641,19.947268,0.016325
2016-05-13,2.057537,0.267454,23.711766,0.015992
2016-05-14,1.938711,0.341623,27.422235,0.032591
2016-05-15,1.902992,0.429703,30.484127,0.095762
2016-05-16,1.829517,0.434692,24.611000,0.112250
2016-05-17,1.818585,0.278435,28.137750,0.078771
2016-05-18,1.891218,0.285030,28.338444,0.072523
2016-05-19,2.020909,0.273641,31.657436,0.124767
2016-05-20,2.209022,0.208412,25.815006,0.023073
2016-05-21,2.416794,0.294822,12.193208,0.017256
2016-05-22,2.683042,0.164234,16.292924,0.312457
2016-05-23,2.999249,0.167891,15.292711,0.066592
2016-05-24,3.451678,0.161623,19.050988,0.325123
2016-05-25,3.893428,0.269403,22.137025,0.244175
2016-05-26,4.375015,0.138319,15.070390,0.036084
2016-05-27,4.982967,0.044734,17.146894,0.036137
2016-05-28,5.590293,0.024541,22.049955,0.065558
2016-05-29,6.226700,0.029814,22.263758,0.113887
2016-05-30,6.895566,0.121129,18.575201,0.132553
2016-05-31,7.490213,0.174717,17.029147,0.018579
2016-06-01,8.059911,0.191856,22.949994,0.079626
2016-06-02,8.986770,0.659397,37.503641,0.337108
2016-06-03,8.611214,1.008237,53.722745,0.529832
2016-06-04,9.653175,0.576752,34.784337,0.979162
2016-06-05,12.023418,0.516731,31.543016,0.584482
2016-06-06,14.865047,0.511932,31.017733,0.637075
2016-06-07,17.682380,0.491831,34.216909,0.666090
2016-06-08,20.574796,0.621487,31.799045,0.468292
2016-06-09,22.962388,1.738537,83.269470,0.639466
2016-06-10,32.016669,2.144450,88.412343,0.655573
2016-06-11,58.327453,1.463850,53.836806,0.518629
2016-06-12,80.328032,1.088049,38.897674,0.425950
2016-06-13,94.354272,0.691543,47.103525,0.604031
2016-06-14,102.305402,0.625039,43.772896,0.491761
2016-06-15,102.930956,0.603721,43.064679,0.471333
2016-06-16,100.436601,0.552646,45.288119,0.342470
2016-06-17,96.997835,0.433305,33.380963,0.639731
2016-06-18,94.530615,1.216481,72.959035,0.777263
2016-06-19,99.968715,1.380197,64.279646,0.822179
2016-06-20,125.377407,0.962480,40.258639,0.814388
2016-06-21,138.634099,0.674088,36.488593,0.746428
2016-06-22,134.692909,0.846336,43.991700,0.727435
2016-06-23,128.092055,0.862703,42.588750,0.822795
2016-06-24,117.530756,0.755565,35.648558,0.793437
2016-06-25,110.209128,0.688344,40.807992,0.844928
2016-06-26,104.883653,0.800612,38.079197,0.717732
2016-06-27,100.515158,0.915938,49.046368,0.914860
2016-06-28,95.866788,0.731759,40.483997,0.634972
2016-06-29,92.402676,0.524278,40.319545,0.576929
2016-06-30,91.979447,0.763042,45.343939,0.684213
2016-07-01,87.160891,0.671000,41.597866,0.811506
2016-07-02,85.349696,0.643059,42.620846,0.757942
2016-07-03,83.353549,0.633317,46.306986,0.797512
2016-07-04,80.834713,0.653046,40.394681,0.734350
2016-07-05,78.843250,0.595119,33.706337,0.471046
2016-07-06,78.406629,0.861512,45.625180,0.825580
2016-07-07,77.513626,0.980001,47.345476,0.880861
2016-07-08,73.810792,1.337397,47.350508,0.842189
2016-07-09,70.809272,1.449645,41.302955,0.683989
2016-07-10,68.310135,1.255318,43.941535,0.757843
2016-07-11,65.308911,1.260799,46.997072,0.640822
2016-07-12,62.367554,1.088486,49.325497,0.561782
2016-07-13,59.067777,0.930131,39.042501,0.600783
2016-07-14,55.832329,1.169325,36.509243,0.553244
2016-07-15,58.850651,2.133838,38.044278,0.606191
2016-07-16,58.543825,1.914914,36.370718,0.668459
2016-07-17,61.501245,1.366042,42.617598,0.831523
2016-07-18,61.143147,1.371444,38.719087,0.849785
2016-07-19,58.905720,1.592780,38.017814,1.060291
2016-07-20,55.067478,1.246379,36.838738,0.957946
2016-07-21,51.116080,1.172959,37.975981,1.037195
2016-07-22,49.791600,1.911847,36.773803,1.004723
2016-07-23,46.798607,1.483673,38.094783,1.029233
2016-07-24,44.634152,1.425629,36.023622,1.143672
2016-07-25,43.048872,1.580940,32.598687,1.035015
2016-07-26,41.783721,1.742388,31.703691,1.005398
2016-07-27,40.323778,1.496024,32.265395,0.932574
2016-07-28,39.600686,1.490577,34.504598,0.932463
2016-07-29,38.019987,1.674095,34.352605,0.881737
2016-07-30,35.823701,1.427575,32.901406,0.862144
2016-07-31,34.560114,1.032563,29.567745,0.718766
2016-08-01,33.212515,1.097305,28.314120,0.811840
2016-08-02,32.588265,1.176663,28.662542,0.989311
2016-08-03,31.936832,1.299073,26.923278,1.007986
2016-08-04,28.772727,0.997640,23.725263,0.862839
2016-08-05,28.416699,0.858333,23.998824,0.901788
2016-08-06,29.510739,0.994275,25.097482,0.924792
2016-08-07,29.651495,1.285226,26.835272,1.006414
2016-08-08,28.813167,1.436745,27.405984,1.006636
2016-08-09,26.975703,1.226383,25.254986,0.560371
2016-08-10,28.330832,1.158611,22.044809,0.625256
2016-08-11,25.381941,0.967938,23.158810,1.015146
2016-08-12,23.420170,0.753119,22.577960,0.854725
2016-08-13,23.940590,0.818363,18.993481,0.860469
2016-08-14,20.076184,1.022445,26.283503,0.748353
2016-08-15,23.638598,2.566990,31.520370,1.171143
2016-08-16,22.619813,2.297723,20.590829,0.769906
2016-08-17,20.922417,2.411603,21.833915,0.717044
2016-08-18,20.381593,1.183279,18.890529,0.632237
2016-08-19,19.600706,1.117219,25.349528,0.777132
2016-08-20,17.618897,0.818246,17.251930,0.928959
2016-08-21,17.624576,0.900049,15.423211,0.841201
2016-08-22,18.123066,0.927884,14.592111,0.885399
2016-08-23,17.698150,0.865318,15.432891,0.945121
2016-08-24,17.048793,0.935307,14.246498,0.858113
2016-08-25,16.094755,0.935266,14.751044,0.850957
2016-08-26,14.444346,0.992788,13.644080,0.624327
2016-08-27,13.759078,1.199870,12.826693,0.622967
2016-08-28,13.863042,0.867381,11.538611,0.819659
2016-08-29,12.712302,0.633395,9.241866,0.784306
2016-08-30,12.047341,0.707295,8.601634,0.553726
2016-08-31,11.986087,0.561426,8.975706,0.727162
2016-09-01,12.007458,0.754507,9.087631,0.711627
2016-09-02,11.727158,0.763096,8.928768,0.688296
2016-09-03,10.984062,0.735277,8.678448,0.559106
2016-09-04,11.145281,0.846601,13.222847,0.400069
2016-09-05,10.512312,0.383934,6.444889,0.741307
2016-09-06,10.777751,0.418129,8.783471,0.227777
2016-09-07,10.272129,0.813391,6.698743,0.500464
2016-09-08,9.979216,0.601512,5.573256,0.441501
2016-09-09,9.778004,0.921308,10.305075,0.680245
2016-09-10,9.445600,1.205897,11.163585,0.724268
2016-09-11,9.210882,0.697422,5.331313,0.533947
2016-09-12,9.024712,0.467738,4.898830,0.490246
2016-09-13,9.031196,0.526237,10.808555,0.279197
2016-09-14,9.179593,1.105466,22.653793,0.619092
2016-09-15,8.582721,0.822914,6.259764,0.404991
2016-09-16,8.550883,0.918724,5.813200,0.348177
2016-09-17,8.368870,0.302096,3.881278,0.370575
2016-09-18,8.349915,0.285468,4.170642,0.040222
2016-09-19,8.581678,0.476915,5.251013,0.067998
2016-09-20,8.226143,0.056724,2.809407,0.053392
2016-09-21,8.907957,0.002743,2.700428,0.054346
2016-09-22,7.507170,0.000474,2.574718,0.112605
2016-09-23,7.438247,0.002261,2.553202,0.071854
2016-09-24,7.329206,0.021856,2.588844,0.284834
2016-09-25,7.188065,0.022914,2.694170,0.124339
2016-09-26,7.133584,0.007096,2.394264,0.030550
2016-09-27,7.109821,0.001573,2.334413,0.026883
2016-09-28,7.092010,0.001122,2.254157,0.021533
2016-09-29,7.079145,0.002692,2.235347,0.025088
2016-09-30,7.069058,0.004467,2.160192,0.069454
2016-10-01,7.053696,0.000939,2.071052,0.005890
2016-10-02,7.043631,0.000007,3.559447,0.010838
2016-10-03,7.020605,0.002839,12.298562,0.210219
2016-10-04,7.336692,0.625107,17.380222,0.245725
2016-10-05,6.851436,0.225453,12.966915,0.259695
2016-10-06,6.719242,0.857563,9.741224,0.153056
2016-10-07,6.132991,0.802748,13.463143,0.277767
2016-10-08,6.374894,0.910182,12.048376,0.410844
2016-10-09,7.392782,0.066917,3.679287,0.090032
2016-10-10,8.882207,0.012351,5.998361,0.039160
2016-10-11,10.515517,0.084324,6.802416,0.062910
2016-10-12,11.502861,0.013205,3.209850,0.056877
2016-10-13,12.323853,0.000176,2.646782,0.016712
2016-10-14,13.240644,0.000001,2.931916,0.194625
2016-10-15,14.012407,0.000000,6.158970,0.045575
2016-10-16,14.673900,0.000000,9.430111,0.126332
2016-10-17,14.831917,0.010465,5.130505,0.048576
2016-10-18,14.990774,0.006845,3.308077,0.007208
2016-10-19,15.815001,0.000281,3.928410,0.046812
2016-10-20,16.244756,0.000028,2.955566,0.007122
2016-10-21,16.640640,0.000002,5.448249,0.011551
2016-10-22,16.932904,0.000000,2.902005,0.006914
2016-10-23,17.110898,0.000000,2.825372,0.006895
2016-10-24,17.274753,0.000000,2.748213,0.006926
2016-10-25,17.340666,0.000000,2.685895,0.006970
2016-10-26,17.290540,0.000000,2.595968,0.006951
2016-10-27,17.174774,0.000000,2.524939,0.006926
2016-10-28,16.977384,0.000000,2.442188,0.006900
2016-10-29,16.735242,0.000000,2.373647,0.006853
2016-10-30,16.461615,0.000000,2.303282,0.006873
2016-10-31,16.156635,0.000000,2.447528,0.012753
2016-11-01,15.822621,0.000000,2.812998,0.028106
2016-11-02,15.495913,0.000000,2.109594,0.006745
2016-11-03,15.150689,0.000000,2.063153,0.006950
2016-11-04,14.800761,0.000000,2.998070,0.006790
2016-11-05,14.450009,0.000000,5.254377,0.006801
2016-11-06,14.089895,0.000000,5.261081,0.105444
2016-11-07,13.754721,0.000000,1.874033,0.032342
2016-11-08,13.445598,0.000000,1.852127,0.006613
2016-11-09,13.164618,0.000000,1.822770,0.006653
2016-11-10,12.885645,0.000000,1.801199,0.006721
2016-11-11,12.600060,0.000000,1.767170,0.006751
2016-11-12,12.337498,0.000000,1.740436,0.006613
2016-11-13,12.071258,0.000000,1.715882,0.006654
2016-11-14,11.807979,0.000000,1.707735,0.006553
2016-11-15,11.551776,0.000000,1.667308,0.006653
2016-11-16,11.295343,0.000000,1.642500,0.006550
2016-11-17,11.060654,0.000000,1.618995,0.006667
2016-11-18,10.823679,0.000000,1.601495,0.006640
2016-11-19,10.593187,0.000000,1.576259,0.006631
2016-11-20,10.383435,0.000000,1.545190,0.006673
2016-11-21,10.186983,0.000000,1.599395,0.006453
2016-11-22,10.011977,0.000000,1.597998,0.006606
2016-11-23,9.830660,0.000000,1.764270,0.006189
2016-11-24,9.653733,0.000000,1.466791,0.006398
2016-11-25,9.484944,0.000000,1.451228,0.006512
2016-11-26,9.319956,0.000000,1.785595,0.006316
2016-11-27,9.170291,0.000000,1.515014,0.006345
2016-11-28,9.015914,0.000000,1.385854,0.006355
2016-11-29,8.863915,0.000000,1.375456,0.006092
2016-11-30,8.717292,0.000000,1.425231,0.006408
2016-12-01,8.568227,0.000000,1.339051,0.006267
2016-12-02,8.432071,0.000000,1.320364,0.006267
2016-12-03,8.294274,0.000000,1.300032,0.006256
2016-12-04,8.157859,0.000000,1.303100,0.006325
2016-12-05,8.023171,0.000000,4.348991,0.007400
2016-12-06,7.892698,0.000000,12.196347,0.006895
2016-12-07,7.789282,0.000000,9.113243,0.006347
2016-12-08,7.700721,0.000000,2.048029,0.006967
2016-12-09,7.580746,0.000000,1.235985,0.006172
2016-12-10,7.458066,0.000000,1.637599,0.006127
2016-12-11,7.335520,0.000000,3.165538,0.006058
2016-12-12,7.233229,0.000000,1.262887,0.006101
2016-12-13,7.129321,0.000000,1.236228,0.006052
2016-12-14,7.021959,0.000000,1.262053,0.006032
2016-12-15,6.922561,0.000000,1.244619,0.006144
2016-12-16,6.826484,0.000000,1.236794,0.005978
2016-12-17,6.745506,0.000000,1.244233,0.006062
2016-12-18,6.664115,0.000000,1.246681,0.006066
2016-12-19,6.588585,0.000000,1.234929,0.006073
2016-12-20,6.516367,0.000000,1.227695,0.006103
2016-12-21,6.441907,0.000000,1.222796,0.006063
2016-12-22,6.376947,0.000000,1.220612,0.006088
2016-12-23,6.308074,0.000000,1.212238,0.006104
2016-12-24,6.241300,0.000000,1.203677,0.006089
2016-12-25,6.175191,0.000000,1.201443,0.006063
2016-12-26,6.105574,0.000000,1.199441,0.006104
2016-12-27,6.045716,0.000000,1.183700,0.006037
2016-12-28,5.982182,0.000000,1.176395,0.006104
2016-12-29,5.920302,0.000000,1.167085,0.006015
2016-12-30,5.861668,0.000000,1.159882,0.006042
2016-12-31,5.805171,0.000000,1.178172,0.006082
2017-01-01,5.914652,0.000000,1.667879,0.007115
2017-01-02,5.861750,0.000000,1.423236,0.006007
2017-01-03,5.805354,0.000000,1.123048,0.006098
2017-01-04,5.749569,0.000000,1.225009,0.005671
2017-01-05,5.694341,0.000000,1.103876,0.005869
2017-01-06,5.634976,0.000000,1.086996,0.120663
2017-01-07,5.583532,0.000000,1.085331,0.005807
2017-01-08,5.529681,0.000000,1.069766,0.005874
2017-01-09,5.477671,0.000000,1.059870,0.005735
2017-01-10,5.426780,0.000000,1.049621,0.005803
2017-01-11,5.372465,0.000000,1.038936,0.005741
2017-01-12,5.325362,0.000000,1.033423,0.005815
2017-01-13,5.275275,0.000000,1.020255,0.005812
2017-01-14,5.225207,0.000000,1.009849,0.005607
2017-01-15,5.175219,0.000000,1.015533,0.005485
2017-01-16,5.122718,0.000000,0.986610,0.005449
2017-01-17,5.077845,0.000000,0.976433,0.005560
2017-01-18,5.030991,0.000000,0.977275,0.005384
2017-01-19,4.985289,0.000000,0.960866,0.005459
2017-01-20,4.939346,0.000000,0.950318,0.005367
2017-01-21,4.890299,0.000000,0.941561,0.005451
2017-01-22,4.850345,0.000000,0.927975,0.005388
2017-01-23,4.807992,0.000000,1.042367,0.005450
2017-01-24,4.766321,0.000000,1.616960,0.005593
2017-01-25,4.724574,0.000000,0.905549,0.005533
2017-01-26,4.679557,0.000000,0.891692,0.005531
2017-01-27,4.641674,0.000000,0.879008,0.005624
2017-01-28,4.601061,0.000000,0.870829,0.005458
2017-01-29,4.560473,0.000000,0.858493,0.005554
2017-01-30,4.520205,0.000000,0.854638,0.005509
2017-01-31,4.479999,0.000000,0.843810,0.005504
2017-02-01,4.437428,0.000000,0.833285,0.005536
2017-02-02,4.402737,0.000000,0.821721,0.005491
2017-02-03,4.365708,0.000000,0.813819,0.005535
2017-02-04,4.329389,0.000000,0.846624,0.005483
2017-02-05,4.293949,0.000000,1.017491,0.005529
2017-02-06,4.256831,0.000000,0.840947,0.005488
2017-02-07,4.226070,0.000000,0.887186,0.005506
2017-02-08,4.192751,0.000000,0.804032,0.005294
2017-02-09,4.159452,0.000000,0.765601,0.005273
2017-02-10,4.126074,0.000000,0.772763,0.005344
2017-02-11,4.090037,0.000000,1.151149,0.005168
2017-02-12,4.060099,0.000000,1.575728,0.005287
2017-02-13,4.027583,0.000000,0.737224,0.005821
2017-02-14,3.995397,0.000000,0.729853,0.005296
2017-02-15,3.963358,0.000000,0.719094,0.005207
2017-02-16,3.929426,0.000000,0.722409,0.005461
2017-02-17,3.902836,0.000000,0.732895,0.005345
2017-02-18,3.873669,0.000000,0.702515,0.039950
2017-02-19,3.844592,0.000000,0.700192,0.005380
2017-02-20,3.816087,0.000000,0.688585,0.005279
2017-02-21,3.785308,0.000000,0.681132,0.005349
2017-02-22,3.760151,0.000000,0.677556,0.005281
2017-02-23,3.732902,0.000000,0.669009,0.005296
2017-02-24,3.706117,0.000000,0.658193,0.005282
2017-02-25,3.679699,0.000000,0.662173,0.005324
2017-02-26,3.651096,0.000000,0.648825,0.005324
2017-02-27,3.627713,0.000000,0.683223,0.005307
2017-02-28,3.601968,0.000000,0.659927,0.005264
2017-03-01,3.573857,0.000000,0.664523,0.005282
2017-03-02,3.550751,0.000000,0.623964,0.005268
2017-03-03,3.525624,0.000000,0.618778,0.005208
2017-03-04,3.501125,0.000000,0.612884,0.005335
2017-03-05,3.476596,0.000000,0.610068,0.005258
2017-03-06,3.449702,0.000000,0.599040,0.005262
2017-03-07,3.427277,0.000000,0.597050,0.005327
2017-03-08,3.402681,0.000000,0.590209,0.005267
2017-03-09,3.379246,0.000000,0.580263,0.005310
2017-03-10,3.356206,0.000000,0.578059,0.005304
2017-03-11,3.331030,0.000000,0.710174,0.005283
2017-03-12,3.311039,0.000000,0.621135,0.005293
2017-03-13,3.289361,0.000000,0.566691,0.005258
2017-03-14,3.268157,0.000000,0.558257,0.005321
2017-03-15,3.247340,0.000000,0.547465,0.005263
2017-03-16,3.224736,0.000000,0.547528,0.005233
2017-03-17,3.206713,0.000000,0.541027,0.005257
2017-03-18,3.186296,0.000000,0.532311,0.005233
2017-03-19,3.165663,0.000000,0.532139,0.004858
2017-03-20,3.145541,0.000000,0.525598,0.005152
2017-03-21,3.123159,0.000000,0.520170,0.005220
2017-03-22,3.105059,0.000000,0.516008,0.035166
2017-03-23,3.085425,0.000000,0.512698,0.005099
2017-03-24,3.066355,0.000000,0.503884,0.005225
2017-03-25,3.047362,0.000000,0.501759,0.005122
2017-03-26,3.026388,0.000000,0.494268,0.005190
2017-03-27,3.010010,0.000000,0.487315,0.005129
2017-03-28,2.992613,0.000000,0.486460,0.061537
2017-03-29,2.975518,0.000000,0.476189,0.005066
2017-03-30,2.958269,0.000000,0.476141,0.005217
2017-03-31,2.941300,0.000000,0.466544,0.005083
2017-04-01,2.922593,0.000000,0.460787,0.005070
2017-04-02,2.907988,0.000000,0.465088,0.005151
2017-04-03,2.891425,0.000000,0.456137,0.005129
2017-04-04,2.874734,0.000000,0.481782,0.005170
2017-04-05,2.858091,0.000000,0.447625,0.005122
2017-04-06,2.839482,0.000000,0.454149,0.005059
2017-04-07,2.824788,0.000000,0.435250,0.005179
2017-04-08,2.808634,0.000000,0.437952,0.005033
2017-04-09,2.792875,0.000000,0.429321,0.071999
2017-04-10,2.777114,0.000000,0.439653,0.005093
2017-04-11,2.759765,0.000000,0.431869,0.122470
2017-04-12,2.746549,0.000000,0.416833,0.005264
2017-04-13,2.731655,0.000000,0.413139,0.004976
2017-04-14,2.716816,0.000000,0.413341,0.005258
2017-04-15,2.701937,0.000000,0.405469,0.004945
2017-04-16,2.685465,0.000000,0.403281,0.005115
2017-04-17,2.672813,0.000000,0.550169,0.005035
2017-04-18,2.658392,0.000000,0.437167,0.005056
2017-04-19,2.644111,0.000000,0.392325,0.004988
2017-04-20,2.629957,0.000000,0.390613,0.005154
2017-04-21,2.614027,0.000000,0.451590,0.005037
2017-04-22,2.601958,0.000000,0.393167,0.068164
2017-04-23,2.588102,0.000000,0.379256,0.114503
2017-04-24,2.574325,0.000000,0.917475,0.019446
2017-04-25,2.560277,0.000000,6.522415,0.051655
2017-04-26,2.544375,0.000000,2.643405,0.040702
2017-04-27,2.532428,0.000000,0.368478,0.004985
2017-04-28,2.518993,0.000000,0.362510,0.004994
2017-04-29,2.505757,0.000000,0.873967,0.005082
2017-04-30,2.492607,0.000000,1.955701,0.108390
2017-05-01,2.477907,0.000000,2.797819,0.054577
2017-05-02,2.467079,0.000000,5.536575,0.042340
2017-05-03,2.454846,0.000000,37.894433,0.015147
2017-05-04,2.441734,0.000000,33.689586,0.019535
2017-05-05,2.435853,0.000000,24.500669,0.020373
2017-05-06,2.457651,0.001868,13.049977,0.025726
2017-05-07,2.445264,0.009905,12.747515,0.026097
2017-05-08,2.382014,0.012209,16.736267,0.024058
2017-05-09,2.291243,0.282429,33.154036,0.017941
2017-05-10,2.155928,0.198962,15.895313,0.034747
2017-05-11,2.033605,0.062613,14.581858,0.030884
2017-05-12,2.004847,0.020334,2.224816,0.041730
2017-05-13,2.029990,0.000750,7.656899,0.103212
2017-05-14,2.098991,0.045319,14.315719,0.044715
2017-05-15,2.201538,0.227569,25.768908,0.024897
2017-05-16,2.261864,0.242448,23.240973,0.024942
2017-05-17,2.285293,0.231032,27.408777,0.023261
2017-05-18,2.349960,0.307441,32.591546,0.148930
2017-05-19,2.463300,0.374031,22.257370,0.382292
2017-05-20,2.599506,0.514369,30.131829,0.524312
2017-05-21,2.754661,0.519141,34.822545,0.433294
2017-05-22,3.087443,0.749691,27.496436,0.341072
2017-05-23,3.598557,0.481202,30.712099,0.341793
2017-05-24,4.506446,0.504153,30.968045,0.343188
2017-05-25,5.604245,0.407663,22.920907,0.297822
2017-05-26,6.828881,0.366430,29.532170,0.701860
2017-05-27,8.071348,0.222334,22.373429,0.585675
2017-05-28,9.477994,0.166282,21.414172,0.385095
2017-05-29,11.008552,0.336079,23.837610,0.490642
2017-05-30,12.371231,0.260959,28.106486,0.324207
2017-05-31,14.008228,0.147944,23.118142,0.318289
2017-06-01,15.915143,0.212067,26.544851,0.672371
2017-06-02,17.656306,0.379258,27.453758,0.400345
2017-06-03,18.853203,0.475120,30.386336,0.655201
2017-06-04,20.446684,0.389397,32.089028,0.531893
2017-06-05,22.875545,0.430098,32.849950,0.509645
2017-06-06,26.755963,0.389225,42.615865,0.862189
2017-06-07,28.334870,0.430114,45.878443,0.799169
2017-06-08,31.429971,0.427188,40.487091,0.750496
2017-06-09,33.592551,0.400265,43.637203,0.679594
2017-06-10,36.148110,0.368028,44.648442,0.740665
2017-06-11,37.731236,0.434511,46.008481,0.765937
2017-06-12,39.295682,0.431689,45.788466,0.740640
2017-06-13,40.608504,0.476814,43.886537,0.771402
2017-06-14,44.680997,0.708150,43.622386,0.967838
2017-06-15,43.937182,0.667313,40.667540,0.808356
2017-06-16,46.018784,0.699784,39.238624,0.864230
2017-06-17,47.513153,0.545839,43.058213,0.891767
2017-06-18,48.260058,0.533410,43.708722,0.980211
2017-06-19,48.173218,0.502720,39.694284,0.794203
2017-06-20,47.898210,0.617438,36.085349,0.835616
2017-06-21,47.501645,0.873205,38.648891,0.852029
2017-06-22,49.494735,0.741362,40.165934,1.042721
2017-06-23,50.591306,0.857527,42.579258,1.133438
2017-06-24,52.937717,0.678890,40.812408,1.196725
2017-06-25,52.955913,0.719181,41.442090,1.217565
2017-06-26,51.950759,1.024124,45.601641,0.640293
2017-06-27,51.207887,1.209347,36.695454,0.417123
2017-06-28,50.277439,1.129466,43.037159,0.750531
2017-06-29,49.760177,1.373405,39.703418,0.646232
2017-06-30,49.144029,1.290849,39.604414,0.584622
2017-07-01,48.088456,1.105177,41.327655,0.626277
2017-07-02,47.320592,1.553271,47.591913,0.799314
2017-07-03,45.574137,1.265749,44.089204,0.671659
2017-07-04,45.315568,0.602298,29.103247,0.433777
2017-07-05,44.986787,0.359339,26.847725,0.557165
2017-07-06,43.544510,1.710025,39.398821,0.801171
2017-07-07,41.193755,1.884546,26.523480,0.982005
2017-07-08,40.553364,1.158223,28.781331,1.007679
2017-07-09,40.528395,1.343988,25.132357,1.047968
2017-07-10,40.094246,1.426213,24.002254,0.988726
2017-07-11,40.358962,1.188534,26.969276,0.892537
2017-07-12,40.935664,1.090966,28.251226,1.083760
2017-07-13,38.971482,0.985730,32.675444,0.758299
2017-07-14,38.313393,1.616495,31.956451,1.247613
2017-07-15,37.669189,1.990010,17.829644,0.905710
2017-07-16,37.582389,0.967141,19.662217,0.772575
2017-07-17,36.585265,0.834566,21.545845,0.871671
2017-07-18,37.678300,0.851700,25.260183,0.948646
2017-07-19,37.227537,1.093937,30.545243,0.741127
2017-07-20,37.411788,1.537894,23.581147,1.105881
2017-07-21,34.925938,1.104994,26.816702,1.039983
2017-07-22,33.734447,0.942553,20.915864,1.030911
2017-07-23,32.983166,1.249365,25.215501,1.140637
2017-07-24,34.370352,2.113099,41.950792,0.829945
2017-07-25,34.407157,3.490667,19.796030,1.166543
2017-07-26,35.990703,3.657531,40.033967,1.401775
2017-07-27,36.723247,1.687614,18.750941,1.229140
2017-07-28,36.930431,1.084099,22.732991,1.168868
2017-07-29,36.264564,1.176466,19.735300,1.150572
2017-07-30,35.100541,1.335236,21.297451,1.143887
2017-07-31,33.861737,1.114525,20.285573,1.075804
2017-08-01,33.953490,1.249054,20.138604,1.077138
2017-08-02,32.351159,1.248934,20.153179,1.046120
2017-08-03,32.086379,1.157331,20.337238,1.100880
2017-08-04,30.606974,1.360788,20.059899,1.133275
2017-08-05,28.909960,1.192973,17.829312,1.020558
2017-08-06,28.293245,1.166123,19.584209,1.096791
2017-08-07,26.883321,1.338909,20.847341,0.731291
2017-08-08,26.719644,1.172651,17.065817,1.258901
2017-08-09,24.856369,0.821463,14.057405,0.742169
2017-08-10,24.192951,0.902921,15.988916,1.117979
2017-08-11,23.028232,1.075503,15.175144,1.011762
2017-08-12,21.968271,0.860836,13.332835,0.974642
2017-08-13,21.488876,0.750019,12.088384,0.994793
2017-08-14,20.602912,0.742265,11.326436,1.007583
2017-08-15,19.713623,0.993418,9.599560,0.888706
2017-08-16,19.202422,0.914501,10.299042,0.908433
2017-08-17,18.635288,1.059699,10.144395,0.931053
2017-08-18,17.601525,0.685096,10.201510,0.365870
2017-08-19,17.043479,0.757193,11.562349,0.848882
2017-08-20,16.693499,0.997360,12.806594,0.668770
2017-08-21,17.531607,0.645344,16.864859,0.633322
2017-08-22,15.773741,0.667855,17.361487,0.600256
2017-08-23,15.457699,0.802884,17.665270,0.856444
2017-08-24,15.491241,0.474471,11.849398,0.923470
2017-08-25,14.839395,0.518490,10.697471,0.430055
2017-08-26,14.687201,0.711930,10.047603,0.403582
2017-08-27,13.909964,0.759854,17.365415,0.632873
2017-08-28,13.266545,0.496629,9.327796,0.826435
2017-08-29,15.060011,0.487672,11.349542,0.837508
2017-08-30,14.918749,0.514150,12.761790,0.867804
2017-08-31,15.132151,0.663423,11.863364,0.877885
2017-09-01,13.791323,0.584881,12.181456,0.794392
2017-09-02,12.446114,0.751284,11.595796,0.762582
2017-09-03,11.590640,0.766109,8.307595,0.754443
2017-09-04,11.501421,0.597510,7.570543,0.551104
2017-09-05,11.421105,0.453040,8.344866,0.607148
2017-09-06,11.258200,0.393095,11.716961,0.686216
2017-09-07,11.103204,0.418386,8.906175,0.636148
2017-09-08,10.899635,0.314243,9.851108,0.614986
2017-09-09,11.471195,0.619372,8.398862,0.509423
2017-09-10,10.491799,0.613034,7.833563,0.359849
2017-09-11,11.130751,0.595805,10.931101,0.681829
2017-09-12,10.649353,0.650296,6.773838,0.733225
2017-09-13,9.964526,0.394984,4.449202,0.590146
2017-09-14,10.050961,0.518884,18.873268,0.467338
2017-09-15,13.451813,1.541770,32.216334,0.920660
2017-09-16,10.511958,0.453118,17.374254,0.621978
2017-09-17,9.606746,0.498420,8.522034,0.359255
2017-09-18,8.640460,0.385341,4.627705,0.405677
2017-09-19,8.188830,0.346425,3.154368,0.430414
2017-09-20,8.154308,0.543218,3.958990,0.409497
2017-09-21,8.186424,0.311476,3.276327,0.217265
2017-09-22,8.266975,0.346658,4.137411,0.388267
2017-09-23,8.833577,0.159694,3.968300,0.172534
2017-09-24,8.700360,0.025959,2.795777,0.294732
2017-09-25,8.677778,0.289015,14.395722,0.077497
2017-09-26,8.475494,0.731924,32.063187,0.188899
2017-09-27,8.120306,0.098155,3.224092,0.072742
2017-09-28,9.237678,0.001633,2.914062,0.168863
2017-09-29,9.009035,0.000089,2.546282,0.005953
2017-09-30,9.609438,0.000006,2.619223,0.005949
2017-10-01,10.130499,0.000000,2.586111,0.005935
2017-10-02,10.574501,0.000000,2.862594,0.070610
2017-10-03,10.924581,0.000000,2.577527,0.023246
2017-10-04,11.199740,0.000000,2.561233,0.093057
2017-10-05,11.410357,0.000000,3.716032,0.246300
2017-10-06,11.598446,0.000000,4.082723,0.008194
2017-10-07,12.098737,0.000000,3.037604,0.224145
2017-10-08,12.003523,0.000000,3.550697,0.155223
2017-10-09,11.726914,0.000000,2.906462,0.021979
2017-10-10,11.688477,0.000000,3.429764,0.011498
2017-10-11,11.610853,0.000000,2.488050,0.118800
2017-10-12,14.139351,0.000000,3.764927,0.007718
2017-10-13,11.450004,0.000000,2.367880,0.007603
2017-10-14,11.329113,0.000000,2.196030,0.005660
2017-10-15,11.193196,0.000000,2.174281,0.007608
2017-10-16,11.388968,0.000000,3.982923,0.066163
2017-10-17,11.226450,0.043390,11.670510,0.050355
2017-10-18,10.749845,0.001524,2.232706,0.007510
2017-10-19,10.681686,0.000044,2.221493,0.050953
2017-10-20,10.314128,0.000001,2.180495,0.026697
2017-10-21,10.258223,0.000000,2.412125,0.087411
2017-10-22,10.247790,0.000000,2.132754,0.007513
2017-10-23,10.235898,0.000000,2.118713,0.007601
2017-10-24,10.216938,0.000000,2.086170,0.007316
2017-10-25,10.189494,0.000000,2.085195,0.007605
2017-10-26,10.147115,0.000000,4.653338,0.033282
2017-10-27,12.707128,0.000960,2.647906,0.043488
2017-10-28,11.620823,0.005399,2.092445,0.007434
2017-10-29,9.929864,0.000005,2.029207,0.059134
2017-10-30,9.828737,0.000000,2.066291,0.005540
2017-10-31,9.747523,0.000000,2.007939,0.036244
2017-11-01,9.666896,0.000000,3.380882,0.014353
2017-11-02,10.420587,0.000000,1.958347,0.007384
2017-11-03,9.525520,0.000000,1.939449,0.007389
2017-11-04,9.444955,0.000000,1.924929,0.007464
2017-11-05,9.362078,0.000000,1.988118,0.007393
2017-11-06,9.267383,0.000000,1.901833,0.007356
2017-11-07,9.179828,0.000000,1.874305,0.007232
2017-11-08,9.080213,0.000000,1.859849,0.007240
2017-11-09,8.978303,0.000000,1.846721,0.007297
2017-11-10,8.873053,0.000000,1.830939,0.007197
2017-11-11,8.758561,0.000000,1.817054,0.007325
2017-11-12,8.655359,0.000000,1.808801,0.007345
2017-11-13,8.544314,0.000000,1.782630,0.007305
2017-11-14,8.434786,0.000000,1.774562,0.007111
2017-11-15,8.323715,0.000000,1.752088,0.007622
2017-11-16,8.214000,0.000000,1.736675,0.007183
2017-11-17,8.119465,0.000000,1.720558,0.007139
2017-11-18,8.018283,0.000000,1.708453,0.007262
2017-11-19,7.918627,0.000000,1.691318,0.007517
2017-11-20,7.818995,0.000000,1.677347,0.007163
2017-11-21,7.714857,0.000000,1.661281,0.006891
2017-11-22,7.621628,0.000000,1.646945,0.007056
2017-11-23,7.523616,0.000000,1.633184,0.007014
2017-11-24,7.426246,0.000000,1.616757,0.006849
2017-11-25,7.332506,0.000000,3.496413,0.006777
2017-11-26,7.236841,0.000000,1.690471,0.007031
2017-11-27,7.151948,0.000000,1.580110,0.007600
2017-11-28,7.062590,0.000000,5.304072,0.008096
2017-11-29,6.973343,0.000000,9.832321,0.006918
2017-11-30,6.885504,0.000000,7.985810,0.029022
2017-12-01,6.795375,0.000000,1.794581,0.006867
2017-12-02,6.715494,0.000000,1.518398,0.007154
2017-12-03,6.631849,0.000000,1.520521,0.007229
2017-12-04,6.549142,0.000000,1.514296,0.007110
2017-12-05,6.467759,0.000000,1.513939,0.006819
2017-12-06,6.383857,0.000000,1.505515,0.006694
2017-12-07,6.309558,0.000000,1.507075,0.006855
2017-12-08,6.231369,0.000000,1.507088,0.007450
2017-12-09,6.156508,0.000000,2.218838,0.006584
2017-12-10,6.084182,0.000000,1.897991,0.006941
2017-12-11,6.009636,0.000000,1.494041,0.007607
2017-12-12,5.946241,0.000000,1.477279,0.006942
2017-12-13,5.879675,0.000000,1.468613,0.007000
2017-12-14,5.815580,0.000000,1.456370,0.006823
2017-12-15,5.752680,0.000000,1.452304,0.006985
2017-12-16,5.686832,0.000000,1.444396,0.006673
2017-12-17,5.630248,0.000000,1.438129,0.006865
2017-12-18,5.572069,0.000000,1.428167,0.006929
2017-12-19,5.516744,0.000000,1.420338,0.006752
2017-12-20,5.463886,0.000000,1.412176,0.006264
2017-12-21,5.408234,0.000000,1.404887,0.006254
2017-12-22,5.360388,0.000000,1.397291,0.006253
2017-12-23,5.309442,0.000000,1.388263,0.006173
2017-12-24,5.259351,0.000000,1.378633,0.006204
2017-12-25,5.210060,0.000000,1.370339,0.006222
2017-12-26,5.157846,0.000000,1.360293,0.006166
2017-12-27,5.112787,0.000000,1.354344,0.006607
2017-12-28,5.064418,0.000000,1.340007,0.006033
2017-12-29,5.016892,0.000000,1.329962,0.005713
2017-12-30,4.969938,0.000000,1.323502,0.006089
2017-12-31,4.923570,0.000000,1.318882,0.005968
2018-01-01,4.757881,0.000000,1.305831,0.005954
2018-01-02,4.716824,0.000000,1.289649,0.005926
2018-01-03,4.673139,0.000000,1.282668,0.005989
2018-01-04,4.629724,0.000000,1.280491,0.005313
2018-01-05,4.586497,0.000000,1.257156,0.005879
2018-01-06,4.540441,0.000000,1.251565,0.005918
2018-01-07,4.501307,0.000000,1.245894,0.005921
2018-01-08,4.460012,0.000000,1.234978,0.005959
2018-01-09,4.419360,0.000000,1.241879,0.005960
2018-01-10,4.378940,0.000000,1.660688,0.005828
2018-01-11,4.336263,0.000000,1.291750,0.005920
2018-01-12,4.300926,0.000000,1.192388,0.005856
2018-01-13,4.263296,0.000000,1.186892,0.005919
2018-01-14,4.226756,0.000000,1.172619,0.005919
2018-01-15,4.191359,0.000000,1.167364,0.005864
2018-01-16,4.153376,0.000000,1.155723,0.005954
2018-01-17,4.121604,0.000000,1.144324,0.005782
2018-01-18,4.087788,0.000000,1.137384,0.005925
2018-01-19,4.054334,0.000000,1.125968,0.005888
2018-01-20,4.021713,0.000000,1.119237,0.005826
2018-01-21,3.986523,0.000000,1.105839,0.005852
2018-01-22,3.958273,0.000000,1.100369,0.005855
2018-01-23,3.927818,0.000000,1.090153,0.005854
2018-01-24,3.897867,0.000000,1.079803,0.005799
2018-01-25,3.868256,0.000000,1.067970,0.006462
2018-01-26,3.836519,0.000000,1.059982,0.005873
2018-01-27,3.810146,0.000000,1.055430,0.005823
2018-01-28,3.781391,0.000000,1.041307,0.005755
2018-01-29,3.753381,0.000000,1.034399,0.005816
2018-01-30,3.725695,0.000000,1.026142,0.005858
2018-01-31,3.697928,0.000000,1.019773,0.005741
2018-02-01,3.667742,0.000000,1.120307,0.005975
2018-02-02,3.643453,0.000000,0.997832,0.005715
2018-02-03,3.616872,0.000000,1.005149,0.031044
2018-02-04,3.590346,0.000000,0.991568,0.005787
2018-02-05,3.564324,0.000000,0.972235,0.005781
2018-02-06,3.536809,0.000000,0.960350,0.005743
2018-02-07,3.515226,0.000000,0.968021,0.005649
2018-02-08,3.491671,0.000000,0.948209,0.005770
2018-02-09,3.468603,0.000000,0.942208,0.005681
2018-02-10,3.445739,0.000000,0.933186,0.005805
2018-02-11,3.420774,0.000000,0.923930,0.005737
2018-02-12,3.400951,0.000000,0.919318,0.005656
2018-02-13,3.378852,0.000000,0.904331,0.005706
2018-02-14,3.356751,0.000000,0.902267,0.005741
2018-02-15,3.334510,0.000000,0.892513,0.005657
2018-02-16,3.310645,0.000000,0.885226,0.005660
2018-02-17,3.291829,0.000000,0.910506,0.005661
2018-02-18,3.270822,0.000000,0.867675,0.005654
2018-02-19,3.249530,0.000000,0.856288,0.005722
2018-02-20,3.228372,0.000000,0.846352,0.005653
2018-02-21,3.205415,0.000000,0.842528,0.005591
2018-02-22,3.186986,0.000000,0.834565,0.005545
2018-02-23,3.166289,0.000000,0.824470,0.005646
2018-02-24,3.145634,0.000000,0.855143,0.005623
2018-02-25,3.125165,0.000000,0.814620,0.005498
2018-02-26,3.102754,0.000000,0.807486,0.005607
2018-02-27,3.084923,0.000000,0.785616,0.005543
2018-02-28,3.065215,0.000000,0.789374,0.026869
2018-03-01,3.043771,0.000000,0.776714,0.005692
2018-03-02,3.027140,0.000000,0.771645,0.005701
2018-03-03,3.008363,0.000000,0.763497,0.005655
2018-03-04,2.989593,0.000000,0.760380,0.005631
2018-03-05,2.971068,0.000000,0.744431,0.005609
2018-03-06,2.951190,0.000000,0.742954,0.005587
2018-03-07,2.935405,0.000000,0.733346,0.005612
2018-03-08,2.917620,0.000000,0.724431,0.005645
2018-03-09,2.899948,0.000000,0.718616,0.005501
2018-03-10,2.882450,0.000000,0.711622,0.005682
2018-03-11,2.862998,0.000000,0.704921,0.005565
2018-03-12,2.847776,0.000000,0.699637,0.005530
2018-03-13,2.831405,0.000000,0.687966,0.005588
2018-03-14,2.815330,0.000000,0.682543,0.005581
2018-03-15,2.799406,0.000000,0.679508,0.005503
2018-03-16,2.781646,0.000000,0.666723,0.005462
2018-03-17,2.767706,0.000000,2.694697,0.048546
2018-03-18,2.751804,0.000000,5.999484,0.013531
2018-03-19,2.736245,0.000000,7.305139,0.037294
2018-03-20,2.720882,0.000000,2.560535,0.032163
2018-03-21,2.704002,0.000000,1.241100,0.005296
2018-03-22,2.690864,0.000000,0.632977,0.005338
2018-03-23,2.675946,0.000000,0.625564,0.005264
2018-03-24,2.661153,0.000000,0.617964,0.005200
2018-03-25,2.646699,0.000000,0.614714,0.005190
2018-03-26,2.630332,0.000000,0.619663,0.005150
2018-03-27,2.617844,0.000000,0.649388,0.005151
2018-03-28,2.603714,0.000000,0.988942,0.005193
2018-03-29,2.589926,0.000000,1.340315,0.005102
2018-03-30,2.576207,0.000000,1.070532,0.005149
2018-03-31,2.562719,0.000000,1.273246,0.005162
2018-04-01,2.547699,0.000000,1.329985,0.005152
2018-04-02,2.536312,0.000000,1.063474,0.005101
2018-04-03,2.522924,0.000000,0.998297,0.005152
2018-04-04,2.509441,0.000000,0.718221,0.005123
2018-04-05,2.496066,0.000000,1.407833,0.005220
2018-04-06,2.481181,0.000000,1.312521,0.005041
2018-04-07,2.469789,0.000000,0.548362,0.005151
2018-04-08,2.456455,0.000000,0.569258,0.005099
2018-04-09,2.443282,0.000000,0.565883,0.005055
2018-04-10,2.430415,0.000000,0.538593,0.005323
2018-04-11,2.415948,0.000000,0.591825,0.004997
2018-04-12,2.404624,0.000000,0.580573,0.005038
2018-04-13,2.391658,0.000000,0.553938,0.004916
2018-04-14,2.379099,0.000000,0.538302,0.005191
2018-04-15,2.366928,0.000000,0.519867,0.004850
2018-04-16,2.353125,0.000000,8.547163,0.058990
2018-04-17,2.342720,0.000000,19.108198,0.019799
2018-04-18,2.330979,0.000000,13.689592,0.021384
2018-04-19,2.318188,0.000000,10.778858,0.034691
2018-04-20,2.313347,0.000000,13.381861,0.018201
2018-04-21,2.324371,0.000000,11.050507,0.026925
2018-04-22,2.319044,0.000000,4.984494,0.047858
2018-04-23,2.292837,0.000000,2.909868,0.104299
2018-04-24,2.242914,0.000000,3.522695,0.044436
2018-04-25,2.202074,0.000000,3.780181,0.124690
2018-04-26,2.172001,0.000000,3.087690,0.050634
2018-04-27,2.145613,0.000000,5.867267,0.044894
2018-04-28,2.124454,0.000000,2.383565,0.052678
2018-04-29,2.107504,0.000000,0.896544,0.119098
2018-04-30,2.094607,0.000000,2.453683,0.076953
2018-05-01,2.085245,0.000000,0.731645,0.004913
2018-05-02,2.082745,0.000000,0.586627,0.004929
2018-05-03,2.081755,0.000000,2.326904,0.004966
2018-05-04,2.082900,0.000000,2.082170,0.004937
2018-05-05,2.085416,0.000000,8.430680,0.049391
2018-05-06,2.087275,0.000000,4.745738,0.065106
2018-05-07,2.092604,0.000000,6.967963,0.043230
2018-05-08,2.097705,0.000000,9.707777,0.004922
2018-05-09,2.103489,0.000000,8.514654,0.004857
2018-05-10,2.109315,0.000000,8.572385,0.051283
2018-05-11,2.113477,0.000000,11.005278,0.046266
2018-05-12,2.120344,0.000000,4.171427,0.004729
2018-05-13,2.125452,0.000000,5.969182,0.030522
2018-05-14,2.130663,0.000000,1.294806,0.173426
2018-05-15,2.135718,0.000000,2.206787,0.052306
2018-05-16,2.139381,0.000000,2.239986,0.040519
2018-05-17,2.150033,0.000000,2.137056,0.082404
2018-05-18,2.157466,0.000000,1.147440,0.075922
2018-05-19,2.152669,0.000000,2.923693,0.062337
2018-05-20,2.145403,0.000000,2.155700,0.061945
2018-05-21,2.138525,0.000000,2.491115,0.046796
2018-05-22,2.137631,0.000000,5.140758,0.038927
2018-05-23,2.137832,0.000000,8.961328,0.043965
2018-05-24,2.146278,0.000000,5.031465,0.062114
2018-05-25,2.142490,0.000000,3.206235,0.044243
2018-05-26,2.131625,0.000000,6.647625,0.067018
2018-05-27,2.129354,0.000000,6.974095,0.055568
2018-05-28,2.120957,0.000000,6.944500,0.024556
2018-05-29,2.133167,0.000000,9.712976,0.017552
2018-05-30,2.158125,0.000000,11.881360,0.029905
2018-05-31,2.182835,0.002012,18.692607,0.036613
2018-06-01,2.193038,0.009505,28.450292,0.117288
2018-06-02,2.230922,0.259523,33.822025,0.289807
2018-06-03,2.264275,0.442451,37.522609,0.208547
2018-06-04,2.271676,0.547562,33.384025,0.257784
2018-06-05,2.282482,0.420988,43.359358,0.306637
2018-06-06,2.344639,1.767463,95.886711,1.022763
2018-06-07,2.877186,0.630547,25.206488,0.756580
2018-06-08,4.250338,0.421985,22.164286,0.667308
2018-06-09,5.854121,0.495936,31.298695,0.859067
2018-06-10,7.990360,0.459660,24.375139,0.403414
2018-06-11,8.589007,0.596366,28.136894,0.515995
2018-06-12,10.459867,0.872867,25.941234,0.633999
2018-06-13,13.158707,0.437552,30.286675,0.669546
2018-06-14,15.412542,0.420765,24.168771,0.243808
2018-06-15,18.178530,0.552182,32.467611,0.851102
2018-06-16,20.672367,0.334324,31.126794,0.480645
2018-06-17,24.039692,0.362049,36.344144,0.595908
2018-06-18,26.141588,0.376805,37.273190,0.735086
2018-06-19,28.975099,0.407956,38.197458,0.771782
2018-06-20,30.330949,0.314960,34.253267,0.522038
2018-06-21,32.526152,0.635231,31.096551,0.705213
2018-06-22,34.549140,0.413980,29.300820,0.656419
2018-06-23,39.652994,0.544068,31.437341,0.738724
2018-06-24,41.564620,0.421176,27.223723,0.510919
2018-06-25,45.764586,0.505308,33.883928,1.080835
2018-06-26,50.009541,0.538232,33.397145,0.935974
2018-06-27,53.340208,0.448425,37.771451,0.883705
2018-06-28,53.648632,0.766210,32.612917,0.725491
2018-06-29,57.486610,0.808902,32.468698,0.856990
2018-06-30,64.712799,0.410223,27.143536,0.640534
2018-07-01,67.141995,0.578091,27.637390,0.658480
2018-07-02,67.471240,0.964107,26.539464,0.700338
2018-07-03,67.833108,0.504652,25.475230,1.216355
2018-07-04,69.158566,0.526799,25.601263,0.714043
2018-07-05,67.323556,0.530602,25.426087,0.528702
2018-07-06,68.091584,0.549528,31.242022,1.138637
2018-07-07,65.314297,0.607949,34.420729,1.013122
2018-07-08,61.430164,0.627680,26.730206,0.652000
2018-07-09,62.773487,0.572281,27.501101,1.167039
2018-07-10,61.754927,0.549218,26.682336,1.153585
2018-07-11,62.645416,0.554705,31.833478,0.680164
2018-07-12,63.576217,0.740321,35.110711,0.800757
2018-07-13,63.339889,0.734236,35.464815,0.711301
2018-07-14,69.332920,0.636830,36.299526,0.729897
2018-07-15,70.022718,0.775119,44.433642,0.812454
2018-07-16,69.919148,1.008644,42.259292,0.726151
2018-07-17,77.128389,1.245551,44.353286,0.857777
2018-07-18,74.628211,1.484491,44.376814,0.847789
2018-07-19,73.793535,1.562161,40.777215,0.483872
2018-07-20,72.516913,1.767474,33.638456,0.729223
2018-07-21,69.285264,1.414243,32.062302,0.552267
2018-07-22,67.143624,1.047497,33.091507,0.560716
2018-07-23,64.536182,1.030621,32.559673,0.605208
2018-07-24,59.508246,0.852241,34.754314,0.504196
2018-07-25,56.028702,1.506797,39.307974,0.832650
2018-07-26,54.097740,0.977853,32.548406,0.712373
2018-07-27,53.113923,1.138960,35.372154,0.994555
2018-07-28,50.020981,1.109988,36.023153,1.014033
2018-07-29,51.909955,1.502825,35.063160,0.976704
2018-07-30,51.750142,2.542890,38.495582,0.910679
2018-07-31,47.055465,1.766772,36.631274,0.764983
2018-08-01,47.185444,1.657442,34.989326,0.787856
2018-08-02,44.624956,1.653873,31.154074,0.762670
2018-08-03,42.684039,0.870142,31.855930,0.863717
2018-08-04,40.319099,1.176538,30.854921,0.848254
2018-08-05,38.137906,1.023159,32.725160,0.852701
2018-08-06,37.294718,0.748441,32.642718,0.859219
2018-08-07,35.744998,1.082896,32.940741,0.838615
2018-08-08,36.211641,1.252149,38.189912,1.000655
2018-08-09,33.276054,1.335497,35.148355,0.948170
2018-08-10,32.164336,1.406902,31.754724,0.823848
2018-08-11,30.327830,1.039430,32.203785,0.815013
2018-08-12,32.523237,2.026494,34.721085,0.629194
2018-08-13,34.038004,2.913962,42.560676,0.991497
2018-08-14,34.552345,2.940796,51.366674,0.832211
2018-08-15,30.783679,1.542226,29.662358,0.745737
2018-08-16,27.944649,1.053757,33.945154,0.621061
2018-08-17,27.581408,0.709545,22.276775,0.805185
2018-08-18,25.502132,0.751308,22.865684,0.817076
2018-08-19,23.481998,0.656650,18.064694,0.674876
2018-08-20,22.650385,0.895947,17.150775,0.735179
2018-08-21,21.879725,0.661520,16.232264,0.309832
2018-08-22,19.422178,0.657158,16.745604,0.733094
2018-08-23,18.638129,0.738249,15.994625,0.884474
2018-08-24,17.944754,0.418221,15.203414,0.553632
2018-08-25,19.251261,0.477549,14.061448,0.334089
2018-08-26,17.966103,0.406351,14.194304,0.424540
2018-08-27,16.225920,0.693038,11.986396,0.580854
2018-08-28,15.696711,0.476722,11.282586,1.012827
2018-08-29,15.237385,0.302804,13.441116,0.391437
2018-08-30,15.158481,0.057494,23.179242,0.404048
2018-08-31,15.746765,0.320212,8.668147,0.478439
2018-09-01,14.240073,0.267057,6.775575,0.678805
2018-09-02,13.236294,0.095829,9.554995,0.752786
2018-09-03,12.942852,0.186815,8.851734,0.360262
2018-09-04,12.790445,0.310218,7.201986,0.786586
2018-09-05,12.446824,0.500640,21.424296,0.327615
2018-09-06,11.926255,0.599836,19.715189,0.550775
2018-09-07,11.188255,0.664368,11.707341,0.481642
2018-09-08,11.739970,0.445271,11.977855,0.424889
2018-09-09,12.360356,0.144929,12.420066,0.469874
2018-09-10,13.710499,0.093858,6.664101,0.358065
2018-09-11,14.748417,0.051736,7.515712,0.200089
2018-09-12,15.843172,0.150955,6.094120,0.540981
2018-09-13,16.693437,0.168857,6.971378,0.466667
2018-09-14,17.653485,0.202441,9.721164,0.161110
2018-09-15,17.884213,0.183451,7.001150,0.597450
2018-09-16,18.289127,0.167525,6.991839,0.104459
2018-09-17,18.604681,0.257791,8.018477,0.179311
2018-09-18,18.392449,0.488975,7.440742,0.423119
2018-09-19,17.900866,0.198484,4.748670,0.169149
2018-09-20,17.632695,0.078051,4.671708,0.061615
2018-09-21,17.497795,0.017120,4.562639,0.059690
2018-09-22,17.430265,0.000229,4.461057,0.014916
2018-09-23,17.342218,0.000002,4.388018,0.039035
2018-09-24,17.230796,0.000000,4.229526,0.493349
2018-09-25,17.110950,0.000000,4.108576,0.008363
2018-09-26,16.887916,0.000000,3.999730,0.008391
2018-09-27,16.654415,0.000000,4.238649,0.008204
2018-09-28,16.394019,0.000000,3.877470,0.119728
2018-09-29,16.278097,0.000000,3.682947,0.151077
2018-09-30,15.876995,0.000000,5.148186,0.050175
2018-10-01,15.588528,0.000000,3.602404,0.006336
2018-10-02,15.322450,0.000000,3.400005,0.008231
2018-10-03,15.042777,0.000000,3.317572,0.008193
2018-10-04,14.762700,0.000000,3.238457,0.008221
2018-10-05,14.485637,0.000000,3.163112,0.050810
2018-10-06,14.202348,0.000000,4.303413,0.008053
2018-10-07,13.945943,0.000000,3.118049,0.007946
2018-10-08,13.686942,0.000000,2.950079,0.008137
2018-10-09,13.428956,0.000000,2.882453,0.008000
2018-10-10,13.179994,0.000000,2.828792,0.006394
2018-10-11,12.925078,0.000000,2.770354,0.007951
2018-10-12,12.691181,0.000000,6.067734,0.025666
2018-10-13,12.453098,0.000000,3.039276,0.007908
2018-10-14,12.225803,0.000000,2.609087,0.007740
2018-10-15,12.003367,0.000000,2.570807,0.006000
2018-10-16,11.780864,0.000000,2.519365,0.007719
2018-10-17,11.576853,0.000000,2.482746,0.007876
2018-10-18,11.367752,0.000000,2.442300,0.005797
2018-10-19,11.161700,0.000000,2.434437,0.007784
2018-10-20,10.958229,0.000000,2.355539,0.007741
2018-10-21,10.751949,0.000000,2.318745,0.007761
2018-10-22,10.562883,0.000000,2.273123,0.007756
2018-10-23,10.369519,0.000000,2.261936,0.007704
2018-10-24,10.181675,0.000000,2.203339,0.007758
2018-10-25,10.001762,0.000000,2.161935,0.007687
2018-10-26,9.822813,0.000000,2.155594,0.011352
2018-10-27,9.667587,0.000000,4.856530,0.007714
2018-10-28,9.512602,0.000000,2.062440,0.007602
2018-10-29,9.363311,0.000000,2.029755,0.007635
2018-10-30,9.218637,0.000000,1.998602,0.007853
2018-10-31,9.079372,0.000000,1.968131,0.007512
2018-11-01,8.936523,0.000000,1.944350,0.007509
2018-11-02,8.807507,0.000000,1.931139,0.007331
2018-11-03,8.675658,0.000000,1.879239,0.008285
2018-11-04,8.545297,0.000000,1.856448,0.007873
2018-11-05,8.417101,0.000000,1.815089,0.007377
2018-11-06,8.285603,0.000000,1.801737,0.007485
2018-11-07,8.168691,0.000000,1.826175,0.007244
2018-11-08,8.048919,0.000000,3.160679,0.007438
2018-11-09,7.933861,0.000000,4.523525,0.022391
2018-11-10,7.821503,0.000000,1.698649,0.007756
2018-11-11,7.705660,0.000000,1.930696,0.007742
2018-11-12,7.601710,0.000000,1.733959,0.007347
2018-11-13,7.494218,0.000000,1.678781,0.007288
2018-11-14,7.388702,0.000000,1.635893,0.007357
2018-11-15,7.284464,0.000000,1.585957,0.007077
2018-11-16,7.177301,0.000000,1.563009,0.007493
2018-11-17,7.085018,0.000000,7.642998,0.010214
2018-11-18,6.990470,0.000000,1.947374,0.007171
2018-11-19,6.901144,0.000000,10.053349,0.007243
2018-11-20,6.814916,0.000000,24.907877,0.011996
2018-11-21,6.730859,0.000000,1.543409,0.007086
2018-11-22,6.662229,0.000000,1.856857,0.007516
2018-11-23,6.587734,0.000000,1.633343,0.007059
2018-11-24,6.514338,0.000000,2.270214,0.007500
2018-11-25,6.440585,0.000000,1.821276,0.007390
2018-11-26,6.363944,0.000000,1.687177,0.007126
2018-11-27,6.297359,0.000000,1.691906,0.007472
2018-11-28,6.227081,0.000000,1.703245,0.007004
2018-11-29,6.157876,0.000000,1.698177,0.007502
2018-11-30,6.088965,0.000000,1.699767,0.007036
2018-12-01,6.016761,0.000000,1.695530,0.007443
2018-12-02,5.953678,0.000000,1.685665,0.007444
2018-12-03,5.887127,0.000000,1.680586,0.007295
2018-12-04,5.821826,0.000000,1.667735,0.006992
2018-12-05,5.757379,0.000000,1.657907,0.007462
2018-12-06,5.689692,0.000000,1.646555,0.007148
2018-12-07,5.631141,0.000000,1.635374,0.007294
2018-12-08,5.569674,0.000000,1.616400,0.007311
2018-12-09,5.509341,0.000000,1.611748,0.006921
2018-12-10,5.450225,0.000000,1.590076,0.006908
2018-12-11,5.388542,0.000000,1.945568,0.007299
2018-12-12,5.335995,0.000000,2.226125,0.007197
2018-12-13,5.281494,0.000000,3.673804,0.010177
2018-12-14,5.227255,0.000000,2.029470,0.007199
2018-12-15,5.173609,0.000000,3.149590,0.007148
2018-12-16,5.116740,0.000000,1.545461,0.007174
2018-12-17,5.068292,0.000000,1.538637,0.006974
2018-12-18,5.017391,0.000000,1.590791,0.007196
2018-12-19,4.966762,0.000000,1.474262,0.006890
2018-12-20,4.917486,0.000000,1.494847,0.006797
2018-12-21,4.867469,0.000000,1.442992,0.007233
2018-12-22,4.825043,0.000000,1.428021,0.008391
2018-12-23,4.781650,0.000000,1.748028,0.007571
2018-12-24,4.739887,0.000000,2.085764,0.007173
2018-12-25,4.699177,0.000000,1.589366,0.006843
2018-12-26,4.656644,0.000000,1.384737,0.006723
2018-12-27,4.622839,0.000000,1.416278,0.006712
2018-12-28,4.586531,0.000000,1.351295,0.006639
2018-12-29,4.550503,0.000000,1.340936,0.007157
2018-12-30,4.514763,0.000000,1.326875,0.006980
2018-12-31,4.479212,0.000000,1.314486,0.006580
2019-01-01,4.516816,0.000000,1.312582,0.006685
2019-01-02,4.483906,0.000000,1.567567,0.006536
2019-01-03,4.447944,0.000000,1.290627,0.006632
2019-01-04,4.412490,0.000000,1.415793,0.006802
2019-01-05,4.377567,0.000000,1.258827,0.006446
2019-01-06,4.340023,0.000000,1.242005,0.006641
2019-01-07,4.308776,0.000000,1.233384,0.006666
2019-01-08,4.274918,0.000000,3.161772,0.006725
2019-01-09,4.241330,0.000000,1.961743,0.006563
2019-01-10,4.208110,0.000000,1.198563,0.006674
2019-01-11,4.172152,0.000000,1.184112,0.006550
2019-01-12,4.141933,0.000000,1.175453,0.006353
2019-01-13,4.108835,0.000000,1.160962,0.006562
2019-01-14,4.076034,0.000000,1.153531,0.006621
2019-01-15,4.043705,0.000000,1.143466,0.006679
2019-01-16,4.009396,0.000000,1.183880,0.006326
2019-01-17,3.981265,0.000000,1.114625,0.006344
2019-01-18,3.950261,0.000000,1.113016,0.007184
2019-01-19,3.919434,0.000000,1.096610,0.006713
2019-01-20,3.889255,0.000000,1.086973,0.006327
2019-01-21,3.856720,0.000000,1.072549,0.004615
2019-01-22,3.830111,0.000000,1.066969,0.006410
2019-01-23,3.800813,0.000000,1.053792,0.005940
2019-01-24,3.771618,0.000000,1.044579,0.006369
2019-01-25,3.742844,0.000000,1.033772,0.006249
2019-01-26,3.711678,0.000000,1.023508,0.006024
2019-01-27,3.686162,0.000000,1.119844,0.005945
2019-01-28,3.658515,0.000000,1.005017,0.006094
2019-01-29,3.631604,0.000000,0.987308,0.006018
2019-01-30,3.605044,0.000000,0.977816,0.006029
2019-01-31,3.578661,0.000000,0.972194,0.006584
2019-02-01,3.549799,0.000000,0.957613,0.006082
2019-02-02,3.526747,0.000000,0.963026,0.005936
2019-02-03,3.501992,0.000000,0.939571,0.005918
2019-02-04,3.477166,0.000000,0.919439,0.006565
2019-02-05,3.452326,0.000000,0.916105,0.007202
2019-02-06,3.425245,0.000000,0.909021,0.006037
2019-02-07,3.403202,0.000000,0.886963,0.005851
2019-02-08,3.379353,0.000000,0.881666,0.005950
2019-02-09,3.356327,0.000000,0.874607,0.005952
2019-02-10,3.334413,0.000000,0.862028,0.005801
2019-02-11,3.311238,0.000000,0.852601,0.005962
2019-02-12,3.292893,0.000000,0.846445,0.005950
2019-02-13,3.272908,0.000000,0.828652,0.005916
2019-02-14,3.253314,0.000000,0.829674,0.006035
2019-02-15,3.234116,0.000000,0.812644,0.005711
2019-02-16,3.213043,0.000000,0.804749,0.005930
2019-02-17,3.196467,0.000000,0.801820,0.006002
2019-02-18,3.177797,0.000000,0.785864,0.005896
2019-02-19,3.159554,0.000000,0.782097,0.005905
2019-02-20,3.141810,0.000000,0.767026,0.005771
2019-02-21,3.121801,0.000000,1.836967,0.006684
2019-02-22,3.106377,0.000000,1.055025,0.006467
2019-02-23,3.088916,0.000000,0.741708,0.005875
2019-02-24,3.071428,0.000000,0.734921,0.005842
2019-02-25,3.053819,0.000000,0.741318,0.005890
2019-02-26,3.034148,0.000000,0.713557,0.005856
2019-02-27,3.018948,0.000000,0.714049,0.005681
2019-02-28,3.001807,0.000000,1.007531,0.006084
2019-03-01,2.982780,0.000000,0.715270,0.005849
2019-03-02,2.968086,0.000000,0.687860,0.005849
2019-03-03,2.951190,0.000000,0.690134,0.005652
2019-03-04,2.934482,0.000000,0.675942,0.005787
2019-03-05,2.917804,0.000000,0.678857,0.005593
2019-03-06,2.899253,0.000000,0.660196,0.005627
2019-03-07,2.884723,0.000000,0.661166,0.005482
2019-03-08,2.868232,0.000000,0.654838,0.005453
2019-03-09,2.851692,0.000000,0.647847,0.005530
2019-03-10,2.835220,0.000000,0.641216,0.005455
2019-03-11,2.816988,0.000000,0.636003,0.005398
2019-03-12,2.802679,0.000000,0.624881,0.005883
2019-03-13,2.786342,0.000000,0.626708,0.005428
2019-03-14,2.769947,0.000000,0.618000,0.005348
2019-03-15,2.753735,0.000000,0.617314,0.005360
2019-03-16,2.735710,0.000000,0.606469,0.005732
2019-03-17,2.721634,0.000000,0.597330,0.005369
2019-03-18,2.705650,0.000000,0.595495,0.005312
2019-03-19,2.689666,0.000000,0.590495,0.005455
2019-03-20,2.673891,0.000000,0.579594,0.005500
2019-03-21,2.656647,0.000000,0.579543,0.005364
2019-03-22,2.643379,0.000000,0.570349,0.005312
2019-03-23,2.628496,0.000000,0.569418,0.005366
2019-03-24,2.613594,0.000000,0.559077,0.043476
2019-03-25,2.598800,0.000000,0.565088,0.005328
2019-03-26,2.582237,0.000000,0.557978,0.005280
2019-03-27,2.569579,0.000000,0.541774,0.005287
2019-03-28,2.555143,0.000000,0.538579,0.005346
2019-03-29,2.540736,0.000000,0.534575,0.005281
2019-03-30,2.526465,0.000000,0.526626,0.005282
2019-03-31,2.512557,0.000000,0.524214,0.005205
2019-04-01,2.497374,0.000000,0.516654,0.005396
2019-04-02,2.486070,0.000000,0.512576,0.026043
2019-04-03,2.473433,0.000000,0.564019,0.005490
2019-04-04,2.460870,0.000000,0.501218,0.005345
2019-04-05,2.448364,0.000000,0.508778,0.005481
2019-04-06,2.434200,0.000000,0.557774,0.079657
2019-04-07,2.423628,0.000000,4.687890,0.036988
2019-04-08,2.411288,0.000000,4.127955,0.061716
2019-04-09,2.398808,0.000000,5.038313,0.076233
2019-04-10,2.386257,0.000000,13.331071,0.016338
2019-04-11,2.372301,0.000000,4.268145,0.069538
2019-04-12,2.361704,0.000000,12.485223,0.044731
2019-04-13,2.349210,0.000000,10.953479,0.078035
2019-04-14,2.341397,0.000000,22.013951,0.015393
2019-04-15,2.344313,0.000000,3.420798,0.057543
2019-04-16,2.279968,0.000000,1.349980,0.045116
2019-04-17,2.244391,0.000000,1.093811,0.074456
2019-04-18,2.226555,0.000000,1.327155,0.052488
2019-04-19,2.218407,0.000000,2.576535,0.031612
2019-04-20,2.216065,0.000000,1.211696,0.067472
2019-04-21,2.213258,0.000000,1.870396,0.035166
2019-04-22,2.214625,0.000000,1.785862,0.004329
2019-04-23,2.215112,0.000000,0.868153,0.004376
2019-04-24,2.217890,0.000000,1.612559,0.071811
2019-04-25,2.222510,0.000000,0.741864,0.004461
2019-04-26,2.226040,0.000000,3.876689,0.045975
2019-04-27,2.232105,0.000000,13.477513,0.035261
2019-04-28,2.254921,0.000000,12.014051,0.022548
2019-04-29,2.244240,0.000000,30.490272,0.010824
2019-04-30,2.119279,0.000000,12.940834,0.021235
2019-05-01,2.051323,0.000000,15.507826,0.034374
2019-05-02,2.123407,0.006609,24.892993,0.020155
2019-05-03,2.260047,0.000269,5.042987,0.050525
2019-05-04,2.533617,0.027653,33.815109,0.021215
2019-05-05,2.636550,1.129950,35.150947,0.269533
2019-05-06,3.140103,0.868277,22.125592,0.132499
2019-05-07,4.663213,0.323098,13.318860,0.122502
2019-05-08,6.442674,0.258791,11.461752,0.158716
2019-05-09,7.962072,0.180580,7.670068,0.062930
2019-05-10,9.222417,0.067811,7.273701,0.037568
2019-05-11,10.319671,0.031003,7.517458,0.047424
2019-05-12,11.320316,0.011611,6.256891,0.028750
2019-05-13,11.997027,0.000149,5.545315,0.047253
2019-05-14,12.505058,0.000002,20.261902,0.026877
2019-05-15,12.839452,0.468655,21.320610,0.024020
2019-05-16,12.407064,0.744769,17.950294,0.193411
2019-05-17,13.550615,0.435072,16.686652,0.207325
2019-05-18,15.796168,0.379997,19.084251,0.454953
2019-05-19,17.945329,0.481801,18.150350,0.375713
2019-05-20,19.987219,0.383054,17.864183,0.276881
2019-05-21,22.174223,0.529520,18.574475,0.398493
2019-05-22,23.864045,0.548421,22.190305,0.218279
2019-05-23,25.689971,0.397818,27.924800,0.412613
2019-05-24,27.979829,0.317780,26.591622,0.380386
2019-05-25,30.295803,0.434511,26.075773,0.350056
2019-05-26,31.807994,0.470106,30.779693,0.487608
2019-05-27,33.358970,0.325930,29.679565,0.379938
2019-05-28,35.820811,0.325432,26.725589,0.267619
2019-05-29,37.616982,0.294705,31.940707,0.290481
2019-05-30,38.857699,0.293972,34.954385,0.364737
2019-05-31,39.690260,0.306142,31.414843,0.309820
2019-06-01,40.251224,0.305462,29.263908,0.134416
2019-06-02,40.712968,0.316427,34.595775,0.303111
2019-06-03,41.031979,0.367525,37.954075,0.378824
2019-06-04,41.321745,0.399326,38.498006,0.601541
2019-06-05,41.842105,0.397840,41.797903,0.603554
2019-06-06,42.722335,0.447666,34.131069,0.385742
2019-06-07,43.754647,0.625426,43.197017,0.812123
2019-06-08,44.986325,0.505038,50.100704,0.793069
2019-06-09,48.877951,0.551224,45.110643,0.980162
2019-06-10,51.158124,0.432668,43.530415,0.588020
2019-06-11,54.598218,1.181885,54.776501,0.738028
2019-06-12,59.577472,0.738230,41.550927,0.899129
2019-06-13,70.444913,0.543013,37.397151,1.047722
2019-06-14,75.745379,0.577900,41.340016,1.218883
2019-06-15,78.678785,0.582967,39.456204,1.083699
2019-06-16,82.290609,0.678545,46.022426,1.127440
2019-06-17,89.362787,0.776168,48.545556,1.163216
2019-06-18,89.123340,0.672656,46.188259,1.056865
2019-06-19,90.037818,0.719627,50.497454,1.143031
2019-06-20,86.877915,0.625616,46.736538,1.084950
2019-06-21,84.233575,0.582193,45.869046,1.039880
2019-06-22,81.205352,0.575122,45.507884,1.092794
2019-06-23,78.123062,0.582283,54.697761,1.095986
2019-06-24,75.924689,0.780350,44.596015,0.695951
2019-06-25,73.328036,0.843307,58.696775,1.261953
2019-06-26,72.155147,0.614374,65.176512,1.343202
2019-06-27,72.777131,0.701114,54.477420,0.787777
2019-06-28,71.743981,0.624461,47.400541,0.638437
2019-06-29,71.088607,0.665750,45.373158,0.566318
2019-06-30,70.179471,0.537144,43.203945,0.430980
2019-07-01,69.055102,0.520881,45.365750,0.541883
2019-07-02,67.390839,0.754103,41.835404,0.753337
2019-07-03,67.616641,1.132482,41.414442,0.652485
2019-07-04,68.690965,0.838409,44.487850,0.627477
2019-07-05,70.316842,1.529819,46.562166,0.666196
2019-07-06,68.109884,1.641003,47.395090,0.714319
2019-07-07,65.078888,1.416074,45.629456,0.730664
2019-07-08,62.896700,1.315470,50.807031,0.734680
2019-07-09,60.867351,1.285212,44.276980,0.697483
2019-07-10,59.264984,1.454159,41.081384,0.662258
2019-07-11,57.949360,1.653059,45.802366,0.683895
2019-07-12,55.916145,1.404197,43.948938,0.698005
2019-07-13,54.528254,1.296211,46.539033,0.700552
2019-07-14,54.249801,1.339805,54.236454,0.745664
2019-07-15,52.790526,2.233588,46.900565,0.652082
2019-07-16,52.089462,1.755773,45.285647,0.604168
2019-07-17,52.153751,1.473701,46.664220,0.542218
2019-07-18,52.454610,1.241360,49.763671,0.747426
2019-07-19,51.715336,1.217568,49.036381,0.713626
2019-07-20,51.048284,1.430760,52.746838,0.794156
2019-07-21,50.643642,1.186864,49.185371,1.183611
2019-07-22,51.857081,1.450052,48.301049,1.134630
2019-07-23,49.696517,1.691309,45.690612,0.695356
2019-07-24,48.457368,1.187500,43.370823,0.720321
2019-07-25,46.536425,1.140342,36.983197,0.635632
2019-07-26,42.843612,0.710008,37.078355,0.503958
2019-07-27,39.845943,0.954278,45.769846,0.705797
2019-07-28,37.700609,1.183894,37.593095,0.435412
2019-07-29,37.103795,1.893995,39.831887,0.730900
2019-07-30,39.595349,3.348906,50.137488,0.955720
2019-07-31,40.831022,4.465303,35.881963,1.275238
2019-08-01,40.747996,2.658234,28.618979,1.023139
2019-08-02,41.779913,1.246012,30.043673,0.880442
2019-08-03,40.784801,1.222890,29.713571,0.942624
2019-08-04,38.629082,1.397034,30.730931,0.960938
2019-08-05,38.050784,1.306620,30.660119,0.992790
2019-08-06,34.581083,1.270179,28.112538,0.882845
2019-08-07,33.759527,1.373618,30.766910,0.959811
2019-08-08,31.887222,1.491221,27.651884,0.882470
2019-08-09,29.964165,1.235518,28.114981,0.863659
2019-08-10,28.291958,1.039185,26.893723,0.869472
2019-08-11,26.663511,1.016315,25.748930,0.752603
2019-08-12,24.967659,0.967466,24.650872,0.696931
2019-08-13,23.978745,1.155760,28.972337,0.833432
2019-08-14,22.648353,0.938664,24.291107,0.777334
2019-08-15,21.583931,0.839746,23.164850,0.742563
2019-08-16,22.447241,0.649629,22.267814,0.777600
2019-08-17,20.431369,0.715634,22.179375,0.830076
2019-08-18,19.299854,0.468395,20.872145,0.705920
2019-08-19,18.987905,0.545409,23.428001,0.874585
2019-08-20,18.370858,0.708409,28.032135,0.753319
2019-08-21,17.462570,0.592270,22.077702,0.864181
2019-08-22,16.700613,0.550611,19.230722,0.777469
2019-08-23,15.986600,0.583888,17.589216,0.792834
2019-08-24,15.426280,0.574691,16.135352,0.425575
2019-08-25,14.919936,1.350771,18.740035,0.717432
2019-08-26,14.397149,0.737179,15.683236,0.862742
2019-08-27,13.937690,0.510665,15.638030,0.767747
2019-08-28,13.509003,0.554376,13.156615,0.678111
2019-08-29,13.104031,0.456831,12.224736,0.698335
2019-08-30,12.713282,0.407291,13.539043,0.893903
2019-08-31,12.351344,0.467417,11.543965,0.839522
2019-09-01,12.397257,0.354928,14.317714,0.345033
2019-09-02,12.577525,0.393605,13.520025,0.571529
2019-09-03,11.397275,0.513167,13.405396,0.796579
2019-09-04,11.182481,0.810173,15.699202,0.727142
2019-09-05,10.875864,0.727620,10.277296,0.859511
2019-09-06,12.265378,0.455913,18.386512,0.342439
2019-09-07,10.663638,0.738189,10.350955,0.506113
2019-09-08,10.175241,0.680115,7.459552,0.601435
2019-09-09,10.377181,0.336453,7.278390,0.227489
2019-09-10,9.721771,0.536964,6.543005,0.540681
2019-09-11,9.491866,0.199402,5.741705,0.522931
2019-09-12,9.282086,0.091065,4.156294,0.432590
2019-09-13,9.077443,0.034838,4.092648,0.413267
2019-09-14,8.886007,0.019003,4.572566,0.545687
2019-09-15,8.708819,0.023197,3.849056,0.390305
2019-09-16,8.534453,0.018140,4.687662,0.416728
2019-09-17,8.376628,0.003444,4.188563,0.194471
2019-09-18,8.889149,0.000083,4.489220,0.182382
2019-09-19,8.814153,0.135185,5.232869,0.171474
2019-09-20,9.075247,0.404204,5.671982,0.238519
2019-09-21,7.784624,0.551188,7.061034,0.189342
2019-09-22,8.102568,0.857221,16.397083,0.246331
2019-09-23,7.656945,1.253242,20.492134,0.385552
2019-09-24,7.940953,1.147149,11.244217,0.283904
2019-09-25,7.427692,0.691861,3.192418,0.407673
2019-09-26,7.197338,0.515487,2.171285,0.308995
2019-09-27,7.019333,1.668619,21.721003,0.440345
2019-09-28,6.731671,0.776014,6.831430,0.416206
2019-09-29,6.519794,0.328348,2.438330,0.426589
2019-09-30,6.424263,0.239452,1.863230,0.388555
2019-10-01,6.354686,0.114535,6.130177,0.100717
2019-10-02,6.332618,0.019914,9.893902,0.145886
2019-10-03,6.425844,0.000543,9.891476,0.025180
2019-10-04,6.440409,0.039450,21.240712,0.222120
2019-10-05,6.461850,0.443894,17.692352,0.173786
2019-10-06,5.752845,1.042723,17.314824,0.182597
2019-10-07,5.797683,0.162914,3.168741,0.028390
2019-10-08,6.428508,0.007053,5.539655,0.018501
2019-10-09,7.197730,0.006962,5.067702,0.074470
2019-10-10,7.903738,0.003376,3.514994,0.017170
2019-10-11,8.475939,0.000077,3.116153,0.009448
2019-10-12,8.955583,0.000000,2.758399,0.008089
2019-10-13,9.351344,0.000000,2.564732,0.008346
2019-10-14,10.655161,0.000000,2.518830,0.008031
2019-10-15,9.953138,0.000000,2.325327,0.008363
2019-10-16,10.157374,0.000000,2.238097,0.008184
2019-10-17,10.312642,0.000000,2.169327,0.026224
2019-10-18,10.411795,0.000000,2.120544,0.023874
2019-10-19,10.470988,0.000000,2.423115,0.013575
2019-10-20,12.417747,0.000000,2.087054,0.010059
2019-10-21,10.487847,0.000000,1.942333,0.007964
2019-10-22,10.468732,0.000000,1.899263,0.008096
2019-10-23,10.420791,0.000000,1.853391,0.007972
2019-10-24,10.354623,0.000000,1.812451,0.007952
2019-10-25,10.276740,0.000000,1.772285,0.007831
2019-10-26,10.180593,0.000000,1.729587,0.007904
2019-10-27,10.089255,0.000000,1.691793,0.007856
2019-10-28,9.989052,0.000000,3.131311,0.009168
2019-10-29,10.221446,0.000000,1.974916,0.008576
2019-10-30,9.760830,0.000000,1.587645,0.007829
2019-10-31,9.649209,0.000000,1.558013,0.007745
2019-11-01,9.523106,0.000000,1.549555,0.007731
2019-11-02,9.404481,0.000000,1.559952,0.007828
2019-11-03,9.278021,0.000000,1.471611,0.007684
2019-11-04,9.152860,0.000000,1.450416,0.007680
2019-11-05,9.028136,0.000000,1.448460,0.007662
2019-11-06,8.901289,0.000000,1.405634,0.007626
2019-11-07,8.786000,0.000000,1.710292,0.022033
2019-11-08,8.665237,0.000000,5.285744,0.007607
2019-11-09,8.548960,0.000000,1.594935,0.007796
2019-11-10,8.434551,0.000000,8.853854,0.007483
2019-11-11,8.315034,0.000000,4.328533,0.014853
2019-11-12,8.207649,0.000000,1.638502,0.007726
2019-11-13,8.094811,0.000000,3.162551,0.007590
2019-11-14,7.983925,0.000000,4.644491,0.016031
2019-11-15,7.871963,0.000000,1.301337,0.007568
2019-11-16,7.760497,0.000000,1.319355,0.007560
2019-11-17,7.660742,0.000000,1.411553,0.007662
2019-11-18,7.558080,0.000000,2.469445,0.007620
2019-11-19,7.457959,0.000000,1.381338,0.007534
2019-11-20,7.358604,0.000000,1.390432,0.007554
2019-11-21,7.256349,0.000000,1.411215,0.007660
2019-11-22,7.166347,0.000000,1.379139,0.007398
2019-11-23,7.072380,0.000000,1.378213,0.007563
2019-11-24,6.981221,0.000000,1.376772,0.007419
2019-11-25,6.897187,0.000000,1.375757,0.007449
2019-11-26,6.810576,0.000000,1.377012,0.007285
2019-11-27,6.736865,0.000000,1.367192,0.007213
2019-11-28,6.659860,0.000000,1.364365,0.007316
2019-11-29,6.584052,0.000000,1.358331,0.007231
2019-11-30,6.512288,0.000000,1.385086,0.008562
2019-12-01,6.438531,0.000000,1.900450,0.011257
2019-12-02,6.374337,0.000000,2.488590,0.007272
2019-12-03,6.305914,0.000000,1.361810,0.007253
2019-12-04,6.238325,0.000000,1.313537,0.007210
2019-12-05,6.171278,0.000000,1.307128,0.007150
2019-12-06,6.100976,0.000000,1.294287,0.007125
2019-12-07,6.040210,0.000000,1.287382,0.007182
2019-12-08,5.974984,0.000000,1.270865,0.007200
2019-12-09,5.913019,0.000000,1.269698,0.007051
2019-12-10,5.853381,0.000000,1.248778,0.007290
2019-12-11,5.789621,0.000000,1.240600,0.007098
2019-12-12,5.733935,0.000000,1.234205,0.007101
2019-12-13,5.674854,0.000000,1.207279,0.007097
2019-12-14,5.617064,0.000000,1.209354,0.007138
2019-12-15,5.560430,0.000000,1.194350,0.007079
2019-12-16,5.500690,0.000000,1.181156,0.007110
2019-12-17,5.448620,0.000000,1.169491,0.007116
2019-12-18,5.393364,0.000000,1.163802,0.007024
2019-12-19,5.339194,0.000000,1.144608,0.007064
2019-12-20,5.286062,0.000000,1.135861,0.007068
2019-12-21,5.230738,0.000000,1.119833,0.007001
2019-12-22,5.182357,0.000000,1.112660,0.007217
2019-12-23,5.130724,0.000000,1.099141,0.006987
2019-12-24,5.079590,0.000000,1.084807,0.007093
2019-12-25,5.029550,0.000000,1.076953,0.007019
2019-12-26,4.976730,0.000000,1.063920,0.006979
2019-12-27,4.931739,0.000000,1.047356,0.006992
2019-12-28,4.883247,0.000000,1.033259,0.006980
2019-12-29,4.836924,0.000000,1.033021,0.007152
2019-12-30,4.793094,0.000000,1.019146,0.006875
2019-12-31,4.749569,0.000000,0.996860,0.007100

