time,MAR_land,MAR_ice,RACMO_land,RACMO_ice
2015-01-01,19.217025,0.000272,4.517351,0.989684
2015-01-02,19.065888,0.000263,4.425974,0.987877
2015-01-03,18.905406,0.000261,4.366175,0.944749
2015-01-04,18.746862,0.000243,4.313756,0.948969
2015-01-05,18.589536,0.000243,4.267720,0.983043
2015-01-06,18.420622,0.000243,4.210151,0.989519
2015-01-07,18.279339,0.000243,4.157099,0.978710
2015-01-08,18.127531,0.000243,4.114767,0.995962
2015-01-09,17.978627,0.000243,4.073087,0.975871
2015-01-10,17.833783,0.000243,4.008226,0.940304
2015-01-11,17.677655,0.000243,3.961730,0.987580
2015-01-12,17.546964,0.000243,3.909445,0.978680
2015-01-13,17.405905,0.000243,3.861367,0.984372
2015-01-14,17.267597,0.000243,3.810553,0.972023
2015-01-15,17.130908,0.000243,3.755972,0.977591
2015-01-16,16.983517,0.000243,3.710876,0.972606
2015-01-17,16.861344,0.000243,3.715384,0.972982
2015-01-18,16.729617,0.000243,8.666717,0.982225
2015-01-19,16.598905,0.000243,3.843744,0.983696
2015-01-20,16.469762,0.000243,3.539843,0.965443
2015-01-21,16.331031,0.000243,3.491337,0.963423
2015-01-22,16.216896,0.000243,3.451497,0.958613
2015-01-23,16.093040,0.000243,3.410695,0.972361
2015-01-24,15.970160,0.000243,3.373613,0.923158
2015-01-25,15.848366,0.000243,3.336746,0.973052
2015-01-26,15.716893,0.000243,3.282685,0.925150
2015-01-27,15.609090,0.000243,3.251949,0.977527
2015-01-28,15.491786,0.000243,3.203893,0.910229
2015-01-29,15.376376,0.000243,3.171460,0.965584
2015-01-30,15.261791,0.000243,3.135512,0.929286
2015-01-31,15.146455,0.000243,3.120128,0.954873
2015-02-01,15.022818,0.000243,3.269886,0.941064
2015-02-02,14.922682,0.000243,3.014503,0.961537
2015-02-03,14.814334,0.000243,3.079671,1.274514
2015-02-04,14.709490,0.000243,3.246048,0.939408
2015-02-05,14.605943,0.000243,3.377243,0.916316
2015-02-06,14.493711,0.000243,2.875773,0.896999
2015-02-07,14.404366,0.001352,3.582321,1.126237
2015-02-08,14.306705,0.007758,3.732565,0.900346
2015-02-09,14.212150,0.000009,2.773030,0.894024
2015-02-10,14.119789,0.000000,2.740579,0.885328
2015-02-11,14.018092,0.000000,2.709924,0.883317
2015-02-12,13.937750,0.000000,2.678753,0.891113
2015-02-13,13.848573,0.000000,2.630483,0.930434
2015-02-14,13.758811,0.000000,2.622540,0.878213
2015-02-15,13.670071,0.000000,2.579344,0.875357
2015-02-16,13.572910,0.000000,2.537035,0.928773
2015-02-17,13.494926,0.000000,2.514007,0.872800
2015-02-18,13.408237,0.000000,2.475121,0.866028
2015-02-19,13.321508,0.000000,2.441491,0.875077
2015-02-20,13.236105,0.000000,2.401329,0.918990
2015-02-21,13.144639,0.000000,2.373926,0.858755
2015-02-22,13.073342,0.000000,2.339625,0.868102
2015-02-23,12.995506,0.000000,2.307863,0.900713
2015-02-24,12.917803,0.000000,2.267481,0.867909
2015-02-25,12.840570,0.000000,2.224410,0.854369
2015-02-26,12.755560,0.000000,2.210638,0.833542
2015-02-27,12.688578,0.000000,2.200700,0.892453
2015-02-28,12.613255,0.000000,2.142045,0.853205
2015-03-01,12.530905,0.000000,2.108125,0.840888
2015-03-02,12.466394,0.000000,2.066901,0.835871
2015-03-03,12.393862,0.000000,2.051343,0.887804
2015-03-04,12.322138,0.000000,2.020674,0.844392
2015-03-05,12.251241,0.000000,2.014494,0.841263
2015-03-06,12.172175,0.000000,2.121912,0.839949
2015-03-07,12.110013,0.000000,1.999030,0.841237
2015-03-08,12.039478,0.000000,1.911498,0.876135
2015-03-09,11.969161,0.000000,2.016853,0.837604
2015-03-10,11.898763,0.000000,1.857809,0.835919
2015-03-11,11.820433,0.000000,1.858770,0.831899
2015-03-12,11.759718,0.000000,1.814838,0.831159
2015-03-13,11.691953,0.000000,1.916132,0.853536
2015-03-14,11.625697,0.000000,1.771614,0.827479
2015-03-15,11.559718,0.000000,1.744949,0.832954
2015-03-16,11.486326,0.000000,1.728179,0.826803
2015-03-17,11.428935,0.000000,1.702888,0.822296
2015-03-18,11.363472,0.000000,1.685757,0.826389
2015-03-19,11.298448,0.000000,1.723980,0.999278
2015-03-20,11.234035,0.000000,1.637243,0.826253
2015-03-21,11.161921,0.000000,1.627332,0.840222
2015-03-22,11.105656,0.000000,1.606275,0.827901
2015-03-23,11.041831,0.000000,1.609611,0.834439
2015-03-24,10.979246,0.000000,1.697524,0.826303
2015-03-25,10.917862,0.000000,1.550388,0.826142
2015-03-26,10.849145,0.000000,1.538653,0.829856
2015-03-27,10.796319,0.000000,1.519090,0.824726
2015-03-28,10.736678,0.000000,1.505715,0.827784
2015-03-29,10.677955,0.000000,1.489267,0.826884
2015-03-30,10.619969,0.000000,1.474206,0.821847
2015-03-31,10.562107,0.000000,1.446572,0.832895
2015-04-01,10.497120,0.000000,1.436722,0.821812
2015-04-02,10.447595,0.000000,1.413419,0.824969
2015-04-03,10.391183,0.000000,1.397274,0.817944
2015-04-04,10.335529,0.000000,1.379284,0.825146
2015-04-05,10.280081,0.000000,1.394472,0.823465
2015-04-06,10.217889,0.000000,1.400700,0.828067
2015-04-07,10.170206,0.000000,1.331912,0.819936
2015-04-08,10.116012,0.000000,1.310789,0.823627
2015-04-09,10.062123,0.000000,1.299444,0.820179
2015-04-10,10.008888,0.000000,1.287581,0.819336
2015-04-11,9.949142,0.000000,1.265717,0.824573
2015-04-12,9.903933,0.000000,1.260441,0.808546
2015-04-13,9.852743,0.000000,2.685768,0.822175
2015-04-14,9.802809,0.000000,3.298855,3.225701
2015-04-15,9.754479,0.000000,5.476919,2.236348
2015-04-16,9.699846,0.000000,6.438540,2.878517
2015-04-17,9.658613,0.000000,1.272442,0.840973
2015-04-18,9.611388,0.000000,5.736208,1.344928
2015-04-19,9.564625,0.000000,37.016325,5.884179
2015-04-20,9.518728,0.000000,1.572911,0.839364
2015-04-21,9.467393,0.000000,1.447584,0.834414
2015-04-22,9.429451,0.000000,2.498327,4.771911
2015-04-23,9.385948,0.000000,22.962922,6.760229
2015-04-24,9.343274,0.000000,1.350576,4.313265
2015-04-25,9.301139,0.000000,1.096461,4.003452
2015-04-26,9.252963,0.000000,1.123506,0.837484
2015-04-27,9.217669,0.000000,1.143128,0.830834
2015-04-28,9.176420,0.000000,2.671638,0.835180
2015-04-29,9.136304,0.000000,19.058626,0.830547
2015-04-30,9.096282,0.000000,12.694335,0.823555
2015-05-01,9.050337,0.000000,8.419669,0.827677
2015-05-02,9.017626,0.000000,2.994102,0.827662
2015-05-03,8.978528,0.000000,4.485462,0.830815
2015-05-04,8.939378,0.000000,35.994666,5.258603
2015-05-05,8.900212,0.000000,17.167187,5.032092
2015-05-06,8.855021,0.000000,37.561213,4.412953
2015-05-07,8.823075,0.000000,52.700391,7.713153
2015-05-08,8.786085,0.000000,42.387758,7.420064
2015-05-09,8.749999,0.000000,63.940226,5.287027
2015-05-10,8.714936,0.000000,77.525464,8.410612
2015-05-11,8.674177,0.000000,14.956343,2.352563
2015-05-12,8.645430,0.000000,16.705458,3.526515
2015-05-13,8.610350,0.000000,3.184873,2.940066
2015-05-14,8.575353,0.000000,5.606367,6.900870
2015-05-15,8.540180,0.000000,19.146029,8.722028
2015-05-16,8.500329,0.000000,36.502386,5.929019
2015-05-17,8.480054,0.000000,59.588531,5.283225
2015-05-18,8.472366,0.000000,84.729731,3.970680
2015-05-19,8.466928,0.000000,28.240582,7.177809
2015-05-20,8.419187,0.299262,19.640041,2.356739
2015-05-21,8.346504,0.605054,36.427747,6.102820
2015-05-22,8.266935,0.105931,13.706643,1.145184
2015-05-23,8.147913,0.982326,40.955879,7.358410
2015-05-24,8.082235,1.392133,52.891564,5.877726
2015-05-25,7.960507,1.175568,46.464711,8.797051
2015-05-26,7.758053,1.157154,42.563024,5.941455
2015-05-27,7.608520,2.526191,50.679071,4.884479
2015-05-28,7.501891,1.744464,62.838365,7.319657
2015-05-29,7.413818,0.215937,20.123393,2.915603
2015-05-30,7.447762,0.000230,11.765375,0.861400
2015-05-31,7.618128,0.000000,19.383074,5.843747
2015-06-01,7.823303,0.000000,15.303400,7.604666
2015-06-02,8.088927,0.133871,30.882857,6.828213
2015-06-03,8.351362,1.298476,30.712528,5.439794
2015-06-04,8.545811,2.422991,39.932423,4.229675
2015-06-05,8.645100,3.650550,80.619677,4.364784
2015-06-06,8.733912,7.160587,95.782350,3.382563
2015-06-07,8.927124,8.900556,67.943797,5.797270
2015-06-08,9.249663,16.623529,82.251467,4.702788
2015-06-09,9.630612,24.541756,91.839935,6.896312
2015-06-10,10.302887,27.479366,101.563911,7.463891
2015-06-11,11.397730,26.826746,116.620537,8.935102
2015-06-12,12.969244,38.518168,129.302908,8.929902
2015-06-13,14.742654,35.645916,137.389834,16.815946
2015-06-14,16.983563,38.015233,177.524492,13.982257
2015-06-15,19.688544,33.885071,138.384113,18.250688
2015-06-16,23.528476,32.959622,163.819529,56.562343
2015-06-17,28.388138,58.482040,172.850185,32.987447
2015-06-18,33.843758,52.479304,153.199220,18.211415
2015-06-19,43.239358,86.592286,181.153598,20.921817
2015-06-20,51.396912,98.643588,204.779899,37.227810
2015-06-21,60.325417,95.954464,222.129049,51.360226
2015-06-22,68.336009,99.852348,246.701687,44.030908
2015-06-23,76.907003,96.525300,227.015789,57.526458
2015-06-24,85.201445,93.971197,241.324637,61.484241
2015-06-25,94.609491,104.419252,250.595543,61.154812
2015-06-26,101.998776,117.941082,258.293000,68.304054
2015-06-27,113.560711,169.439114,319.040733,94.141969
2015-06-28,128.685839,177.679515,289.545537,87.518768
2015-06-29,149.285898,154.395189,285.919254,88.982046
2015-06-30,176.499262,108.250281,275.782891,81.076762
2015-07-01,205.696563,108.195150,284.216065,85.795178
2015-07-02,214.516561,112.900570,291.297122,111.107273
2015-07-03,216.716818,121.342238,287.513088,119.948187
2015-07-04,220.294610,122.217472,231.411304,100.883513
2015-07-05,219.154604,169.004265,258.090016,129.067442
2015-07-06,219.053170,180.308603,275.744801,162.361443
2015-07-07,227.307891,185.046509,252.990039,182.167690
2015-07-08,235.608287,122.058784,246.175569,177.956472
2015-07-09,243.656414,119.268986,245.502429,179.094779
2015-07-10,242.160883,103.874645,171.573717,121.744707
2015-07-11,241.362874,85.008032,223.395493,166.157752
2015-07-12,236.016770,67.776593,170.087661,114.661484
2015-07-13,231.409079,119.562957,168.307098,129.878720
2015-07-14,223.177975,153.048618,230.031930,202.654725
2015-07-15,215.480567,134.185965,211.431862,186.283202
2015-07-16,217.478506,142.294911,212.952820,194.172002
2015-07-17,212.324833,185.737461,204.275428,190.260640
2015-07-18,211.766219,128.987467,201.220876,186.598220
2015-07-19,207.530839,125.440288,189.442091,175.904939
2015-07-20,207.656198,146.282807,176.351105,165.506233
2015-07-21,199.090449,112.813672,159.646653,135.858886
2015-07-22,194.454043,117.213863,170.478203,153.997611
2015-07-23,188.261844,108.673817,165.763325,158.768154
2015-07-24,181.393411,79.799382,136.763530,138.290975
2015-07-25,178.170354,84.568472,138.269397,149.807298
2015-07-26,164.909173,97.359596,147.074829,153.711715
2015-07-27,162.125569,76.680670,97.301763,98.874054
2015-07-28,151.507735,116.140026,113.595668,165.147470
2015-07-29,144.640437,94.273995,109.164683,155.704874
2015-07-30,138.628854,91.022315,106.365948,137.090079
2015-07-31,133.278794,96.631689,101.140151,124.908259
2015-08-01,130.322323,126.078997,105.211538,129.221652
2015-08-02,125.831543,193.914007,114.382322,168.400143
2015-08-03,121.478114,200.749781,105.136622,186.532647
2015-08-04,117.788803,128.398517,98.662658,161.424104
2015-08-05,115.379605,126.507549,99.222453,147.433456
2015-08-06,111.875155,120.741514,80.831114,146.080662
2015-08-07,107.333092,98.808553,75.458886,116.494132
2015-08-08,105.035591,103.015506,83.279952,130.875086
2015-08-09,104.754315,164.596084,109.055021,194.689356
2015-08-10,100.764186,180.429263,91.678613,174.151048
2015-08-11,98.210260,134.290231,82.951947,133.178727
2015-08-12,94.655792,102.912957,103.121251,113.098707
2015-08-13,92.234510,176.887546,55.431013,123.925048
2015-08-14,90.445010,115.967336,52.146485,102.847893
2015-08-15,87.160108,101.459222,50.343918,95.830054
2015-08-16,84.133872,103.229408,52.279375,88.683665
2015-08-17,81.337055,99.561649,56.730735,100.314646
2015-08-18,78.727155,91.521074,51.552317,87.776672
2015-08-19,77.598991,83.310576,57.287878,92.432192
2015-08-20,76.105549,123.519312,58.335112,108.547155
2015-08-21,72.171997,80.680816,52.035185,79.988545
2015-08-22,75.169421,126.848127,64.074619,154.340391
2015-08-23,66.750491,85.470183,50.553273,89.750193
2015-08-24,65.701912,95.341800,45.611778,61.550629
2015-08-25,64.377318,108.256948,47.044683,70.261752
2015-08-26,65.198102,193.954251,56.723294,114.976886
2015-08-27,59.721677,95.087627,42.575316,53.354182
2015-08-28,58.945717,56.497644,46.394102,50.913940
2015-08-29,62.803741,113.641062,82.172314,170.041022
2015-08-30,60.082909,137.351936,61.951509,118.498633
2015-08-31,56.913139,123.609473,67.659657,133.683592
2015-09-01,52.751878,48.402500,47.715397,79.244027
2015-09-02,53.388084,144.617110,60.972258,124.494626
2015-09-03,50.873465,48.032513,50.568485,100.636136
2015-09-04,57.950362,228.031843,125.175441,170.544303
2015-09-05,46.613012,52.534269,46.990971,114.040520
2015-09-06,54.272280,324.377042,167.757004,191.768139
2015-09-07,39.008581,254.939126,170.961236,154.235265
2015-09-08,37.060052,114.833425,20.539845,86.760367
2015-09-09,41.640652,123.706138,19.348706,74.960829
2015-09-10,48.860728,74.362563,28.271407,105.090115
2015-09-11,52.135861,67.655352,27.188728,48.962912
2015-09-12,57.404362,52.603150,20.820760,63.425030
2015-09-13,60.928060,21.631983,15.638804,59.376452
2015-09-14,63.776960,18.567844,15.338884,62.713155
2015-09-15,65.748143,24.187454,17.151585,64.632484
2015-09-16,66.946287,17.087557,20.462749,66.534081
2015-09-17,67.664346,9.205048,23.138624,47.932585
2015-09-18,69.015518,3.779842,25.800484,16.630502
2015-09-19,73.541757,0.726255,26.674840,15.756859
2015-09-20,75.542637,20.335166,40.074168,37.984578
2015-09-21,69.903763,5.943699,34.571873,23.872794
2015-09-22,68.832115,21.799000,26.834281,32.316871
2015-09-23,65.412669,5.957198,12.819571,22.459798
2015-09-24,67.514453,3.091567,20.418319,5.975122
2015-09-25,64.230168,0.924268,16.078459,4.143286
2015-09-26,61.929018,3.560007,20.730077,9.851622
2015-09-27,60.034374,0.570472,15.752238,3.707330
2015-09-28,60.330537,0.611900,15.611870,4.151577
2015-09-29,60.819220,0.381080,15.032498,7.849944
2015-09-30,57.211153,0.067576,13.988263,7.857247
2015-10-01,56.658781,0.389113,13.732505,11.880638
2015-10-02,54.038550,0.083432,13.512829,2.944578
2015-10-03,53.208798,0.005378,13.472919,1.347791
2015-10-04,52.564001,0.000089,13.421017,1.336129
2015-10-05,52.017047,0.000036,13.332310,1.344707
2015-10-06,51.736160,0.000009,13.273336,2.923428
2015-10-07,53.406750,0.697703,16.420053,1.877462
2015-10-08,52.008926,0.097189,13.613285,1.425921
2015-10-09,50.932197,0.000569,13.435498,1.471993
2015-10-10,55.282268,0.000007,16.010032,1.326049
2015-10-11,50.410337,0.359464,21.776866,2.287332
2015-10-12,49.850654,12.237202,26.240571,3.906451
2015-10-13,47.860022,11.115987,13.980227,1.325080
2015-10-14,45.808239,0.305308,12.484895,1.325301
2015-10-15,45.016762,0.166450,20.120883,2.772758
2015-10-16,44.178305,0.028077,18.517454,2.506295
2015-10-17,44.546240,0.390133,21.752981,2.199752
2015-10-18,43.816896,0.016080,11.326042,1.289654
2015-10-19,43.760108,0.000439,11.235615,1.290311
2015-10-20,43.839972,0.000333,11.132080,1.260393
2015-10-21,43.932923,0.000332,11.030420,1.310606
2015-10-22,44.062690,0.000341,10.904943,1.280815
2015-10-23,44.102291,0.000337,10.779057,1.281383
2015-10-24,44.068449,0.000334,10.637487,1.278640
2015-10-25,43.976896,0.000330,10.497383,1.275003
2015-10-26,43.791882,0.000322,10.565365,1.287640
2015-10-27,43.614048,0.058132,20.698498,3.737185
2015-10-28,43.485659,0.396968,12.590078,1.539801
2015-10-29,42.980203,0.000855,25.646027,1.824352
2015-10-30,42.436570,0.000346,26.284588,1.864410
2015-10-31,42.043512,0.000303,9.972061,1.254827
2015-11-01,41.598331,0.000010,10.092047,1.272774
2015-11-02,41.235334,0.000000,9.824740,1.249731
2015-11-03,40.880583,0.000000,9.780711,1.240436
2015-11-04,40.547795,0.000000,9.731337,1.232643
2015-11-05,40.219949,0.000000,10.516148,1.229400
2015-11-06,39.859519,0.000000,11.419259,1.230489
2015-11-07,39.542593,0.000000,9.667969,1.219704
2015-11-08,39.180897,0.000000,9.472733,1.225654
2015-11-09,38.804118,0.000000,9.387564,1.216554
2015-11-10,38.415157,0.000000,9.320472,1.241409
2015-11-11,37.987573,0.000000,9.224559,1.209546
2015-11-12,37.605941,0.000000,9.136566,1.210420
2015-11-13,37.191460,0.000000,9.055465,1.205575
2015-11-14,36.769582,0.000000,8.961889,1.206326
2015-11-15,36.344750,0.000000,8.869493,1.228809
2015-11-16,35.891157,0.000000,8.785435,1.204955
2015-11-17,35.483387,0.000000,8.687019,1.812276
2015-11-18,35.053474,0.000000,8.594972,1.156117
2015-11-19,34.627661,0.000000,8.507180,1.151737
2015-11-20,34.206098,0.000053,11.417861,1.229500
2015-11-21,33.766382,0.000063,13.511132,1.159182
2015-11-22,33.386542,0.000002,12.675852,1.156261
2015-11-23,32.990414,0.000000,8.127780,1.157367
2015-11-24,32.598377,0.000000,8.048812,1.143440
2015-11-25,32.206975,0.000000,8.128389,1.155015
2015-11-26,31.797547,0.000000,7.864524,1.165148
2015-11-27,31.437795,0.000000,7.775618,1.152281
2015-11-28,31.059581,0.000000,7.687710,1.161412
2015-11-29,30.692356,0.000000,7.606758,1.136033
2015-11-30,30.332470,0.000000,7.513259,1.161628
2015-12-01,29.955307,0.000000,7.486537,1.140726
2015-12-02,29.623646,0.000000,7.339179,1.144752
2015-12-03,29.272504,0.000000,7.348989,1.135295
2015-12-04,28.931029,0.000000,7.201720,1.111226
2015-12-05,28.597679,0.000000,7.079902,1.162309
2015-12-06,28.248199,0.000000,7.043152,1.123078
2015-12-07,27.941264,0.000000,6.953721,1.099262
2015-12-08,27.619196,0.000000,6.882976,1.118644
2015-12-09,27.303419,0.000000,6.920088,1.135141
2015-12-10,26.991713,0.000000,6.675203,1.138301
2015-12-11,26.662718,0.000000,6.606588,1.084845
2015-12-12,26.372075,0.000000,6.532422,1.087523
2015-12-13,26.072028,0.000000,6.460817,1.119516
2015-12-14,25.775572,0.000000,6.383693,1.107478
2015-12-15,25.481346,0.000000,6.334522,1.099654
2015-12-16,25.174956,0.000000,6.231771,1.098076
2015-12-17,24.906765,0.000000,6.187264,1.086970
2015-12-18,24.625548,0.000000,6.090705,1.104686
2015-12-19,24.355030,0.000000,6.030918,1.116592
2015-12-20,24.090823,0.000000,5.945219,1.106505
2015-12-21,23.812696,0.000000,5.884741,1.097692
2015-12-22,23.573710,0.000000,5.827171,1.107572
2015-12-23,23.323143,0.000000,5.748747,1.107107
2015-12-24,23.083259,0.000000,5.684583,1.071719
2015-12-25,22.848612,0.000000,5.603962,1.091021
2015-12-26,22.600806,0.000000,5.578957,1.091763
2015-12-27,22.391029,0.000000,5.555521,1.105434
2015-12-28,22.172103,0.000000,5.492810,1.062452
2015-12-29,21.957026,0.000000,5.393825,1.100570
2015-12-30,21.745528,0.000000,5.294717,1.047186
2015-12-31,21.534218,0.000000,5.235262,1.076764
2016-01-01,21.205752,0.000282,5.173622,1.089500
2016-01-02,21.020429,0.000278,5.111138,1.080587
2016-01-03,20.825330,0.000260,5.088557,1.075979
2016-01-04,20.632624,0.000591,5.025664,1.068729
2016-01-05,20.440702,0.000265,4.975271,1.077346
2016-01-06,20.234484,0.000271,4.966525,1.104991
2016-01-07,20.060447,0.000387,6.143736,5.791511
2016-01-08,19.877813,0.000558,4.800415,1.072622
2016-01-09,19.698292,0.000465,4.705726,1.087391
2016-01-10,19.518855,0.000264,4.655790,1.071582
2016-01-11,19.330526,0.000256,4.603261,1.045434
2016-01-12,19.172179,0.000256,4.543989,1.066757
2016-01-13,19.004821,0.000256,4.495549,1.043957
2016-01-14,18.840343,0.000262,4.441520,1.050139
2016-01-15,18.676931,0.000259,4.397520,1.066129
2016-01-16,18.502047,0.000256,4.368811,1.045273
2016-01-17,18.356934,0.000258,5.018888,1.039339
2016-01-18,18.202969,0.000393,7.166721,1.034721
2016-01-19,18.050965,0.000656,11.935365,1.051304
2016-01-20,17.899779,0.000295,20.323648,1.046809
2016-01-21,17.737482,0.000316,36.262830,1.028506
2016-01-22,17.603400,0.000336,18.349541,1.029639
2016-01-23,17.460383,0.000285,6.295491,1.000110
2016-01-24,17.318286,0.000283,4.076063,1.011326
2016-01-25,17.177119,0.000265,4.067526,0.999071
2016-01-26,17.025854,0.000640,4.092119,0.998004
2016-01-27,16.903950,0.000771,4.009973,1.002858
2016-01-28,16.773227,0.000724,4.053793,0.986442
2016-01-29,16.643063,0.001058,4.005147,0.993503
2016-01-30,16.512328,0.000509,3.994020,0.995115
2016-01-31,16.381790,0.000255,3.982318,0.994460
2016-02-01,16.242235,0.000255,3.970318,0.991419
2016-02-02,16.127854,0.000255,3.952164,0.992393
2016-02-03,16.002982,0.000257,3.962314,0.994030
2016-02-04,15.877863,0.000258,3.920435,0.994487
2016-02-05,15.752815,0.000258,3.897082,0.987331
2016-02-06,15.618277,0.000255,3.874472,0.972413
2016-02-07,15.508732,0.000287,3.846921,0.992921
2016-02-08,15.390253,0.000297,3.822184,0.978873
2016-02-09,15.273713,0.000300,3.802362,0.978001
2016-02-10,15.158491,0.000300,3.772596,0.983242
2016-02-11,15.035385,0.000286,3.746412,0.970236
2016-02-12,14.936098,0.000279,3.711456,0.981467
2016-02-13,14.828204,0.000270,3.687812,0.971180
2016-02-14,14.720705,0.000257,3.674255,0.974140
2016-02-15,14.615221,0.000282,3.718683,0.983582
2016-02-16,14.503033,0.000405,3.609473,0.971645
2016-02-17,14.413626,0.000332,3.560664,0.960710
2016-02-18,14.315215,0.000400,3.673560,0.989400
2016-02-19,14.216787,0.000251,3.533831,0.952881
2016-02-20,14.119638,0.000215,3.490950,0.978188
2016-02-21,14.017007,0.000136,3.468956,0.966734
2016-02-22,13.935571,0.000136,3.448423,0.973418
2016-02-23,13.844899,0.000137,3.422782,0.966001
2016-02-24,13.754452,0.000152,3.442293,0.964949
2016-02-25,13.663849,0.000177,3.485531,0.954593
2016-02-26,13.566152,0.000161,3.336103,0.959240
2016-02-27,13.488816,0.000172,3.334697,0.953082
2016-02-28,13.402267,0.000210,3.324401,0.958242
2016-02-29,13.316110,0.000218,3.297293,0.948931
2016-03-01,13.222886,0.000364,3.290706,0.953122
2016-03-02,13.149972,0.000190,3.220046,0.947139
2016-03-03,13.069575,0.000158,3.909887,0.943810
2016-03-04,12.989972,0.000149,3.596028,2.724797
2016-03-05,12.910959,0.000150,3.153718,1.632397
2016-03-06,12.824603,0.000408,3.103661,0.934547
2016-03-07,12.757678,0.000404,3.102976,0.940705
2016-03-08,12.682307,0.000341,3.068190,0.928019
2016-03-09,12.606484,0.000412,3.086130,0.950715
2016-03-10,12.530781,0.000438,3.149150,0.942258
2016-03-11,12.447387,0.000219,3.002036,0.957536
2016-03-12,12.383250,0.000146,2.980652,0.930831
2016-03-13,12.310967,0.000151,2.953456,0.923270
2016-03-14,12.238358,0.000162,2.926021,0.944687
2016-03-15,12.165707,0.000186,2.908020,0.927383
2016-03-16,12.085603,0.000144,2.975864,0.922688
2016-03-17,12.023889,0.000407,46.959871,3.085051
2016-03-18,11.953832,0.000497,35.302904,2.044891
2016-03-19,11.884127,0.000520,2.840526,0.923599
2016-03-20,11.815144,0.000182,2.824503,0.920822
2016-03-21,11.738787,0.000142,3.236805,0.909495
2016-03-22,11.679612,0.000142,2.760598,0.923773
2016-03-23,11.612323,0.000184,2.748502,0.903068
2016-03-24,11.544835,0.000617,2.736539,1.535673
2016-03-25,11.477564,0.000288,2.747183,0.896914
2016-03-26,11.402896,0.000157,2.728662,0.910966
2016-03-27,11.344943,0.000145,2.696634,0.904408
2016-03-28,11.279372,0.000143,2.679212,0.907946
2016-03-29,11.214186,0.000205,2.671914,0.905832
2016-03-30,11.148905,0.000249,2.655195,0.903861
2016-03-31,11.085072,0.000143,2.644618,0.911928
2016-04-01,11.014717,0.787033,2.624823,0.907027
2016-04-02,10.960727,0.000290,2.617904,0.914720
2016-04-03,10.899625,0.000001,2.649200,0.756575
2016-04-04,10.838897,0.000001,2.866793,0.922085
2016-04-05,10.778830,0.000001,7.337550,0.898629
2016-04-06,10.712201,0.000001,2.840218,0.903102
2016-04-07,10.661388,0.000001,3.646040,0.903495
2016-04-08,10.602893,0.000001,8.437488,2.878894
2016-04-09,10.544315,0.000001,2.548024,0.855593
2016-04-10,10.486403,0.000009,12.237543,5.970802
2016-04-11,10.422419,0.000000,26.931354,3.851667
2016-04-12,10.373768,0.000000,28.939475,3.132429
2016-04-13,10.318153,0.000000,21.458223,3.518569
2016-04-14,10.262453,0.000001,18.671099,3.623882
2016-04-15,10.206927,0.000000,30.895148,2.978823
2016-04-16,10.144759,0.000001,3.491044,3.916844
2016-04-17,10.097102,0.000001,3.211982,1.393723
2016-04-18,10.042616,0.000001,2.788867,0.852389
2016-04-19,9.988630,0.000001,3.059132,2.571626
2016-04-20,9.934902,0.000001,3.401902,1.642611
2016-04-21,9.875184,0.000001,4.641437,3.328060
2016-04-22,9.830497,0.000001,33.074100,7.942096
2016-04-23,9.780422,0.000000,35.337079,4.280446
2016-04-24,9.730646,0.000001,32.055250,6.201069
2016-04-25,9.681483,0.000001,33.798255,3.779769
2016-04-26,9.626046,0.000001,40.105803,3.259392
2016-04-27,9.584817,0.000001,38.729443,3.917077
2016-04-28,9.537137,0.000001,26.351150,6.989356
2016-04-29,9.499387,0.000001,36.610714,5.231644
2016-04-30,9.460415,0.000001,15.514503,2.317962
2016-05-01,9.414360,0.000220,30.546890,5.035937
2016-05-02,9.403590,0.000309,21.530496,4.572997
2016-05-03,9.393001,0.000300,20.910326,5.251308
2016-05-04,9.325875,0.000241,24.047213,5.325570
2016-05-05,9.242373,0.000253,32.447346,5.302925
2016-05-06,9.144588,0.000252,39.660417,4.567592
2016-05-07,9.053371,0.000004,63.721201,5.982289
2016-05-08,8.954519,0.000001,61.203242,4.622327
2016-05-09,8.853066,0.233758,83.536435,4.250536
2016-05-10,8.727983,1.148129,84.339275,3.837576
2016-05-11,8.554799,3.044651,106.741749,2.485626
2016-05-12,8.286979,4.227812,92.748784,2.649481
2016-05-13,8.007328,4.857631,104.623883,2.524789
2016-05-14,7.817926,9.913978,123.477942,2.408113
2016-05-15,7.802418,30.960617,135.501724,20.075623
2016-05-16,7.817077,16.605010,101.178105,5.184734
2016-05-17,8.162866,19.930812,122.767802,2.724098
2016-05-18,8.851134,19.874497,119.398803,3.948371
2016-05-19,9.695142,24.789532,138.169173,4.013148
2016-05-20,10.714447,20.186415,118.994191,3.218969
2016-05-21,11.843250,17.236222,60.358382,5.770768
2016-05-22,13.161992,5.292595,71.397390,9.113939
2016-05-23,14.836090,2.498882,70.962940,6.192214
2016-05-24,17.273765,10.048259,88.767027,5.346126
2016-05-25,20.356601,24.124996,100.622677,3.912101
2016-05-26,22.769640,10.107179,74.507346,4.968854
2016-05-27,25.544207,1.842935,80.380157,5.316268
2016-05-28,28.790361,2.040506,96.153971,9.358456
2016-05-29,32.050396,2.427235,98.423676,7.979353
2016-05-30,35.021542,4.126611,88.875065,4.247999
2016-05-31,37.574247,7.378137,91.510963,11.034023
2016-06-01,39.849060,14.589124,115.158007,11.231384
2016-06-02,42.885180,70.280100,154.605411,25.159221
2016-06-03,43.579634,129.554903,202.219654,21.282587
2016-06-04,51.010716,81.833580,181.384935,41.850174
2016-06-05,62.284033,72.013049,165.124669,35.417947
2016-06-06,75.128149,71.886065,174.439835,33.878327
2016-06-07,88.196803,69.614836,186.461994,38.240745
2016-06-08,101.779251,100.061477,182.752928,33.400443
2016-06-09,117.693428,246.790788,371.596096,64.051371
2016-06-10,142.635164,302.233034,364.151881,86.995491
2016-06-11,201.355128,220.481608,262.804434,71.674420
2016-06-12,266.557387,156.594453,211.025086,67.320575
2016-06-13,305.131795,133.178940,253.335987,97.142275
2016-06-14,325.138459,123.877761,237.412817,83.850636
2016-06-15,332.547811,112.401746,229.579768,90.318315
2016-06-16,326.933731,90.395680,240.682081,79.356251
2016-06-17,321.741086,47.467637,183.010251,66.271473
2016-06-18,313.503467,118.005647,344.288747,118.086014
2016-06-19,315.625503,214.075901,350.789956,164.012561
2016-06-20,352.673204,169.783118,247.227832,176.375173
2016-06-21,377.154196,128.726095,224.489925,159.307684
2016-06-22,380.358118,135.753309,246.326196,161.833420
2016-06-23,367.722845,154.965803,261.302808,197.399301
2016-06-24,353.419692,145.372037,248.326157,195.753554
2016-06-25,340.204100,138.700407,262.075349,192.036840
2016-06-26,329.040757,167.118903,227.199936,153.426872
2016-06-27,321.041375,181.525572,275.210277,192.405880
2016-06-28,319.505495,147.131240,224.658688,143.675547
2016-06-29,320.353689,98.404808,225.541674,134.155035
2016-06-30,317.441161,150.831456,233.957307,172.694312
2016-07-01,304.434869,121.238831,230.491791,185.918553
2016-07-02,297.620369,118.595147,234.294077,178.755897
2016-07-03,289.714587,122.931438,235.590841,179.858114
2016-07-04,282.916138,112.998650,219.823823,170.350943
2016-07-05,273.402056,107.413681,195.147260,127.277337
2016-07-06,273.075137,154.005272,265.033197,193.610323
2016-07-07,263.743917,157.613768,270.961518,211.576132
2016-07-08,257.401716,127.440960,275.362185,207.800405
2016-07-09,252.079044,131.312755,239.859169,182.719407
2016-07-10,245.115830,118.331106,243.597984,188.804597
2016-07-11,238.329937,125.582993,236.227562,168.457942
2016-07-12,229.570804,139.781700,238.254986,146.125762
2016-07-13,222.347802,147.225811,211.863778,158.826486
2016-07-14,215.560011,142.036057,194.406775,127.553591
2016-07-15,216.258660,226.110283,190.919560,160.451670
2016-07-16,215.471666,219.511309,173.173562,180.238787
2016-07-17,215.177892,155.691561,200.352097,194.150322
2016-07-18,216.518248,154.152723,186.269846,201.392758
2016-07-19,214.929395,156.021232,187.259258,195.987338
2016-07-20,201.205171,152.759309,181.910127,178.850204
2016-07-21,195.800193,154.257854,189.326715,177.586683
2016-07-22,191.653948,255.272375,186.359062,175.773535
2016-07-23,180.150965,213.974398,196.821317,205.335039
2016-07-24,173.362260,170.872778,193.166193,208.588893
2016-07-25,165.223400,175.274835,183.523838,186.604646
2016-07-26,157.198825,167.786830,176.245227,187.812072
2016-07-27,149.596035,153.459530,176.561664,185.532287
2016-07-28,143.837711,177.010040,180.242130,185.670536
2016-07-29,136.399732,159.099668,173.421720,171.285256
2016-07-30,130.581140,128.873676,160.479804,148.520138
2016-07-31,125.136257,121.488338,146.511349,130.402646
2016-08-01,120.382366,111.258017,157.896314,167.801059
2016-08-02,116.756572,127.265987,174.723970,152.417220
2016-08-03,112.392349,127.990989,162.119158,160.766323
2016-08-04,105.751014,103.622423,141.111228,121.835465
2016-08-05,103.194539,109.846949,137.890246,128.464884
2016-08-06,102.808114,138.931564,138.835525,136.929742
2016-08-07,101.488097,157.322497,140.023352,163.727896
2016-08-08,96.847358,170.259218,146.333742,167.054961
2016-08-09,92.130330,103.123356,120.186370,139.925237
2016-08-10,92.343122,184.727019,114.967055,138.711724
2016-08-11,87.885545,182.607382,113.638786,154.433422
2016-08-12,85.013904,127.240151,118.923600,155.619646
2016-08-13,83.299340,104.519587,100.766514,139.296657
2016-08-14,77.306441,122.446724,123.351204,125.945711
2016-08-15,84.050174,340.867791,157.194292,210.254810
2016-08-16,80.423697,301.913831,111.368049,193.236307
2016-08-17,80.455737,301.209924,119.803755,174.879645
2016-08-18,77.090098,180.598940,101.801314,141.594712
2016-08-19,77.118351,164.440677,123.487612,158.243776
2016-08-20,71.519414,93.723016,94.359167,116.374686
2016-08-21,69.873207,122.089777,76.669716,140.261828
2016-08-22,68.727818,159.462195,74.473056,128.186059
2016-08-23,65.882318,125.697165,77.221405,132.016117
2016-08-24,62.550098,110.089888,71.183377,129.608332
2016-08-25,60.035343,98.686136,71.426215,120.157588
2016-08-26,56.488765,116.761366,72.227220,105.546541
2016-08-27,56.808532,150.795900,64.034768,119.943294
2016-08-28,53.781152,90.157645,57.090267,104.665247
2016-08-29,50.343426,76.663471,49.442910,61.962090
2016-08-30,48.516887,87.483146,47.989393,44.003527
2016-08-31,47.595475,92.714583,49.293752,50.429742
2016-09-01,47.126134,79.154240,51.716751,47.618109
2016-09-02,45.912070,71.148074,49.603923,42.581786
2016-09-03,43.832820,72.734478,42.928763,51.388477
2016-09-04,47.710172,55.177712,56.799930,65.865710
2016-09-05,41.760510,36.712170,25.260957,83.741640
2016-09-06,44.992937,33.241845,39.325025,42.233451
2016-09-07,40.600407,56.422334,32.714860,64.519923
2016-09-08,39.578187,51.450700,25.198286,50.331845
2016-09-09,39.244825,81.980409,46.761411,92.640550
2016-09-10,38.341752,104.927153,64.647159,94.778450
2016-09-11,36.682899,86.488158,22.495341,54.074039
2016-09-12,35.901949,64.690343,20.638063,70.261935
2016-09-13,35.930273,52.866726,51.719207,53.654097
2016-09-14,35.413031,83.205937,95.654460,104.401184
2016-09-15,33.937204,93.407773,31.414392,67.572706
2016-09-16,33.497227,123.176577,28.133782,61.299585
2016-09-17,32.904288,24.575683,15.205809,52.569499
2016-09-18,34.444519,9.447753,17.230375,3.762160
2016-09-19,36.062773,25.025692,25.368182,26.904136
2016-09-20,32.525964,3.675483,11.671991,4.547801
2016-09-21,34.759521,0.178509,11.843329,6.979131
2016-09-22,30.234869,0.023984,10.874293,6.391757
2016-09-23,29.644545,0.428097,10.791793,6.085575
2016-09-24,29.220636,3.153465,11.547923,4.109618
2016-09-25,28.667119,2.508329,11.953852,5.326187
2016-09-26,28.312017,0.819322,10.338457,1.598123
2016-09-27,28.049142,0.605808,10.359034,2.167086
2016-09-28,27.800609,0.129066,10.010476,1.808069
2016-09-29,27.573571,0.612618,10.201566,1.550861
2016-09-30,27.365718,0.801738,9.946988,3.455187
2016-10-01,27.145718,0.520709,9.379882,1.363011
2016-10-02,26.958282,0.170726,12.553660,1.373916
2016-10-03,26.774842,0.671762,55.746857,18.640185
2016-10-04,28.325856,21.341330,94.687039,29.280282
2016-10-05,26.320105,12.733424,59.260538,25.102659
2016-10-06,25.169455,69.013990,64.548226,29.037893
2016-10-07,23.129323,67.172467,77.763443,34.019234
2016-10-08,22.951728,100.140782,69.527354,31.658344
2016-10-09,25.383806,3.981949,26.713182,9.092214
2016-10-10,30.634523,1.429933,32.837792,12.842493
2016-10-11,35.799062,4.395960,37.316034,12.237526
2016-10-12,39.348221,0.818691,21.450119,4.369142
2016-10-13,42.395913,0.115372,17.044006,1.254186
2016-10-14,45.888659,0.172201,18.634001,4.929509
2016-10-15,48.194869,0.709095,32.332748,2.700083
2016-10-16,50.803880,15.185327,45.632396,16.054019
2016-10-17,50.839335,12.381787,28.451571,10.119883
2016-10-18,51.803254,0.708223,17.557230,1.120720
2016-10-19,54.127422,0.883080,23.161063,1.358618
2016-10-20,59.146227,0.387772,17.179415,1.117282
2016-10-21,60.349260,3.946335,26.811122,1.376562
2016-10-22,61.781594,0.351125,17.391280,1.099831
2016-10-23,63.248909,0.016728,17.146381,1.117511
2016-10-24,65.217562,0.004911,17.117668,1.113249
2016-10-25,67.858539,0.003161,16.946624,1.207944
2016-10-26,67.615878,0.007003,16.682654,1.207697
2016-10-27,68.043608,0.003512,16.447113,1.210328
2016-10-28,67.950702,0.002323,16.204760,1.200134
2016-10-29,67.530217,0.002227,15.935236,1.208306
2016-10-30,66.863076,0.002219,15.652228,1.200698
2016-10-31,65.994361,0.001775,16.105942,1.534392
2016-11-01,64.913491,0.002032,17.238068,1.544827
2016-11-02,63.807346,0.001426,14.765401,1.263984
2016-11-03,62.569937,0.001567,14.496291,1.280730
2016-11-04,61.272364,0.003716,17.577308,1.279477
2016-11-05,59.938427,0.019453,24.560848,1.201119
2016-11-06,58.559630,0.019532,28.719244,1.686019
2016-11-07,57.265267,0.002762,13.481467,1.505939
2016-11-08,56.002491,0.001584,13.280336,1.249909
2016-11-09,54.809965,0.002645,13.115921,1.174718
2016-11-10,53.636880,0.001672,12.958872,1.392779
2016-11-11,52.452273,0.001582,12.796378,1.173054
2016-11-12,51.366050,0.001583,12.628122,1.272878
2016-11-13,50.268163,0.001583,12.474873,1.242724
2016-11-14,49.200265,0.001583,12.308037,1.221977
2016-11-15,48.168075,0.001584,12.126515,1.240586
2016-11-16,47.142297,0.001582,11.962428,1.261583
2016-11-17,46.211831,0.001583,11.783029,1.233199
2016-11-18,45.281910,0.001583,11.708664,1.224787
2016-11-19,44.379722,0.001582,11.447442,1.228373
2016-11-20,43.532929,0.001582,11.275188,1.224048
2016-11-21,42.718250,0.001581,11.530991,1.238582
2016-11-22,41.985405,0.001583,11.241359,1.221350
2016-11-23,41.241014,0.001583,11.256647,1.222001
2016-11-24,40.513372,0.001582,10.630161,1.212126
2016-11-25,39.808007,0.001582,10.467663,1.205445
2016-11-26,39.097072,0.001582,13.617677,1.208452
2016-11-27,38.452800,0.001838,10.820909,1.177952
2016-11-28,37.831118,0.001604,10.000968,1.193101
2016-11-29,37.176708,0.001582,9.860382,1.244831
2016-11-30,36.528863,0.001582,9.759717,1.174786
2016-12-01,35.874341,0.001581,9.585998,1.190082
2016-12-02,35.289784,0.001582,9.439590,1.189300
2016-12-03,34.707343,0.001582,9.324767,1.191674
2016-12-04,34.148949,0.001582,9.169445,1.171784
2016-12-05,33.598129,0.001473,18.262837,1.141190
2016-12-06,33.484532,0.002100,43.965380,1.230434
2016-12-07,38.893865,0.001976,35.391935,1.181450
2016-12-08,32.258762,0.003303,10.328795,1.170824
2016-12-09,31.748811,0.001585,8.692634,1.113054
2016-12-10,31.226235,0.001579,10.937548,1.195715
2016-12-11,35.492980,0.001573,18.401491,1.168115
2016-12-12,32.876414,0.001582,8.874935,1.153291
2016-12-13,29.894678,0.001582,8.681624,1.129751
2016-12-14,29.427320,0.001582,8.752310,1.148978
2016-12-15,29.004077,0.007854,8.745571,1.126641
2016-12-16,28.608926,0.002005,8.762968,1.176020
2016-12-17,28.291475,0.005902,8.728869,1.155025
2016-12-18,27.979128,0.010425,8.715998,1.120790
2016-12-19,27.687318,0.002064,8.655281,1.191027
2016-12-20,27.411746,0.001795,8.625750,1.144795
2016-12-21,27.126970,0.001729,8.556515,1.142852
2016-12-22,26.889451,0.001699,8.510205,1.121126
2016-12-23,26.635014,0.001784,8.446847,1.161212
2016-12-24,26.382092,0.002808,8.386972,1.131961
2016-12-25,26.129536,0.004563,8.320764,1.132055
2016-12-26,25.860547,0.007550,8.310045,1.153780
2016-12-27,25.634493,0.001944,8.181223,1.164483
2016-12-28,25.391887,0.001582,8.109693,1.166761
2016-12-29,25.149392,0.001582,8.027971,1.136711
2016-12-30,24.918230,0.001582,7.965763,1.163282
2016-12-31,24.689662,0.001581,8.091699,1.138862
2017-01-01,24.701961,0.000099,10.888144,1.186165
2017-01-02,24.487828,0.000039,9.118669,1.135406
2017-01-03,24.260740,0.000062,7.634353,1.154422
2017-01-04,24.034873,0.000223,7.645613,1.210056
2017-01-05,23.807465,0.000353,7.467027,1.150230
2017-01-06,23.562051,0.000025,7.401632,1.733899
2017-01-07,23.350684,0.000022,7.338796,1.128743
2017-01-08,23.126032,0.000022,7.228087,1.091982
2017-01-09,22.902269,0.000022,7.161570,1.148289
2017-01-10,22.679033,0.000022,7.078520,1.147813
2017-01-11,22.443649,0.000022,6.992148,1.140563
2017-01-12,22.246002,0.000022,6.911121,1.141241
2017-01-13,22.038986,0.000022,6.830751,1.142098
2017-01-14,21.833628,0.000022,6.748637,1.140212
2017-01-15,21.632235,0.000022,6.747675,1.141437
2017-01-16,21.418969,0.000708,6.592282,0.982191
2017-01-17,21.239501,0.000029,6.509133,1.144282
2017-01-18,21.046297,0.000022,6.430448,1.125410
2017-01-19,20.856048,0.000022,6.353717,1.140645
2017-01-20,20.668076,0.000022,6.268612,1.111029
2017-01-21,20.466512,0.000022,6.182831,1.129610
2017-01-22,20.295216,0.000022,6.107032,1.129475
2017-01-23,20.112194,0.000022,6.785929,1.124924
2017-01-24,19.930948,0.000022,13.721325,1.125687
2017-01-25,19.754552,0.000022,6.039343,1.080042
2017-01-26,19.567365,0.000022,5.795017,1.124953
2017-01-27,19.408305,0.000022,5.723965,1.099353
2017-01-28,19.236268,0.000022,5.636873,1.135384
2017-01-29,19.065514,0.000022,5.563156,1.120442
2017-01-30,18.898579,0.000022,5.592349,1.125875
2017-01-31,18.732315,0.000022,5.464838,1.011555
2017-02-01,18.555268,0.000022,5.363398,1.065943
2017-02-02,18.409095,0.000022,5.307440,1.127368
2017-02-03,18.251173,0.000022,5.255747,1.060018
2017-02-04,18.096029,0.000022,5.696491,1.108995
2017-02-05,17.946090,0.000022,8.518645,1.031147
2017-02-06,17.787663,0.000006,5.161695,1.108799
2017-02-07,17.656999,0.000000,5.948400,1.106156
2017-02-08,17.514322,0.000000,5.380617,1.067602
2017-02-09,17.373274,0.000000,4.886042,1.100574
2017-02-10,17.234117,0.000000,4.954501,1.061469
2017-02-11,17.085116,0.000000,5.262007,0.946650
2017-02-12,16.960099,0.000000,6.501481,1.090863
2017-02-13,16.824514,0.000000,4.675343,0.943672
2017-02-14,16.689331,0.000000,4.649019,1.013427
2017-02-15,16.555107,0.000000,4.576879,0.979693
2017-02-16,16.413297,0.000000,4.518440,1.085506
2017-02-17,16.298520,0.000000,4.591735,1.099049
2017-02-18,16.173013,0.000000,4.438946,1.280017
2017-02-19,16.049913,0.000000,4.394842,1.092099
2017-02-20,15.932247,0.000000,4.324421,1.034756
2017-02-21,15.804426,0.000000,4.295306,1.035079
2017-02-22,15.698863,0.000000,4.234189,1.074531
2017-02-23,15.583210,0.000000,4.195055,1.028327
2017-02-24,15.469300,0.000000,4.152003,3.425110
2017-02-25,15.357355,0.000000,4.111808,1.022333
2017-02-26,15.235354,0.000000,4.061150,1.063592
2017-02-27,15.135520,0.000000,4.154267,1.053702
2017-02-28,15.024713,0.000000,4.913624,1.012440
2017-03-01,14.904291,0.000000,6.390742,1.128887
2017-03-02,14.805799,0.000000,4.134558,1.034183
2017-03-03,14.699039,0.000000,3.848451,1.038667
2017-03-04,14.593485,0.000000,3.820892,1.033104
2017-03-05,14.488808,0.000000,3.770510,1.036826
2017-03-06,14.375404,0.000000,3.722682,1.040017
2017-03-07,14.284015,0.000000,3.696935,1.035023
2017-03-08,14.184396,0.000000,3.653364,1.028515
2017-03-09,14.086024,0.000000,3.612075,1.032554
2017-03-10,13.989845,0.000000,3.576041,1.036354
2017-03-11,13.885933,0.000000,4.309899,1.024377
2017-03-12,13.801669,0.000000,3.772649,1.030183
2017-03-13,13.708710,0.000000,3.491314,1.020701
2017-03-14,13.615976,0.000000,3.432841,1.013788
2017-03-15,13.523933,0.000000,3.392877,1.034271
2017-03-16,13.424979,0.000000,3.352223,1.012675
2017-03-17,13.346679,0.000000,3.337950,1.022655
2017-03-18,13.259237,0.000000,3.278827,1.010487
2017-03-19,13.171737,0.000000,3.258642,1.024211
2017-03-20,13.085554,0.000000,3.217213,0.870944
2017-03-21,12.991246,0.000000,3.217104,1.017702
2017-03-22,12.916103,0.000000,3.570999,2.477935
2017-03-23,12.833962,0.000000,3.138824,1.018896
2017-03-24,12.753170,0.000000,3.082346,0.987049
2017-03-25,12.672704,0.000000,3.058920,1.016136
2017-03-26,12.584204,0.000000,3.024768,0.991297
2017-03-27,12.514651,0.000000,2.984654,1.010673
2017-03-28,12.437930,0.000000,2.962560,2.528671
2017-03-29,12.364199,0.000000,2.925894,1.002663
2017-03-30,12.292281,0.000000,2.900817,0.997578
2017-03-31,12.220660,0.000000,2.863395,0.995337
2017-04-01,12.140695,0.000000,2.829925,0.992062
2017-04-02,12.077568,0.000000,2.819548,0.974067
2017-04-03,12.005974,0.000000,2.778182,0.972229
2017-04-04,11.934920,0.000000,2.768965,0.985569
2017-04-05,11.863544,0.000000,2.716721,0.993503
2017-04-06,11.783886,0.000000,2.712789,0.987631
2017-04-07,11.721368,0.000000,2.655925,0.987045
2017-04-08,11.652274,0.000000,2.646027,0.991878
2017-04-09,11.582977,0.000000,2.692412,3.037909
2017-04-10,11.514697,0.000000,2.649095,1.004270
2017-04-11,11.442414,0.000000,2.587807,2.338440
2017-04-12,11.387375,0.000000,2.550372,0.941295
2017-04-13,11.324661,0.000000,2.523732,0.975499
2017-04-14,11.262646,0.000000,2.476431,0.988253
2017-04-15,11.201240,0.000000,2.474612,0.970184
2017-04-16,11.132735,0.000000,2.462881,0.959200
2017-04-17,11.080434,0.000000,3.105164,0.955182
2017-04-18,11.020913,0.000000,2.504301,0.947163
2017-04-19,10.961829,0.000000,2.391294,0.949063
2017-04-20,10.903335,0.000000,2.350355,0.953585
2017-04-21,10.837197,0.000000,2.391244,0.943632
2017-04-22,10.786737,0.000000,2.445154,3.292315
2017-04-23,10.729309,0.000000,2.457301,4.157823
2017-04-24,10.671778,0.000000,3.202252,4.089193
2017-04-25,10.614490,0.000000,21.222515,7.573843
2017-04-26,10.550770,0.000000,11.476857,5.138671
2017-04-27,10.502571,0.000000,2.285157,0.942999
2017-04-28,10.447624,0.000000,2.184191,0.945031
2017-04-29,10.393312,0.000000,4.146152,1.282907
2017-04-30,10.340484,0.000000,8.275169,1.575788
2017-05-01,10.280528,0.000000,14.105577,3.177457
2017-05-02,10.235019,0.000000,19.523857,7.669501
2017-05-03,18.468532,0.000000,156.233554,4.036775
2017-05-04,19.376905,0.005117,145.895625,3.531987
2017-05-05,17.915025,0.000354,94.236662,3.234778
2017-05-06,14.038741,0.001672,52.862515,3.614047
2017-05-07,13.261132,0.305392,50.460894,3.387669
2017-05-08,13.093910,0.596164,70.470110,3.113393
2017-05-09,16.674615,11.688508,135.751228,2.467624
2017-05-10,15.971017,6.374329,58.051323,6.106023
2017-05-11,10.278255,0.892619,51.150243,5.227752
2017-05-12,8.447871,0.215757,9.088858,5.648021
2017-05-13,8.748750,0.042571,23.056526,6.122780
2017-05-14,12.039375,0.093718,41.386389,8.733658
2017-05-15,16.607891,2.508682,87.944230,5.307204
2017-05-16,14.998173,9.366818,77.427760,3.719384
2017-05-17,14.580487,14.700777,91.662514,2.675611
2017-05-18,15.370689,26.373915,119.827118,3.569683
2017-05-19,17.665138,43.751003,88.568710,8.284697
2017-05-20,18.696913,61.631329,130.843479,22.372573
2017-05-21,23.817328,95.017804,148.175772,22.717353
2017-05-22,35.008487,118.455618,125.532940,19.405898
2017-05-23,17.958671,82.378465,136.943887,16.595594
2017-05-24,21.629849,74.579418,138.094661,14.213684
2017-05-25,25.605151,54.971691,122.268569,21.815950
2017-05-26,30.757665,26.565210,132.218325,63.402674
2017-05-27,34.610618,7.206434,97.556156,35.806490
2017-05-28,40.291645,3.238481,90.359301,30.526555
2017-05-29,46.216147,17.058454,110.471622,20.259350
2017-05-30,51.068412,9.335434,124.595390,30.691501
2017-05-31,57.376021,1.860350,110.044195,31.716366
2017-06-01,65.307511,8.568133,125.721983,60.641088
2017-06-02,67.366652,18.714238,130.490269,41.739247
2017-06-03,71.534451,47.450749,145.346651,45.751510
2017-06-04,75.364964,62.523305,150.106135,41.703886
2017-06-05,81.224414,76.769147,150.301421,34.270224
2017-06-06,90.762663,73.837209,194.354354,64.840781
2017-06-07,99.003304,79.009624,208.103800,58.306353
2017-06-08,103.622478,77.198824,186.650296,56.400864
2017-06-09,110.839776,75.581030,205.715178,52.033970
2017-06-10,116.056939,67.471038,207.906408,63.859039
2017-06-11,121.343719,83.679685,222.104196,73.582225
2017-06-12,124.426624,85.685677,223.979114,73.603312
2017-06-13,124.732896,84.395488,219.267620,68.787286
2017-06-14,134.841500,140.835809,248.647026,93.825474
2017-06-15,131.648249,128.640788,258.899380,99.455613
2017-06-16,137.006885,127.079143,244.245405,85.124597
2017-06-17,144.005955,110.093027,259.817088,108.969026
2017-06-18,148.509384,102.622092,259.130521,104.650226
2017-06-19,152.618661,94.271014,234.976443,97.227099
2017-06-20,156.911649,116.173214,207.972165,116.122638
2017-06-21,158.559539,151.229029,230.147813,144.465953
2017-06-22,163.653631,135.517471,217.476821,139.310825
2017-06-23,170.676066,123.424345,244.304509,152.211030
2017-06-24,180.569143,123.369430,236.479529,159.017081
2017-06-25,184.208707,124.296077,235.455379,168.356604
2017-06-26,184.881150,113.381488,254.182412,160.797851
2017-06-27,188.926572,113.382572,208.808365,131.001733
2017-06-28,189.296625,111.927891,238.989214,180.422833
2017-06-29,188.181571,109.290291,224.951214,165.474171
2017-06-30,186.879059,103.231697,213.727336,153.829510
2017-07-01,182.820363,106.406249,221.210280,164.678198
2017-07-02,179.197197,138.548671,236.785738,196.237878
2017-07-03,175.625839,120.783229,212.767139,163.061050
2017-07-04,170.433095,38.272736,124.829023,40.102634
2017-07-05,169.145491,15.535598,124.063844,43.709318
2017-07-06,161.920654,124.315741,176.760726,82.801184
2017-07-07,154.329072,206.564363,132.380065,167.363008
2017-07-08,147.069872,141.808766,134.568465,152.644242
2017-07-09,143.575934,157.060665,124.557901,178.013604
2017-07-10,140.109820,131.099592,122.832428,155.477752
2017-07-11,138.669966,116.565727,145.526400,146.104563
2017-07-12,137.705453,129.761337,152.610675,190.397323
2017-07-13,132.838832,98.465406,164.745647,141.355995
2017-07-14,129.642277,134.886646,152.024703,123.080123
2017-07-15,129.260276,188.118257,98.662637,164.286164
2017-07-16,127.462096,103.875780,94.650390,148.923036
2017-07-17,123.617888,99.351625,97.165719,115.806851
2017-07-18,122.198320,119.531249,107.959131,145.232918
2017-07-19,120.832004,111.160328,131.682258,171.657454
2017-07-20,121.072637,150.739582,120.447640,204.486096
2017-07-21,115.827140,131.596035,132.240129,157.072443
2017-07-22,112.877242,129.788947,106.960400,159.686317
2017-07-23,113.090725,146.753226,132.783669,162.007505
2017-07-24,123.187754,277.331909,197.372110,199.327990
2017-07-25,124.562809,463.773959,118.761183,214.042124
2017-07-26,131.291491,494.175016,203.780024,294.251393
2017-07-27,130.929023,302.552502,106.167734,207.581738
2017-07-28,129.371269,174.140909,99.929283,184.606954
2017-07-29,127.154233,155.993125,100.476810,187.388792
2017-07-30,123.295251,165.520243,106.249105,184.659520
2017-07-31,118.020755,164.488230,96.138048,171.311766
2017-08-01,113.920639,136.643542,96.867388,166.346105
2017-08-02,112.454650,141.283942,99.603537,157.242586
2017-08-03,105.443528,149.077254,101.215084,159.653788
2017-08-04,100.824698,132.758633,100.026178,144.499983
2017-08-05,95.494014,115.330451,100.295656,138.574531
2017-08-06,92.299185,128.407325,103.928090,130.504790
2017-08-07,87.821791,120.683827,103.282057,150.412351
2017-08-08,87.233018,127.727008,98.813633,200.066091
2017-08-09,82.010237,118.156748,71.621609,152.117988
2017-08-10,81.596267,142.472286,69.483648,155.346330
2017-08-11,76.695328,125.931125,60.471065,121.752169
2017-08-12,74.223281,111.429382,62.938583,113.223499
2017-08-13,73.333302,140.149711,68.772901,131.444946
2017-08-14,69.974023,129.721968,71.835699,144.336643
2017-08-15,66.675463,118.624599,64.833800,118.634835
2017-08-16,64.483542,107.523254,68.176626,120.112338
2017-08-17,62.313245,125.001515,67.561575,107.439674
2017-08-18,59.522157,75.298609,58.236722,72.102207
2017-08-19,56.219586,82.197227,77.054445,140.012318
2017-08-20,55.397944,77.877442,76.409072,115.487471
2017-08-21,54.777827,68.759668,93.220778,130.357286
2017-08-22,52.656490,88.550532,98.472129,115.874956
2017-08-23,51.492947,113.578704,93.889428,161.362529
2017-08-24,51.047699,78.830469,71.276648,148.931839
2017-08-25,49.111280,84.077811,62.798397,100.293836
2017-08-26,49.434963,145.071577,60.801413,91.501663
2017-08-27,46.755498,134.884342,85.102920,141.387537
2017-08-28,44.829722,101.509207,51.441648,102.165000
2017-08-29,51.604100,146.013393,62.388974,99.026685
2017-08-30,50.634193,188.762928,70.301525,135.865383
2017-08-31,52.978596,152.768065,64.983216,150.245514
2017-09-01,47.882777,137.935881,65.151872,122.601314
2017-09-02,42.185992,94.932275,62.826648,108.307618
2017-09-03,38.104170,80.576896,43.413601,79.177591
2017-09-04,37.114728,60.440803,37.765204,51.312437
2017-09-05,37.863415,53.742440,39.483015,62.682017
2017-09-06,37.031765,41.998661,50.613926,67.943839
2017-09-07,36.854978,60.271297,44.543852,79.129672
2017-09-08,35.772349,44.412219,45.950780,77.324861
2017-09-09,38.081851,36.801095,40.602007,61.786943
2017-09-10,34.588182,46.333864,39.036886,74.094655
2017-09-11,38.155491,31.734563,49.746467,27.107152
2017-09-12,36.960258,16.749598,31.858621,56.782766
2017-09-13,32.902517,8.828412,15.826745,46.832919
2017-09-14,34.458850,35.083615,77.163140,56.688215
2017-09-15,45.977203,244.892034,127.141902,162.617743
2017-09-16,36.155214,111.202479,82.505010,121.318454
2017-09-17,29.774703,54.223290,45.467924,71.400834
2017-09-18,28.527049,36.852338,23.113767,72.590360
2017-09-19,27.502505,31.170225,16.497350,53.239780
2017-09-20,27.811612,35.246588,20.743635,53.975142
2017-09-21,27.606707,29.011611,17.188815,33.835278
2017-09-22,27.914930,32.961166,19.260822,39.882359
2017-09-23,33.679149,11.509258,19.112070,14.959640
2017-09-24,32.912205,3.913348,13.559727,24.729595
2017-09-25,30.389473,31.158213,89.839710,23.486382
2017-09-26,28.765126,93.457039,154.053469,47.937870
2017-09-27,27.040883,6.246754,15.899589,3.750271
2017-09-28,30.848559,0.477864,13.918888,3.091498
2017-09-29,29.494108,0.278391,12.492180,1.539204
2017-09-30,31.150966,0.035591,12.904360,1.397922
2017-10-01,32.866014,0.001431,13.010366,1.365218
2017-10-02,34.477560,0.000538,13.822083,2.109096
2017-10-03,35.858953,0.216388,13.124824,1.472292
2017-10-04,36.984248,0.029990,13.011751,2.372108
2017-10-05,37.852604,0.179161,16.261528,3.570054
2017-10-06,39.031162,0.109970,17.363241,1.546062
2017-10-07,43.402804,0.075573,14.055795,1.722198
2017-10-08,44.573882,0.001481,16.134045,1.468580
2017-10-09,39.954924,0.018721,13.816213,2.319064
2017-10-10,39.832175,0.007770,16.787796,1.448584
2017-10-11,39.810888,0.000491,12.904445,1.534789
2017-10-12,44.500600,0.000546,15.886126,1.322807
2017-10-13,45.754598,0.000183,11.641360,1.314143
2017-10-14,39.426464,0.000180,10.958323,1.340033
2017-10-15,39.144770,0.000208,10.884810,1.310126
2017-10-16,39.375784,0.000192,17.307926,1.500477
2017-10-17,39.913291,14.722434,67.949238,11.608256
2017-10-18,39.520119,0.607860,11.222935,1.405744
2017-10-19,38.089514,0.018418,11.731589,1.452888
2017-10-20,37.109576,0.001365,11.962225,1.563196
2017-10-21,37.100643,0.000328,12.477043,1.390992
2017-10-22,36.267442,0.000192,11.345760,1.293441
2017-10-23,35.995594,0.000158,11.550536,1.292461
2017-10-24,35.980734,0.000151,11.428192,1.297677
2017-10-25,35.959777,0.000147,11.386515,1.306831
2017-10-26,35.909415,0.002322,21.886824,2.805412
2017-10-27,47.580579,3.992592,17.961984,3.308659
2017-10-28,36.142314,0.565370,11.389732,1.299328
2017-10-29,35.682922,0.003083,11.291173,1.977766
2017-10-30,35.431800,0.000163,11.509494,1.313846
2017-10-31,35.215332,0.000114,11.337040,2.198718
2017-11-01,34.992558,0.000118,18.850679,1.745330
2017-11-02,40.216177,0.000113,10.965717,1.277668
2017-11-03,34.633333,0.000116,10.873622,1.288229
2017-11-04,34.430117,0.000120,10.788698,1.275132
2017-11-05,34.216028,0.000110,11.419389,1.267277
2017-11-06,33.967098,0.000131,10.638762,1.273075
2017-11-07,33.751692,0.000145,10.528457,1.264033
2017-11-08,33.498228,0.000144,10.441153,1.245477
2017-11-09,33.233752,0.000138,10.340479,1.270447
2017-11-10,32.955513,0.000131,10.255559,1.236639
2017-11-11,32.639379,0.000112,10.145329,1.239947
2017-11-12,32.360914,0.000122,10.141701,1.258293
2017-11-13,32.052188,0.000111,9.962373,1.255021
2017-11-14,31.734093,0.000107,9.858330,1.250116
2017-11-15,31.414368,0.000106,9.754653,1.252295
2017-11-16,31.072807,0.000106,9.652966,1.220272
2017-11-17,30.774720,0.000106,9.569126,1.237370
2017-11-18,30.454739,0.000106,9.456991,1.244638
2017-11-19,30.132758,0.000106,9.375124,4.395255
2017-11-20,29.812554,0.000105,9.258988,1.234447
2017-11-21,29.471768,0.000102,9.166200,1.227219
2017-11-22,29.171117,0.000103,9.061393,1.225249
2017-11-23,28.852534,0.000104,8.960706,1.226304
2017-11-24,28.537469,0.000104,8.870479,1.219090
2017-11-25,28.224470,0.000108,17.032730,1.281586
2017-11-26,27.892970,0.000113,9.152561,1.199248
2017-11-27,27.603139,0.000107,8.596000,1.322682
2017-11-28,27.297013,0.000106,16.782841,1.252347
2017-11-29,26.991716,0.000106,32.628675,1.229877
2017-11-30,26.685187,0.000100,26.317607,1.407974
2017-12-01,26.423122,0.002235,9.166867,1.201182
2017-12-02,26.159227,0.002963,8.329059,1.195244
2017-12-03,25.857952,0.000123,8.342330,1.196356
2017-12-04,25.554664,0.000106,8.323043,1.191353
2017-12-05,25.259465,0.000107,8.353482,1.187554
2017-12-06,24.955048,0.000106,8.328294,1.171164
2017-12-07,24.691501,0.000106,8.313773,1.194935
2017-12-08,24.419740,0.000106,8.467318,1.156978
2017-12-09,24.158496,0.000107,10.735032,1.177127
2017-12-10,23.904098,0.000107,9.028795,1.196245
2017-12-11,23.644387,0.000112,8.281394,1.177741
2017-12-12,23.425572,0.000131,8.211846,1.166487
2017-12-13,23.193274,0.000126,8.115531,1.177565
2017-12-14,22.962869,0.000110,8.064315,1.166768
2017-12-15,22.737277,0.000110,8.037047,1.176248
2017-12-16,22.500477,0.000109,7.990257,1.146048
2017-12-17,22.298225,0.000109,8.019790,1.170475
2017-12-18,22.086518,0.000110,7.890435,1.165247
2017-12-19,21.878150,0.000112,7.834859,1.159755
2017-12-20,21.671513,0.000112,7.782979,1.178347
2017-12-21,21.456711,0.000109,7.724466,1.159903
2017-12-22,21.275579,0.000111,7.668015,1.158018
2017-12-23,21.082893,0.000109,7.618451,1.167869
2017-12-24,20.892881,0.000109,7.548690,1.163673
2017-12-25,20.704359,0.000107,7.496832,1.155220
2017-12-26,20.504193,0.000106,7.438259,1.143785
2017-12-27,20.334625,0.000106,7.371946,1.155516
2017-12-28,20.151416,0.000106,7.334606,1.131027
2017-12-29,19.969617,0.000106,7.245761,1.135994
2017-12-30,19.791668,0.000106,7.202570,1.174053
2017-12-31,19.617402,0.000106,7.152384,1.131987
2018-01-01,19.469533,0.000053,7.097304,1.141066
2018-01-02,19.315073,0.000053,7.043838,1.135581
2018-01-03,19.150314,0.000053,6.973084,1.122186
2018-01-04,18.987625,0.000053,6.927351,1.131734
2018-01-05,18.827414,0.000053,6.863401,1.127146
2018-01-06,18.660269,0.000058,6.808102,1.132135
2018-01-07,18.521801,0.000061,6.758802,1.131866
2018-01-08,18.372419,0.000061,6.674817,1.122771
2018-01-09,18.223494,0.000061,6.834219,1.122348
2018-01-10,18.077518,0.000064,8.975476,1.133333
2018-01-11,17.921107,0.000061,7.027102,1.124773
2018-01-12,17.794021,0.000061,6.451926,1.118994
2018-01-13,17.656719,0.000061,6.396094,1.130216
2018-01-14,17.521936,0.000061,6.347408,1.114852
2018-01-15,17.390793,0.000061,6.286492,1.116384
2018-01-16,17.248495,0.000061,6.230814,1.127004
2018-01-17,17.130899,0.000056,6.175447,1.108372
2018-01-18,17.001774,0.000053,6.118712,1.127314
2018-01-19,16.872839,0.000053,6.064495,1.106140
2018-01-20,16.744601,0.000052,6.048829,1.126560
2018-01-21,16.605925,0.000052,5.943650,1.104188
2018-01-22,16.491419,0.000053,5.896037,1.109536
2018-01-23,16.365753,0.000053,5.839890,1.107637
2018-01-24,16.241776,0.000053,5.789283,1.106938
2018-01-25,16.119962,0.000053,5.724644,1.113823
2018-01-26,15.988123,0.000053,5.676937,1.104019
2018-01-27,15.879967,0.000053,5.626057,1.098958
2018-01-28,15.762060,0.000053,5.567668,1.089453
2018-01-29,15.645254,0.000053,5.524861,1.097473
2018-01-30,15.530111,0.000053,5.463535,1.110608
2018-01-31,15.416701,0.000053,5.461315,1.093907
2018-02-01,15.293328,0.000053,5.612818,1.087408
2018-02-02,15.192675,0.000053,5.316764,1.090642
2018-02-03,15.081859,0.000053,5.284858,1.135944
2018-02-04,14.971393,0.000053,5.231133,1.092911
2018-02-05,14.863017,0.000053,5.177418,1.083099
2018-02-06,14.747253,0.000053,5.112093,1.083867
2018-02-07,14.653723,0.000053,5.080594,1.076578
2018-02-08,14.551416,0.000053,5.024185,1.093059
2018-02-09,14.451959,0.000053,4.987744,1.071567
2018-02-10,14.354772,0.000053,4.930074,1.076409
2018-02-11,14.248468,0.000053,4.880549,1.082158
2018-02-12,14.162685,0.000053,4.830598,1.060588
2018-02-13,14.067835,0.000053,4.779605,1.070168
2018-02-14,13.974348,0.000053,4.739320,1.063114
2018-02-15,13.881812,0.000053,4.687682,1.069066
2018-02-16,13.780169,0.000053,4.702038,1.065362
2018-02-17,13.697764,0.000053,4.711016,1.067682
2018-02-18,13.606817,0.000105,4.540558,1.056071
2018-02-19,13.516670,0.000188,4.493307,1.066699
2018-02-20,13.428538,0.000062,4.454257,1.032578
2018-02-21,13.332979,0.000108,4.389677,1.054819
2018-02-22,13.258017,0.000144,4.358718,1.048636
2018-02-23,13.175088,0.000063,4.313099,1.042891
2018-02-24,13.092934,0.000269,4.475851,1.038013
2018-02-25,13.011776,0.000617,4.243604,1.046196
2018-02-26,12.923504,0.000094,4.176751,1.040511
2018-02-27,12.854628,0.000053,4.140130,1.035263
2018-02-28,12.778240,0.000053,4.087735,1.863733
2018-03-01,12.695179,0.000053,4.046335,1.029327
2018-03-02,12.630683,0.000053,4.011818,1.033440
2018-03-03,12.557804,0.000053,3.967835,1.018976
2018-03-04,12.485729,0.000053,3.922192,1.032128
2018-03-05,12.415396,0.000053,3.890679,1.014956
2018-03-06,12.337211,0.000080,3.831797,1.010506
2018-03-07,12.276133,0.000053,3.798928,1.013235
2018-03-08,12.207256,0.000053,3.755905,1.023250
2018-03-09,12.139122,0.000053,3.717658,1.013325
2018-03-10,12.070453,0.000053,3.676563,1.016159
2018-03-11,11.993364,0.000059,3.645210,1.012533
2018-03-12,11.933402,0.000056,3.605811,1.007431
2018-03-13,11.865931,0.000053,3.553393,1.014486
2018-03-14,11.798616,0.000053,3.525778,1.003989
2018-03-15,11.731341,0.000053,3.481563,1.015993
2018-03-16,11.656598,0.000053,3.452336,0.998405
2018-03-17,11.599287,0.000077,8.725986,1.806492
2018-03-18,11.534262,0.000153,21.106026,1.965844
2018-03-19,11.469587,0.000147,27.348804,1.769304
2018-03-20,11.406038,0.000154,13.011115,2.433897
2018-03-21,11.334920,0.000153,5.183128,1.021012
2018-03-22,11.279766,0.000062,3.418147,1.000788
2018-03-23,11.216491,0.000053,3.193751,0.995121
2018-03-24,11.153280,0.000053,3.159435,1.025660
2018-03-25,11.090629,0.000053,3.138815,1.000293
2018-03-26,11.020491,0.000053,3.161551,1.014279
2018-03-27,10.965663,0.000053,3.180174,1.019369
2018-03-28,10.903367,0.000052,3.602053,1.015820
2018-03-29,10.842231,0.000052,3.850497,1.008607
2018-03-30,10.782099,0.000052,3.704493,1.009037
2018-03-31,10.722363,0.000053,3.886025,1.012845
2018-04-01,10.656047,0.000053,3.772069,1.012378
2018-04-02,10.605388,0.000053,3.446642,1.008788
2018-04-03,10.547811,0.000053,3.410587,1.006137
2018-04-04,10.490426,0.000053,3.027372,1.012571
2018-04-05,10.433147,0.000053,3.690718,1.016294
2018-04-06,10.368849,0.000053,3.626458,1.001003
2018-04-07,10.319292,0.000053,2.910023,1.006261
2018-04-08,10.263336,0.000053,2.873788,0.997682
2018-04-09,10.207404,0.000053,2.827145,1.002422
2018-04-10,10.152128,0.000053,2.712486,1.004451
2018-04-11,10.090510,0.000054,3.231232,1.000735
2018-04-12,10.043968,0.000054,3.023841,1.308920
2018-04-13,9.991421,0.000054,2.742983,1.009066
2018-04-14,9.940016,0.000054,2.778116,1.008393
2018-04-15,9.889781,0.000054,2.611881,1.029102
2018-04-16,9.833262,0.000054,28.638588,1.519575
2018-04-17,9.790582,0.000054,86.571556,4.410756
2018-04-18,9.738544,0.000054,51.319821,5.122765
2018-04-19,9.733052,0.000054,38.789665,5.379594
2018-04-20,9.742376,0.000054,51.096532,4.599864
2018-04-21,9.688897,0.283721,40.242458,6.789937
2018-04-22,9.570832,0.474163,15.133707,6.691999
2018-04-23,9.426638,0.060674,8.574619,2.630954
2018-04-24,9.235855,0.069744,11.462904,5.899192
2018-04-25,9.099230,0.383889,10.973562,2.377189
2018-04-26,8.996474,0.056832,10.311454,4.499763
2018-04-27,8.891309,0.043441,14.821441,5.237727
2018-04-28,8.822049,0.011804,6.582946,5.556003
2018-04-29,8.769877,0.000066,4.731834,5.086031
2018-04-30,8.740631,0.000054,7.504576,5.965871
2018-05-01,8.728265,0.000054,5.232263,1.003624
2018-05-02,8.744246,0.000054,3.908765,0.991221
2018-05-03,8.769486,0.000054,8.636793,1.249273
2018-05-04,8.802973,0.000054,8.520716,0.996146
2018-05-05,8.845062,0.000054,21.712635,5.856820
2018-05-06,8.887854,0.000054,13.956345,5.568090
2018-05-07,8.945288,0.000054,18.724341,5.045401
2018-05-08,8.998052,0.000054,24.930547,0.979031
2018-05-09,9.048490,0.000054,22.490588,1.002814
2018-05-10,9.096337,0.000054,19.976863,4.875952
2018-05-11,9.135276,0.000054,26.630511,6.248487
2018-05-12,9.183782,0.000054,15.815015,1.147677
2018-05-13,9.221706,0.000054,27.325559,4.708459
2018-05-14,9.267727,0.000054,8.757226,3.885779
2018-05-15,9.316244,0.000054,11.534611,5.264133
2018-05-16,9.340613,0.000054,11.375736,4.094286
2018-05-17,9.364643,0.000054,15.695073,3.747480
2018-05-18,9.411193,0.162609,9.811887,3.384943
2018-05-19,9.411876,0.038197,15.480897,2.767792
2018-05-20,9.370669,0.000096,14.375093,4.796917
2018-05-21,9.319826,0.000054,14.710893,5.016914
2018-05-22,9.341560,0.000054,21.305840,4.793453
2018-05-23,9.559474,0.000054,30.075380,7.310148
2018-05-24,9.557081,0.962795,19.593194,6.983207
2018-05-25,9.453319,0.148756,14.250872,4.458644
2018-05-26,11.415489,1.630437,26.941812,8.408276
2018-05-27,11.049966,1.075590,28.026851,6.730674
2018-05-28,9.755712,0.142064,26.874136,6.387974
2018-05-29,10.871664,0.626263,40.438820,5.489855
2018-05-30,11.017462,1.326680,53.916225,4.997235
2018-05-31,10.773310,1.619168,85.641099,4.294351
2018-06-01,10.948886,0.775778,128.032129,3.710358
2018-06-02,12.253576,2.070746,153.802339,5.569411
2018-06-03,12.647779,4.739391,152.873264,10.681671
2018-06-04,13.479429,12.899655,159.159940,8.924402
2018-06-05,14.296268,24.561076,179.817579,9.725192
2018-06-06,16.057547,187.708481,493.548881,86.608906
2018-06-07,20.591822,94.706053,153.314079,48.778030
2018-06-08,29.269527,74.312032,143.993264,37.608691
2018-06-09,37.785019,93.109868,181.126346,36.636772
2018-06-10,46.186183,90.388727,147.669884,27.594072
2018-06-11,49.263599,67.751770,164.240629,54.252694
2018-06-12,57.944264,74.294240,154.826177,63.851342
2018-06-13,67.792902,74.522744,172.793657,53.610375
2018-06-14,74.243338,46.846204,138.618501,25.437583
2018-06-15,87.159772,59.030590,175.670541,55.706225
2018-06-16,94.313385,55.127799,169.668771,37.074017
2018-06-17,107.545300,62.323979,193.513098,50.614899
2018-06-18,112.638519,64.024627,194.661865,56.942054
2018-06-19,122.906720,75.788240,207.673555,73.791986
2018-06-20,126.073575,47.421004,196.630540,48.468238
2018-06-21,133.744903,64.161513,179.987575,77.779322
2018-06-22,137.844732,66.447542,183.170742,71.044107
2018-06-23,147.779134,97.530766,186.715630,98.733957
2018-06-24,153.018867,67.284179,165.228157,51.826184
2018-06-25,166.356418,89.445892,196.748701,105.855179
2018-06-26,172.941202,98.972064,187.118208,88.685465
2018-06-27,179.654129,84.822211,206.791256,89.373071
2018-06-28,183.294845,55.392721,177.040449,93.576275
2018-06-29,192.206529,106.207348,180.445089,136.162658
2018-06-30,200.632194,69.715200,165.795325,91.280760
2018-07-01,208.383142,78.031899,162.363200,107.790946
2018-07-02,211.870147,78.258044,155.768396,97.452496
2018-07-03,215.385167,72.561618,145.203546,139.382301
2018-07-04,222.630256,79.916175,146.366385,108.054539
2018-07-05,222.673070,75.179886,139.274721,106.144968
2018-07-06,224.795187,105.338873,173.763892,164.021687
2018-07-07,221.076555,102.293037,191.234269,154.999965
2018-07-08,214.844758,87.123163,148.347203,122.356266
2018-07-09,214.690335,97.189707,147.382758,174.401830
2018-07-10,213.156302,103.666467,148.831693,172.979696
2018-07-11,213.271481,109.832387,172.022083,172.262561
2018-07-12,214.177472,141.592133,181.144636,190.750538
2018-07-13,214.472580,164.367423,179.642325,197.681055
2018-07-14,222.403315,169.521581,189.811103,189.264159
2018-07-15,230.258719,293.787108,226.397920,211.565366
2018-07-16,235.007511,134.285641,209.106136,192.200684
2018-07-17,262.085995,173.421015,218.992968,201.188771
2018-07-18,256.638394,179.373063,215.455322,213.609785
2018-07-19,254.576841,127.901612,194.514706,152.345657
2018-07-20,255.378969,149.273741,178.231762,195.942305
2018-07-21,245.371035,124.489808,160.115383,154.877458
2018-07-22,237.295064,120.517649,169.449897,165.510302
2018-07-23,229.237976,129.475776,166.720625,164.092723
2018-07-24,215.941176,90.609692,170.159905,118.499386
2018-07-25,209.974193,147.841667,182.060898,189.338333
2018-07-26,198.740943,108.765437,136.948702,138.996151
2018-07-27,196.503815,123.836330,158.219593,173.449283
2018-07-28,189.965840,152.229592,164.557690,179.504568
2018-07-29,186.124673,232.198280,172.716211,188.990870
2018-07-30,187.835308,395.762777,196.118216,197.145719
2018-07-31,179.557913,265.538682,173.748859,169.783219
2018-08-01,182.406843,190.002082,171.031555,165.146958
2018-08-02,178.931556,190.942489,159.235586,153.918643
2018-08-03,171.211902,144.241920,158.198043,162.687190
2018-08-04,161.651913,124.108681,153.327951,146.752674
2018-08-05,152.442503,130.974291,160.381449,147.295282
2018-08-06,145.869827,148.774906,161.148652,166.291621
2018-08-07,137.628591,140.961351,159.581558,148.689144
2018-08-08,133.610889,164.152692,189.080340,196.316345
2018-08-09,125.562340,160.076816,170.405830,181.021904
2018-08-10,122.522582,198.110531,150.693417,157.768592
2018-08-11,116.961089,143.264979,149.714634,141.495720
2018-08-12,118.144188,296.353730,137.650346,137.713817
2018-08-13,117.524118,386.343639,212.232366,242.143718
2018-08-14,116.117410,422.589769,247.612300,251.214513
2018-08-15,108.735790,198.188024,133.992613,129.568018
2018-08-16,103.395657,115.297450,144.842988,97.293273
2018-08-17,104.459300,164.001462,112.094810,152.683554
2018-08-18,96.218928,111.059179,111.826432,121.440509
2018-08-19,91.666950,94.887961,90.110325,114.338742
2018-08-20,87.138613,98.799780,86.942389,100.982482
2018-08-21,85.527421,59.263255,69.958036,38.553575
2018-08-22,77.443259,78.448605,83.648689,75.306521
2018-08-23,73.925804,137.314293,79.753227,80.912233
2018-08-24,70.720969,56.184512,78.282383,48.147627
2018-08-25,71.910294,47.527046,66.214987,51.551327
2018-08-26,70.458862,33.217715,64.910337,62.537686
2018-08-27,63.410183,62.813330,61.489966,85.798859
2018-08-28,61.106593,44.523587,57.233217,71.286165
2018-08-29,59.179384,20.648031,64.052612,47.588354
2018-08-30,57.809277,12.922368,105.267419,68.522492
2018-08-31,57.952291,25.884845,43.250555,101.737651
2018-09-01,56.685494,22.282666,28.116041,60.437966
2018-09-02,52.436108,10.802948,39.490407,79.731694
2018-09-03,50.387314,21.505358,37.137068,51.646626
2018-09-04,50.918301,23.786216,28.786160,69.463530
2018-09-05,47.751469,49.701861,93.293775,44.640752
2018-09-06,46.375586,46.191347,86.052855,63.292663
2018-09-07,43.509930,52.708674,54.700469,75.090810
2018-09-08,42.064298,55.674468,66.241900,74.981369
2018-09-09,43.524155,21.701180,53.460491,70.321169
2018-09-10,45.026342,11.015201,27.558338,21.692810
2018-09-11,48.812790,9.258896,31.027384,30.922079
2018-09-12,51.861056,14.428440,22.122352,32.865181
2018-09-13,53.669313,27.213901,29.441421,22.973027
2018-09-14,57.047737,21.386614,34.883830,14.192177
2018-09-15,58.231733,23.192862,28.947582,36.128194
2018-09-16,61.948685,14.950186,26.474173,18.050104
2018-09-17,62.501315,10.645169,30.803424,16.488191
2018-09-18,61.628536,26.753633,31.862364,26.468696
2018-09-19,60.548522,7.693388,16.747769,21.186973
2018-09-20,60.182447,1.669381,16.538574,5.349770
2018-09-21,60.091461,0.319559,16.208515,3.864987
2018-09-22,60.142573,0.038740,15.798445,2.483805
2018-09-23,60.090104,0.002051,15.565979,2.545016
2018-09-24,59.947443,0.267786,14.961237,3.149958
2018-09-25,60.861496,0.027395,14.471162,1.449941
2018-09-26,60.333540,0.000857,14.092921,1.444802
2018-09-27,58.473971,0.000811,14.997188,1.503596
2018-09-28,61.722063,0.056716,13.606176,2.305613
2018-09-29,59.359342,0.020603,13.005716,2.016632
2018-09-30,56.157874,0.001039,19.698094,2.512223
2018-10-01,55.355536,0.000845,12.367985,1.433774
2018-10-02,54.791168,0.000817,12.023685,1.412161
2018-10-03,53.966036,0.000819,11.735953,1.403161
2018-10-04,53.278759,0.000841,11.473371,1.399281
2018-10-05,52.589916,0.000826,11.207999,2.482174
2018-10-06,51.856377,0.000758,19.361623,1.393876
2018-10-07,51.180282,0.000805,11.160632,1.382831
2018-10-08,50.462569,0.000773,10.477611,1.391252
2018-10-09,49.747760,0.000784,10.250465,1.379395
2018-10-10,49.038455,0.000768,10.061223,2.133055
2018-10-11,48.284850,0.000832,9.872984,1.367418
2018-10-12,47.584256,0.000835,26.614248,1.707134
2018-10-13,46.840511,0.000849,12.590321,1.355901
2018-10-14,46.116051,0.000746,9.410331,1.366666
2018-10-15,45.399052,0.000663,9.286507,1.423562
2018-10-16,44.665311,0.000728,9.205954,1.371025
2018-10-17,43.995290,0.000788,9.088775,1.383919
2018-10-18,43.301965,0.000640,9.159161,1.371351
2018-10-19,42.606079,0.000739,9.207723,1.380451
2018-10-20,41.912919,0.000777,8.746559,1.374833
2018-10-21,41.205057,0.000820,8.634638,1.368527
2018-10-22,40.570190,0.000721,8.509908,1.487166
2018-10-23,39.910849,0.000603,8.422549,1.371579
2018-10-24,39.255261,0.000664,8.279643,1.373217
2018-10-25,38.620150,0.000727,8.161388,1.359369
2018-10-26,37.992780,0.000762,8.111272,1.944671
2018-10-27,37.438135,0.000709,22.298484,1.479163
2018-10-28,36.873241,0.000735,7.822963,1.358287
2018-10-29,36.323085,0.000739,7.712019,1.371457
2018-10-30,35.790363,0.000757,7.627201,1.320594
2018-10-31,35.275186,0.000713,7.530696,1.340635
2018-11-01,34.758691,0.000587,7.636590,1.386889
2018-11-02,34.306147,0.000578,7.366731,1.314901
2018-11-03,33.835006,0.000639,7.272583,1.298116
2018-11-04,33.372146,0.000686,7.159360,1.298943
2018-11-05,32.915010,0.000711,7.091770,1.307274
2018-11-06,32.442360,0.000672,7.140332,1.309341
2018-11-07,32.019792,0.000667,7.321837,1.278434
2018-11-08,31.585691,0.000645,13.094966,1.342690
2018-11-09,31.161316,0.000669,22.690012,1.461706
2018-11-10,30.745849,0.000655,6.684008,1.295360
2018-11-11,30.316848,0.000624,7.524240,1.299209
2018-11-12,29.935347,0.000627,6.887900,1.288681
2018-11-13,29.541773,0.000625,6.675583,1.280412
2018-11-14,29.155210,0.000658,6.567563,1.277275
2018-11-15,28.777597,0.000718,6.392418,1.272366
2018-11-16,28.386444,0.000701,6.344835,1.281907
2018-11-17,28.042092,0.000618,32.285175,1.310354
2018-11-18,27.693698,0.000486,7.723190,1.273183
2018-11-19,27.360300,0.000670,53.602780,1.383871
2018-11-20,27.021414,0.000763,122.105218,1.443925
2018-11-21,26.770362,0.000730,7.277909,1.253212
2018-11-22,26.495828,0.000648,10.143419,1.265341
2018-11-23,26.153890,0.000657,8.488465,1.245436
2018-11-24,25.815392,0.000623,10.060174,1.253647
2018-11-25,25.488796,0.000664,8.912458,1.256291
2018-11-26,25.157045,0.000628,8.948561,1.261674
2018-11-27,24.870439,0.000617,8.993343,1.249732
2018-11-28,24.578049,0.000679,9.006780,1.241293
2018-11-29,24.298174,0.000585,9.011937,1.702309
2018-11-30,24.027574,0.000450,8.983221,1.242739
2018-12-01,23.751441,0.000475,8.955953,1.241971
2018-12-02,23.516368,0.000615,8.899104,1.241575
2018-12-03,23.274213,0.000761,8.841570,1.226114
2018-12-04,23.039496,0.000731,8.773123,1.234070
2018-12-05,22.810601,0.000475,8.704489,1.226762
2018-12-06,22.571649,0.000437,8.624898,1.230117
2018-12-07,22.370754,0.000448,8.533373,1.227389
2018-12-08,22.157886,0.000438,8.448463,1.224836
2018-12-09,21.949328,0.000442,8.359253,1.226042
2018-12-10,21.744590,0.000443,8.245238,1.227899
2018-12-11,21.526717,0.000444,9.902334,1.230224
2018-12-12,21.342974,0.000450,12.324431,1.209682
2018-12-13,21.149110,0.000440,14.879751,1.236113
2018-12-14,20.959594,0.000437,9.538827,1.222296
2018-12-15,20.773675,0.000437,13.872610,1.211926
2018-12-16,20.574146,0.000437,7.759981,1.206203
2018-12-17,20.405711,0.000437,7.818681,1.217007
2018-12-18,20.225257,0.000502,8.113994,4.027474
2018-12-19,20.049020,0.000623,7.473931,1.227370
2018-12-20,19.876833,0.000684,7.451996,1.217728
2018-12-21,19.694867,0.000552,7.282922,1.185826
2018-12-22,19.544394,0.000454,7.233655,1.865793
2018-12-23,19.385470,0.000472,8.184798,1.230297
2018-12-24,19.230038,0.000438,11.096033,1.195196
2018-12-25,19.075602,0.000515,7.502809,1.203581
2018-12-26,18.910132,0.000537,7.223270,1.182926
2018-12-27,18.775615,0.000444,7.332723,1.186316
2018-12-28,18.632731,0.000579,6.849641,1.170343
2018-12-29,18.492103,0.000512,6.723619,1.174653
2018-12-30,18.353431,0.000444,6.662913,1.170690
2018-12-31,18.215972,0.000438,6.589941,1.180112
2019-01-01,18.075682,0.000001,6.556015,1.180022
2019-01-02,17.953008,0.000001,8.915449,1.171153
2019-01-03,17.818641,0.000000,6.600839,1.159692
2019-01-04,17.684941,0.000001,8.203363,1.170903
2019-01-05,17.551086,0.000001,6.300267,1.183657
2019-01-06,17.409794,0.000177,6.229209,1.147358
2019-01-07,17.292324,0.000010,6.161043,1.163996
2019-01-08,17.161378,0.000001,11.201253,1.160287
2019-01-09,17.029643,0.000000,7.968898,1.152822
2019-01-10,16.897748,0.000000,5.990791,1.154477
2019-01-11,16.755985,0.000000,5.924789,1.141150
2019-01-12,16.640543,0.000000,5.875413,1.159824
2019-01-13,16.514583,0.000000,5.831880,1.142494
2019-01-14,16.389470,0.000000,5.765397,1.161130
2019-01-15,16.264827,0.000000,5.706948,1.132453
2019-01-16,16.130925,0.000000,5.968137,1.110459
2019-01-17,16.021875,0.000000,5.593478,1.156747
2019-01-18,15.902662,0.000000,5.560094,1.084374
2019-01-19,15.783898,0.000000,5.508271,1.125750
2019-01-20,15.665067,0.000000,5.466659,1.109296
2019-01-21,15.535831,0.000000,5.404461,1.154171
2019-01-22,15.430154,0.000000,5.347862,1.098945
2019-01-23,15.314906,0.000000,5.297171,1.085096
2019-01-24,15.200987,0.000000,5.253741,1.130473
2019-01-25,15.089586,0.000000,5.211980,1.106751
2019-01-26,14.968720,0.000000,5.144957,1.111600
2019-01-27,14.871008,0.000001,5.202142,1.109731
2019-01-28,14.765432,0.000000,5.059967,1.115153
2019-01-29,14.661242,0.000000,5.000299,1.104698
2019-01-30,14.557628,0.000000,4.963992,1.092925
2019-01-31,14.457816,0.000000,4.906249,1.098548
2019-02-01,14.351878,0.000000,4.863068,1.104082
2019-02-02,14.266702,0.000000,5.026381,1.073394
2019-02-03,14.172093,0.000000,4.771406,1.095190
2019-02-04,14.078042,0.000000,4.703126,1.111984
2019-02-05,13.985645,0.000000,4.668629,1.096943
2019-02-06,13.885149,0.000000,4.623241,1.125569
2019-02-07,13.804655,0.000000,4.572649,1.118866
2019-02-08,13.715586,0.000000,4.525213,1.108044
2019-02-09,13.629324,0.000000,4.478895,1.114033
2019-02-10,13.546241,0.000000,4.441070,1.107128
2019-02-11,13.455879,0.000118,4.394279,1.110796
2019-02-12,13.384502,0.002184,4.345490,1.118024
2019-02-13,13.304810,0.001971,4.312717,1.103953
2019-02-14,13.226079,0.000400,4.252152,1.104279
2019-02-15,13.148085,0.000371,4.217371,1.114434
2019-02-16,13.063089,0.000339,4.178528,1.099982
2019-02-17,12.996368,0.000351,4.139272,1.101406
2019-02-18,12.920880,0.000128,4.094652,1.099267
2019-02-19,12.846112,0.000001,4.065765,1.098039
2019-02-20,12.773679,0.000001,4.023954,1.092684
2019-02-21,12.694388,0.000001,9.699107,1.095146
2019-02-22,12.633128,0.000001,5.789567,1.104619
2019-02-23,12.562910,0.000000,3.923503,1.085011
2019-02-24,12.493324,0.000000,3.869400,1.086422
2019-02-25,12.423892,0.000000,3.928884,1.118623
2019-02-26,12.345610,0.000113,3.805645,1.086792
2019-02-27,12.284933,0.002303,3.757983,1.079434
2019-02-28,12.215863,0.002659,4.899038,1.089988
2019-03-01,12.139027,0.001766,3.974440,1.090437
2019-03-02,12.080056,0.001035,3.650698,1.089579
2019-03-03,12.012361,0.000499,3.628343,1.073534
2019-03-04,11.944854,0.000014,3.593089,1.076946
2019-03-05,11.877015,0.000000,3.551927,1.066456
2019-03-06,11.801342,0.000000,3.534445,1.085635
2019-03-07,11.742888,0.000001,3.487616,1.076617
2019-03-08,11.676331,0.000000,3.485210,1.069838
2019-03-09,11.609707,0.000182,3.429872,1.082335
2019-03-10,11.542715,0.000003,3.405697,1.069809
2019-03-11,11.468122,0.000000,3.377332,1.067748
2019-03-12,11.410111,0.000000,3.343674,1.057798
2019-03-13,11.344963,0.000000,3.318495,1.102529
2019-03-14,11.280140,0.000000,3.283970,1.064807
2019-03-15,11.215794,0.000000,3.267309,1.062154
2019-03-16,11.144163,0.000000,3.236757,1.055620
2019-03-17,11.088504,0.000000,3.202450,1.080112
2019-03-18,11.025356,0.000000,3.178529,1.059183
2019-03-19,10.962101,0.000000,3.134531,1.044122
2019-03-20,10.899116,0.000000,3.131034,1.039715
2019-03-21,10.829075,0.000000,3.087466,1.064365
2019-03-22,10.775159,0.000000,3.071671,1.053456
2019-03-23,10.714975,0.000494,3.039578,1.042689
2019-03-24,10.655861,0.000179,3.010116,2.624763
2019-03-25,10.597400,0.000004,2.979685,1.036049
2019-03-26,10.531815,0.000000,2.964164,1.048800
2019-03-27,10.481556,0.000077,2.928022,1.037833
2019-03-28,10.424745,0.000002,2.907011,1.043754
2019-03-29,10.368206,0.000000,2.878597,1.031642
2019-03-30,10.312067,0.001493,2.855845,1.064327
2019-03-31,10.256151,0.001928,2.828126,1.069576
2019-04-01,10.193982,0.018075,2.802057,1.067908
2019-04-02,10.146969,0.001205,2.791832,3.037824
2019-04-03,10.093852,0.001136,2.986400,1.055445
2019-04-04,10.040939,0.001145,2.731661,1.051821
2019-04-05,9.988542,0.001152,2.779460,1.046726
2019-04-06,9.929895,0.000350,3.590078,2.032175
2019-04-07,9.885301,0.000008,26.492108,3.551358
2019-04-08,9.834656,0.000000,14.149528,3.003047
2019-04-09,9.784911,0.000000,12.209573,2.383249
2019-04-10,9.735492,0.000000,40.254037,1.852932
2019-04-11,9.677237,0.000000,17.369383,4.930882
2019-04-12,9.641556,0.000000,48.771018,3.277748
2019-04-13,9.642311,0.000000,46.995875,4.007178
2019-04-14,9.618443,0.000000,83.915324,2.962563
2019-04-15,9.424947,0.000000,17.246695,1.908146
2019-04-16,8.972086,0.000000,7.296781,4.104891
2019-04-17,8.793170,0.000000,4.349247,3.270302
2019-04-18,8.786050,0.000000,6.330695,3.246934
2019-04-19,8.856522,0.025034,10.939204,5.022551
2019-04-20,8.979457,0.101317,5.455038,3.906594
2019-04-21,9.116333,0.259053,6.657517,3.515910
2019-04-22,9.261190,0.047428,6.371248,0.938737
2019-04-23,9.384696,0.000053,5.424329,0.946358
2019-04-24,9.507820,0.000000,7.711828,4.479583
2019-04-25,9.658195,0.000000,5.980029,1.127410
2019-04-26,9.810375,0.000000,16.635311,4.304385
2019-04-27,10.712865,0.313858,51.536134,4.572269
2019-04-28,12.035643,2.420676,63.729639,3.598148
2019-04-29,12.684122,2.623122,128.574944,3.111269
2019-04-30,13.535017,3.722703,58.502710,3.963976
2019-05-01,11.261717,1.650015,67.625873,4.585733
2019-05-02,12.220080,1.172781,89.999190,5.747759
2019-05-03,12.177809,0.006598,22.278311,3.778908
2019-05-04,17.721010,2.370773,139.530750,8.784177
2019-05-05,23.614578,18.443185,152.608438,21.210138
2019-05-06,20.156006,16.163374,103.323087,7.675776
2019-05-07,31.093380,19.300143,69.410169,9.396559
2019-05-08,37.232026,17.702552,62.854768,9.175764
2019-05-09,43.825729,8.756673,46.144938,9.790106
2019-05-10,44.810798,2.866085,43.918340,7.888252
2019-05-11,48.997249,3.088426,44.199029,13.641384
2019-05-12,51.622242,0.724250,37.905568,3.630521
2019-05-13,49.941094,0.038732,35.003303,7.008284
2019-05-14,70.231429,1.621407,80.083744,27.217764
2019-05-15,79.460703,12.213683,101.478906,19.979306
2019-05-16,75.445994,45.545792,99.908605,28.337758
2019-05-17,61.453312,35.649298,82.254873,17.610088
2019-05-18,63.911887,22.640381,88.353217,25.095100
2019-05-19,72.055597,28.325365,82.353120,26.055608
2019-05-20,78.740032,16.657444,84.679653,19.357527
2019-05-21,88.550412,13.715770,88.713960,27.255103
2019-05-22,92.563892,34.079280,103.928655,18.384782
2019-05-23,95.489324,49.302758,129.670050,25.069276
2019-05-24,98.852489,36.838304,121.476868,17.749024
2019-05-25,105.460619,47.584211,123.841248,16.600206
2019-05-26,109.737102,53.752910,129.662703,24.269073
2019-05-27,115.291122,42.838562,132.268055,18.325827
2019-05-28,121.063473,36.537245,124.072964,14.740449
2019-05-29,129.261250,39.924585,143.131000,17.750348
2019-05-30,131.678628,41.174704,154.594579,21.141319
2019-05-31,136.427442,43.432847,145.721286,13.435201
2019-06-01,138.466563,45.698418,136.829548,10.140435
2019-06-02,138.861773,54.792098,160.211520,22.751824
2019-06-03,138.709400,68.576725,175.018733,32.393822
2019-06-04,138.806223,71.320409,179.030033,37.628360
2019-06-05,139.589231,70.630846,194.930638,40.279625
2019-06-06,144.899416,66.119346,174.991773,30.685081
2019-06-07,145.153218,105.493131,223.902168,54.322939
2019-06-08,153.250082,91.651014,242.053090,55.026521
2019-06-09,158.455913,97.940175,215.189236,50.132660
2019-06-10,167.739645,73.509464,208.814309,46.453015
2019-06-11,174.385242,102.682142,250.954272,68.004299
2019-06-12,182.696560,111.829610,186.180206,80.216434
2019-06-13,203.882387,117.001134,183.599817,101.047306
2019-06-14,223.630762,143.860138,204.668893,105.846220
2019-06-15,233.463874,142.112896,196.034190,99.669595
2019-06-16,246.072168,162.851765,227.434177,110.140879
2019-06-17,262.385934,194.072589,236.014462,114.821473
2019-06-18,259.677431,133.298375,225.382309,100.093759
2019-06-19,274.238289,167.780655,250.292090,119.896439
2019-06-20,270.821428,129.963719,234.415355,117.095231
2019-06-21,270.460176,119.159905,234.046734,112.246154
2019-06-22,265.928918,115.214547,232.404338,114.265733
2019-06-23,260.613667,117.311341,279.601957,139.040923
2019-06-24,256.563401,148.373625,231.883507,128.028452
2019-06-25,253.050047,170.146497,300.005937,187.096862
2019-06-26,249.798170,145.947423,333.625536,194.109850
2019-06-27,255.888278,155.627305,279.634503,172.803377
2019-06-28,252.180860,131.797691,257.880764,160.232254
2019-06-29,251.240669,133.821399,240.395526,160.968606
2019-06-30,248.796094,94.552891,224.618478,135.952060
2019-07-01,244.838414,81.978652,256.294516,158.499156
2019-07-02,238.719851,91.220715,234.339060,128.820593
2019-07-03,236.140291,178.629508,222.808698,180.264157
2019-07-04,238.177562,130.826479,241.865694,174.180717
2019-07-05,241.173584,157.641177,248.582301,182.695939
2019-07-06,240.156964,153.559479,247.046708,189.205040
2019-07-07,229.644847,141.685598,266.476817,188.373150
2019-07-08,223.241017,156.047944,271.119138,185.762190
2019-07-09,215.365583,139.492264,246.033741,173.836943
2019-07-10,208.775613,126.791903,232.322122,173.928007
2019-07-11,202.775888,151.619402,252.137688,173.191105
2019-07-12,194.472475,133.361900,240.452145,176.985397
2019-07-13,186.587141,135.448603,249.703704,182.681640
2019-07-14,179.622820,157.785709,287.332568,205.146684
2019-07-15,174.675693,259.426864,235.314385,165.974474
2019-07-16,172.357838,241.740760,224.924250,153.605071
2019-07-17,168.941032,166.220056,244.808171,162.322731
2019-07-18,170.625308,162.703355,250.680324,192.968982
2019-07-19,169.472389,168.190404,244.324128,188.637850
2019-07-20,162.737091,155.311329,259.715657,208.685083
2019-07-21,157.420833,160.299285,237.035672,225.358318
2019-07-22,154.950443,170.008695,236.156498,206.772981
2019-07-23,146.252248,156.111806,225.989471,179.558781
2019-07-24,141.770015,138.677887,224.216171,170.700902
2019-07-25,136.812218,143.585604,182.610580,116.452279
2019-07-26,129.022095,116.674121,175.690677,130.663750
2019-07-27,122.750403,142.733690,186.209614,162.494688
2019-07-28,117.203120,160.358345,163.244967,115.732999
2019-07-29,116.492142,260.624170,187.527953,181.735204
2019-07-30,124.337814,484.532555,265.571849,255.899017
2019-07-31,124.719801,582.938541,207.998370,264.181547
2019-08-01,123.952787,366.373562,123.799485,214.183461
2019-08-02,124.866422,195.936754,131.612522,196.954838
2019-08-03,121.815245,155.627914,129.259498,194.112605
2019-08-04,116.213381,146.878894,142.284566,193.532022
2019-08-05,113.110502,184.471919,144.480156,201.317815
2019-08-06,105.267096,164.225180,126.266854,150.329610
2019-08-07,102.494521,143.578289,144.050919,175.852508
2019-08-08,98.111169,136.261196,126.027737,155.355848
2019-08-09,94.099460,124.600121,134.428357,146.511502
2019-08-10,90.307015,132.435291,124.284348,152.467023
2019-08-11,86.849731,118.582479,117.585199,109.416646
2019-08-12,84.822883,115.181282,119.016304,134.475814
2019-08-13,81.512339,142.060953,137.402126,141.006988
2019-08-14,77.545274,112.871477,110.137278,106.815285
2019-08-15,74.179487,112.166048,105.758727,107.627576
2019-08-16,74.407666,151.725631,109.193565,104.638128
2019-08-17,69.135703,118.313697,111.514552,107.411860
2019-08-18,64.520173,75.418479,109.827197,86.335346
2019-08-19,63.713821,94.014686,116.141721,135.951603
2019-08-20,60.657812,109.457092,102.302476,89.702397
2019-08-21,57.359608,96.996869,97.386817,50.800460
2019-08-22,54.891564,83.384523,89.995593,46.395372
2019-08-23,52.608788,76.448114,84.138164,40.503710
2019-08-24,50.957105,81.025552,72.353225,40.691238
2019-08-25,50.159384,166.019120,98.252678,89.564549
2019-08-26,47.935335,129.778472,84.591864,84.979898
2019-08-27,46.480665,97.963602,83.556528,50.608783
2019-08-28,45.176052,81.036593,71.823204,54.021352
2019-08-29,43.962661,63.372474,64.152129,65.422373
2019-08-30,42.787905,47.870774,67.021881,75.958436
2019-08-31,41.716642,47.202924,58.733615,74.757263
2019-09-01,41.985102,34.829439,61.185628,37.930845
2019-09-02,44.250499,41.561868,78.535548,73.596408
2019-09-03,39.231447,58.370890,70.821638,63.734985
2019-09-04,38.397364,88.056950,80.322180,83.095545
2019-09-05,38.099277,100.044585,52.609655,59.494016
2019-09-06,42.340203,47.601496,74.832787,38.838413
2019-09-07,37.084839,54.593619,51.891287,58.521970
2019-09-08,35.227520,54.312059,32.914730,42.774927
2019-09-09,34.647538,30.177722,26.528640,21.944950
2019-09-10,35.195184,44.894478,34.613525,42.864349
2019-09-11,33.042649,17.360508,26.391840,49.624632
2019-09-12,32.379137,6.955409,18.361302,32.286462
2019-09-13,31.730439,6.016153,18.081180,28.075708
2019-09-14,31.124232,3.609862,20.644124,28.224445
2019-09-15,30.547520,2.219394,17.025690,25.065592
2019-09-16,29.985757,5.948963,20.885287,34.204480
2019-09-17,29.488805,1.319005,18.187150,24.241721
2019-09-18,29.278191,0.156763,18.341956,2.313935
2019-09-19,31.077518,7.534530,20.721150,3.195456
2019-09-20,34.161094,8.738657,30.688792,10.538279
2019-09-21,28.172611,23.479591,38.908765,21.201113
2019-09-22,28.905164,31.958828,81.213308,31.832986
2019-09-23,27.148299,87.430970,122.592197,70.817552
2019-09-24,27.980437,93.529998,60.187404,55.823752
2019-09-25,28.012878,71.953967,17.892774,49.699860
2019-09-26,25.723873,62.967356,13.964505,39.862307
2019-09-27,25.445437,190.756884,122.279402,86.473029
2019-09-28,24.297776,109.487407,36.172977,57.383580
2019-09-29,23.645502,39.875421,14.064930,47.382381
2019-09-30,23.370790,21.350571,10.460928,38.096377
2019-10-01,23.173979,7.111657,25.645123,11.088963
2019-10-02,23.104900,4.763736,42.060870,10.690752
2019-10-03,23.277425,5.388041,44.144832,9.685319
2019-10-04,23.495863,8.865186,115.875900,34.867339
2019-10-05,23.066510,60.015108,94.109028,23.041031
2019-10-06,20.584475,69.420746,108.584315,31.777410
2019-10-07,20.685141,10.824903,18.010714,1.511303
2019-10-08,21.745261,1.441547,23.920496,1.668697
2019-10-09,24.296793,5.197708,20.781566,2.788441
2019-10-10,26.192341,0.643576,12.983980,1.658488
2019-10-11,28.095732,0.025421,11.457021,1.657845
2019-10-12,29.818909,0.000140,10.156870,1.532299
2019-10-13,31.323573,0.000018,9.533830,1.658887
2019-10-14,38.003827,0.000002,9.535289,1.648688
2019-10-15,33.635642,0.000000,8.919309,1.629699
2019-10-16,34.473524,0.000000,8.787991,1.627393
2019-10-17,35.158992,0.000000,8.705800,2.713200
2019-10-18,35.679545,0.000000,8.732840,2.258934
2019-10-19,36.080116,0.000000,10.490765,2.266507
2019-10-20,42.714749,0.000000,9.571990,1.622735
2019-10-21,36.521413,0.000000,9.274387,1.610420
2019-10-22,36.637089,0.000000,9.663286,1.606857
2019-10-23,36.643738,0.000000,9.801103,1.612919
2019-10-24,36.574933,0.000000,9.693491,1.606600
2019-10-25,36.454178,0.000000,9.501673,1.606652
2019-10-26,36.261651,0.000000,9.276447,1.420116
2019-10-27,36.090367,0.000000,9.062039,1.414848
2019-10-28,38.359910,0.000000,12.725631,1.410643
2019-10-29,45.460185,0.000000,9.413442,1.473006
2019-10-30,35.329327,0.000000,8.495452,1.404701
2019-10-31,35.047712,0.000000,8.296732,1.459248
2019-11-01,34.710532,0.000000,8.140297,1.425036
2019-11-02,34.393088,0.000000,7.998508,1.390284
2019-11-03,34.031814,0.000000,7.819665,1.397284
2019-11-04,33.663030,0.000000,7.672120,1.392899
2019-11-05,33.288627,0.000000,8.067137,1.410958
2019-11-06,32.889208,0.000000,7.426802,1.384724
2019-11-07,32.534698,0.000000,11.004655,1.402291
2019-11-08,32.157140,0.000000,29.774542,1.449023
2019-11-09,31.804026,0.000000,9.380498,1.375925
2019-11-10,31.470391,0.000000,45.874895,1.422490
2019-11-11,31.061383,0.000000,23.311419,1.559166
2019-11-12,30.668280,0.094133,10.324378,1.420226
2019-11-13,30.320702,1.190878,14.880803,1.367175
2019-11-14,29.821383,0.003473,26.267586,1.579877
2019-11-15,29.247598,0.000000,7.863764,1.357586
2019-11-16,28.808314,0.000000,8.240517,1.417529
2019-11-17,28.501104,0.000000,9.397666,1.418226
2019-11-18,28.229522,0.000000,15.698415,1.438079
2019-11-19,27.999641,0.000000,9.232991,1.347381
2019-11-20,27.791211,0.000000,9.273853,1.405505
2019-11-21,27.587521,0.000000,9.501457,1.403305
2019-11-22,27.427976,0.000000,9.254215,1.337469
2019-11-23,27.256153,0.000000,9.298475,1.334404
2019-11-24,27.090072,0.000000,9.320312,1.345747
2019-11-25,26.919643,0.000000,9.308704,1.325766
2019-11-26,26.723377,0.000000,9.292198,1.330821
2019-11-27,26.557151,0.000000,9.251894,1.323617
2019-11-28,26.371507,0.000000,9.222255,1.334728
2019-11-29,26.186931,0.000000,9.169211,1.320061
2019-11-30,26.002062,0.000000,9.237626,1.411010
2019-12-01,25.793999,0.000000,10.174208,1.444044
2019-12-02,25.614538,0.000000,15.020252,1.405693
2019-12-03,25.413623,0.000000,9.082743,1.304165
2019-12-04,25.211383,0.000000,8.803315,1.303266
2019-12-05,25.005635,0.000000,8.712747,1.306426
2019-12-06,24.780662,0.000000,8.638002,1.300276
2019-12-07,24.586234,0.000000,8.565439,1.302878
2019-12-08,24.372282,0.000000,8.439675,1.298743
2019-12-09,24.158143,0.000000,8.375640,1.284918
2019-12-10,23.943220,0.000000,8.284178,1.301204
2019-12-11,23.710865,0.000000,8.183467,1.289461
2019-12-12,23.510141,0.000000,8.107815,1.348239
2019-12-13,23.294279,0.000000,7.998968,1.286613
2019-12-14,23.080497,0.000000,7.910474,1.358226
2019-12-15,22.866726,0.000000,7.811156,1.277671
2019-12-16,22.635854,0.000000,7.717845,1.269601
2019-12-17,22.437698,0.000000,7.620805,1.278397
2019-12-18,22.224351,0.000000,7.532189,1.266169
2019-12-19,22.011748,0.000000,7.430328,1.268040
2019-12-20,21.800547,0.000000,7.349625,1.316440
2019-12-21,21.576446,0.000000,7.241797,1.324967
2019-12-22,21.387729,0.000000,7.153700,1.936866
2019-12-23,21.189887,0.000000,7.064551,1.296576
2019-12-24,20.998571,0.000000,6.970559,1.315913
2019-12-25,20.813054,0.000000,6.882375,1.341028
2019-12-26,20.614506,0.000000,6.779803,1.311822
2019-12-27,20.446980,0.000000,6.706914,1.259435
2019-12-28,20.269177,0.000000,6.616213,1.310335
2019-12-29,20.095175,0.000000,6.531982,1.258785
2019-12-30,19.923656,0.000000,6.458993,1.310795
2019-12-31,19.754655,0.000000,6.361913,1.258114

