time,MAR_land,MAR_ice,RACMO_land,RACMO_ice
2015-01-01,0.000000,0.000017,2.404350,0.368817
2015-01-02,0.000000,0.000000,2.379643,0.370279
2015-01-03,0.000000,0.000000,2.346271,0.370572
2015-01-04,0.000000,0.000000,2.318952,0.365970
2015-01-05,0.000000,0.000000,2.290863,0.373304
2015-01-06,0.000000,0.000000,2.269283,0.366151
2015-01-07,0.000000,0.000362,2.231934,0.369178
2015-01-08,0.000000,0.000746,2.213725,0.365866
2015-01-09,0.000000,0.000747,2.185104,0.370627
2015-01-10,0.000000,0.000748,2.167385,0.364991
2015-01-11,0.000000,0.000749,2.132965,0.366765
2015-01-12,0.000000,0.000744,2.111198,0.362321
2015-01-13,0.000000,0.000744,2.080071,0.380480
2015-01-14,0.000000,0.017196,2.068813,0.354416
2015-01-15,0.000000,0.126988,2.040230,0.362910
2015-01-16,0.000000,0.196193,2.011339,0.366404
2015-01-17,0.000000,0.229452,2.014959,0.359360
2015-01-18,0.000000,0.244629,2.062573,0.361906
2015-01-19,0.000000,0.256464,1.947832,0.361774
2015-01-20,0.000000,0.272169,1.925490,0.364163
2015-01-21,0.000000,0.314254,1.902317,0.359176
2015-01-22,0.000000,0.332912,1.883077,0.361226
2015-01-23,0.000000,0.343108,1.858574,0.361306
2015-01-24,0.000000,0.349697,1.837930,0.359562
2015-01-25,0.000000,0.350183,1.823211,0.361167
2015-01-26,0.000000,0.347013,1.806839,0.359474
2015-01-27,0.000000,0.344938,1.777878,0.355174
2015-01-28,0.000000,0.344479,1.762261,0.357644
2015-01-29,0.000000,0.343805,1.739240,0.360099
2015-01-30,0.000000,0.341413,1.723925,0.358142
2015-01-31,0.000000,0.339032,1.704723,0.352609
2015-02-01,0.000000,0.343334,1.679897,0.355145
2015-02-02,0.000000,0.346113,1.691120,0.379195
2015-02-03,0.000000,0.117640,1.826565,0.407866
2015-02-04,0.000000,0.074669,1.683069,0.351365
2015-02-05,0.000000,0.078616,1.617780,0.357018
2015-02-06,0.000000,0.081168,1.617016,0.351637
2015-02-07,0.000000,0.193773,3.287189,0.404343
2015-02-08,0.000000,0.339782,1.568044,0.355306
2015-02-09,0.000000,0.378019,1.544750,0.352007
2015-02-10,0.000000,0.368951,1.537840,0.355709
2015-02-11,0.000000,0.373050,1.517554,0.351375
2015-02-12,0.000000,0.369062,1.506345,0.351089
2015-02-13,0.000000,0.358070,1.485209,0.350421
2015-02-14,0.000000,0.334614,1.477694,0.355307
2015-02-15,0.000000,0.317285,1.455933,0.350212
2015-02-16,0.000000,0.331327,1.447771,0.350398
2015-02-17,0.000000,0.326014,1.429975,0.351182
2015-02-18,0.000000,0.318709,1.420969,0.348698
2015-02-19,0.000000,0.314714,1.403209,0.348652
2015-02-20,0.000000,0.315727,1.390969,0.347340
2015-02-21,0.000000,0.317705,1.374910,0.351012
2015-02-22,0.000000,0.324663,1.366452,0.347875
2015-02-23,0.000000,0.335943,1.352681,0.346818
2015-02-24,0.000000,0.343827,1.341211,0.352402
2015-02-25,0.000000,0.343435,1.323533,0.346687
2015-02-26,0.000000,0.340011,1.311631,0.344306
2015-02-27,0.000000,0.336278,1.302482,0.339167
2015-02-28,0.000000,0.334629,1.296523,0.347773
2015-03-01,0.000000,0.295477,1.278733,0.345032
2015-03-02,0.000000,0.280907,1.263575,0.344990
2015-03-03,0.000000,0.292157,1.253894,0.337526
2015-03-04,0.000000,0.297131,1.243374,0.355131
2015-03-05,0.000000,0.299324,1.229621,0.337901
2015-03-06,0.000000,0.300016,1.215983,0.335061
2015-03-07,0.000000,0.298590,1.203057,0.329850
2015-03-08,0.000000,0.298431,1.199948,0.327104
2015-03-09,0.000000,0.302291,1.186421,0.324294
2015-03-10,0.000000,0.305038,1.171175,0.326145
2015-03-11,0.000000,0.303442,1.162208,0.327377
2015-03-12,0.000000,0.298416,1.156670,0.318472
2015-03-13,0.000000,0.295233,1.138286,0.315664
2015-03-14,0.000000,0.292041,1.137252,0.317161
2015-03-15,0.000000,0.289431,1.122462,0.316519
2015-03-16,0.000000,0.291854,1.106448,0.314521
2015-03-17,0.000000,0.290575,1.104502,0.315663
2015-03-18,0.000000,0.290907,1.091672,0.315643
2015-03-19,0.000000,0.283242,1.082982,0.322164
2015-03-20,0.000000,0.291456,1.074084,0.457255
2015-03-21,0.000000,0.296380,1.063814,0.312000
2015-03-22,0.000000,0.300464,1.051018,0.314024
2015-03-23,0.000000,0.309752,1.046940,0.323345
2015-03-24,0.000000,0.314175,1.032039,0.313893
2015-03-25,0.000000,0.320389,1.029275,0.313776
2015-03-26,0.000000,0.320384,1.011962,0.312306
2015-03-27,0.000000,0.320696,1.007413,0.312610
2015-03-28,0.000000,0.323446,1.004122,0.311642
2015-03-29,0.000000,0.320376,0.989050,0.312174
2015-03-30,0.000000,0.319592,0.979525,0.313720
2015-03-31,0.000000,0.316375,0.975149,0.310654
2015-04-01,0.000000,0.315140,0.967085,0.310069
2015-04-02,0.000000,0.310168,0.955352,0.308137
2015-04-03,0.000000,0.313209,0.945024,0.705744
2015-04-04,0.000000,0.318972,0.945860,0.308315
2015-04-05,0.000000,0.312964,0.932037,0.306036
2015-04-06,0.000000,0.315669,0.923943,0.306179
2015-04-07,0.000000,0.317671,0.917023,0.306766
2015-04-08,0.000000,0.315725,0.909160,0.304481
2015-04-09,0.000000,0.315389,0.904166,0.307759
2015-04-10,0.000000,0.317560,0.897228,0.307600
2015-04-11,0.000000,0.323355,0.877337,0.302188
2015-04-12,0.000000,0.327323,0.885367,0.308343
2015-04-13,0.000000,0.327972,0.869459,0.301079
2015-04-14,0.000000,0.331802,1.826760,0.941313
2015-04-15,0.000000,0.331729,2.321597,0.597220
2015-04-16,0.000000,0.327380,1.359531,0.484049
2015-04-17,0.000000,0.330861,0.844530,0.302985
2015-04-18,0.000000,0.334795,0.870573,0.336270
2015-04-19,0.000000,0.337571,0.867706,0.307942
2015-04-20,0.000000,0.335101,0.830620,0.356913
2015-04-21,0.000000,0.336898,1.026032,0.302447
2015-04-22,0.000000,0.338335,3.001603,0.401608
2015-04-23,0.000000,0.337397,3.474315,0.745261
2015-04-24,0.000000,0.332567,2.556734,0.783081
2015-04-25,0.000000,0.332293,0.832717,0.362628
2015-04-26,0.000000,0.333643,1.020803,0.304776
2015-04-27,0.000000,0.335898,1.714255,0.299592
2015-04-28,0.000000,0.339225,2.669638,0.296828
2015-04-29,0.000000,0.340874,4.747262,0.301760
2015-04-30,0.000000,0.341358,3.839186,0.419070
2015-05-01,0.000000,0.341439,3.301472,0.297588
2015-05-02,0.000000,0.338850,0.966815,0.303381
2015-05-03,0.000000,0.343186,1.349996,0.611272
2015-05-04,0.000000,0.316136,4.761623,0.815891
2015-05-05,0.000000,0.037412,4.277515,0.833860
2015-05-06,0.000000,0.000000,3.863196,0.723305
2015-05-07,0.000000,0.000000,6.401045,0.960431
2015-05-08,0.000000,0.000000,4.961992,0.794302
2015-05-09,0.000000,0.000000,9.120542,1.029876
2015-05-10,0.000000,0.000000,9.305471,0.299281
2015-05-11,0.000000,0.000000,1.624355,0.436052
2015-05-12,0.000000,0.000000,1.324056,0.563511
2015-05-13,0.000000,0.000000,1.367309,0.628412
2015-05-14,0.000000,0.000000,1.650315,1.059603
2015-05-15,0.000000,0.000000,2.078083,0.910831
2015-05-16,0.000000,0.000000,4.025564,0.712908
2015-05-17,6.469285,0.000028,5.648318,0.492179
2015-05-18,14.360963,0.165955,11.997944,0.458745
2015-05-19,1.424302,0.344894,2.812585,0.919345
2015-05-20,1.296421,0.082903,4.459475,0.989249
2015-05-21,1.143079,0.013338,10.366099,0.485421
2015-05-22,1.277228,0.001251,2.938279,0.297934
2015-05-23,28.216963,0.479234,5.965354,0.574979
2015-05-24,29.204578,1.177422,5.424885,0.516088
2015-05-25,27.531753,0.993856,6.592930,0.838200
2015-05-26,31.628749,1.156988,8.625970,0.631091
2015-05-27,27.040148,1.073865,8.717302,0.648506
2015-05-28,10.169775,0.731183,9.016259,0.593008
2015-05-29,24.644388,1.290538,5.265082,2.440325
2015-05-30,8.020212,1.435870,7.147815,1.594218
2015-05-31,30.751889,1.539914,6.609932,1.671579
2015-06-01,16.823852,1.490515,5.942911,1.300828
2015-06-02,42.574187,2.967307,7.638280,1.502617
2015-06-03,39.692666,5.635601,8.850608,0.856850
2015-06-04,41.542279,7.269527,11.869504,1.292221
2015-06-05,35.293590,7.470670,9.240128,1.619236
2015-06-06,55.602882,9.429195,15.015209,1.914451
2015-06-07,130.942491,27.883370,18.239598,2.099726
2015-06-08,71.917972,19.828572,17.727759,3.784976
2015-06-09,93.131509,18.173490,21.391078,3.879956
2015-06-10,77.180414,18.551482,23.178391,4.231179
2015-06-11,47.158729,13.745144,21.294750,2.812234
2015-06-12,105.123276,18.708807,29.644680,5.820029
2015-06-13,84.564132,19.492537,35.497082,6.881798
2015-06-14,93.950442,16.784650,39.719716,5.961408
2015-06-15,109.874424,18.272855,45.218028,6.165020
2015-06-16,118.784022,32.423350,45.419098,6.445054
2015-06-17,93.159797,30.778018,43.466233,4.620394
2015-06-18,158.518808,49.827041,52.265753,11.246779
2015-06-19,152.827894,67.867535,53.272216,11.249905
2015-06-20,81.989297,46.620310,53.127365,9.593536
2015-06-21,107.283066,56.525335,57.215216,11.120808
2015-06-22,145.108020,67.701037,62.524307,13.783874
2015-06-23,167.314611,78.695024,71.432765,18.288602
2015-06-24,144.098369,71.797993,73.319689,16.690392
2015-06-25,127.119211,67.515136,76.361277,19.318637
2015-06-26,128.092996,66.842247,75.225261,26.764227
2015-06-27,152.676856,85.864694,80.405815,52.351825
2015-06-28,79.854105,94.230456,74.348746,43.558737
2015-06-29,61.263003,94.412116,75.484079,49.236883
2015-06-30,43.570222,77.231825,71.774952,47.649266
2015-07-01,46.126089,65.670647,71.748416,52.925842
2015-07-02,54.148879,76.664016,76.211946,61.623663
2015-07-03,46.162415,73.671141,70.295868,54.409006
2015-07-04,34.792634,96.409762,63.937393,52.654722
2015-07-05,31.029175,123.812088,61.335827,82.226380
2015-07-06,43.566125,136.566495,58.917374,88.113828
2015-07-07,43.285924,174.317066,54.027186,97.616492
2015-07-08,6.788560,122.449659,48.687913,67.137443
2015-07-09,3.320598,105.082185,45.236514,56.804246
2015-07-10,4.537948,104.277556,41.328597,38.543977
2015-07-11,6.741170,90.517571,38.274227,53.132875
2015-07-12,6.422541,65.872823,34.900856,48.343104
2015-07-13,6.510789,66.298952,32.303891,70.406443
2015-07-14,3.114451,72.689602,30.645141,60.802165
2015-07-15,2.605361,72.164901,29.800239,59.767416
2015-07-16,3.119909,80.532414,28.476429,66.383734
2015-07-17,4.493152,128.129034,26.478117,73.015743
2015-07-18,3.395096,122.064260,24.546294,58.931536
2015-07-19,2.443480,79.282140,22.768207,59.403025
2015-07-20,2.537804,67.570294,21.312595,60.648547
2015-07-21,2.475568,73.501812,19.573956,53.835396
2015-07-22,3.185459,69.322260,18.381975,55.606822
2015-07-23,2.687841,70.669519,17.182027,52.166666
2015-07-24,4.169255,55.840210,15.841991,44.118487
2015-07-25,3.456008,54.917045,14.876085,46.057107
2015-07-26,2.360798,55.190087,14.165818,52.743937
2015-07-27,5.174950,62.041045,13.229834,57.539143
2015-07-28,12.901483,88.777338,12.804355,61.925975
2015-07-29,2.320526,69.555312,11.807521,44.654232
2015-07-30,2.020993,59.477037,11.121486,46.436965
2015-07-31,1.858479,57.541547,10.707867,46.066219
2015-08-01,1.534060,50.746046,10.112488,44.301529
2015-08-02,5.004822,87.497431,9.700364,33.710056
2015-08-03,7.180242,131.808891,9.260951,51.016057
2015-08-04,2.314570,82.099584,9.093227,50.818011
2015-08-05,2.598079,63.513863,8.658105,49.580446
2015-08-06,1.759281,48.618034,8.423813,39.826834
2015-08-07,3.087159,62.314138,8.279723,48.255977
2015-08-08,2.279663,61.297806,7.732789,50.871938
2015-08-09,2.629520,105.257489,8.040034,63.472867
2015-08-10,4.050312,196.977408,7.643511,60.563750
2015-08-11,1.966437,195.929277,7.680896,61.022913
2015-08-12,7.512290,84.201151,7.004275,46.358555
2015-08-13,1.121692,71.450508,6.484712,37.127633
2015-08-14,1.049878,68.708796,6.279353,39.629325
2015-08-15,1.084736,64.205620,6.057356,29.837768
2015-08-16,0.874007,54.700788,6.215531,30.689188
2015-08-17,0.965097,50.481006,5.889914,36.576567
2015-08-18,8.257942,53.314320,5.960403,38.665063
2015-08-19,14.542434,94.140247,7.112513,65.974659
2015-08-20,0.926636,61.809991,5.419585,46.024342
2015-08-21,0.701478,50.613022,5.138429,30.704852
2015-08-22,1.162068,48.013428,5.138913,30.323405
2015-08-23,2.278042,68.956437,5.022001,40.061379
2015-08-24,1.659947,87.020620,4.910566,33.842553
2015-08-25,0.967777,56.063788,4.677782,27.475837
2015-08-26,1.462468,57.837618,4.546288,22.933217
2015-08-27,1.133430,53.992372,4.359479,23.505982
2015-08-28,1.153556,38.929412,4.348538,21.011622
2015-08-29,4.561195,71.324711,5.321783,48.146040
2015-08-30,197.921227,115.643218,7.205266,82.392126
2015-08-31,3.963877,121.355624,4.818548,51.168600
2015-09-01,43.599726,53.519943,6.088763,51.211021
2015-09-02,122.997629,134.466312,8.322594,98.518018
2015-09-03,50.458942,99.679364,9.259046,79.515508
2015-09-04,42.720012,150.768814,8.449655,79.491840
2015-09-05,55.245773,81.083320,8.893500,78.932598
2015-09-06,74.884988,160.798857,16.641978,101.170638
2015-09-07,100.904310,160.599548,11.590396,52.314315
2015-09-08,0.488544,58.710379,3.298180,21.043672
2015-09-09,0.423199,37.205154,3.095286,14.258003
2015-09-10,1.359436,47.167827,3.549371,11.809684
2015-09-11,0.102170,33.917128,3.085274,8.172642
2015-09-12,0.906490,31.097913,3.044466,8.591394
2015-09-13,0.025032,26.097271,3.078584,7.030372
2015-09-14,0.000964,23.370541,3.056875,6.589197
2015-09-15,0.000180,21.211661,2.991674,6.035220
2015-09-16,0.000010,14.064157,3.376781,8.205529
2015-09-17,20.797542,19.314904,5.166832,9.835989
2015-09-18,59.616851,25.908407,6.132607,8.086810
2015-09-19,8.300730,8.562220,3.287039,8.661087
2015-09-20,0.529561,6.536364,2.811932,6.763897
2015-09-21,18.475619,12.209499,4.479461,7.032123
2015-09-22,14.494696,9.417349,3.439890,9.352770
2015-09-23,0.008151,4.817948,2.906060,4.809553
2015-09-24,6.197635,9.030467,3.668009,4.623238
2015-09-25,3.738142,8.973361,2.940514,6.343286
2015-09-26,0.002439,4.237083,2.712309,3.964363
2015-09-27,0.297616,2.114907,2.693556,3.290807
2015-09-28,1.308733,1.160636,2.700516,0.621360
2015-09-29,31.586563,0.979778,2.942996,3.619541
2015-09-30,0.214187,4.886051,3.204177,4.935525
2015-10-01,0.008638,7.754762,2.822357,3.104932
2015-10-02,0.000001,3.596738,2.651042,1.179648
2015-10-03,0.000179,0.966103,2.613615,0.705602
2015-10-04,0.001240,0.278948,2.618628,0.598820
2015-10-05,0.001665,0.036407,2.620556,0.362465
2015-10-06,0.000704,0.020579,2.583980,0.383345
2015-10-07,0.000319,0.271957,2.586707,0.698353
2015-10-08,0.237324,0.273044,2.597152,0.363408
2015-10-09,10.380410,0.163614,2.870144,0.361214
2015-10-10,27.439297,0.769180,3.378138,0.347623
2015-10-11,65.458335,3.039596,6.062639,0.600618
2015-10-12,74.798337,8.826292,4.665573,0.640518
2015-10-13,6.986534,2.341177,2.508784,0.347802
2015-10-14,10.621957,0.073239,3.346867,0.528472
2015-10-15,106.040730,16.251072,6.589788,0.917928
2015-10-16,11.465760,9.269626,4.309389,2.006668
2015-10-17,0.589954,1.779691,2.667752,0.410554
2015-10-18,0.042015,0.117129,2.719019,0.320576
2015-10-19,0.001087,0.016030,2.756511,0.329266
2015-10-20,0.002221,0.002192,2.748265,0.339246
2015-10-21,0.000187,0.000300,2.772827,0.342843
2015-10-22,0.001655,0.000046,2.798204,0.338677
2015-10-23,0.293175,0.000011,2.811637,0.339427
2015-10-24,0.000003,0.000005,2.826104,0.339726
2015-10-25,0.000019,0.000001,2.842674,0.338837
2015-10-26,0.000003,0.000000,4.764109,0.341319
2015-10-27,0.000000,0.000000,3.931249,0.315569
2015-10-28,0.000000,0.000000,2.863057,0.336137
2015-10-29,1.163794,0.000000,4.932428,0.408687
2015-10-30,4.863261,0.000715,3.612519,0.382818
2015-10-31,34.117265,0.642556,3.655004,0.322559
2015-11-01,10.684252,0.447090,3.278961,0.334349
2015-11-02,0.002487,0.107280,2.986368,0.338732
2015-11-03,0.002467,0.002158,3.029333,0.335653
2015-11-04,0.001252,0.000272,3.045158,0.336709
2015-11-05,0.001349,0.000034,3.115076,0.327047
2015-11-06,0.002255,0.000006,3.177900,0.336808
2015-11-07,0.000004,0.000007,3.115171,0.327886
2015-11-08,0.000001,0.000006,3.151902,0.338001
2015-11-09,0.000236,0.000000,3.219901,0.328342
2015-11-10,0.000069,0.000000,3.185096,0.332328
2015-11-11,0.000000,0.000000,3.147785,0.339950
2015-11-12,0.000000,0.000000,3.142405,0.333730
2015-11-13,0.000000,0.000000,3.143861,0.344364
2015-11-14,0.000000,0.000000,3.128587,0.327889
2015-11-15,0.000000,0.000000,3.125564,0.330249
2015-11-16,0.000000,0.000000,3.113154,0.326027
2015-11-17,0.000000,0.000000,3.108318,0.328374
2015-11-18,0.000000,0.000000,3.090261,0.331737
2015-11-19,0.000000,0.000000,3.083763,0.327264
2015-11-20,3.554045,0.011346,14.155011,0.619443
2015-11-21,4.049879,0.563499,4.220994,0.335766
2015-11-22,0.001100,0.012754,3.037350,0.322944
2015-11-23,0.002027,0.001680,3.028529,0.329298
2015-11-24,28.931463,0.299757,3.272252,0.322155
2015-11-25,18.987621,1.488140,3.424229,0.327626
2015-11-26,0.029085,0.057396,2.989129,0.325593
2015-11-27,0.014033,0.000000,2.979083,0.321149
2015-11-28,0.009422,0.000000,2.967985,0.320860
2015-11-29,0.002230,0.000000,2.945739,0.326430
2015-11-30,0.000000,0.000000,2.939673,0.319812
2015-12-01,0.000000,0.000000,2.928656,0.322879
2015-12-02,0.000000,0.000000,2.906088,0.316732
2015-12-03,0.000000,0.000000,2.894346,0.314653
2015-12-04,0.000040,0.000000,2.876567,0.318302
2015-12-05,0.000766,0.000000,2.859797,0.314914
2015-12-06,0.000019,0.000000,2.843948,0.316670
2015-12-07,0.000000,0.000000,2.818721,0.317061
2015-12-08,0.000000,0.000000,2.794475,0.317355
2015-12-09,0.000000,0.000000,2.884756,0.313258
2015-12-10,0.000000,0.000000,2.753377,0.312728
2015-12-11,0.000000,0.000000,2.728575,0.310578
2015-12-12,0.000000,0.000000,2.692651,0.316310
2015-12-13,0.000000,0.000000,2.674912,0.312200
2015-12-14,0.000000,0.000000,2.650626,0.310891
2015-12-15,0.000000,0.000000,2.622736,0.308397
2015-12-16,0.000000,0.000000,2.597546,0.307657
2015-12-17,0.000000,0.000000,2.757162,0.310377
2015-12-18,0.000000,0.000000,2.544341,0.305923
2015-12-19,0.000000,0.000000,2.523705,0.306526
2015-12-20,0.000000,0.000000,2.498424,0.307049
2015-12-21,0.000000,0.000000,2.475096,0.297035
2015-12-22,0.000000,0.000000,2.449758,0.303554
2015-12-23,0.000000,0.000000,2.425967,0.300880
2015-12-24,0.000000,0.000000,2.394340,0.305339
2015-12-25,0.000000,0.000000,2.394887,0.302314
2015-12-26,0.000000,0.000000,2.563691,0.298773
2015-12-27,0.000000,0.000000,2.522491,0.302306
2015-12-28,0.000000,0.000000,2.309244,0.301231
2015-12-29,0.000000,0.000000,2.277262,0.295319
2015-12-30,0.000000,0.000000,2.273379,0.304566
2015-12-31,0.000000,0.000000,2.229211,0.303425
2016-01-01,0.000000,0.000000,2.213458,0.300670
2016-01-02,0.000000,0.000000,2.199187,0.298185
2016-01-03,0.000000,0.000000,2.169828,0.292713
2016-01-04,0.000000,0.000000,2.158568,0.297698
2016-01-05,0.000000,0.000000,2.127213,0.300595
2016-01-06,0.000000,0.000000,2.099022,0.293890
2016-01-07,0.000000,0.000507,3.320903,0.299866
2016-01-08,0.000000,0.000501,4.696946,0.292481
2016-01-09,0.000000,0.000499,2.042929,0.293947
2016-01-10,0.000000,0.000495,2.016410,0.292197
2016-01-11,0.000000,0.000870,2.001734,0.293663
2016-01-12,0.000000,0.006721,1.979426,0.290911
2016-01-13,0.000000,0.010798,1.959474,0.290897
2016-01-14,0.000000,0.014370,1.937201,0.294233
2016-01-15,0.000000,0.017011,1.937148,0.284488
2016-01-16,0.000000,0.018514,1.912564,0.296805
2016-01-17,0.000000,0.019752,1.890821,0.298359
2016-01-18,0.000000,0.021106,1.874430,0.292050
2016-01-19,0.000000,0.022323,3.239323,0.294523
2016-01-20,0.000000,0.009422,7.662357,0.300723
2016-01-21,1.707448,0.026840,4.145569,0.293878
2016-01-22,0.392571,0.048705,2.528305,0.294709
2016-01-23,0.504272,0.037967,1.796758,0.282864
2016-01-24,0.321910,0.030674,1.767618,0.272819
2016-01-25,0.202325,0.037418,1.762616,0.287660
2016-01-26,0.106481,0.018240,1.743723,0.288953
2016-01-27,0.047606,0.071845,1.731122,0.281546
2016-01-28,0.009323,0.133291,1.718674,0.286719
2016-01-29,0.001001,0.153278,1.708332,0.286236
2016-01-30,0.000000,0.162323,1.697897,0.284851
2016-01-31,0.000000,0.166351,1.687296,0.285135
2016-02-01,0.000000,0.166987,1.673317,0.285014
2016-02-02,0.000000,0.168783,1.664157,0.283596
2016-02-03,0.000000,0.039731,1.658577,0.284230
2016-02-04,0.000000,0.017908,1.634311,0.289104
2016-02-05,0.000000,0.019350,1.624023,0.282016
2016-02-06,0.000000,0.019957,1.614024,0.286592
2016-02-07,0.000000,0.019677,1.609010,0.277558
2016-02-08,0.000000,0.019670,1.598276,0.280398
2016-02-09,0.000000,0.020258,1.586149,0.279768
2016-02-10,0.000000,0.020925,1.565423,0.278024
2016-02-11,0.000000,0.021228,1.564659,0.275833
2016-02-12,0.000000,0.020913,1.548599,0.278936
2016-02-13,0.000000,0.020827,1.543386,0.278100
2016-02-14,0.000000,0.021043,1.524791,0.280749
2016-02-15,0.000000,0.021721,1.523328,0.293966
2016-02-16,0.000000,0.022649,1.497574,0.276857
2016-02-17,0.000000,0.022981,1.497574,0.282124
2016-02-18,0.000000,0.022977,1.492659,0.279655
2016-02-19,0.000000,0.022080,1.469104,0.276875
2016-02-20,0.000000,0.021815,1.459002,0.284060
2016-02-21,0.000000,0.021565,1.464886,0.270100
2016-02-22,0.000000,0.021103,1.437273,0.272556
2016-02-23,0.000000,0.020801,1.493518,0.270199
2016-02-24,0.000000,0.020708,1.439458,0.275961
2016-02-25,0.000000,0.020843,1.413182,0.270797
2016-02-26,0.000000,0.021195,1.402797,0.271807
2016-02-27,0.000000,0.021462,1.396273,0.270626
2016-02-28,0.000000,0.022154,1.683507,0.267491
2016-02-29,0.000000,0.022270,1.377087,0.268248
2016-03-01,0.000000,0.022516,1.367641,0.269345
2016-03-02,0.000000,0.022488,1.348798,0.267709
2016-03-03,0.000000,0.022293,1.392723,0.265083
2016-03-04,0.000000,0.022313,1.682083,0.275328
2016-03-05,0.000000,0.022510,1.412242,0.267170
2016-03-06,0.000000,0.022614,1.309269,0.266876
2016-03-07,0.000000,0.022657,1.312695,0.266066
2016-03-08,0.000000,0.022706,1.296656,0.263940
2016-03-09,0.000000,0.022714,1.286762,0.266145
2016-03-10,0.000000,0.022742,1.282905,0.269188
2016-03-11,0.000000,0.022805,1.268443,0.264856
2016-03-12,0.000000,0.022799,1.260130,0.269924
2016-03-13,0.000000,0.022649,1.252041,0.267262
2016-03-14,0.000000,0.022361,1.242754,0.264636
2016-03-15,0.000000,0.022182,1.238695,0.268724
2016-03-16,0.000000,0.021992,1.221673,0.269146
2016-03-17,0.000000,0.021745,9.688721,0.378533
2016-03-18,0.000000,0.007881,16.398682,0.425634
2016-03-19,0.000000,0.000252,1.264199,0.266512
2016-03-20,0.000000,0.014296,1.193728,0.266670
2016-03-21,0.000000,0.020285,1.228853,0.264401
2016-03-22,0.000000,0.021630,1.180056,0.266627
2016-03-23,0.000000,0.023008,1.207169,0.268450
2016-03-24,0.000000,0.025857,1.163340,0.260929
2016-03-25,0.000000,0.027035,1.182744,0.261628
2016-03-26,0.000000,0.027478,1.159453,0.270030
2016-03-27,0.000000,0.025566,1.149780,0.260489
2016-03-28,0.000000,0.027581,1.147919,0.264256
2016-03-29,0.000000,0.028106,1.145558,2.406334
2016-03-30,0.000000,0.023912,1.136880,0.263821
2016-03-31,0.000000,0.022877,1.167906,0.260762
2016-04-01,0.000000,0.022658,1.152965,0.262726
2016-04-02,0.000000,0.024341,1.123636,0.259210
2016-04-03,0.000000,0.030025,1.321214,0.260754
2016-04-04,0.000000,0.032453,1.291278,0.332502
2016-04-05,0.000000,0.025791,1.439572,0.262595
2016-04-06,0.000000,0.024455,1.203068,0.258019
2016-04-07,0.000000,0.023927,1.247872,0.260352
2016-04-08,0.000000,0.024236,1.474731,0.374011
2016-04-09,0.000000,0.025415,1.957492,0.739978
2016-04-10,0.000000,0.030075,1.948682,0.450545
2016-04-11,0.000000,0.031036,3.949840,0.374649
2016-04-12,0.000000,0.031210,4.909173,0.407225
2016-04-13,0.000000,0.030974,4.915868,0.413818
2016-04-14,0.002786,0.029678,5.613889,0.393110
2016-04-15,0.012908,0.036901,6.229549,0.386382
2016-04-16,0.000192,0.072443,5.544898,0.487789
2016-04-17,0.000145,0.051274,4.111239,0.679984
2016-04-18,0.000136,0.033165,1.171038,0.255903
2016-04-19,0.000125,0.029681,1.665882,0.556377
2016-04-20,0.004294,0.028599,1.507219,0.258320
2016-04-21,0.423276,0.027720,3.018152,0.513472
2016-04-22,5.451839,0.052235,5.868085,0.393357
2016-04-23,6.085707,0.089038,6.887036,0.406433
2016-04-24,13.913821,0.140779,7.302857,0.381324
2016-04-25,18.760513,0.522164,7.874855,0.697977
2016-04-26,12.900822,1.132297,7.582154,0.458491
2016-04-27,13.398421,0.719428,5.276077,0.488727
2016-04-28,8.363851,0.168287,2.787978,0.460070
2016-04-29,19.064165,0.166108,2.520828,0.439162
2016-04-30,3.553058,0.128310,2.484734,0.531289
2016-05-01,4.941983,0.103828,3.249383,0.718152
2016-05-02,17.607828,0.334604,3.208798,0.562707
2016-05-03,31.263046,0.916222,4.152912,0.665608
2016-05-04,14.042606,0.810015,4.557592,0.629091
2016-05-05,28.558519,1.342607,5.086316,0.471342
2016-05-06,26.464773,2.031759,6.123456,0.461392
2016-05-07,46.440125,2.910778,9.034472,0.436462
2016-05-08,56.595806,4.750303,10.576062,0.414990
2016-05-09,78.612135,4.870060,8.948758,1.225142
2016-05-10,86.457705,14.247114,8.681239,0.979791
2016-05-11,80.666117,14.320361,9.949644,0.932402
2016-05-12,102.152637,19.739939,11.398633,1.343606
2016-05-13,87.811766,20.631240,12.203276,9.260835
2016-05-14,104.651998,27.071139,13.101897,6.733649
2016-05-15,78.655819,29.671406,12.178462,5.003757
2016-05-16,42.722363,15.670233,10.235225,1.199858
2016-05-17,68.181800,11.126200,16.748040,3.987820
2016-05-18,95.818349,17.701752,15.321332,4.728384
2016-05-19,86.115759,20.385887,20.736177,6.962963
2016-05-20,39.027993,15.106143,17.167881,4.276485
2016-05-21,26.732531,9.989270,20.531601,3.373716
2016-05-22,36.162390,11.407193,22.344027,4.569228
2016-05-23,56.286520,13.517110,24.170442,4.825412
2016-05-24,50.098095,13.350649,23.207583,4.727611
2016-05-25,127.780703,26.651212,31.122956,6.062573
2016-05-26,82.054516,28.083138,31.459776,3.706616
2016-05-27,53.706183,17.066025,34.235148,3.642886
2016-05-28,49.166424,13.541335,35.623194,3.874125
2016-05-29,51.213651,13.021653,39.379256,3.153843
2016-05-30,36.679050,10.744700,37.218652,1.704740
2016-05-31,42.996113,7.823237,38.628026,4.832248
2016-06-01,47.417589,6.779267,40.268235,3.213600
2016-06-02,159.984755,12.800927,59.112734,12.653002
2016-06-03,342.227720,100.992647,87.941165,19.617403
2016-06-04,172.751088,101.184068,71.625021,11.982189
2016-06-05,95.761435,60.482807,66.401451,7.257151
2016-06-06,119.556018,60.907207,65.735551,10.006670
2016-06-07,162.056216,64.811396,65.236928,10.269977
2016-06-08,278.000019,91.831669,81.468881,19.153079
2016-06-09,495.283900,189.677309,126.455721,66.870579
2016-06-10,400.047586,261.950221,152.472284,70.770822
2016-06-11,178.087537,138.677371,117.822496,44.163962
2016-06-12,288.874866,129.333884,132.709476,73.609959
2016-06-13,126.213894,106.969872,106.319715,55.020793
2016-06-14,105.498471,67.084696,93.284953,41.868820
2016-06-15,106.135058,67.152780,85.267951,40.643047
2016-06-16,64.072780,47.733045,78.436477,33.573816
2016-06-17,145.916389,36.752818,74.005631,25.576491
2016-06-18,204.181050,64.777720,70.684797,57.044602
2016-06-19,311.453288,148.370490,75.724821,71.603626
2016-06-20,170.186235,118.049277,61.970816,78.369777
2016-06-21,121.769692,76.372637,56.163832,66.904987
2016-06-22,96.562378,65.138868,52.315435,69.645642
2016-06-23,156.504955,79.316193,56.562354,91.763786
2016-06-24,108.032233,79.952610,52.187629,75.284152
2016-06-25,90.240854,71.546795,50.946478,87.849210
2016-06-26,56.507561,74.546581,50.386420,93.312942
2016-06-27,41.832543,64.551090,51.522066,63.336767
2016-06-28,64.636988,72.538268,51.168441,55.631811
2016-06-29,54.268373,71.711600,55.930289,68.770867
2016-06-30,35.070025,65.357629,53.933263,58.281734
2016-07-01,38.711319,57.143541,52.326748,61.879722
2016-07-02,41.573275,62.577808,51.733653,66.313521
2016-07-03,42.168368,64.146178,51.171870,63.825184
2016-07-04,42.162366,61.275116,50.105616,57.663237
2016-07-05,72.790735,79.798003,56.898447,72.745447
2016-07-06,76.822796,106.968239,66.973358,102.919578
2016-07-07,20.921254,84.199703,62.277608,76.640676
2016-07-08,21.266255,69.048247,56.519086,69.607645
2016-07-09,19.406047,66.877615,50.174748,47.879229
2016-07-10,16.443043,59.829809,43.972479,49.645924
2016-07-11,19.097367,55.498623,38.684466,51.340958
2016-07-12,19.646882,47.494930,34.709604,46.362580
2016-07-13,30.290612,63.196711,32.468859,54.330055
2016-07-14,13.098949,90.379998,30.000925,63.259902
2016-07-15,21.165814,128.771805,27.150729,55.682091
2016-07-16,12.705514,158.896790,34.001132,105.948167
2016-07-17,16.170568,155.125540,24.100279,95.059321
2016-07-18,3.778335,100.063574,19.500627,72.890080
2016-07-19,3.023916,87.226134,18.679123,68.062289
2016-07-20,2.821574,76.493714,17.776388,64.241360
2016-07-21,3.060624,81.476554,15.618420,59.126033
2016-07-22,4.027513,119.656659,15.336568,78.386967
2016-07-23,4.738885,159.765836,14.721542,84.934781
2016-07-24,5.495320,130.179239,13.762977,68.523097
2016-07-25,9.651155,186.731848,13.372165,77.318111
2016-07-26,3.587827,137.629173,12.041730,61.175680
2016-07-27,2.997725,100.151534,11.537580,58.774929
2016-07-28,3.497579,82.564322,11.055359,60.089388
2016-07-29,2.796744,79.621120,10.443757,54.866740
2016-07-30,6.571945,89.270273,10.037386,52.613516
2016-07-31,13.444756,142.973125,10.876792,63.243372
2016-08-01,6.522725,134.200933,10.698532,64.611220
2016-08-02,2.739007,88.477309,9.223187,52.680633
2016-08-03,2.210511,67.214790,8.772986,51.182533
2016-08-04,3.016345,79.126251,9.480663,65.363520
2016-08-05,3.474255,94.485370,8.475378,59.145058
2016-08-06,2.484398,77.123918,7.727988,43.271970
2016-08-07,2.063591,75.297253,7.521422,49.859033
2016-08-08,36.773902,102.720148,8.728496,70.278335
2016-08-09,110.965174,177.649494,11.316017,107.334428
2016-08-10,17.082581,165.077087,8.078078,77.103903
2016-08-11,3.081487,94.119323,6.381090,57.627025
2016-08-12,18.727142,78.954087,6.863367,51.602521
2016-08-13,42.120270,138.911072,12.374805,100.398964
2016-08-14,37.367674,157.086044,12.396777,127.206796
2016-08-15,25.239021,152.353118,9.790255,82.890655
2016-08-16,1.201557,74.255650,5.329413,48.740419
2016-08-17,8.389137,49.028147,5.366749,48.506838
2016-08-18,1.875026,51.170794,5.441914,49.801431
2016-08-19,11.120678,81.578541,5.777340,43.935500
2016-08-20,1.376781,68.325951,5.883048,61.626321
2016-08-21,0.773401,46.643380,4.856755,32.821677
2016-08-22,0.977969,46.311345,4.898372,33.197213
2016-08-23,0.977135,50.532222,4.995855,41.050220
2016-08-24,1.416791,66.414154,4.887350,39.812495
2016-08-25,2.961697,61.723856,5.088782,38.869716
2016-08-26,12.552913,73.745470,5.582358,48.215536
2016-08-27,4.173630,97.028403,5.509103,56.145864
2016-08-28,0.965116,68.319589,4.357411,23.131541
2016-08-29,1.044566,48.213089,4.329892,22.849399
2016-08-30,6.945437,52.786130,5.063971,25.899566
2016-08-31,0.628306,57.670351,4.283477,31.630030
2016-09-01,0.517662,43.391287,4.175219,17.825409
2016-09-02,0.413844,37.108751,4.151693,17.210279
2016-09-03,3.181453,32.897722,4.108766,14.782379
2016-09-04,40.431686,55.590713,4.728649,18.030313
2016-09-05,0.243373,37.307081,4.090125,19.417406
2016-09-06,5.516658,42.439687,4.075542,21.297469
2016-09-07,9.849601,41.198586,4.061712,39.553046
2016-09-08,1.860616,32.159437,4.201858,23.630003
2016-09-09,0.369268,30.860724,3.631939,9.546083
2016-09-10,0.597727,49.883118,4.430791,25.068944
2016-09-11,0.740855,51.528282,3.569378,17.886949
2016-09-12,3.006587,36.292167,4.210238,23.318394
2016-09-13,210.994662,119.142932,12.189586,46.576546
2016-09-14,125.897461,180.169841,10.573221,81.393694
2016-09-15,1.460251,91.626867,3.205998,25.883012
2016-09-16,0.238972,36.444577,2.882135,11.641509
2016-09-17,37.673424,22.275173,3.848417,12.127170
2016-09-18,8.721237,28.306035,3.477902,7.589624
2016-09-19,0.038545,17.361215,2.618576,7.743134
2016-09-20,2.588070,9.548500,2.818071,1.768523
2016-09-21,14.827576,6.673800,2.477726,3.327606
2016-09-22,0.015483,4.167450,2.539508,0.526923
2016-09-23,0.000020,2.244793,2.447745,1.322486
2016-09-24,0.040215,9.118915,2.474953,0.414638
2016-09-25,0.029318,12.525407,2.402637,0.411209
2016-09-26,0.005586,9.299294,2.684325,1.048657
2016-09-27,0.000072,7.144928,2.291662,0.616809
2016-09-28,0.000167,4.649523,2.260954,0.408141
2016-09-29,0.000791,5.517827,2.258045,0.408139
2016-09-30,0.002391,12.570849,2.186770,1.143357
2016-10-01,7.173117,9.416586,2.261995,0.368967
2016-10-02,4.192953,0.536968,2.453743,0.351715
2016-10-03,59.464379,5.603666,7.838859,5.838098
2016-10-04,84.233208,46.250573,8.788575,11.537964
2016-10-05,14.243875,37.280042,5.206269,14.126588
2016-10-06,4.449449,20.195179,2.484505,6.671097
2016-10-07,40.717172,35.578335,5.400206,14.312406
2016-10-08,25.651470,54.461412,3.960321,17.427023
2016-10-09,32.439327,18.331912,2.808090,3.459094
2016-10-10,73.718752,15.874260,3.445827,1.266064
2016-10-11,2.730717,4.621938,2.119801,0.678009
2016-10-12,0.393049,0.593803,2.090691,0.484612
2016-10-13,2.391398,2.019096,2.111023,0.394111
2016-10-14,2.806229,6.273373,2.355149,0.611743
2016-10-15,17.332697,4.539258,6.015049,3.086342
2016-10-16,0.584262,1.317379,2.284128,0.655028
2016-10-17,1.304612,0.181928,2.153264,0.459383
2016-10-18,0.013306,0.024723,2.320545,0.353265
2016-10-19,0.000918,0.003348,2.109494,0.409655
2016-10-20,0.000028,0.000511,2.106033,0.397810
2016-10-21,2.050865,0.000972,2.111584,0.393469
2016-10-22,0.239800,0.000988,2.127363,0.392250
2016-10-23,0.001191,0.000137,2.115168,0.390991
2016-10-24,0.008830,0.000026,2.120173,0.388738
2016-10-25,0.919070,0.000024,2.135080,0.388316
2016-10-26,0.000478,0.000022,2.103252,0.384662
2016-10-27,0.000074,0.000006,2.100165,0.388170
2016-10-28,0.000052,0.000000,2.093819,0.383968
2016-10-29,0.000223,0.000000,2.085904,0.384310
2016-10-30,0.003468,0.000000,2.077278,0.379834
2016-10-31,91.797643,4.223011,4.057903,0.409893
2016-11-01,5.327263,3.248007,3.298720,0.409651
2016-11-02,0.000000,0.003369,2.057831,0.377854
2016-11-03,0.024864,0.000011,2.044419,0.380496
2016-11-04,0.000000,0.000001,2.436437,0.380821
2016-11-05,7.572112,0.014201,6.792703,0.489470
2016-11-06,0.901765,0.017391,2.254937,0.399768
2016-11-07,0.000000,0.000000,2.038278,0.368938
2016-11-08,0.000000,0.000000,2.052211,0.369690
2016-11-09,0.000000,0.000000,2.067429,0.371667
2016-11-10,0.000000,0.000000,2.060729,0.364730
2016-11-11,0.000000,0.000000,2.090024,0.373226
2016-11-12,0.000000,0.000000,2.090018,0.371328
2016-11-13,0.000000,0.000000,2.122392,0.364036
2016-11-14,0.000000,0.000000,2.110396,0.369600
2016-11-15,0.000000,0.000000,2.103738,0.367285
2016-11-16,0.000000,0.000000,2.103569,0.367685
2016-11-17,0.000000,0.000000,2.099374,0.365813
2016-11-18,0.000000,0.000000,2.130373,0.361006
2016-11-19,0.000000,0.000000,2.101295,0.364925
2016-11-20,0.000000,0.000000,2.091383,0.358505
2016-11-21,0.000000,0.000000,2.218626,0.364669
2016-11-22,0.000000,0.000000,2.750194,0.362749
2016-11-23,2.606093,0.020246,3.464515,0.402747
2016-11-24,0.241929,0.008566,2.514797,0.364345
2016-11-25,0.000000,0.000000,2.069769,0.357225
2016-11-26,0.000000,0.000000,2.411366,0.363166
2016-11-27,0.000000,0.000001,3.214080,0.349754
2016-11-28,0.000000,0.000000,2.043616,0.363355
2016-11-29,0.000000,0.000000,2.050763,0.491357
2016-11-30,0.000000,0.000000,2.027027,0.352061
2016-12-01,0.000000,0.000000,2.032559,0.352767
2016-12-02,0.000000,0.000000,2.023277,0.349426
2016-12-03,0.000000,0.000000,2.011032,0.356893
2016-12-04,0.000000,0.000000,2.013526,0.342722
2016-12-05,0.082778,0.000000,3.494360,0.361020
2016-12-06,39.730276,0.139726,8.757545,0.335529
2016-12-07,6.880316,0.230889,4.554678,0.348393
2016-12-08,0.537548,0.027192,2.721237,0.345868
2016-12-09,0.465483,0.001503,2.078338,0.336263
2016-12-10,0.436322,0.000000,2.198349,0.340302
2016-12-11,0.485612,0.000000,2.187512,0.338990
2016-12-12,0.696515,0.012201,2.225971,0.332590
2016-12-13,0.521091,0.003740,2.247425,0.333774
2016-12-14,0.557654,0.000005,2.286145,0.333993
2016-12-15,0.495183,0.000000,2.315040,0.333848
2016-12-16,0.409608,0.000000,2.335084,0.332788
2016-12-17,0.338027,0.000000,2.358361,0.411190
2016-12-18,0.331319,0.000000,2.372607,0.333967
2016-12-19,0.331788,0.000000,2.387937,0.328798
2016-12-20,0.320652,0.000000,2.385919,0.332791
2016-12-21,0.301396,0.000000,2.390821,0.328217
2016-12-22,0.285121,0.000000,2.393923,0.328171
2016-12-23,0.213484,0.000000,2.395166,0.335026
2016-12-24,0.162483,0.000000,2.395085,0.340917
2016-12-25,0.072852,0.000000,2.387750,0.473172
2016-12-26,0.071103,0.000000,2.386354,0.336971
2016-12-27,0.064113,0.000000,2.374803,0.328894
2016-12-28,0.059959,0.000000,2.371963,0.333357
2016-12-29,0.000000,0.000000,2.352732,0.335013
2016-12-30,0.000000,0.000000,2.351290,0.330832
2016-12-31,0.000000,0.000000,2.371792,0.330718
2017-01-01,0.000000,0.000000,4.183195,0.334111
2017-01-02,0.000000,0.000000,2.317877,0.328720
2017-01-03,0.000000,0.000000,2.309415,0.323960
2017-01-04,0.000000,0.000000,2.342325,0.333666
2017-01-05,0.000000,0.000000,2.275624,0.324807
2017-01-06,0.000000,0.000000,2.307691,0.328331
2017-01-07,0.000000,0.000000,2.252725,0.327842
2017-01-08,0.000000,0.000000,2.239635,0.316898
2017-01-09,0.000000,0.000000,2.231345,0.332440
2017-01-10,0.000000,0.000000,2.216197,0.323096
2017-01-11,0.000000,0.000000,2.200124,0.324356
2017-01-12,0.000000,0.000000,2.190776,0.330117
2017-01-13,0.000000,0.000000,2.171777,0.321892
2017-01-14,0.000000,0.000000,2.163833,0.320624
2017-01-15,0.000000,0.000000,2.142749,0.322742
2017-01-16,0.000000,0.000000,2.139856,0.327298
2017-01-17,0.000000,0.000000,2.122314,0.327040
2017-01-18,0.000000,0.000153,2.097641,0.454345
2017-01-19,0.000000,0.000173,2.091102,0.322707
2017-01-20,0.000000,0.000146,2.077244,0.327390
2017-01-21,0.000000,0.000146,2.057899,0.322493
2017-01-22,0.000000,0.000146,2.047541,0.321982
2017-01-23,0.000000,0.000140,2.134720,0.321294
2017-01-24,0.000000,0.000134,2.024211,0.317625
2017-01-25,0.000000,0.000129,2.012782,0.317041
2017-01-26,0.000000,0.000125,1.987628,0.314266
2017-01-27,0.000000,0.000123,1.976088,0.320973
2017-01-28,0.000000,0.000125,1.946722,0.313758
2017-01-29,0.000000,0.000127,1.955322,0.315097
2017-01-30,0.000000,0.000175,1.943175,0.311667
2017-01-31,0.000000,0.033568,1.905501,0.319235
2017-02-01,0.000000,0.075540,1.899123,0.316719
2017-02-02,0.000000,0.094221,1.878683,0.318864
2017-02-03,0.000000,0.103978,1.867490,0.317938
2017-02-04,0.000000,0.110475,1.853468,0.317042
2017-02-05,0.000000,0.114503,1.835177,0.316174
2017-02-06,0.000000,0.119860,1.824180,0.316997
2017-02-07,0.000000,0.127088,1.813994,0.322058
2017-02-08,0.000000,0.132492,1.798541,0.313328
2017-02-09,0.000000,0.133550,1.776991,0.306679
2017-02-10,0.000000,0.132932,1.769538,0.309939
2017-02-11,0.000000,0.132100,1.864342,0.305050
2017-02-12,0.000000,0.131123,1.741435,0.312626
2017-02-13,0.000000,0.132607,1.723051,0.308987
2017-02-14,0.000000,0.135607,1.717100,0.305443
2017-02-15,0.000000,0.137238,1.698110,0.308484
2017-02-16,0.000000,0.136873,1.683307,0.306409
2017-02-17,0.000000,0.135601,1.672799,0.294952
2017-02-18,0.000000,0.134424,1.671010,0.307073
2017-02-19,0.000000,0.136201,1.644560,0.298930
2017-02-20,0.000000,0.138450,1.642444,0.293148
2017-02-21,0.000000,0.178318,1.617435,0.301584
2017-02-22,0.000000,0.194198,1.608521,0.301631
2017-02-23,0.000000,0.195877,1.596799,0.299394
2017-02-24,0.000000,0.181969,1.578517,0.304038
2017-02-25,0.000000,0.191782,1.569155,0.431471
2017-02-26,0.000000,0.193351,1.555953,0.294402
2017-02-27,0.000000,0.151489,1.557844,0.308901
2017-02-28,0.000000,0.137543,1.586611,0.436766
2017-03-01,0.000000,0.132684,1.519082,0.293533
2017-03-02,0.000000,0.129112,1.509925,0.291835
2017-03-03,0.000000,0.127776,1.496065,0.291294
2017-03-04,0.000000,0.128950,1.486627,0.292648
2017-03-05,0.000000,0.129998,1.471921,0.291152
2017-03-06,0.000000,0.129611,1.459450,0.290090
2017-03-07,0.000000,0.129477,1.456174,0.295881
2017-03-08,0.000000,0.131019,1.439136,0.287834
2017-03-09,0.000000,0.132397,1.419739,0.292032
2017-03-10,0.000000,0.132717,1.412248,0.292583
2017-03-11,0.000000,0.099556,1.404179,0.291123
2017-03-12,0.000000,0.001779,1.398301,0.289529
2017-03-13,0.000000,0.000000,1.380037,0.637126
2017-03-14,0.000000,0.000000,1.374573,0.287992
2017-03-15,0.000000,0.000000,1.361311,0.285941
2017-03-16,0.000000,0.000000,1.344870,0.291403
2017-03-17,0.000000,0.000000,1.349263,0.279594
2017-03-18,0.000000,0.000000,1.321271,0.285594
2017-03-19,0.000000,0.000000,1.323526,0.290854
2017-03-20,0.000000,0.000000,1.306625,0.285615
2017-03-21,0.000000,0.000000,1.304039,0.283521
2017-03-22,0.000000,0.000000,1.459117,0.316687
2017-03-23,0.000000,0.000000,1.398724,0.284246
2017-03-24,0.000000,0.000000,1.269559,0.287279
2017-03-25,0.000000,0.000000,1.261076,0.282020
2017-03-26,0.000000,0.000000,1.247400,0.288129
2017-03-27,0.000000,0.000000,1.240430,0.280744
2017-03-28,0.000000,0.000013,1.233245,0.290424
2017-03-29,0.000000,0.000006,1.225968,0.286776
2017-03-30,0.000000,0.000006,1.209329,0.280373
2017-03-31,0.000000,0.000006,1.201458,0.285180
2017-04-01,0.000000,0.000006,1.205285,0.283958
2017-04-02,0.000000,0.000006,1.188958,0.281996
2017-04-03,0.000000,0.000006,1.175308,0.287462
2017-04-04,0.000000,0.000006,1.172979,0.278633
2017-04-05,0.000000,0.000006,1.155101,0.289803
2017-04-06,0.000000,0.000006,1.151807,0.287537
2017-04-07,0.000000,0.000006,1.141275,0.283166
2017-04-08,0.000000,0.000000,1.224798,0.286287
2017-04-09,0.000000,0.000000,1.141299,0.392631
2017-04-10,0.000000,0.000000,1.218822,0.432533
2017-04-11,0.000000,0.000000,1.349807,0.266284
2017-04-12,0.000000,0.000000,1.194374,0.282502
2017-04-13,0.000000,0.000000,1.089529,0.288004
2017-04-14,0.000000,0.000000,1.081719,0.279627
2017-04-15,0.000000,0.000000,1.088990,0.283371
2017-04-16,0.000000,0.000000,1.077737,0.279373
2017-04-17,0.000000,0.000000,1.061134,0.281887
2017-04-18,0.000000,0.000000,1.055881,0.286463
2017-04-19,0.000000,0.000000,1.043708,0.283085
2017-04-20,0.000000,0.000000,1.036042,0.284072
2017-04-21,0.000000,0.000000,1.339740,0.278735
2017-04-22,0.000000,0.000000,1.282368,0.281479
2017-04-23,0.000000,0.000000,1.202017,0.458312
2017-04-24,0.000000,0.000000,3.315959,0.617477
2017-04-25,0.000000,0.000000,3.467438,3.289676
2017-04-26,0.000000,0.000000,0.998965,0.708836
2017-04-27,0.000000,0.000000,1.001777,0.278611
2017-04-28,0.000000,0.000000,1.003692,0.280604
2017-04-29,0.000000,0.000000,1.516914,0.831793
2017-04-30,0.000000,0.000000,1.230663,0.611695
2017-05-01,0.000000,0.000000,2.398169,0.280820
2017-05-02,0.000000,0.000000,4.108727,0.893646
2017-05-03,0.000000,0.000000,7.047199,0.472389
2017-05-04,2.899889,0.000000,15.524013,0.394949
2017-05-05,33.909869,0.049354,20.437492,0.388975
2017-05-06,83.132111,0.500288,12.573194,0.651824
2017-05-07,57.910133,3.069441,8.518839,1.707344
2017-05-08,53.009503,5.583413,10.208028,2.842344
2017-05-09,105.424819,8.298263,15.913453,4.394869
2017-05-10,84.255538,14.843652,9.855854,3.266689
2017-05-11,48.882664,8.366636,12.345358,1.713436
2017-05-12,16.513271,4.980526,9.445623,0.569972
2017-05-13,6.780835,0.640709,9.734654,0.747037
2017-05-14,37.836308,0.933986,12.532521,0.802760
2017-05-15,97.197267,11.409922,16.831159,0.705047
2017-05-16,61.693673,14.862051,20.100454,4.114512
2017-05-17,57.670390,14.999169,24.129954,3.457963
2017-05-18,93.693041,16.036871,17.723620,3.657237
2017-05-19,149.499389,34.811164,21.147701,8.719180
2017-05-20,101.110063,31.882426,21.872683,6.562033
2017-05-21,81.471116,23.327992,23.539617,4.734731
2017-05-22,115.898131,28.825031,27.269183,6.736727
2017-05-23,86.222821,28.987440,25.743216,6.165969
2017-05-24,77.627764,22.126871,27.410781,3.981443
2017-05-25,89.242191,24.324602,27.659266,5.847676
2017-05-26,75.341496,18.456660,27.974847,1.693711
2017-05-27,24.779810,7.216758,25.720749,2.265054
2017-05-28,55.158161,4.033332,28.113065,8.445035
2017-05-29,72.199538,10.574702,28.681762,3.520180
2017-05-30,72.526029,15.979223,30.909771,5.309565
2017-05-31,27.066393,9.733797,27.232079,3.283154
2017-06-01,73.219479,6.643258,29.321405,4.931141
2017-06-02,82.010896,13.031591,30.134279,4.196271
2017-06-03,97.946020,25.403375,32.972003,7.670242
2017-06-04,88.853250,27.451413,31.616420,6.566698
2017-06-05,64.957161,25.206152,34.542059,6.527168
2017-06-06,80.162775,26.596623,34.651603,6.849855
2017-06-07,73.605859,28.688614,36.846353,7.215144
2017-06-08,67.340177,30.235913,37.850056,6.986702
2017-06-09,77.942620,34.899502,39.349547,7.354570
2017-06-10,51.555303,27.957062,40.406676,5.465090
2017-06-11,86.732151,23.001459,42.194439,7.504996
2017-06-12,107.767604,41.893927,47.616505,10.778699
2017-06-13,85.896057,38.700239,45.962294,12.797960
2017-06-14,148.881988,50.354550,59.587558,31.441330
2017-06-15,157.393290,62.512458,59.915756,28.654783
2017-06-16,169.423148,79.338968,67.519418,36.120321
2017-06-17,78.029635,56.602800,66.505506,28.361782
2017-06-18,70.581540,51.315087,68.135785,31.396140
2017-06-19,89.431399,58.606150,65.475306,30.271662
2017-06-20,78.307546,56.527522,67.039450,32.915836
2017-06-21,101.129432,55.510946,68.392169,36.802528
2017-06-22,60.250997,59.736288,66.256776,40.436502
2017-06-23,55.745044,54.179458,62.705195,46.515820
2017-06-24,58.673342,57.238981,60.925119,53.089303
2017-06-25,39.797239,61.781096,59.243209,52.522757
2017-06-26,92.323275,64.048740,54.607004,15.704622
2017-06-27,59.378449,78.060176,52.900449,50.873441
2017-06-28,47.858389,72.904444,53.591633,54.313723
2017-06-29,35.499577,70.150421,49.746443,50.552324
2017-06-30,20.676200,60.207745,47.141056,46.364335
2017-07-01,18.212240,53.244228,45.308727,44.004448
2017-07-02,29.023918,100.498821,46.325021,83.988087
2017-07-03,14.856187,113.956578,39.810635,64.566580
2017-07-04,87.120280,72.111841,39.491096,27.240792
2017-07-05,32.372759,64.174510,32.877650,49.205921
2017-07-06,7.232500,56.722096,30.778735,51.117383
2017-07-07,12.632056,85.745593,31.567946,59.369597
2017-07-08,42.604696,125.171313,30.779255,60.848988
2017-07-09,8.515145,85.168109,27.969988,60.358079
2017-07-10,6.302921,70.217651,26.437189,50.636190
2017-07-11,13.563984,81.889813,30.978506,75.420859
2017-07-12,9.320807,94.389675,24.851375,66.222801
2017-07-13,74.556669,118.237490,28.231870,77.183150
2017-07-14,38.072870,117.849569,20.761740,57.291125
2017-07-15,6.456935,78.874743,19.616056,59.734274
2017-07-16,11.208408,88.620027,18.959426,66.229259
2017-07-17,1.737675,73.896282,18.029955,50.657473
2017-07-18,2.090348,57.774583,17.688267,54.614627
2017-07-19,12.580344,55.245214,17.378426,62.098282
2017-07-20,6.475827,76.983960,16.716645,67.522105
2017-07-21,2.966926,92.279102,16.150622,71.737898
2017-07-22,2.636897,73.397662,15.120087,59.371927
2017-07-23,21.025858,75.575418,15.466951,60.701193
2017-07-24,134.628011,147.923611,24.129885,51.655783
2017-07-25,12.172165,141.465667,17.297781,74.078839
2017-07-26,116.636405,169.865449,30.198604,107.623299
2017-07-27,19.482509,263.875947,13.537773,107.674404
2017-07-28,3.094466,165.500674,12.248284,59.231277
2017-07-29,3.264674,105.686121,12.000744,60.625516
2017-07-30,2.605159,86.061611,11.690710,60.362830
2017-07-31,3.980129,112.292687,11.605679,60.396549
2017-08-01,2.731127,120.246020,11.326806,54.943597
2017-08-02,2.321736,74.497553,10.963950,50.710081
2017-08-03,2.564721,66.262609,10.647056,51.145156
2017-08-04,2.563560,68.232252,10.491806,41.820125
2017-08-05,2.287365,63.419405,10.076558,43.950849
2017-08-06,16.813164,46.463634,10.211861,54.412499
2017-08-07,20.040033,84.533910,9.512342,55.217039
2017-08-08,6.346601,181.431575,9.206871,60.126893
2017-08-09,8.043674,132.332552,10.807534,58.376209
2017-08-10,2.032883,109.550949,8.274921,55.441804
2017-08-11,1.404602,85.435663,7.946113,47.559023
2017-08-12,1.196334,64.347168,7.689544,44.360202
2017-08-13,1.228760,57.378002,7.415103,43.877283
2017-08-14,1.178892,59.223133,7.150647,42.208441
2017-08-15,0.974833,57.308678,7.146865,35.237640
2017-08-16,1.028609,53.945810,6.878439,37.531414
2017-08-17,0.836160,51.368494,6.915520,38.912554
2017-08-18,1.085070,62.774304,7.048525,36.328972
2017-08-19,1.094496,55.444100,6.404469,34.853021
2017-08-20,1.140987,65.803152,6.363671,40.423142
2017-08-21,13.231615,69.983372,6.748523,35.610171
2017-08-22,96.442657,113.643415,11.651468,66.331458
2017-08-23,48.145632,147.188300,8.378992,67.627366
2017-08-24,2.104968,109.495914,5.574882,38.460595
2017-08-25,40.713889,79.817513,8.001017,64.791032
2017-08-26,14.421875,64.990804,5.558424,41.999035
2017-08-27,13.626826,59.422025,6.420154,46.193334
2017-08-28,0.860368,50.117504,5.017347,30.468945
2017-08-29,0.655798,46.481454,5.039851,33.124924
2017-08-30,1.356519,96.072642,5.457419,53.234123
2017-08-31,1.092170,109.949740,5.178080,49.506226
2017-09-01,0.888484,93.598950,4.993407,41.220277
2017-09-02,1.066964,78.192521,4.667681,37.128807
2017-09-03,0.552689,72.071321,4.395140,24.760087
2017-09-04,0.103076,39.563504,4.351745,11.427030
2017-09-05,0.327744,27.068646,4.541717,25.490653
2017-09-06,3.389628,38.689323,4.525652,29.326522
2017-09-07,0.854714,44.878813,4.433692,29.784954
2017-09-08,17.358850,51.421020,4.579741,22.247926
2017-09-09,67.424902,48.302844,4.776812,20.645768
2017-09-10,0.936089,25.429566,3.769600,9.748041
2017-09-11,0.172879,31.778714,3.561262,7.163638
2017-09-12,0.778080,40.319876,3.850715,11.469346
2017-09-13,0.310123,32.322963,3.911496,13.121934
2017-09-14,170.998722,102.178154,20.479950,213.346607
2017-09-15,51.494611,176.417205,11.212608,74.147601
2017-09-16,0.125343,62.489139,3.451096,15.212761
2017-09-17,0.523013,27.997887,3.295051,4.749120
2017-09-18,41.769128,38.030403,4.670598,9.567244
2017-09-19,0.008071,29.081291,3.150023,5.665616
2017-09-20,0.007973,22.100439,3.310800,6.896523
2017-09-21,0.000008,16.148903,3.091702,6.246372
2017-09-22,0.572261,13.547282,3.031456,5.537227
2017-09-23,0.203150,9.519952,3.012053,3.577633
2017-09-24,0.018083,3.707213,2.899297,0.549899
2017-09-25,0.234359,2.016998,2.815425,1.039662
2017-09-26,34.466882,16.109797,3.700132,0.839959
2017-09-27,34.010447,9.121806,3.855211,0.522950
2017-09-28,14.117856,1.755333,2.904177,0.432860
2017-09-29,5.540317,0.944275,2.873582,0.400946
2017-09-30,5.194526,0.926075,2.878883,0.397852
2017-10-01,9.713272,0.981916,2.796561,0.390371
2017-10-02,112.893768,37.055054,5.967778,0.968061
2017-10-03,10.839360,15.482214,2.691179,0.635087
2017-10-04,0.585484,2.129319,2.728152,0.736855
2017-10-05,0.081427,1.845746,3.637065,1.489146
2017-10-06,67.393557,3.202657,5.924279,1.145048
2017-10-07,32.573971,6.814311,2.899869,0.980609
2017-10-08,9.973474,1.433639,2.897935,0.429212
2017-10-09,0.548396,0.314254,2.738194,0.647549
2017-10-10,1.111020,0.145282,2.693558,0.337806
2017-10-11,1.895112,0.133762,2.767678,0.340713
2017-10-12,18.558925,0.438001,3.663444,0.340027
2017-10-13,8.411102,0.556399,2.845658,0.353210
2017-10-14,1.044132,0.207232,2.754728,0.336579
2017-10-15,0.005111,0.028240,2.783267,0.382517
2017-10-16,0.247487,0.034667,3.052899,0.421562
2017-10-17,0.263005,0.044005,2.778788,0.470214
2017-10-18,0.288414,0.022457,2.786653,0.395377
2017-10-19,0.000296,0.003069,2.785362,0.396282
2017-10-20,0.001263,0.000442,2.791425,0.369941
2017-10-21,0.114267,0.000076,2.963478,0.372754
2017-10-22,13.620284,0.162638,3.182304,0.374852
2017-10-23,1.631180,0.633967,2.782704,0.370290
2017-10-24,1.099438,2.074208,3.746244,0.505063
2017-10-25,0.034157,0.697778,2.773430,0.366074
2017-10-26,25.417575,8.855467,4.061389,0.419024
2017-10-27,10.277305,136.834331,5.030131,1.753124
2017-10-28,0.708579,73.701806,2.984867,0.604545
2017-10-29,0.000448,17.265332,2.806661,0.333517
2017-10-30,0.002954,7.276236,2.946809,0.512828
2017-10-31,0.000360,8.291318,2.940095,0.449821
2017-11-01,6.424788,3.722117,2.966905,0.457906
2017-11-02,0.107815,2.006305,2.777232,0.365818
2017-11-03,0.001765,0.360557,2.752822,0.360656
2017-11-04,0.041307,0.046738,2.763500,0.364007
2017-11-05,0.000000,0.000004,2.834122,0.355890
2017-11-06,0.000000,0.000002,2.743011,0.354301
2017-11-07,0.000000,0.000000,2.737503,0.355045
2017-11-08,0.000000,0.000000,2.724116,0.358892
2017-11-09,0.000000,0.000000,2.718482,0.353333
2017-11-10,0.000000,0.000000,2.702464,0.360242
2017-11-11,0.000000,0.000000,2.703560,0.353066
2017-11-12,0.000000,0.000000,2.793555,0.354353
2017-11-13,0.000000,0.000000,2.676832,0.349959
2017-11-14,0.000000,0.000000,2.667845,0.354555
2017-11-15,0.000000,0.000000,2.660430,0.351229
2017-11-16,0.000000,0.000000,2.644035,0.350333
2017-11-17,0.000000,0.000000,2.631755,0.353447
2017-11-18,0.000000,0.000000,2.621356,0.351383
2017-11-19,0.000000,0.000000,2.602629,0.359552
2017-11-20,0.000000,0.000000,2.597547,0.551639
2017-11-21,0.000000,0.000000,2.576419,0.348375
2017-11-22,0.000000,0.000000,2.562736,0.346258
2017-11-23,0.000000,0.000000,2.552625,0.344361
2017-11-24,0.000000,0.000000,2.768771,0.343771
2017-11-25,0.000000,0.000000,2.839562,0.344058
2017-11-26,0.000000,0.000000,2.596553,0.344423
2017-11-27,0.000000,0.000000,3.127296,0.344346
2017-11-28,10.377237,0.032808,11.340953,0.406590
2017-11-29,37.963100,0.186572,8.572445,1.745032
2017-11-30,9.089738,0.219186,2.750117,0.338905
2017-12-01,0.995636,0.000409,2.532539,0.340672
2017-12-02,0.736674,0.000000,2.571367,0.344142
2017-12-03,0.557693,0.000000,2.613965,0.339063
2017-12-04,0.343515,0.000000,2.650838,0.341876
2017-12-05,0.172225,0.000000,2.689807,0.337241
2017-12-06,0.097167,0.000000,2.707487,0.339936
2017-12-07,0.058809,0.000000,2.739470,0.335009
2017-12-08,0.001943,0.000000,3.116509,0.335465
2017-12-09,0.000000,0.000000,5.094763,0.327620
2017-12-10,0.000000,0.000000,3.723796,0.342354
2017-12-11,0.000000,0.000000,2.847538,0.342222
2017-12-12,0.000000,0.000000,2.878447,0.329085
2017-12-13,0.000000,0.000000,2.915509,0.331037
2017-12-14,0.000000,0.000000,2.947097,0.326666
2017-12-15,0.000000,0.000004,2.978182,0.331357
2017-12-16,0.000000,0.000004,3.005761,0.331354
2017-12-17,0.000000,0.000000,3.012668,0.327833
2017-12-18,0.000000,0.000000,3.030745,0.328771
2017-12-19,0.000000,0.000000,3.030857,0.330175
2017-12-20,0.000000,0.000000,3.035733,0.326198
2017-12-21,0.000000,0.000000,3.034017,0.334884
2017-12-22,0.000000,0.000000,3.028206,0.324612
2017-12-23,0.000000,0.000000,3.022109,0.319190
2017-12-24,0.000000,0.000000,3.013097,0.321634
2017-12-25,0.000000,0.000000,3.003131,0.319482
2017-12-26,0.000000,0.000000,2.993958,0.320309
2017-12-27,0.000000,0.000000,3.043530,0.320405
2017-12-28,0.000000,0.000000,2.969826,0.319251
2017-12-29,0.000000,0.000000,2.956404,0.323642
2017-12-30,0.000000,0.000001,2.936134,0.321874
2017-12-31,0.000000,0.000000,2.927680,0.324303
2018-01-01,0.000000,0.000000,2.937532,0.327410
2018-01-02,0.000000,0.000000,2.915396,0.315619
2018-01-03,0.000000,0.000000,2.902882,0.326954
2018-01-04,0.000000,0.000003,2.881827,0.318244
2018-01-05,0.000000,0.000000,2.870320,0.320740
2018-01-06,0.000000,0.000000,2.846385,0.323908
2018-01-07,0.000000,0.000000,2.830920,0.323751
2018-01-08,0.000000,0.000000,2.810878,0.318015
2018-01-09,0.000000,0.000000,2.793033,0.316821
2018-01-10,0.000000,0.000000,2.790457,0.316952
2018-01-11,0.000000,0.000000,2.755836,0.320886
2018-01-12,0.000000,0.000000,2.734809,0.315646
2018-01-13,0.000000,0.000000,2.713262,0.331137
2018-01-14,0.000000,0.000000,2.693864,0.323934
2018-01-15,0.000000,0.000000,2.668334,0.322557
2018-01-16,0.000000,0.000000,2.652569,0.320787
2018-01-17,0.000000,0.000000,2.630799,0.322310
2018-01-18,0.000000,0.000018,2.611001,0.316930
2018-01-19,0.000000,0.000013,2.591669,0.319965
2018-01-20,0.000000,0.000013,2.567976,0.321504
2018-01-21,0.000000,0.000013,2.548948,0.323750
2018-01-22,0.000000,0.000038,2.525165,0.315910
2018-01-23,0.000000,0.000080,2.505020,0.318501
2018-01-24,0.000000,0.000104,2.478402,0.318780
2018-01-25,0.000000,0.000126,2.466469,0.310272
2018-01-26,0.000000,0.000145,2.444019,0.321307
2018-01-27,0.000000,0.000155,2.418172,0.311680
2018-01-28,0.000000,0.000000,2.399244,0.301735
2018-01-29,0.000000,0.000000,2.374423,0.317269
2018-01-30,0.000000,0.000000,2.358996,0.315742
2018-01-31,0.000000,0.000000,2.335515,0.316700
2018-02-01,0.000000,0.000000,2.315794,0.315360
2018-02-02,0.000000,0.000000,2.292958,0.313135
2018-02-03,0.000000,0.000000,2.445969,0.711093
2018-02-04,0.000000,0.000000,2.250673,0.312009
2018-02-05,0.000000,0.000000,2.232087,0.315814
2018-02-06,0.000000,0.000000,2.215039,0.310947
2018-02-07,0.000000,0.000000,2.188889,0.318527
2018-02-08,0.000000,0.000000,2.174252,0.310982
2018-02-09,0.000000,0.000000,2.161717,0.314804
2018-02-10,0.000000,0.000000,2.120154,0.308714
2018-02-11,0.000000,0.000000,2.117972,0.308794
2018-02-12,0.000000,0.000000,2.093759,0.311983
2018-02-13,0.000000,0.000000,2.074748,0.308853
2018-02-14,0.000000,0.000000,2.049952,0.309589
2018-02-15,0.000000,0.000000,2.037731,0.313503
2018-02-16,0.000000,0.000000,2.015902,0.310162
2018-02-17,0.000000,0.000000,1.998959,0.310369
2018-02-18,0.000000,0.000000,1.990597,0.313957
2018-02-19,0.000000,0.000000,1.967774,0.308624
2018-02-20,0.000000,0.000000,1.942275,0.308268
2018-02-21,0.000000,0.000000,1.916031,0.307894
2018-02-22,0.000000,0.000000,1.911311,0.313690
2018-02-23,0.000000,0.000000,1.886140,0.310838
2018-02-24,0.000000,0.000000,1.866808,0.302772
2018-02-25,0.000000,0.000000,1.856045,0.312156
2018-02-26,0.000000,0.000000,1.832265,0.302372
2018-02-27,0.000000,0.000000,1.819881,0.304420
2018-02-28,0.000000,0.000000,1.790154,0.341607
2018-03-01,0.000000,0.000000,1.782481,0.299525
2018-03-02,0.000000,0.000000,1.764101,0.303419
2018-03-03,0.000000,0.000000,1.744850,0.298395
2018-03-04,0.000000,0.000000,1.733034,0.304389
2018-03-05,0.000000,0.000000,1.710176,0.377587
2018-03-06,0.000000,0.000000,1.698848,0.305492
2018-03-07,0.000000,0.000000,1.683875,0.299798
2018-03-08,0.000000,0.000000,1.661749,0.303018
2018-03-09,0.000000,0.000000,1.651148,0.302174
2018-03-10,0.000000,0.000000,1.628759,0.298630
2018-03-11,0.000000,0.000000,1.621420,0.299857
2018-03-12,0.000000,0.000000,1.600062,0.303117
2018-03-13,0.000000,0.000000,1.588454,0.298726
2018-03-14,0.000000,0.000338,1.569245,0.297634
2018-03-15,0.000000,0.000441,1.558027,0.304184
2018-03-16,0.000000,0.000441,1.540971,0.294136
2018-03-17,0.000000,0.000441,1.597274,0.301553
2018-03-18,0.000000,0.000441,1.960067,0.418791
2018-03-19,0.000000,0.000441,3.988546,0.401042
2018-03-20,0.000000,0.000440,1.673608,0.389481
2018-03-21,0.000000,0.000440,1.516520,0.308171
2018-03-22,0.000000,0.000440,1.453529,0.295824
2018-03-23,0.000000,0.000440,1.448403,0.292475
2018-03-24,0.000000,0.012168,1.428383,0.291809
2018-03-25,0.000000,0.106609,1.421030,0.297103
2018-03-26,0.000000,0.164532,1.405877,0.296539
2018-03-27,0.000000,0.190519,1.395043,0.295696
2018-03-28,0.000000,0.202483,1.382911,0.291486
2018-03-29,0.000000,0.213675,1.445675,0.296087
2018-03-30,0.000000,0.219754,1.472616,0.289412
2018-03-31,0.000000,0.225934,1.409416,0.298570
2018-04-01,0.000000,0.232206,1.333715,0.293035
2018-04-02,0.000000,0.237520,1.345524,0.291194
2018-04-03,0.000000,0.239474,1.359893,0.293780
2018-04-04,0.000000,0.243003,1.315212,0.294735
2018-04-05,0.000000,0.246955,1.304166,0.291551
2018-04-06,0.000000,0.247639,1.427596,0.296131
2018-04-07,0.000000,0.251046,1.312215,0.300895
2018-04-08,0.000000,0.253413,1.266654,0.299234
2018-04-09,0.000000,0.253639,1.250902,0.296770
2018-04-10,0.000000,0.253922,1.248191,0.301721
2018-04-11,0.000000,0.254902,1.242779,0.300842
2018-04-12,0.000000,0.260576,1.223899,0.438849
2018-04-13,0.000000,0.049240,1.224033,0.342799
2018-04-14,0.000000,0.000000,1.206942,0.441535
2018-04-15,0.000000,0.000002,1.199106,0.295060
2018-04-16,0.000000,0.000006,3.390747,0.506144
2018-04-17,0.000000,0.000002,15.243019,0.418765
2018-04-18,1.432864,0.000002,6.667751,0.460712
2018-04-19,4.482139,0.007760,6.289153,0.467025
2018-04-20,11.132320,0.052031,6.612046,0.550677
2018-04-21,20.382719,1.542453,6.264910,0.556292
2018-04-22,62.319688,2.418975,2.532019,0.342812
2018-04-23,18.437719,0.970867,1.971661,1.632913
2018-04-24,16.510068,0.371373,2.744781,2.323871
2018-04-25,9.984391,0.240833,2.632120,0.801223
2018-04-26,14.557035,0.090018,3.163261,0.744636
2018-04-27,10.454154,0.084323,4.673610,0.707049
2018-04-28,21.365727,0.240687,3.088817,0.725514
2018-04-29,17.711963,0.683281,3.285116,0.638145
2018-04-30,3.668148,0.452096,3.710496,0.606075
2018-05-01,2.797718,0.025736,2.468675,0.276422
2018-05-02,2.538706,0.000000,2.337177,0.278213
2018-05-03,2.361357,0.000000,2.450010,0.278643
2018-05-04,2.250972,0.000000,3.415205,0.887772
2018-05-05,2.135974,0.000000,4.501751,0.790268
2018-05-06,2.024675,0.000000,7.888687,0.783150
2018-05-07,1.961691,0.000000,8.238108,0.900590
2018-05-08,1.863055,0.000000,5.922466,0.272200
2018-05-09,1.758924,0.000000,7.094557,0.276827
2018-05-10,1.703975,0.000002,10.583216,0.664978
2018-05-11,2.674697,0.003781,11.183005,0.634718
2018-05-12,2.319014,0.003783,5.259721,0.545090
2018-05-13,3.479783,0.009934,6.278891,0.732185
2018-05-14,2.951702,0.010685,5.510029,1.031441
2018-05-15,2.107192,0.004811,5.667399,0.566621
2018-05-16,12.516473,0.011537,5.849407,0.417547
2018-05-17,2.629225,0.022474,5.830255,0.564888
2018-05-18,1.756175,0.003084,5.805863,0.565902
2018-05-19,1.570342,0.001438,6.043744,0.492917
2018-05-20,7.642254,0.043196,5.938871,0.871224
2018-05-21,1.673575,0.063274,5.732651,0.382479
2018-05-22,21.772438,0.560095,7.663706,0.688979
2018-05-23,5.610365,1.134979,6.792652,0.642126
2018-05-24,17.737774,1.372939,6.993214,0.642031
2018-05-25,1.427542,1.247767,5.553949,0.583953
2018-05-26,1.472191,1.032247,6.455686,0.927551
2018-05-27,16.886077,1.315723,6.381131,0.671327
2018-05-28,17.139048,1.505155,6.919146,0.630849
2018-05-29,33.115945,2.104366,8.884501,0.542654
2018-05-30,45.645144,3.609544,7.326703,1.746051
2018-05-31,85.180340,7.314676,10.682925,1.583443
2018-06-01,101.867561,10.551770,15.797444,1.083667
2018-06-02,150.354022,19.542809,17.733304,1.154298
2018-06-03,137.490047,33.851707,33.261745,5.881803
2018-06-04,190.468869,45.135038,27.185408,11.908647
2018-06-05,447.942652,99.265757,46.759170,11.440998
2018-06-06,166.523791,78.269436,38.928356,9.038760
2018-06-07,98.364690,36.856004,30.733812,5.512924
2018-06-08,86.622940,31.909028,34.569898,6.010107
2018-06-09,113.598363,40.267121,35.086047,6.162318
2018-06-10,92.361657,37.321796,35.173343,5.647156
2018-06-11,115.568759,32.861596,36.465522,7.491168
2018-06-12,106.036284,25.492628,36.816457,7.955831
2018-06-13,83.460052,27.902955,36.335567,7.402904
2018-06-14,92.712878,30.396937,32.750563,4.319011
2018-06-15,113.626614,28.739456,34.350055,6.106491
2018-06-16,119.016625,29.608943,37.014046,7.587257
2018-06-17,78.996755,29.762443,35.928734,7.205828
2018-06-18,94.567926,38.742990,36.860883,7.705722
2018-06-19,105.766331,46.175001,38.724701,10.529472
2018-06-20,189.151770,42.374413,39.532177,6.729029
2018-06-21,111.507140,35.740210,41.436273,12.907840
2018-06-22,70.893870,34.150204,36.479913,9.240891
2018-06-23,99.184207,42.480716,35.320401,14.403982
2018-06-24,82.824897,44.438873,33.275066,5.581083
2018-06-25,91.888631,44.682103,33.956681,12.823425
2018-06-26,107.076696,48.929546,35.147908,10.511930
2018-06-27,92.015586,45.425286,36.880120,13.732487
2018-06-28,185.280799,47.504155,39.206526,10.393498
2018-06-29,106.483899,48.940668,32.335441,20.025262
2018-06-30,145.260597,56.862682,36.392990,16.335594
2018-07-01,129.422773,68.001256,33.726338,20.642833
2018-07-02,95.002688,49.286592,33.055796,23.736473
2018-07-03,85.134227,47.274190,33.388448,22.250835
2018-07-04,162.039097,43.263192,30.923516,3.651437
2018-07-05,190.046079,50.871710,39.913690,22.958363
2018-07-06,134.456212,73.799359,32.901854,30.958568
2018-07-07,94.927834,48.877209,31.947059,11.774798
2018-07-08,142.343035,59.391822,34.706832,19.070363
2018-07-09,89.980337,56.096158,30.682428,37.166157
2018-07-10,87.900319,59.433602,32.397141,34.208222
2018-07-11,109.367983,73.419242,33.799624,41.203283
2018-07-12,141.435863,109.552508,37.683554,53.806576
2018-07-13,43.973815,83.053039,36.345485,40.927473
2018-07-14,49.162874,68.520283,40.118104,49.230682
2018-07-15,58.829883,78.182746,47.068936,62.526050
2018-07-16,48.064587,79.810929,47.721418,56.702816
2018-07-17,107.334387,148.572216,57.392193,79.851001
2018-07-18,41.852519,172.203516,64.108499,90.678260
2018-07-19,71.915045,110.210920,66.350466,80.563279
2018-07-20,17.730397,89.119612,64.417570,73.781434
2018-07-21,11.139212,116.954101,61.631437,71.819365
2018-07-22,7.885233,83.475140,61.035550,54.332045
2018-07-23,7.244468,69.459023,60.214137,53.293002
2018-07-24,32.468545,76.267066,62.359341,43.993665
2018-07-25,13.135722,102.358281,68.537435,68.842979
2018-07-26,2.384971,76.034675,53.015204,47.824542
2018-07-27,1.558253,51.344807,53.227466,53.693180
2018-07-28,2.889046,50.251676,47.260620,40.782704
2018-07-29,2.678669,65.028409,49.979354,56.868166
2018-07-30,33.287597,105.158967,50.114338,81.135763
2018-07-31,15.232710,147.362347,45.581227,69.699760
2018-08-01,5.334809,119.919407,43.092082,67.209009
2018-08-02,3.007685,121.451849,42.196617,53.692229
2018-08-03,1.927039,72.282575,43.181188,48.023198
2018-08-04,2.333098,58.626756,45.009155,65.800802
2018-08-05,4.335872,63.653387,42.172187,49.605426
2018-08-06,2.461848,69.980345,43.047223,46.614618
2018-08-07,2.230319,66.086776,43.375389,47.772246
2018-08-08,3.544810,62.675590,42.279849,60.773683
2018-08-09,10.340558,93.198041,39.353134,56.108321
2018-08-10,3.305229,115.410796,41.499029,52.689037
2018-08-11,2.887587,82.901504,40.587507,56.795240
2018-08-12,36.490961,134.856571,44.490277,97.994938
2018-08-13,34.755129,189.080959,39.990950,71.395164
2018-08-14,66.869108,178.310959,43.978535,91.708277
2018-08-15,3.358171,131.094896,36.059979,56.464155
2018-08-16,66.885986,110.319471,37.878543,55.792164
2018-08-17,2.245357,78.507667,30.709515,45.317771
2018-08-18,3.605877,99.758926,29.909794,47.362928
2018-08-19,5.756874,85.102077,26.821602,31.245533
2018-08-20,2.042807,47.942907,26.698338,38.857095
2018-08-21,2.173432,59.950905,25.564695,37.631394
2018-08-22,1.763429,68.177963,25.008830,32.271182
2018-08-23,1.175002,59.744188,23.955919,32.019084
2018-08-24,33.497969,55.812294,26.120989,29.937626
2018-08-25,31.704661,77.904165,21.052511,26.888468
2018-08-26,34.730870,39.604736,19.657884,14.240215
2018-08-27,1.901741,45.482921,16.311634,20.842914
2018-08-28,0.716759,34.372876,15.373932,18.069108
2018-08-29,187.940657,50.487944,20.719474,14.527811
2018-08-30,68.772989,70.316986,17.480826,33.937727
2018-08-31,0.024394,41.457452,13.627076,11.233695
2018-09-01,0.393321,30.059273,12.628246,11.798124
2018-09-02,65.796057,33.206447,13.014112,25.574337
2018-09-03,11.696072,56.065205,11.843771,29.677777
2018-09-04,28.421045,33.295272,13.067570,21.449005
2018-09-05,205.676206,75.662127,23.127833,11.124859
2018-09-06,89.369664,52.650273,20.696066,27.828536
2018-09-07,8.780306,33.191488,13.023855,16.964124
2018-09-08,1.236303,25.078948,11.527671,21.102410
2018-09-09,2.925780,32.972488,10.591860,20.708974
2018-09-10,0.238030,26.204906,9.954877,7.653714
2018-09-11,0.221504,21.847020,9.754241,6.673686
2018-09-12,0.002374,21.475636,9.394621,5.424568
2018-09-13,0.158892,12.991558,9.367195,5.168075
2018-09-14,20.213852,14.957158,9.637674,3.973228
2018-09-15,7.180348,23.886908,9.533183,10.382758
2018-09-16,4.214207,13.925010,8.862630,4.619286
2018-09-17,110.275088,28.131869,10.725042,1.971983
2018-09-18,131.552390,32.357565,13.098072,4.964306
2018-09-19,3.398284,20.051707,8.038713,2.776566
2018-09-20,3.775039,7.997756,7.791819,2.534353
2018-09-21,4.762245,4.447180,7.667938,0.617032
2018-09-22,15.861856,3.237732,8.267596,0.721954
2018-09-23,213.654537,79.795653,15.375541,1.550553
2018-09-24,5.212244,35.838766,7.312145,0.877836
2018-09-25,0.023892,6.977781,7.061655,0.478978
2018-09-26,0.004949,2.579868,6.987911,0.479759
2018-09-27,131.136476,26.007471,13.544718,3.194987
2018-09-28,3.179844,34.883338,11.571859,4.390554
2018-09-29,0.012011,9.281494,7.747893,2.042210
2018-09-30,32.602518,6.388692,9.225928,2.805242
2018-10-01,7.385564,2.478327,7.142255,0.475651
2018-10-02,0.416335,0.627484,7.242859,0.477255
2018-10-03,0.002744,0.119999,7.095303,0.476783
2018-10-04,0.001552,0.070148,7.030452,0.474266
2018-10-05,59.630047,1.709304,7.381322,0.852051
2018-10-06,13.649089,0.377351,7.030613,0.466544
2018-10-07,6.882582,0.010909,6.932853,0.463900
2018-10-08,2.264172,0.001476,6.848628,0.464374
2018-10-09,2.168902,0.000190,6.768081,0.464772
2018-10-10,0.907224,0.000018,6.688608,0.611391
2018-10-11,0.904581,0.000000,6.597926,0.460732
2018-10-12,8.084111,0.000035,7.147746,0.459939
2018-10-13,9.618925,0.000402,6.846432,0.458196
2018-10-14,3.972577,0.000000,6.314574,0.458497
2018-10-15,0.247771,0.000000,6.217380,0.456781
2018-10-16,0.003124,0.000000,6.121859,0.454785
2018-10-17,0.018709,0.000000,6.022165,0.453594
2018-10-18,3.720624,0.000000,5.930811,0.613450
2018-10-19,0.000102,0.000000,5.875711,0.451538
2018-10-20,0.001505,0.000000,5.738807,0.451555
2018-10-21,0.001964,0.000000,5.645956,0.452006
2018-10-22,5.002220,0.000000,6.050048,0.597478
2018-10-23,0.033104,0.000000,5.520392,0.442335
2018-10-24,0.454075,0.000000,5.360778,0.450587
2018-10-25,0.000151,0.000000,5.274759,0.446860
2018-10-26,0.000000,0.000000,5.513204,0.478082
2018-10-27,0.000001,0.000000,6.318933,0.751316
2018-10-28,0.000000,0.000000,5.018252,0.435551
2018-10-29,0.000000,0.000000,4.929073,0.441440
2018-10-30,0.000000,0.000000,4.859170,0.434299
2018-10-31,0.000000,0.000000,4.778330,0.436892
2018-11-01,0.000000,0.000001,4.707558,0.427232
2018-11-02,0.000000,0.000002,4.640807,0.420406
2018-11-03,0.000000,0.000000,4.574778,0.425407
2018-11-04,0.000003,0.000000,4.491676,0.421237
2018-11-05,0.000017,0.000000,4.432848,0.564016
2018-11-06,0.000000,0.000000,4.367193,0.419196
2018-11-07,0.000000,0.000001,4.302096,0.422215
2018-11-08,0.000000,0.000000,4.533736,0.415968
2018-11-09,0.879920,0.000000,6.848783,0.494234
2018-11-10,2.244195,0.000000,4.110816,0.416117
2018-11-11,0.000000,0.000000,4.061593,0.418787
2018-11-12,0.000000,0.000000,4.264621,0.417686
2018-11-13,0.000000,0.000001,3.952407,0.421224
2018-11-14,0.000000,0.000000,3.893546,0.414753
2018-11-15,0.000000,0.000000,3.838050,0.411360
2018-11-16,0.000000,0.000000,3.791431,0.419063
2018-11-17,0.000000,0.000003,4.560472,0.426256
2018-11-18,0.000000,0.000000,3.833590,0.412917
2018-11-19,0.000000,0.000002,5.040157,0.417965
2018-11-20,0.007724,0.000000,7.611278,0.432258
2018-11-21,0.059179,0.000000,3.571978,0.410592
2018-11-22,0.059434,0.000000,3.984993,0.417517
2018-11-23,0.064970,0.000000,4.714462,0.405790
2018-11-24,0.072789,0.000000,5.879781,0.408048
2018-11-25,4.119850,0.003263,4.300510,0.409175
2018-11-26,0.908674,0.000391,3.706816,0.405324
2018-11-27,0.536230,0.000002,3.681260,0.402838
2018-11-28,0.451767,0.000003,3.730527,0.396454
2018-11-29,0.378132,0.000000,3.759828,0.391923
2018-11-30,0.307789,0.000000,3.771204,0.392093
2018-12-01,0.248880,0.000000,3.769323,0.391580
2018-12-02,0.176927,0.000000,3.758759,0.391490
2018-12-03,0.134586,0.000000,3.739127,0.392579
2018-12-04,0.117513,0.000000,3.706313,0.390337
2018-12-05,0.047187,0.000002,3.694591,0.547454
2018-12-06,0.000000,0.000004,3.669421,0.388898
2018-12-07,0.000000,0.000003,3.632714,0.387563
2018-12-08,0.000000,0.000002,3.613612,0.390571
2018-12-09,0.000000,0.000001,3.571869,0.391810
2018-12-10,0.000000,0.000001,3.542815,0.387149
2018-12-11,0.000000,0.000000,3.531571,0.386375
2018-12-12,0.000000,0.000000,3.472292,0.387609
2018-12-13,0.000000,0.000003,4.016155,0.377430
2018-12-14,0.000000,0.000000,3.637040,0.382088
2018-12-15,0.000000,0.000002,3.449551,0.536969
2018-12-16,0.000000,0.000001,3.378340,0.384107
2018-12-17,0.000000,0.000000,3.307166,0.380849
2018-12-18,0.000000,0.000000,3.279387,0.379301
2018-12-19,0.000000,0.000000,3.243344,0.383016
2018-12-20,0.000000,0.000000,3.487241,0.379121
2018-12-21,0.000000,0.000000,3.176530,0.383302
2018-12-22,0.000000,0.000000,3.139592,0.377913
2018-12-23,0.488516,0.000000,4.899327,0.391358
2018-12-24,9.037294,0.001193,6.064988,0.538980
2018-12-25,6.769828,0.001861,3.220506,0.377176
2018-12-26,0.772889,0.000004,3.022938,0.381454
2018-12-27,0.635017,0.000000,2.983191,0.370037
2018-12-28,0.521392,0.000000,2.969703,0.382055
2018-12-29,0.464224,0.000000,2.940974,0.523944
2018-12-30,0.432583,0.000000,2.919220,0.383409
2018-12-31,0.398110,0.000000,2.895689,0.381401
2019-01-01,0.490447,0.000000,2.875818,0.381670
2019-01-02,0.460651,0.000000,2.843560,0.381453
2019-01-03,0.450681,0.000000,2.816391,0.381064
2019-01-04,0.437559,0.000000,2.921664,0.378259
2019-01-05,0.415855,0.000000,2.769126,0.385673
2019-01-06,0.405984,0.000000,2.739748,0.372877
2019-01-07,0.394611,0.000108,2.724995,0.417996
2019-01-08,0.286899,0.000225,3.135033,0.371867
2019-01-09,0.314722,0.000224,2.673533,0.373649
2019-01-10,0.382810,0.000222,2.647366,0.378781
2019-01-11,0.379269,0.000219,2.620207,0.385718
2019-01-12,0.386328,0.000218,2.601078,0.379778
2019-01-13,0.383229,0.003040,2.576294,0.376112
2019-01-14,0.174295,0.045015,2.550914,0.379104
2019-01-15,0.150884,0.078925,2.527695,0.374293
2019-01-16,0.150320,0.093953,2.503990,0.370439
2019-01-17,0.150493,0.102365,2.483512,0.371596
2019-01-18,0.150256,0.108564,2.451909,0.363586
2019-01-19,0.150509,0.112119,2.445994,0.380090
2019-01-20,0.150868,0.117304,2.404581,0.370445
2019-01-21,0.150299,0.120774,2.393269,0.371274
2019-01-22,0.150263,0.122359,2.365879,0.375004
2019-01-23,0.150133,0.121396,2.350218,0.367629
2019-01-24,0.013121,0.119916,2.318124,0.371139
2019-01-25,0.000000,0.117634,2.296751,0.365944
2019-01-26,0.000000,0.116135,2.275228,0.395768
2019-01-27,0.000000,0.115633,2.252970,0.359156
2019-01-28,0.000000,0.115379,2.229947,0.373649
2019-01-29,0.000000,0.117246,2.209242,0.495362
2019-01-30,0.000000,0.119296,2.193236,0.368371
2019-01-31,0.000000,0.120554,2.163675,0.364879
2019-02-01,0.000000,0.122393,2.149837,0.378784
2019-02-02,0.000000,0.123652,2.117327,0.359228
2019-02-03,0.000000,0.124534,2.102573,0.365713
2019-02-04,0.000000,0.124986,2.083142,0.354658
2019-02-05,0.000000,0.125760,2.056885,0.360920
2019-02-06,0.000000,0.127117,2.038017,0.363845
2019-02-07,0.000000,0.131713,2.020893,0.358108
2019-02-08,0.000000,0.136678,1.994373,0.354857
2019-02-09,0.000000,0.138571,1.979112,0.362676
2019-02-10,0.000000,0.139754,1.961653,0.371667
2019-02-11,0.000000,0.140544,1.942817,0.364608
2019-02-12,0.000000,0.141456,1.917458,0.365571
2019-02-13,0.000000,0.143353,1.896832,0.493648
2019-02-14,0.000000,0.145015,1.873435,0.371197
2019-02-15,0.000000,0.145920,1.859527,0.489277
2019-02-16,0.000000,0.146090,1.846031,0.361621
2019-02-17,0.000000,0.147034,1.826609,0.360046
2019-02-18,0.000000,0.075866,1.815752,0.357372
2019-02-19,0.000000,0.000235,1.792917,0.347575
2019-02-20,0.000000,0.009097,1.769512,0.352540
2019-02-21,0.000000,0.096207,2.064458,0.349851
2019-02-22,0.000000,0.130572,1.760522,0.351972
2019-02-23,0.000000,0.137230,1.718298,0.350885
2019-02-24,0.000000,0.139551,1.702272,0.352114
2019-02-25,0.000000,0.141861,1.683926,0.350906
2019-02-26,0.000000,0.144292,1.673951,0.354886
2019-02-27,0.000000,0.145298,1.654339,0.340010
2019-02-28,0.000000,0.145214,2.485135,0.341751
2019-03-01,0.000000,0.145240,1.646927,0.344909
2019-03-02,0.000000,0.144918,1.603929,0.487982
2019-03-03,0.000000,0.145033,1.582043,0.350094
2019-03-04,0.000000,0.147001,1.572400,0.481868
2019-03-05,0.000000,0.148203,1.555941,0.343071
2019-03-06,0.000000,0.148516,1.553277,0.359249
2019-03-07,0.000000,0.148830,1.525360,0.346654
2019-03-08,0.000000,0.148832,1.523616,0.356514
2019-03-09,0.000000,0.148517,1.498696,0.335897
2019-03-10,0.000000,0.149595,1.484717,0.334731
2019-03-11,0.000000,0.151903,1.470748,0.335990
2019-03-12,0.000000,0.152329,1.462342,0.469750
2019-03-13,0.000000,0.151607,1.447481,0.331809
2019-03-14,0.000000,0.151636,1.421064,0.326818
2019-03-15,0.000000,0.151557,1.420824,0.469399
2019-03-16,0.000000,0.150984,1.406865,0.328011
2019-03-17,0.000000,0.151056,1.396248,0.334031
2019-03-18,0.000000,0.151028,1.378121,0.459695
2019-03-19,0.000000,0.150607,1.364909,0.336082
2019-03-20,0.000000,0.151096,1.364448,0.460394
2019-03-21,0.000000,0.150611,1.340288,0.325146
2019-03-22,0.000000,0.150302,1.331130,0.333382
2019-03-23,0.000000,0.150084,1.321660,0.322167
2019-03-24,0.000000,0.150343,1.309439,0.327619
2019-03-25,0.000000,0.153069,1.298823,0.324172
2019-03-26,0.000000,0.152633,1.285708,0.324498
2019-03-27,0.000000,0.153716,1.276399,0.325811
2019-03-28,0.000000,0.152429,1.264045,0.319105
2019-03-29,0.000000,0.153603,1.247582,0.327180
2019-03-30,0.000000,0.137209,1.242902,0.323053
2019-03-31,0.000000,0.009293,1.230098,0.324291
2019-04-01,0.000000,0.000778,1.221650,0.325730
2019-04-02,0.000000,0.000002,1.268828,0.448745
2019-04-03,0.000000,0.000001,1.206307,0.320677
2019-04-04,0.000000,0.000000,1.181162,0.321478
2019-04-05,0.000000,0.000000,1.194808,0.318682
2019-04-06,0.000000,0.000000,1.430047,0.483483
2019-04-07,0.000000,0.000000,1.411197,0.316434
2019-04-08,0.000000,0.000000,2.769816,0.578043
2019-04-09,2.082411,0.000000,1.366290,0.489951
2019-04-10,2.720338,0.000000,2.436337,0.464852
2019-04-11,0.683071,0.000000,1.952850,0.500544
2019-04-12,1.407091,0.000018,5.060099,0.573023
2019-04-13,0.607990,0.000167,3.155722,0.568378
2019-04-14,11.447282,0.000376,12.813527,0.535083
2019-04-15,5.683035,0.000340,5.015875,0.595048
2019-04-16,3.649140,0.000210,1.916463,0.821006
2019-04-17,0.525434,0.000083,1.397322,0.874959
2019-04-18,0.459957,0.000008,1.397256,0.611366
2019-04-19,0.927186,0.000016,2.597152,0.974116
2019-04-20,2.108572,0.000040,2.440991,0.823772
2019-04-21,2.304069,0.000050,2.186136,0.950052
2019-04-22,0.349483,0.000017,1.410113,0.308062
2019-04-23,0.334004,0.000001,1.450496,0.309709
2019-04-24,0.322791,0.000001,1.393096,0.358401
2019-04-25,0.293182,0.000002,1.434868,0.304161
2019-04-26,0.277331,0.000000,1.586974,0.771443
2019-04-27,0.284482,0.000000,4.953937,0.647988
2019-04-28,18.255515,0.006205,12.086095,0.411123
2019-04-29,16.341089,0.053453,17.211450,0.441549
2019-04-30,39.610829,0.117196,12.675665,0.517196
2019-05-01,94.324695,0.547592,11.477774,1.344352
2019-05-02,62.190140,2.342394,8.256996,1.625460
2019-05-03,23.540214,0.526506,5.170257,0.302827
2019-05-04,85.469922,0.802246,18.333221,1.400376
2019-05-05,176.901137,9.129985,25.790444,1.613855
2019-05-06,255.440831,26.587763,36.274792,10.433514
2019-05-07,72.595835,17.409870,18.264529,5.556476
2019-05-08,57.609645,9.408103,19.351151,4.859516
2019-05-09,78.826643,8.718643,19.066216,3.036031
2019-05-10,27.629898,4.552776,18.418378,1.813594
2019-05-11,39.667668,2.714576,17.776408,1.308159
2019-05-12,8.201960,1.627176,16.637239,0.639220
2019-05-13,4.600441,0.079818,15.845027,0.589918
2019-05-14,100.697742,3.542766,22.082597,0.903260
2019-05-15,110.542375,13.704130,23.065323,2.729849
2019-05-16,96.160804,22.661455,20.223394,5.444095
2019-05-17,74.582147,21.250196,18.738005,3.054323
2019-05-18,98.812945,22.605385,21.261337,4.798453
2019-05-19,99.220534,23.200567,24.426115,7.078546
2019-05-20,72.983273,17.888968,24.690484,3.726897
2019-05-21,78.247957,15.010700,26.465796,6.137739
2019-05-22,148.883040,19.767711,31.107490,6.696017
2019-05-23,188.456288,34.833042,41.918941,10.518564
2019-05-24,213.456461,39.736778,32.150343,2.077563
2019-05-25,226.787131,32.184895,37.476001,4.176696
2019-05-26,298.351420,63.293169,46.854870,10.830659
2019-05-27,134.724557,45.481661,40.205652,6.792417
2019-05-28,105.122061,29.167986,42.119490,6.454198
2019-05-29,105.664965,22.407934,42.473891,6.704236
2019-05-30,94.742291,20.067622,44.737299,5.945048
2019-05-31,99.070815,21.434710,43.917961,5.215167
2019-06-01,60.155930,17.027662,43.879216,2.772521
2019-06-02,66.251775,15.034980,44.412996,2.847776
2019-06-03,81.532094,19.211665,45.033302,5.126522
2019-06-04,92.160940,24.165443,45.513957,5.563196
2019-06-05,58.065969,19.942774,47.486643,4.727602
2019-06-06,129.254715,22.089445,39.950397,3.275375
2019-06-07,149.800183,33.883627,40.524423,6.026500
2019-06-08,167.532830,34.981542,42.400789,7.339188
2019-06-09,139.267033,37.718465,42.276308,9.695067
2019-06-10,137.816199,29.907400,42.972224,8.290054
2019-06-11,224.902205,53.204023,53.096319,11.371417
2019-06-12,273.429448,87.873031,75.445465,15.630522
2019-06-13,145.897580,85.178777,54.741038,14.137115
2019-06-14,130.580130,65.332291,54.317088,11.370808
2019-06-15,123.245344,67.494730,52.214768,10.199944
2019-06-16,117.197544,67.533330,51.622503,10.038439
2019-06-17,136.622644,77.153503,52.423820,11.914585
2019-06-18,95.228123,69.475773,49.528489,11.596816
2019-06-19,112.253254,63.519266,48.609746,16.572433
2019-06-20,106.347188,67.708260,47.391904,16.295163
2019-06-21,93.470771,63.443864,46.681721,26.309584
2019-06-22,94.159428,59.267938,46.389833,25.242111
2019-06-23,82.877182,55.775125,43.880291,24.878439
2019-06-24,161.137482,71.843198,45.774819,31.788021
2019-06-25,138.042979,82.987850,44.941933,40.790088
2019-06-26,158.735294,94.416732,48.425639,44.300852
2019-06-27,172.997676,99.825421,49.202833,39.761125
2019-06-28,121.856736,78.947755,46.452635,34.180474
2019-06-29,98.244824,71.826305,46.359856,33.847713
2019-06-30,108.297825,59.877566,45.116330,36.409788
2019-07-01,87.057670,50.759478,47.766339,38.392615
2019-07-02,177.108140,76.805506,47.431790,29.711708
2019-07-03,77.316036,53.228314,42.786333,38.740888
2019-07-04,75.261030,57.014361,43.688772,41.983141
2019-07-05,70.887531,75.938723,44.870030,49.857294
2019-07-06,53.795573,81.436013,45.055219,52.848039
2019-07-07,76.576889,94.994166,54.679326,60.109853
2019-07-08,71.222577,97.223644,56.971310,66.857984
2019-07-09,71.380746,95.917303,64.625898,65.887751
2019-07-10,47.887740,82.317825,62.741428,47.240895
2019-07-11,36.390604,59.211725,64.588797,54.071082
2019-07-12,41.761311,57.337330,59.507409,57.104089
2019-07-13,52.375095,69.541938,56.755613,56.987274
2019-07-14,57.523528,80.864026,56.164002,63.078908
2019-07-15,45.859839,87.154690,49.239641,38.980581
2019-07-16,20.371449,74.844991,53.527082,68.309500
2019-07-17,26.756613,69.650067,52.294565,65.708797
2019-07-18,27.797046,79.173329,50.856974,86.826216
2019-07-19,24.338341,78.793328,50.364151,70.676313
2019-07-20,20.809338,70.956873,49.020688,78.792477
2019-07-21,19.148180,60.377651,51.690958,81.056650
2019-07-22,23.305193,63.770728,52.178828,67.511616
2019-07-23,24.844789,78.419648,51.860502,66.918275
2019-07-24,20.810115,80.439653,51.288003,59.895481
2019-07-25,20.679420,72.620803,47.667664,41.478266
2019-07-26,43.612703,79.473074,44.897821,47.795490
2019-07-27,37.554809,100.502267,44.824669,61.077107
2019-07-28,108.299349,102.361607,57.062229,67.957261
2019-07-29,18.997544,110.330153,46.425745,65.902063
2019-07-30,8.486696,102.919176,44.092323,45.847920
2019-07-31,56.917167,206.234159,54.744312,119.722887
2019-08-01,10.676911,243.564593,57.259657,153.862446
2019-08-02,8.368484,185.551170,56.522817,95.232238
2019-08-03,6.032345,181.653714,48.529305,69.404214
2019-08-04,3.453457,127.115056,45.219619,64.564495
2019-08-05,2.882946,80.222014,41.640545,59.956405
2019-08-06,3.003241,85.785563,39.269129,55.440443
2019-08-07,2.956542,76.588280,35.802492,53.606605
2019-08-08,2.299525,59.048411,32.243013,54.497797
2019-08-09,3.218831,44.966792,30.051212,46.873238
2019-08-10,3.064420,57.621760,30.044975,58.272311
2019-08-11,3.359303,74.650691,26.717022,47.396780
2019-08-12,86.604256,111.194766,35.078044,100.662619
2019-08-13,118.127535,231.077764,31.500296,124.347865
2019-08-14,5.813986,147.674837,19.373443,55.483569
2019-08-15,2.406191,91.832782,18.372068,38.549887
2019-08-16,1.535130,55.352058,17.174611,35.528629
2019-08-17,1.631176,47.631566,16.568963,41.042955
2019-08-18,19.222689,77.323827,16.775156,43.781176
2019-08-19,3.736507,72.804214,14.990847,34.245010
2019-08-20,1.852004,71.718624,13.879187,40.103469
2019-08-21,1.233067,49.540514,13.091880,33.238199
2019-08-22,1.315286,38.981644,12.352030,30.789493
2019-08-23,1.178300,33.986594,11.955054,30.380584
2019-08-24,36.611480,43.846785,13.146898,20.617490
2019-08-25,9.309818,66.824111,11.794671,34.451230
2019-08-26,1.640493,51.581381,9.837673,30.059073
2019-08-27,1.416155,43.263058,9.222949,26.270379
2019-08-28,2.941232,63.732186,8.807877,32.770392
2019-08-29,0.618829,43.147453,8.260456,17.258560
2019-08-30,0.452015,24.200435,8.328589,22.023628
2019-08-31,2.369499,26.910874,7.848179,27.001304
2019-09-01,14.004077,58.265754,0.000000,0.000000
2019-09-02,16.544400,74.925486,0.000000,0.000000
2019-09-03,2.516752,54.543265,0.000000,0.000000
2019-09-04,14.509763,90.890367,0.000000,0.000000
2019-09-05,2.384437,45.918389,0.000000,0.000000
2019-09-06,71.983800,94.079986,0.000000,0.000000
2019-09-07,21.425507,89.154591,0.000000,0.000000
2019-09-08,0.790528,64.828554,0.000000,0.000000
2019-09-09,12.981404,32.871495,0.000000,0.000000
2019-09-10,2.025440,26.372409,0.000000,0.000000
2019-09-11,0.013996,17.752619,0.000000,0.000000
2019-09-12,0.037125,15.490716,0.000000,0.000000
2019-09-13,0.003539,15.333332,0.000000,0.000000
2019-09-14,0.876640,28.497883,0.000000,0.000000
2019-09-15,0.002444,24.968902,0.000000,0.000000
2019-09-16,0.000922,9.385421,0.000000,0.000000
2019-09-17,0.070725,4.151322,0.000000,0.000000
2019-09-18,6.429627,0.969908,0.000000,0.000000
2019-09-19,2.551386,4.047912,0.000000,0.000000
2019-09-20,0.008798,14.857194,0.000000,0.000000
2019-09-21,2.828263,21.358436,0.000000,0.000000
2019-09-22,24.641025,21.037953,0.000000,0.000000
2019-09-23,42.853227,62.969858,0.000000,0.000000
2019-09-24,11.407926,62.070559,0.000000,0.000000
2019-09-25,0.637861,54.533199,0.000000,0.000000
2019-09-26,0.311561,23.175449,0.000000,0.000000
2019-09-27,16.981962,57.879559,0.000000,0.000000
2019-09-28,90.237760,138.255929,0.000000,0.000000
2019-09-29,0.079322,60.306693,0.000000,0.000000
2019-09-30,35.892209,34.349846,0.000000,0.000000
2019-10-01,132.503456,34.601466,0.000000,0.000000
2019-10-02,167.550815,30.665756,0.000000,0.000000
2019-10-03,148.557157,27.028752,0.000000,0.000000
2019-10-04,181.189365,42.811675,0.000000,0.000000
2019-10-05,145.149015,67.245632,0.000000,0.000000
2019-10-06,42.331487,68.983559,0.000000,0.000000
2019-10-07,38.105229,64.228233,0.000000,0.000000
2019-10-08,1.304284,17.322651,0.000000,0.000000
2019-10-09,44.838653,23.344012,0.000000,0.000000
2019-10-10,1.392664,14.958460,0.000000,0.000000
2019-10-11,0.047396,4.409748,0.000000,0.000000
2019-10-12,0.023908,1.687297,0.000000,0.000000
2019-10-13,0.121040,0.352502,0.000000,0.000000
2019-10-14,4.729850,0.000673,0.000000,0.000000
2019-10-15,0.001098,0.000421,0.000000,0.000000
2019-10-16,0.294156,0.363144,0.000000,0.000000
2019-10-17,28.205000,2.048652,0.000000,0.000000
2019-10-18,7.273676,1.600756,0.000000,0.000000
2019-10-19,65.909537,3.730785,0.000000,0.000000
2019-10-20,5.829991,10.253639,0.000000,0.000000
2019-10-21,0.015516,3.351692,0.000000,0.000000
2019-10-22,0.044516,0.468595,0.000000,0.000000
2019-10-23,0.004437,0.063336,0.000000,0.000000
2019-10-24,0.000220,0.008366,0.000000,0.000000
2019-10-25,0.011069,0.001182,0.000000,0.000000
2019-10-26,4.284143,0.000109,0.000000,0.000000
2019-10-27,0.158800,0.000008,0.000000,0.000000
2019-10-28,33.167346,0.291929,0.000000,0.000000
2019-10-29,55.294924,3.929550,0.000000,0.000000
2019-10-30,3.482605,0.183227,0.000000,0.000000
2019-10-31,0.002551,0.001034,0.000000,0.000000
2019-11-01,0.000000,0.000000,0.000000,0.000000
2019-11-02,0.000000,0.000000,0.000000,0.000000
2019-11-03,0.000000,0.000000,0.000000,0.000000
2019-11-04,0.000000,0.000000,0.000000,0.000000
2019-11-05,0.000000,0.000000,0.000000,0.000000
2019-11-06,0.000000,0.000000,0.000000,0.000000
2019-11-07,0.000000,0.000000,0.000000,0.000000
2019-11-08,0.000000,0.000000,0.000000,0.000000
2019-11-09,0.000000,0.000000,0.000000,0.000000
2019-11-10,0.000000,0.000000,0.000000,0.000000
2019-11-11,0.000000,0.000000,0.000000,0.000000
2019-11-12,0.000000,0.000000,0.000000,0.000000
2019-11-13,0.001437,0.000000,0.000000,0.000000
2019-11-14,0.007130,0.000000,0.000000,0.000000
2019-11-15,0.006200,0.000000,0.000000,0.000000
2019-11-16,0.005249,0.000000,0.000000,0.000000
2019-11-17,0.004582,0.000000,0.000000,0.000000
2019-11-18,0.000137,0.000000,0.000000,0.000000
2019-11-19,0.000000,0.000000,0.000000,0.000000
2019-11-20,0.000000,0.000000,0.000000,0.000000
2019-11-21,0.000000,0.000000,0.000000,0.000000
2019-11-22,0.000000,0.000000,0.000000,0.000000
2019-11-23,0.000000,0.000000,0.000000,0.000000
2019-11-24,0.000000,0.000000,0.000000,0.000000
2019-11-25,0.000000,0.000000,0.000000,0.000000
2019-11-26,0.000000,0.000000,0.000000,0.000000
2019-11-27,0.000000,0.000000,0.000000,0.000000
2019-11-28,0.000000,0.000000,0.000000,0.000000
2019-11-29,0.000000,0.000000,0.000000,0.000000
2019-11-30,0.000000,0.000000,0.000000,0.000000
2019-12-01,0.000000,0.000000,0.000000,0.000000
2019-12-02,0.000000,0.000000,0.000000,0.000000
2019-12-03,0.000000,0.000000,0.000000,0.000000
2019-12-04,0.000000,0.000000,0.000000,0.000000
2019-12-05,0.000000,0.000000,0.000000,0.000000
2019-12-06,0.000000,0.000000,0.000000,0.000000
2019-12-07,0.000000,0.000000,0.000000,0.000000
2019-12-08,0.000000,0.000000,0.000000,0.000000
2019-12-09,0.000000,0.000000,0.000000,0.000000
2019-12-10,0.000000,0.000000,0.000000,0.000000
2019-12-11,0.000000,0.000000,0.000000,0.000000
2019-12-12,0.000000,0.000000,0.000000,0.000000
2019-12-13,0.000000,0.000000,0.000000,0.000000
2019-12-14,0.000000,0.000000,0.000000,0.000000
2019-12-15,0.000000,0.000000,0.000000,0.000000
2019-12-16,0.000000,0.000000,0.000000,0.000000
2019-12-17,0.000000,0.000000,0.000000,0.000000
2019-12-18,0.000000,0.000000,0.000000,0.000000
2019-12-19,0.000000,0.000000,0.000000,0.000000
2019-12-20,0.000000,0.000000,0.000000,0.000000
2019-12-21,0.000000,0.000000,0.000000,0.000000
2019-12-22,0.000000,0.000000,0.000000,0.000000
2019-12-23,0.000000,0.000000,0.000000,0.000000
2019-12-24,0.000000,0.000000,0.000000,0.000000
2019-12-25,0.000000,0.000000,0.000000,0.000000
2019-12-26,0.000000,0.000000,0.000000,0.000000
2019-12-27,0.000000,0.000000,0.000000,0.000000
2019-12-28,0.000000,0.000000,0.000000,0.000000
2019-12-29,0.000000,0.000000,0.000000,0.000000
2019-12-30,0.000000,0.000000,0.000000,0.000000
2019-12-31,0.000000,0.000000,0.000000,0.000000

