time,MAR_land,MAR_ice,RACMO_land,RACMO_ice
2015-01-01,1.976061,0.002740,0.175637,0.794280
2015-01-02,1.956643,0.002390,0.179717,0.802527
2015-01-03,1.936036,0.003102,0.167923,0.794615
2015-01-04,1.915376,0.002347,0.167526,0.798537
2015-01-05,1.895146,0.004662,0.163403,0.794234
2015-01-06,1.874372,0.021900,0.162122,0.792149
2015-01-07,1.856548,0.023267,0.158884,0.787897
2015-01-08,1.837941,0.021555,0.155605,0.790210
2015-01-09,1.819498,0.021997,0.155520,0.785864
2015-01-10,1.801192,0.021854,0.149045,0.779956
2015-01-11,1.782470,0.021797,0.149003,0.784297
2015-01-12,1.766829,0.022172,0.149003,0.780461
2015-01-13,1.750487,0.021966,0.144442,0.777376
2015-01-14,1.734224,0.021685,0.137967,0.785636
2015-01-15,1.718002,0.021631,0.140362,0.775213
2015-01-16,1.700664,0.004270,0.137883,0.779717
2015-01-17,1.685824,0.001420,0.133803,0.772017
2015-01-18,1.669985,0.001865,0.144832,0.772269
2015-01-19,1.654506,0.002219,0.130439,0.770752
2015-01-20,1.639205,0.002190,0.129283,0.766495
2015-01-21,1.623182,0.002267,0.125962,0.766271
2015-01-22,1.609628,0.002262,0.123879,0.765773
2015-01-23,1.594819,0.001632,0.123879,0.756510
2015-01-24,1.580022,0.001539,0.118560,0.746404
2015-01-25,1.565230,0.003338,0.121755,0.747359
2015-01-26,1.549335,0.003749,0.116478,0.747107
2015-01-27,1.536110,0.003687,0.116393,0.749845
2015-01-28,1.521965,0.003476,0.114353,0.745595
2015-01-29,1.507715,0.003695,0.114311,0.743538
2015-01-30,1.493597,0.003602,0.112229,0.746161
2015-01-31,1.479677,0.003402,0.110189,0.747746
2015-02-01,1.464801,0.003400,0.108107,0.742044
2015-02-02,1.452326,0.003385,0.110105,0.749911
2015-02-03,1.438761,0.004134,0.114101,0.782917
2015-02-04,1.425590,0.003726,0.103942,0.748342
2015-02-05,1.414081,0.003380,0.103858,0.730924
2015-02-06,1.401935,0.003554,0.103858,0.762469
2015-02-07,1.391816,0.003768,0.099778,0.778116
2015-02-08,1.380700,0.003793,0.129674,0.770264
2015-02-09,1.369576,0.003460,0.097696,0.767365
2015-02-10,1.358603,0.003406,0.099651,0.771903
2015-02-11,1.347122,0.003464,0.097569,0.763330
2015-02-12,1.337940,0.003668,0.095529,0.760370
2015-02-13,1.327736,0.003692,0.091449,0.757591
2015-02-14,1.317479,0.003721,0.093363,0.757906
2015-02-15,1.306999,0.003461,0.093405,0.758677
2015-02-16,1.295695,0.003460,0.089282,0.753347
2015-02-17,1.286295,0.003482,0.089240,0.754517
2015-02-18,1.276189,0.003850,0.087158,0.750220
2015-02-19,1.266345,0.003621,0.087116,0.754131
2015-02-20,1.256707,0.003637,0.085076,0.750710
2015-02-21,1.246270,0.001928,0.085034,0.747442
2015-02-22,1.237510,0.001945,0.080912,0.733807
2015-02-23,1.227918,0.001603,0.082910,0.742785
2015-02-24,1.218651,0.002097,0.080869,0.744894
2015-02-25,1.209512,0.002537,0.078787,0.740160
2015-02-26,1.199520,0.002651,0.074623,0.746975
2015-02-27,1.191227,0.002204,0.074707,0.740912
2015-02-28,1.182159,0.001718,0.074623,0.742217
2015-03-01,1.172391,0.007164,0.072541,0.740430
2015-03-02,1.164736,0.022406,0.072541,0.740430
2015-03-03,1.156853,0.022156,0.072456,0.735711
2015-03-04,1.149127,0.023291,0.068376,0.761042
2015-03-05,1.141339,0.004305,0.078931,0.737922
2015-03-06,1.132808,0.002695,0.068334,0.730875
2015-03-07,1.126311,0.009609,0.066336,0.730475
2015-03-08,1.119217,0.041342,0.066210,0.731278
2015-03-09,1.112115,0.016161,0.068773,0.723627
2015-03-10,1.104914,0.011186,0.060974,0.734966
2015-03-11,1.096878,0.011707,0.062087,0.727165
2015-03-12,1.090379,0.011756,0.062087,0.727772
2015-03-13,1.083164,0.008471,0.059205,0.731092
2015-03-14,1.076164,0.002153,0.060848,0.719238
2015-03-15,1.069436,0.002043,0.059247,0.729316
2015-03-16,1.061946,0.001932,0.057136,0.724922
2015-03-17,1.055870,0.001598,0.057923,0.726723
2015-03-18,1.049076,0.001572,0.057923,0.719947
2015-03-19,1.042249,0.001533,0.053801,0.723683
2015-03-20,1.035357,0.001585,0.055841,0.724153
2015-03-21,1.027693,0.001613,0.064001,0.719326
2015-03-22,1.021593,0.001560,0.053759,0.725550
2015-03-23,1.014876,0.010227,0.051761,0.723662
2015-03-24,1.008188,0.025514,0.076091,0.716153
2015-03-25,1.001385,0.042384,0.051718,0.724752
2015-03-26,0.994295,0.042660,0.049636,0.720088
2015-03-27,0.989231,0.087208,0.051676,0.719104
2015-03-28,0.983533,0.044012,0.049636,0.719684
2015-03-29,0.977821,0.043056,0.049184,0.722535
2015-03-30,0.972173,0.043068,0.045556,0.716771
2015-03-31,0.966628,0.043060,0.049552,0.719082
2015-04-01,0.960478,0.043093,0.047512,0.712165
2015-04-02,0.955631,0.042993,0.045514,0.719011
2015-04-03,0.950095,0.042661,0.047470,0.709601
2015-04-04,0.944564,0.040723,0.043432,0.710048
2015-04-05,0.939064,0.031337,0.389931,0.713868
2015-04-06,0.932949,0.005104,0.200554,0.713353
2015-04-07,0.928202,0.003675,0.043390,0.708366
2015-04-08,0.922757,0.003265,0.041434,0.710182
2015-04-09,0.917260,0.003400,0.044545,0.711431
2015-04-10,0.911798,0.003192,0.041307,0.705194
2015-04-11,0.905765,0.003247,0.041307,0.708822
2015-04-12,0.901017,0.003275,0.037143,0.710366
2015-04-13,0.895689,0.003285,0.221412,0.704248
2015-04-14,0.890574,0.003199,0.039183,0.707235
2015-04-15,0.885660,0.003191,0.252328,0.703184
2015-04-16,0.880181,0.003329,0.321821,1.253155
2015-04-17,0.875998,0.003430,0.037511,0.706003
2015-04-18,0.871148,0.004161,0.796568,0.850734
2015-04-19,0.866291,0.007194,6.545515,1.599824
2015-04-20,0.861450,0.155309,0.178732,0.696779
2015-04-21,0.856073,0.242847,0.035061,0.692038
2015-04-22,0.851930,0.159121,0.108103,1.347390
2015-04-23,0.847440,0.016078,0.284967,2.423263
2015-04-24,0.843017,0.016012,0.032979,1.190722
2015-04-25,0.838573,0.013534,0.035061,0.687328
2015-04-26,0.833513,0.012481,0.032979,0.682668
2015-04-27,0.829612,0.012873,0.040163,0.687406
2015-04-28,0.825104,0.012474,0.381783,0.679208
2015-04-29,0.820544,0.012980,1.735905,0.684847
2015-04-30,0.815989,0.012853,0.626899,0.675001
2015-05-01,0.810890,0.012755,0.718215,0.671936
2015-05-02,0.806945,0.013134,0.030896,0.666312
2015-05-03,0.802462,0.012783,0.028898,0.665672
2015-05-04,0.797960,0.013244,0.333782,0.658178
2015-05-05,0.793540,0.012638,0.028814,0.830176
2015-05-06,0.788745,0.008443,0.170598,1.000490
2015-05-07,0.785043,0.000291,0.028814,1.279252
2015-05-08,0.780834,0.016686,0.028814,1.690141
2015-05-09,0.776642,0.182965,0.254763,1.308189
2015-05-10,0.772529,0.211526,1.387493,0.882809
2015-05-11,0.767977,0.004960,0.303059,0.713971
2015-05-12,0.764523,0.000016,2.769629,2.165872
2015-05-13,0.760527,0.012169,0.224913,0.768069
2015-05-14,0.756601,0.122645,0.994694,2.247795
2015-05-15,0.752765,0.441315,1.200469,1.569651
2015-05-16,0.748555,0.095864,2.525490,1.193979
2015-05-17,0.744894,0.089946,2.276442,1.123462
2015-05-18,0.744388,0.095669,5.357920,1.178375
2015-05-19,0.754110,0.071634,2.539695,1.650359
2015-05-20,0.749159,0.377763,0.200708,1.199741
2015-05-21,0.727447,0.108882,1.138937,2.139380
2015-05-22,0.703097,0.220245,0.991760,0.642798
2015-05-23,0.686919,0.116788,3.858013,1.165669
2015-05-24,0.674566,0.119317,3.331315,1.190507
2015-05-25,0.642554,0.132035,2.849234,1.829314
2015-05-26,0.633864,0.127918,1.605685,1.509238
2015-05-27,0.646270,0.052859,1.945399,1.324333
2015-05-28,0.668764,0.893017,2.646965,1.429693
2015-05-29,0.689074,0.081988,1.737132,1.132773
2015-05-30,0.727625,0.009333,0.197162,0.718972
2015-05-31,0.779258,0.009198,2.592342,1.801300
2015-06-01,0.834215,0.008686,1.055318,1.498190
2015-06-02,0.879019,0.468065,1.024354,1.217720
2015-06-03,0.916960,2.551083,2.162826,1.093200
2015-06-04,0.951748,5.336829,2.047961,1.065284
2015-06-05,0.997893,7.743124,3.225519,1.096640
2015-06-06,1.079804,9.937154,4.193793,1.001061
2015-06-07,1.166427,5.986710,2.663231,1.878840
2015-06-08,1.287815,13.092373,4.787291,1.146858
2015-06-09,1.394563,19.961932,7.561629,1.275185
2015-06-10,1.536594,25.202190,5.738106,1.144129
2015-06-11,1.987105,22.407317,5.037323,1.205456
2015-06-12,2.609872,26.154786,6.385093,1.154898
2015-06-13,3.176675,24.629594,6.420192,1.191543
2015-06-14,3.722825,24.170688,7.586393,1.267110
2015-06-15,4.307325,23.665905,9.046375,1.238367
2015-06-16,4.769475,44.961975,22.721124,1.446792
2015-06-17,5.728527,43.040125,5.246806,1.744079
2015-06-18,7.972739,21.032900,3.825765,2.801944
2015-06-19,9.934167,31.573174,5.439500,2.676805
2015-06-20,10.951132,35.887320,6.917609,3.058617
2015-06-21,11.634022,34.668580,7.815253,3.234286
2015-06-22,12.510118,32.319860,8.297053,3.291905
2015-06-23,13.502911,31.101250,7.197747,3.430759
2015-06-24,14.510793,31.541879,8.632965,10.347277
2015-06-25,15.458889,37.782323,8.582977,17.251385
2015-06-26,16.321674,46.037583,8.922655,17.494993
2015-06-27,17.111510,57.757660,12.108447,24.257939
2015-06-28,18.910716,57.335557,10.961730,27.898383
2015-06-29,22.785987,45.596004,8.917088,20.555187
2015-06-30,26.379830,42.776629,9.473824,20.519018
2015-07-01,28.767254,53.653711,10.326027,22.727419
2015-07-02,29.479925,55.036335,10.915372,21.904048
2015-07-03,29.721290,62.282077,11.726399,24.134320
2015-07-04,30.439981,61.516919,6.987422,18.914637
2015-07-05,33.499232,82.465635,12.735454,27.436649
2015-07-06,33.195393,79.665453,10.005911,25.701702
2015-07-07,35.188311,69.009789,11.610285,41.291100
2015-07-08,35.958370,53.998930,10.280854,46.333657
2015-07-09,35.527348,56.189368,10.306837,37.663689
2015-07-10,33.929909,41.867440,6.875973,30.951177
2015-07-11,32.350330,42.285804,7.464517,41.748528
2015-07-12,30.871522,36.331455,6.359610,25.053637
2015-07-13,29.367107,65.644574,6.721406,44.489549
2015-07-14,29.086653,59.807060,12.217912,59.669392
2015-07-15,27.839455,65.994227,11.116800,56.386203
2015-07-16,27.531444,74.178120,11.168168,54.756798
2015-07-17,26.737750,92.275433,11.172695,53.531049
2015-07-18,25.854467,57.266928,12.173465,55.718131
2015-07-19,24.994231,60.958267,12.382233,60.978321
2015-07-20,23.906412,63.837385,11.740241,48.487941
2015-07-21,22.676897,48.587185,9.276507,40.196660
2015-07-22,21.841117,47.048723,9.850452,44.424129
2015-07-23,20.772572,41.254808,7.033054,39.446575
2015-07-24,19.657664,33.360869,5.618785,34.621399
2015-07-25,19.008495,37.691848,7.216111,37.520334
2015-07-26,17.681533,41.120005,7.170010,40.792981
2015-07-27,16.828542,25.829176,4.045038,17.583296
2015-07-28,16.124049,39.322267,5.908377,37.766786
2015-07-29,15.314344,34.134311,7.502187,45.597521
2015-07-30,14.741227,37.569738,6.993641,33.139169
2015-07-31,14.217595,42.418503,7.069010,32.707219
2015-08-01,13.731459,64.206218,7.668063,38.598212
2015-08-02,13.295183,67.253156,9.220127,59.261535
2015-08-03,13.359483,65.993857,8.110643,59.658460
2015-08-04,13.246118,49.743614,7.676303,44.395511
2015-08-05,13.466410,44.610225,6.980074,41.654020
2015-08-06,13.275887,40.058557,6.245599,37.272347
2015-08-07,12.957912,34.200030,6.059072,31.620495
2015-08-08,12.514907,39.765163,7.153369,31.434199
2015-08-09,12.941143,101.396182,9.657692,69.774554
2015-08-10,11.604084,83.167396,8.543478,70.027682
2015-08-11,11.834098,66.375813,8.557534,48.906978
2015-08-12,11.838334,65.147126,11.542499,48.735131
2015-08-13,11.674050,88.517033,10.954034,53.811052
2015-08-14,11.205982,68.226803,8.450007,37.105019
2015-08-15,10.559593,45.971234,5.898025,29.620372
2015-08-16,9.897643,45.384726,5.990557,26.549868
2015-08-17,9.307851,49.039784,5.989424,29.219885
2015-08-18,8.743224,29.933167,5.502986,18.239089
2015-08-19,8.242317,34.309921,5.391076,18.036461
2015-08-20,7.792394,52.698183,5.488865,22.850019
2015-08-21,7.401998,31.869750,5.728593,33.001326
2015-08-22,7.058477,41.944410,6.322216,40.445518
2015-08-23,6.733187,33.750206,4.942176,18.085027
2015-08-24,6.436123,41.605105,4.928882,25.741579
2015-08-25,6.188679,51.839403,4.900350,21.108768
2015-08-26,5.952871,79.118228,5.372671,47.707045
2015-08-27,5.738348,41.659880,4.768371,16.020699
2015-08-28,5.530822,20.803680,4.350808,13.446921
2015-08-29,5.348133,45.717654,2.560754,47.625910
2015-08-30,5.176410,59.601677,2.417873,47.559084
2015-08-31,5.470554,40.829064,2.209659,31.885919
2015-09-01,4.876403,15.341813,1.529890,21.691472
2015-09-02,4.775373,49.232999,4.626524,23.817853
2015-09-03,4.700145,22.625305,1.737445,19.626880
2015-09-04,4.527796,70.998174,2.851252,39.113819
2015-09-05,4.341300,20.271380,2.170320,30.482949
2015-09-06,4.172264,95.052296,6.460365,76.223679
2015-09-07,3.987328,95.838379,14.035584,81.327054
2015-09-08,3.670677,81.065639,4.488880,29.032253
2015-09-09,3.626928,111.933024,3.356535,31.011019
2015-09-10,3.763323,74.429283,3.579488,26.062070
2015-09-11,4.202112,77.608039,3.639733,15.363065
2015-09-12,4.620858,25.778716,2.655731,8.031787
2015-09-13,5.037013,11.203997,2.380030,3.739694
2015-09-14,5.404759,10.960418,2.118892,3.744505
2015-09-15,5.666077,14.115444,1.872723,2.386814
2015-09-16,5.831804,8.794563,1.625077,3.776009
2015-09-17,5.931273,4.934757,1.515253,2.202446
2015-09-18,5.975861,3.545780,1.437523,1.722481
2015-09-19,6.253099,1.615061,6.087301,10.190214
2015-09-20,6.760275,48.793347,7.653454,46.497707
2015-09-21,5.782613,6.674350,2.461689,2.238935
2015-09-22,5.708054,51.510398,3.460101,11.671864
2015-09-23,5.406106,8.329096,2.494885,2.476437
2015-09-24,5.657863,5.829973,2.558908,2.406165
2015-09-25,5.760902,3.778650,3.107470,3.770252
2015-09-26,5.639797,3.082644,4.288560,4.526709
2015-09-27,5.617184,0.917094,4.041502,6.729570
2015-09-28,5.988866,1.015720,3.326221,1.989029
2015-09-29,6.258307,0.807045,2.838823,1.410841
2015-09-30,6.730544,0.670471,2.456699,0.943420
2015-10-01,6.790434,0.664974,2.129916,0.943924
2015-10-02,6.978331,0.666181,1.843076,0.939921
2015-10-03,7.098056,0.670896,1.610875,0.935758
2015-10-04,7.148669,0.669800,1.425953,0.937104
2015-10-05,7.139900,0.672992,1.293423,0.931229
2015-10-06,7.078509,0.629785,1.318518,1.172615
2015-10-07,7.168112,0.665520,1.337463,1.219525
2015-10-08,6.910655,0.295907,0.790704,1.141443
2015-10-09,6.777138,0.016602,0.771049,0.923482
2015-10-10,6.848459,0.009036,0.840649,0.910956
2015-10-11,6.441308,0.008620,1.723004,1.154927
2015-10-12,6.287110,1.111899,3.199265,1.066813
2015-10-13,6.191139,1.033701,0.884497,0.910549
2015-10-14,5.966782,0.020587,0.821400,0.910586
2015-10-15,5.765221,0.002276,0.868281,0.907477
2015-10-16,5.622844,0.002989,0.996809,1.092812
2015-10-17,5.531206,0.110497,1.155857,1.449440
2015-10-18,5.469495,0.033988,0.922821,0.900829
2015-10-19,5.368082,0.003188,0.950358,0.898089
2015-10-20,5.278497,0.002467,0.974429,0.893322
2015-10-21,5.199885,0.002647,0.998416,0.894413
2015-10-22,5.135289,0.003276,1.014773,0.881901
2015-10-23,5.070771,0.003284,1.028338,0.884864
2015-10-24,5.006452,0.003287,1.030632,0.884117
2015-10-25,4.940011,0.003011,1.027166,0.886418
2015-10-26,4.866538,0.003815,1.020193,0.889412
2015-10-27,4.797997,0.004687,1.218638,0.884885
2015-10-28,4.726026,0.004420,1.328723,0.954070
2015-10-29,4.654185,0.004668,4.954518,0.997467
2015-10-30,4.580636,0.003681,6.335987,0.956962
2015-10-31,4.531966,0.003306,1.019913,0.873241
2015-11-01,4.416263,0.003975,1.067931,0.877819
2015-11-02,4.311933,0.003677,2.003651,0.878775
2015-11-03,4.228130,0.002564,2.365112,0.872647
2015-11-04,4.157870,0.002368,2.126258,0.870310
2015-11-05,4.094469,0.003026,2.004506,0.870032
2015-11-06,4.031272,0.003499,2.961078,0.872986
2015-11-07,3.976276,0.003545,1.950503,0.872094
2015-11-08,3.920197,0.003278,1.787652,0.867584
2015-11-09,3.863345,0.002177,1.687212,0.868756
2015-11-10,3.806564,0.001705,1.674136,0.862369
2015-11-11,3.748346,0.002177,1.276598,0.862590
2015-11-12,3.695360,0.002575,0.924467,2.011471
2015-11-13,3.639217,0.001572,0.877112,0.861721
2015-11-14,3.584493,0.001337,0.846879,0.849838
2015-11-15,3.531535,0.001823,0.825161,0.851038
2015-11-16,3.477990,0.001650,0.804015,0.844936
2015-11-17,3.429331,0.001366,0.785180,0.843114
2015-11-18,3.377962,0.001895,0.768385,0.845307
2015-11-19,3.326235,0.001564,0.751278,0.840269
2015-11-20,3.274430,0.010236,0.800497,0.852157
2015-11-21,3.221524,0.013706,0.914740,0.872852
2015-11-22,3.174140,0.002759,0.726408,0.830003
2015-11-23,3.125271,0.002652,0.692872,0.831273
2015-11-24,3.077362,0.002719,0.680242,0.833447
2015-11-25,3.029635,0.002528,0.665132,0.829724
2015-11-26,2.980779,0.002111,0.652502,0.828071
2015-11-27,2.936518,0.002117,0.641827,0.832528
2015-11-28,2.895220,0.002112,0.627999,0.827388
2015-11-29,2.855879,0.002107,0.617454,0.836387
2015-11-30,2.816513,0.002123,0.607965,0.823819
2015-12-01,2.775498,0.002156,0.597872,0.834437
2015-12-02,2.738216,0.002322,0.581473,0.823653
2015-12-03,2.699413,0.000918,0.578713,0.818695
2015-12-04,2.661574,0.002738,0.560744,0.822172
2015-12-05,2.625057,0.006790,0.549744,0.816301
2015-12-06,2.586781,0.001752,0.539940,0.817887
2015-12-07,2.552425,0.004232,0.527321,0.821312
2015-12-08,2.517947,0.003331,0.525732,0.828341
2015-12-09,2.483835,0.001196,0.515128,0.809028
2015-12-10,2.450956,0.001439,0.501665,0.806929
2015-12-11,2.417668,0.007754,0.491514,0.810447
2015-12-12,2.388731,0.002857,0.482866,0.806983
2015-12-13,2.358465,0.000914,0.473655,0.808326
2015-12-14,2.328981,0.002077,0.467011,0.803367
2015-12-15,2.299704,0.002190,0.457348,0.798086
2015-12-16,2.268710,0.000932,0.448762,0.809145
2015-12-17,2.241413,0.001531,0.443435,0.801748
2015-12-18,2.212896,0.003547,0.434084,0.797042
2015-12-19,2.184509,0.003051,0.425973,0.803255
2015-12-20,2.156672,0.000911,0.420257,0.828010
2015-12-21,2.127755,0.000806,0.412946,0.794733
2015-12-22,2.102775,0.000809,0.403992,0.791359
2015-12-23,2.079084,0.000807,0.399118,0.796207
2015-12-24,2.056073,0.000837,0.395031,0.793903
2015-12-25,2.033227,0.000808,0.380855,0.778666
2015-12-26,2.009020,0.000847,0.382372,0.801968
2015-12-27,1.988692,0.001012,0.374323,0.789865
2015-12-28,1.967966,0.000990,0.374719,0.784694
2015-12-29,1.947379,0.000828,0.360871,0.789089
2015-12-30,1.926974,0.000899,0.356388,0.784663
2015-12-31,1.906388,0.001260,0.348241,0.790140
2016-01-01,1.886854,0.000479,0.345407,0.789851
2016-01-02,1.868020,0.000150,0.343384,0.783165
2016-01-03,1.848187,0.000085,0.332776,0.775816
2016-01-04,1.828518,0.000035,0.329142,0.774615
2016-01-05,1.809112,0.000068,0.326253,0.785733
2016-01-06,1.788640,0.000082,0.315711,0.783100
2016-01-07,1.770758,0.000097,0.317312,0.768075
2016-01-08,1.751984,0.000003,0.310808,0.756016
2016-01-09,1.733423,0.000000,0.305921,0.757347
2016-01-10,1.715282,0.000000,0.299007,0.751103
2016-01-11,1.697042,0.000001,0.297768,0.759111
2016-01-12,1.681451,0.000001,0.290896,0.749986
2016-01-13,1.665321,0.000001,0.288417,0.751729
2016-01-14,1.649605,0.000001,0.283529,0.748085
2016-01-15,1.633858,0.000001,0.278223,0.746689
2016-01-16,1.617084,0.000001,0.275828,0.741977
2016-01-17,1.603106,0.000001,0.279824,0.748252
2016-01-18,1.587993,0.000001,0.279031,0.734209
2016-01-19,1.572993,0.000001,0.299432,0.747542
2016-01-20,1.558097,0.000001,1.003638,0.741701
2016-01-21,1.542325,0.000001,4.828999,0.754050
2016-01-22,1.537146,0.000001,2.798032,0.756777
2016-01-23,1.541175,0.000005,0.255882,0.735653
2016-01-24,1.482140,0.000001,0.250173,0.739329
2016-01-25,1.448983,0.000001,0.260825,0.725363
2016-01-26,1.426396,0.000003,0.243214,0.731578
2016-01-27,1.413001,0.000001,0.238296,0.731951
2016-01-28,1.403670,0.000001,0.240705,0.727448
2016-01-29,1.397187,0.000001,0.234628,0.728189
2016-01-30,1.392523,0.000001,0.229699,0.728157
2016-01-31,1.389076,0.000001,0.231739,0.729477
2016-02-01,1.385428,0.000001,0.227262,1.372567
2016-02-02,1.384195,0.000001,0.223982,0.717655
2016-02-03,1.382276,0.000001,0.219463,0.720321
2016-02-04,1.380685,0.000001,0.221545,0.712165
2016-02-05,1.379103,0.000001,0.219066,0.713331
2016-02-06,1.376785,0.000001,0.213789,0.705826
2016-02-07,1.376336,0.000001,0.213704,0.714829
2016-02-08,1.374426,0.000001,0.210112,0.706677
2016-02-09,1.372103,0.000001,0.210070,0.709796
2016-02-10,1.369332,0.000001,0.206832,0.700677
2016-02-11,1.365103,0.000001,0.204353,0.703680
2016-02-12,1.362604,0.000001,0.202313,0.701732
2016-02-13,1.358958,0.000001,0.199876,0.708402
2016-02-14,1.354946,0.000001,0.198637,0.703588
2016-02-15,1.350458,0.000001,0.195377,0.689865
2016-02-16,1.344700,0.000001,0.195003,0.697794
2016-02-17,1.340934,0.000001,0.190838,0.697135
2016-02-18,1.336218,0.000001,0.190922,0.690682
2016-02-19,1.331292,0.000001,0.188443,0.694584
2016-02-20,1.326069,0.000001,0.184279,0.691796
2016-02-21,1.319808,0.000001,0.185964,0.694895
2016-02-22,1.314998,0.000001,0.179489,0.694052
2016-02-23,1.309042,0.000001,0.180276,0.688223
2016-02-24,1.302879,0.000001,0.179405,0.695277
2016-02-25,1.296475,0.000001,0.178283,0.692389
2016-02-26,1.289045,0.000001,0.174928,0.689123
2016-02-27,1.283677,0.000001,0.170493,0.690165
2016-02-28,1.277180,0.000001,0.172491,0.698959
2016-02-29,1.270688,0.000001,0.169211,0.677275
2016-03-01,1.263184,0.000001,0.168835,0.679187
2016-03-02,1.257250,0.000000,0.164734,0.674542
2016-03-03,1.250665,0.000000,0.164692,0.672703
2016-03-04,1.244150,0.000000,0.162339,0.880333
2016-03-05,1.237586,0.000000,0.161058,0.745040
2016-03-06,1.230166,0.000000,0.161036,0.664139
2016-03-07,1.224593,0.000000,0.154583,0.675665
2016-03-08,1.218333,0.000000,0.154541,0.662314
2016-03-09,1.212148,0.000000,0.156665,0.673439
2016-03-10,1.205778,0.000000,0.154100,0.685533
2016-03-11,1.198480,0.000000,0.147669,0.663000
2016-03-12,1.192783,0.000000,0.150064,0.659474
2016-03-13,1.186147,0.000000,0.147585,0.662910
2016-03-14,1.179424,0.000000,0.147585,0.656950
2016-03-15,1.172692,0.000000,0.144305,0.661343
2016-03-16,1.164979,0.000000,0.143108,0.662183
2016-03-17,1.158822,0.000000,3.808373,0.954916
2016-03-18,1.151754,0.000000,4.251696,0.844317
2016-03-19,1.144683,0.000000,0.142711,0.670163
2016-03-20,1.137587,0.000000,0.231678,0.665568
2016-03-21,1.129867,0.000000,0.138546,0.659191
2016-03-22,1.123924,0.000000,0.136151,0.659449
2016-03-23,1.117152,0.000000,0.129676,0.674503
2016-03-24,1.110447,0.000000,0.130463,0.658563
2016-03-25,1.103750,0.000000,0.130832,0.657512
2016-03-26,1.096270,0.000000,0.126397,0.653453
2016-03-27,1.090309,0.000000,0.128395,0.660025
2016-03-28,1.083602,0.000000,0.126355,0.654201
2016-03-29,1.076808,0.000000,0.125115,0.653758
2016-03-30,1.069962,0.000000,0.123075,0.659379
2016-03-31,1.062987,0.000000,0.123918,0.657761
2016-04-01,1.055246,0.000000,0.129996,0.651422
2016-04-02,1.049052,0.000000,0.147514,0.652916
2016-04-03,1.042345,0.000000,0.119441,0.645848
2016-04-04,1.035559,0.000000,0.128799,0.655004
2016-04-05,1.028746,0.000000,0.118159,0.652640
2016-04-06,1.021265,0.000000,0.117358,0.646544
2016-04-07,1.015288,0.000000,0.114964,0.664832
2016-04-08,1.008704,0.000000,0.118159,0.874928
2016-04-09,1.002155,0.000000,0.112839,0.650901
2016-04-10,0.995659,0.000000,0.641283,0.651388
2016-04-11,0.988445,0.000000,0.781756,1.254166
2016-04-12,0.982683,0.000000,1.431731,1.061167
2016-04-13,0.976199,0.000000,0.969825,1.126882
2016-04-14,0.969925,0.000000,0.673228,1.314600
2016-04-15,0.964068,0.000000,1.432323,1.076684
2016-04-16,0.957633,0.000000,0.107165,0.931835
2016-04-17,0.952450,0.000000,0.105925,0.641086
2016-04-18,0.946607,0.000000,0.105083,0.647265
2016-04-19,0.940782,0.000000,0.105925,0.640310
2016-04-20,0.935075,0.000000,0.102646,0.636191
2016-04-21,0.928784,0.000000,0.102688,1.623643
2016-04-22,0.923804,0.000000,0.852775,1.707915
2016-04-23,0.918209,0.000000,0.890668,1.268608
2016-04-24,0.912672,0.000000,1.031324,1.157383
2016-04-25,0.907155,0.000000,0.752053,1.403639
2016-04-26,0.900945,0.000000,1.166069,1.285979
2016-04-27,0.896010,0.000000,1.381492,1.923110
2016-04-28,0.890367,0.000000,0.903816,2.072339
2016-04-29,0.884790,0.000000,1.271997,1.862811
2016-04-30,0.881406,0.000000,1.109375,1.877047
2016-05-01,0.876186,0.000000,1.419400,2.104255
2016-05-02,0.881663,0.193930,0.868577,1.509008
2016-05-03,0.886365,0.478552,0.783699,1.547154
2016-05-04,0.874891,0.814387,1.118826,1.354739
2016-05-05,0.856788,0.733981,1.428009,1.276186
2016-05-06,0.832412,1.098385,1.747137,1.229895
2016-05-07,0.807566,1.131958,2.278264,1.294914
2016-05-08,0.781639,1.342370,2.216397,1.302994
2016-05-09,0.760999,1.628622,3.489027,1.051405
2016-05-10,0.744010,3.509109,4.109953,1.042467
2016-05-11,0.733280,9.634325,4.113769,0.895805
2016-05-12,0.716306,7.826763,3.432987,1.008253
2016-05-13,0.729639,10.803149,3.862386,0.938632
2016-05-14,0.778014,34.633850,5.167126,0.851071
2016-05-15,0.832536,49.938343,5.110616,0.862889
2016-05-16,0.897961,17.721052,2.970180,2.382638
2016-05-17,1.063511,15.656434,3.711868,1.020249
2016-05-18,1.322533,9.519610,2.946941,1.187015
2016-05-19,1.602091,15.066617,3.611153,1.007295
2016-05-20,1.868271,19.528702,3.617614,1.016075
2016-05-21,2.155260,14.565322,1.800682,1.530778
2016-05-22,2.390124,3.951280,0.691876,1.106796
2016-05-23,2.743502,2.696967,0.839853,1.295226
2016-05-24,3.172728,9.640718,1.288502,1.212967
2016-05-25,3.654201,16.740275,1.256995,1.056446
2016-05-26,4.195666,4.709089,0.567175,1.797234
2016-05-27,4.719488,1.727863,1.165427,1.353577
2016-05-28,5.224136,3.292693,1.748376,1.123499
2016-05-29,5.560247,5.039870,1.593067,1.072769
2016-05-30,5.761031,11.159999,1.054029,1.290364
2016-05-31,5.895704,14.653167,2.323437,1.455292
2016-06-01,5.997315,17.128807,3.478215,1.065086
2016-06-02,6.200158,45.897327,5.933766,0.857330
2016-06-03,6.264156,60.586157,5.545659,0.770666
2016-06-04,7.138160,39.069292,5.572451,1.151195
2016-06-05,8.418801,27.908041,5.034553,1.114132
2016-06-06,9.837772,33.491519,4.960108,1.170853
2016-06-07,10.893339,30.923935,5.448871,1.237261
2016-06-08,11.866967,38.895414,6.158078,2.840078
2016-06-09,12.613507,79.023270,14.055860,4.410634
2016-06-10,14.150843,145.529405,22.079143,6.201011
2016-06-11,22.916252,128.434348,15.748362,27.093302
2016-06-12,33.629110,76.698898,13.307282,24.283033
2016-06-13,38.899064,51.973683,11.361379,23.951941
2016-06-14,39.452586,47.655146,10.924165,22.025874
2016-06-15,38.105740,53.864009,10.007191,20.009515
2016-06-16,36.587343,37.231131,9.398426,20.562679
2016-06-17,35.840295,31.403385,8.090938,13.000140
2016-06-18,34.104856,104.478781,25.809943,43.481060
2016-06-19,39.568379,192.929053,24.610828,54.735298
2016-06-20,65.033286,101.290447,15.200300,38.102667
2016-06-21,70.574504,60.227852,12.940829,41.214855
2016-06-22,65.712552,61.584492,10.886035,47.060910
2016-06-23,59.424570,68.963492,11.645663,57.071775
2016-06-24,57.965065,63.709410,10.975610,52.323234
2016-06-25,51.282597,64.766472,11.136694,62.681003
2016-06-26,49.556841,110.017640,9.107800,65.467485
2016-06-27,47.573719,86.628742,9.995730,67.779498
2016-06-28,46.554055,68.575297,8.687562,54.370377
2016-06-29,45.067592,56.605026,8.483510,48.563579
2016-06-30,41.983112,77.510714,8.477318,60.892797
2016-07-01,38.586221,59.911744,9.424160,70.262022
2016-07-02,36.248878,59.735138,9.371141,55.180875
2016-07-03,34.147991,62.938440,8.545929,56.176896
2016-07-04,32.268908,51.834657,8.392920,56.954049
2016-07-05,30.671041,50.381061,8.499922,44.689819
2016-07-06,29.800206,68.899262,10.102194,53.026651
2016-07-07,28.204463,66.260784,10.277492,61.637709
2016-07-08,26.892669,56.786514,11.163648,61.684657
2016-07-09,25.612170,66.625156,10.398727,62.960136
2016-07-10,24.253472,64.241380,11.175926,59.639796
2016-07-11,23.176952,65.911145,10.054067,51.684782
2016-07-12,22.302698,69.409174,10.244449,51.430861
2016-07-13,21.658458,67.263844,9.925971,54.289023
2016-07-14,20.799828,90.543513,19.659515,55.095779
2016-07-15,20.192359,120.760875,15.104477,77.710857
2016-07-16,20.841919,81.738795,12.346225,57.928026
2016-07-17,20.985233,60.607092,12.022426,56.565853
2016-07-18,20.390130,71.090029,11.933930,53.127835
2016-07-19,19.410772,72.718322,11.747997,48.319679
2016-07-20,18.468464,74.281556,11.589752,48.463392
2016-07-21,17.650321,78.689056,11.911356,52.700234
2016-07-22,17.167677,106.069407,12.651776,49.497020
2016-07-23,17.201884,88.198912,12.803022,62.723017
2016-07-24,17.468912,71.865868,12.248478,58.145841
2016-07-25,17.448978,82.482755,12.826578,53.551862
2016-07-26,17.339413,65.301915,12.769020,51.350715
2016-07-27,17.210668,74.761801,12.886753,55.711030
2016-07-28,17.207953,77.799994,13.087799,53.709511
2016-07-29,16.717080,60.781046,12.569073,45.922934
2016-07-30,16.299338,55.082859,11.413997,45.812970
2016-07-31,15.449608,60.023367,10.771712,41.106816
2016-08-01,14.574573,51.109802,11.964758,37.823812
2016-08-02,13.883236,68.780757,12.010200,39.348888
2016-08-03,13.561922,57.650301,11.472403,42.798599
2016-08-04,12.828215,49.962711,11.041273,32.338384
2016-08-05,12.386513,56.378903,11.228613,36.434865
2016-08-06,11.637270,68.943066,11.287925,42.605019
2016-08-07,10.862871,98.113649,11.604117,49.474618
2016-08-08,10.092501,101.395479,11.409901,51.066243
2016-08-09,9.467942,56.456183,8.375957,40.901994
2016-08-10,8.917304,81.637537,10.358079,44.378085
2016-08-11,8.388280,70.249638,10.370937,46.407150
2016-08-12,7.960332,57.519892,8.024207,38.704478
2016-08-13,7.551622,54.210000,10.418091,39.471705
2016-08-14,7.183555,53.268961,13.279736,47.826165
2016-08-15,6.899604,183.012781,22.303008,104.598601
2016-08-16,6.551212,169.817560,13.484409,95.692881
2016-08-17,6.150877,190.968252,18.231856,113.480576
2016-08-18,6.132851,90.838241,11.904287,67.030284
2016-08-19,6.469435,70.264401,15.435746,81.242472
2016-08-20,6.663409,42.508313,12.660072,36.088555
2016-08-21,6.712347,68.759356,11.205315,47.246149
2016-08-22,6.657399,84.567755,10.441200,37.124818
2016-08-23,6.552709,57.804883,9.450041,28.156788
2016-08-24,6.430376,49.681526,8.962202,33.381766
2016-08-25,6.298590,53.471664,7.720820,32.001479
2016-08-26,6.140097,73.792591,5.232669,33.923577
2016-08-27,6.452452,63.555287,4.249748,36.534584
2016-08-28,5.823957,31.050754,3.477671,28.441951
2016-08-29,5.622216,27.754761,2.727657,16.188208
2016-08-30,5.465707,37.633479,3.318347,32.979039
2016-08-31,5.326729,48.281852,2.655267,15.263952
2016-09-01,5.195656,30.000035,2.646819,9.842959
2016-09-02,5.074660,41.101873,2.606033,5.190509
2016-09-03,4.955623,43.087662,3.156013,10.383993
2016-09-04,4.850639,40.589873,3.580192,29.500254
2016-09-05,4.741358,22.732432,2.428505,7.755613
2016-09-06,4.620995,15.882433,3.138955,12.809502
2016-09-07,4.514186,31.833108,3.443581,26.444734
2016-09-08,4.414118,37.823967,3.185932,29.169726
2016-09-09,4.325937,52.383002,3.237523,30.883230
2016-09-10,4.244235,66.979171,3.546975,39.272562
2016-09-11,4.148019,40.506723,2.394678,15.196625
2016-09-12,4.028209,33.043240,2.248329,2.861645
2016-09-13,3.933095,16.880302,2.715286,19.810430
2016-09-14,3.861119,41.642461,3.609030,60.539530
2016-09-15,3.802234,44.688637,2.164979,27.371291
2016-09-16,3.796818,56.157141,2.235152,23.425604
2016-09-17,3.700226,9.876287,1.588985,2.715928
2016-09-18,3.722680,14.709071,3.044424,2.352787
2016-09-19,3.573147,46.477038,2.761783,12.520649
2016-09-20,3.949099,4.098635,1.932089,1.587183
2016-09-21,3.429704,1.314896,1.683953,1.242889
2016-09-22,3.390796,0.734184,1.500980,1.464764
2016-09-23,3.352209,2.215747,1.324213,2.286201
2016-09-24,3.323601,2.171421,1.170256,2.023695
2016-09-25,3.302629,2.467473,1.154520,2.412916
2016-09-26,3.282238,2.695188,1.105612,1.019382
2016-09-27,3.265168,2.110845,0.590988,1.813725
2016-09-28,3.242983,0.645701,0.535785,0.988995
2016-09-29,3.218250,0.657745,0.630652,0.998538
2016-09-30,3.189798,1.300159,0.496075,1.454795
2016-10-01,3.225210,0.474080,0.499297,0.938018
2016-10-02,3.126673,0.112276,0.804675,1.265638
2016-10-03,3.114206,4.374885,7.611527,4.299317
2016-10-04,2.937457,46.395302,12.425319,20.024526
2016-10-05,2.744841,44.301627,9.620821,17.520593
2016-10-06,2.973226,75.981691,20.495838,48.475695
2016-10-07,3.604019,120.509421,16.538559,38.920273
2016-10-08,5.758362,142.744112,10.592528,36.732940
2016-10-09,11.653534,22.626284,7.160983,18.309153
2016-10-10,17.200675,5.181643,7.612874,6.080690
2016-10-11,19.744561,13.270969,11.197860,7.219845
2016-10-12,20.031600,1.565139,10.315148,5.654798
2016-10-13,19.883089,0.049096,10.018800,0.975730
2016-10-14,19.861316,0.022658,8.994113,1.857894
2016-10-15,19.500822,1.028369,8.837770,9.085614
2016-10-16,18.654431,36.501879,9.659914,4.858049
2016-10-17,16.474428,31.281367,9.174009,8.000421
2016-10-18,17.407260,2.605994,6.604593,1.015350
2016-10-19,19.294386,7.719201,13.415874,9.306430
2016-10-20,19.806130,9.629753,6.157899,1.586284
2016-10-21,19.984243,3.365769,7.430468,1.180740
2016-10-22,19.891486,2.156861,5.393367,1.028256
2016-10-23,20.848357,0.050828,4.763231,0.959643
2016-10-24,21.062118,0.004194,4.171913,0.961960
2016-10-25,20.480735,0.001022,3.662422,0.965997
2016-10-26,19.482512,0.000319,3.212175,0.955280
2016-10-27,18.328162,0.000104,2.955418,0.956340
2016-10-28,17.139482,0.000081,2.332589,0.953271
2016-10-29,16.097560,0.000334,1.814549,0.951605
2016-10-30,15.113184,0.000443,1.654020,0.948777
2016-10-31,14.202535,0.000275,1.525823,1.031992
2016-11-01,13.367458,0.000121,1.576977,0.963073
2016-11-02,12.651131,0.000412,1.313799,0.960671
2016-11-03,11.985323,0.000413,1.232141,0.948832
2016-11-04,11.363273,0.000203,1.196625,0.945337
2016-11-05,10.775636,0.000450,1.237847,0.961083
2016-11-06,10.262866,0.000189,1.266222,0.993516
2016-11-07,9.826295,0.000147,0.984948,0.955250
2016-11-08,9.401266,0.000200,0.946042,0.939494
2016-11-09,9.003429,0.000633,0.912979,0.943427
2016-11-10,8.636729,0.000236,0.881510,0.939380
2016-11-11,8.281139,0.000536,0.848169,0.935780
2016-11-12,7.969318,0.000072,0.822982,0.933529
2016-11-13,7.681667,0.000047,0.796555,0.937080
2016-11-14,7.405330,0.000034,0.773004,0.929453
2016-11-15,7.148212,0.000004,0.750381,0.926558
2016-11-16,6.904749,0.000000,0.727269,0.926564
2016-11-17,6.679697,0.000000,0.708321,0.921298
2016-11-18,6.467707,0.000000,0.684451,0.921440
2016-11-19,6.267346,0.000000,0.669222,0.919702
2016-11-20,6.076764,0.000000,0.647830,0.915659
2016-11-21,5.904320,0.000000,0.632956,0.921221
2016-11-22,5.746572,0.000000,0.618124,0.917235
2016-11-23,5.589282,0.000000,0.599254,0.910351
2016-11-24,5.436247,0.000000,0.586858,0.916245
2016-11-25,5.287560,0.000000,0.568072,0.914552
2016-11-26,5.140161,0.000090,0.585863,0.918243
2016-11-27,5.010247,0.000141,0.553164,0.904759
2016-11-28,4.884009,0.000000,0.530164,0.884308
2016-11-29,4.762452,0.000001,0.517853,0.898321
2016-11-30,4.648470,0.000000,0.506251,0.894316
2016-12-01,4.535486,0.000000,0.494831,0.894621
2016-12-02,4.436635,0.000000,0.487394,0.888396
2016-12-03,4.343322,0.000113,0.470990,0.892244
2016-12-04,4.252273,0.000270,0.464424,1.329367
2016-12-05,4.163262,0.000008,0.671898,0.880649
2016-12-06,4.073897,0.000634,3.513157,0.880947
2016-12-07,3.992589,0.000407,4.325976,0.886889
2016-12-08,3.912811,0.000130,0.448275,0.878752
2016-12-09,3.836619,0.001043,0.427852,0.875987
2016-12-10,3.756891,0.000747,0.427497,0.890759
2016-12-11,3.674130,0.000010,0.482902,0.906349
2016-12-12,3.598001,0.000008,0.456102,0.894433
2016-12-13,3.523297,0.000760,0.417100,0.871201
2016-12-14,3.453780,0.000332,0.416619,0.872994
2016-12-15,3.386873,0.000007,0.423258,0.871191
2016-12-16,3.322562,0.000006,0.409266,0.864232
2016-12-17,3.265907,0.000007,0.407608,0.864735
2016-12-18,3.213225,0.000000,0.405916,0.864823
2016-12-19,3.164411,0.000003,0.400632,0.864892
2016-12-20,3.116481,0.000763,0.398153,0.857084
2016-12-21,3.067412,0.000097,0.394831,0.863528
2016-12-22,3.022676,0.000478,0.393195,0.863410
2016-12-23,2.977166,0.000080,0.388675,0.882527
2016-12-24,2.931949,0.000001,0.386238,0.873851
2016-12-25,2.888326,0.000000,0.381677,0.870127
2016-12-26,2.843732,0.000000,0.382478,0.865137
2016-12-27,2.803411,0.000000,0.377624,0.856916
2016-12-28,2.762315,0.000000,0.373439,0.861188
2016-12-29,2.721633,0.000000,0.368962,0.859902
2016-12-30,2.681362,0.000000,0.366525,0.857829
2016-12-31,2.642272,0.000000,0.361964,0.855110
2017-01-01,2.602260,0.001695,0.362765,0.855661
2017-01-02,2.565223,0.000973,0.355050,0.864018
2017-01-03,2.528537,0.000893,0.349730,0.847591
2017-01-04,2.492156,0.000389,0.352529,0.871921
2017-01-05,2.456487,0.000075,0.343930,0.855580
2017-01-06,2.422439,0.000049,0.342690,0.852339
2017-01-07,2.392004,0.000043,0.338171,0.849084
2017-01-08,2.360878,0.000449,0.330499,0.852774
2017-01-09,2.331417,0.000722,0.330372,0.851741
2017-01-10,2.302929,0.000713,0.327093,0.850462
2017-01-11,2.272765,0.000711,0.323458,0.848896
2017-01-12,2.248587,0.000159,0.319336,0.845014
2017-01-13,2.224811,0.000004,0.315702,0.842576
2017-01-14,2.200887,0.000003,0.312380,0.843838
2017-01-15,2.177012,0.000000,0.308258,0.840193
2017-01-16,2.151650,0.000000,0.305779,0.840303
2017-01-17,2.129520,0.000000,0.303384,0.833749
2017-01-18,2.106345,0.000000,0.296824,0.833853
2017-01-19,2.083773,0.000000,0.296824,0.838666
2017-01-20,2.061377,0.000000,0.290265,0.839287
2017-01-21,2.037386,0.000000,0.289026,0.834602
2017-01-22,2.016343,0.000000,0.285704,0.835403
2017-01-23,1.994213,0.000000,0.330446,0.832378
2017-01-24,1.972282,0.000000,0.587374,0.837154
2017-01-25,1.950638,0.000000,0.276708,0.830494
2017-01-26,1.927966,0.000044,0.272231,0.834805
2017-01-27,1.908136,0.000020,0.270991,0.825082
2017-01-28,1.887072,0.000017,0.265713,0.831859
2017-01-29,1.866117,0.000027,0.265629,0.834457
2017-01-30,1.845332,0.000034,0.256675,0.854606
2017-01-31,1.824743,0.000026,0.263150,0.827903
2017-02-01,1.803457,0.000039,0.255436,0.833458
2017-02-02,1.785371,0.000021,0.250116,0.830260
2017-02-03,1.766102,0.000027,0.252935,0.829962
2017-02-04,1.746851,0.000033,0.253337,0.829421
2017-02-05,1.727694,0.000032,0.244357,0.821569
2017-02-06,1.707576,0.000041,0.243570,0.826971
2017-02-07,1.690133,0.000067,0.258962,0.829761
2017-02-08,1.672699,0.000059,0.257765,0.815650
2017-02-09,1.656187,0.000056,0.239841,0.817779
2017-02-10,1.639645,0.000041,0.232081,0.824135
2017-02-11,1.622748,0.000048,0.231232,0.811314
2017-02-12,1.608642,0.000017,0.240200,0.906515
2017-02-13,1.593749,0.000016,0.225480,0.808655
2017-02-14,1.579417,0.000015,0.223085,0.810119
2017-02-15,1.565136,0.000015,0.218921,0.807651
2017-02-16,1.551195,0.000015,0.216526,0.815764
2017-02-17,1.540013,0.000015,0.218934,0.805699
2017-02-18,1.527698,0.000015,0.213204,0.810915
2017-02-19,1.515284,0.000015,0.213204,0.803194
2017-02-20,1.502875,0.000015,0.208727,0.805530
2017-02-21,1.489529,0.000015,0.208685,0.807257
2017-02-22,1.478577,0.000015,0.205816,0.800305
2017-02-23,1.466935,0.000015,0.202168,0.801292
2017-02-24,1.455321,0.000015,0.204166,0.797474
2017-02-25,1.443720,0.000015,0.198846,0.791828
2017-02-26,1.431185,0.000015,0.197649,0.793877
2017-02-27,1.420691,0.000049,0.196409,0.796087
2017-02-28,1.409171,0.000705,0.194327,0.794138
2017-03-01,1.396747,0.000481,0.193172,0.791420
2017-03-02,1.386356,0.000018,0.195128,0.799332
2017-03-03,1.375188,0.000016,0.187810,0.791233
2017-03-04,1.364092,0.000016,0.188192,0.785011
2017-03-05,1.353232,0.000015,0.186160,0.787489
2017-03-06,1.341585,0.000015,0.182051,0.780133
2017-03-07,1.331866,0.000015,0.181222,0.777976
2017-03-08,1.321259,0.000015,0.181251,0.779036
2017-03-09,1.310619,0.000015,0.177122,0.780058
2017-03-10,1.300158,0.000015,0.176335,0.773582
2017-03-11,1.288967,0.000015,0.212101,0.779348
2017-03-12,1.279587,0.000015,0.172212,0.773079
2017-03-13,1.269803,0.000015,0.170973,0.770105
2017-03-14,1.260119,0.000015,0.169775,0.773391
2017-03-15,1.250424,0.000019,0.169301,0.776103
2017-03-16,1.239770,0.000019,0.163258,0.759875
2017-03-17,1.230816,0.000020,0.163258,0.758081
2017-03-18,1.221322,0.000019,0.166001,0.761402
2017-03-19,1.212270,0.000020,0.159936,0.760084
2017-03-20,1.203286,0.000018,0.159894,0.760001
2017-03-21,1.193483,0.000015,0.156657,0.772753
2017-03-22,1.185263,0.000015,0.156657,0.976262
2017-03-23,1.176280,0.000015,0.157868,0.774850
2017-03-24,1.167320,0.000015,0.153335,0.774324
2017-03-25,1.158504,0.000015,0.150098,0.771916
2017-03-26,1.149065,0.000015,0.148900,0.775453
2017-03-27,1.141280,0.000015,0.148858,0.773656
2017-03-28,1.132562,0.000015,0.145578,0.768240
2017-03-29,1.123861,0.000015,0.145578,0.770366
2017-03-30,1.115738,0.000015,0.144339,0.769589
2017-03-31,1.107846,0.000015,0.137021,0.771129
2017-04-01,1.099367,0.000015,0.141101,0.763889
2017-04-02,1.092810,0.000015,0.136937,0.773147
2017-04-03,1.085629,0.000015,0.137822,0.768861
2017-04-04,1.078680,0.000015,0.140740,0.766716
2017-04-05,1.071622,0.000015,0.131715,0.765400
2017-04-06,1.063937,0.000015,0.134458,0.760259
2017-04-07,1.058514,0.000015,0.128812,0.773533
2017-04-08,1.052557,0.000015,0.129180,0.758293
2017-04-09,1.046549,0.000015,0.128435,0.770951
2017-04-10,1.040632,0.000015,0.127899,0.757338
2017-04-11,1.034073,0.000015,0.121508,0.933177
2017-04-12,1.029015,0.000015,0.125504,0.753723
2017-04-13,1.023274,0.000015,0.123818,0.764151
2017-04-14,1.017518,0.000019,0.119029,0.758419
2017-04-15,1.011702,0.000019,0.118973,0.754853
2017-04-16,1.005107,0.000019,0.118102,0.764672
2017-04-17,0.999917,0.000020,0.198793,0.791896
2017-04-18,0.994181,0.000023,0.138116,0.754199
2017-04-19,0.988482,0.000021,0.119787,0.756287
2017-04-20,0.982814,0.000018,0.114864,0.751349
2017-04-21,0.976586,0.000016,0.110387,0.750403
2017-04-22,0.971737,0.000016,0.111543,2.283224
2017-04-23,0.966220,0.000016,0.110387,1.165503
2017-04-24,0.960596,0.000016,0.109148,1.259060
2017-04-25,0.954967,0.000016,1.970093,1.499422
2017-04-26,0.948927,0.000016,2.530430,1.604642
2017-04-27,0.944245,0.000016,0.105025,0.751208
2017-04-28,0.938877,0.000016,0.103828,0.740691
2017-04-29,0.933521,0.000016,0.602121,1.386821
2017-04-30,0.928118,0.000016,0.780418,2.532489
2017-05-01,0.922136,0.000040,2.310771,2.056227
2017-05-02,0.917434,0.000159,4.082105,1.344223
2017-05-03,0.912030,0.000059,7.828264,1.118779
2017-05-04,0.906230,0.000024,6.365057,1.038989
2017-05-05,0.919344,0.000082,4.658931,0.943362
2017-05-06,0.902244,0.000002,3.046446,1.158656
2017-05-07,0.870648,0.000000,2.706592,1.208182
2017-05-08,0.840055,0.000000,3.606124,1.161039
2017-05-09,0.821770,3.754959,7.815553,0.919865
2017-05-10,0.755176,2.763831,2.752716,2.009314
2017-05-11,0.729375,0.504528,1.799094,1.870578
2017-05-12,0.758330,0.013306,0.112558,1.421037
2017-05-13,0.815483,0.000151,1.072023,2.072869
2017-05-14,0.879309,0.464032,1.889513,1.868364
2017-05-15,0.958542,3.183458,3.277566,1.345058
2017-05-16,0.990433,5.561453,2.873376,1.210942
2017-05-17,1.024759,13.321515,2.841203,1.289470
2017-05-18,1.105712,17.724963,3.948031,1.358796
2017-05-19,1.229643,24.208987,2.451181,1.334431
2017-05-20,1.346971,32.101190,4.123162,1.438673
2017-05-21,1.478237,69.468348,4.507081,2.992636
2017-05-22,1.637955,48.558967,2.743781,2.008993
2017-05-23,2.118264,30.029232,4.038820,1.973462
2017-05-24,2.980693,27.660895,3.857451,1.500170
2017-05-25,3.856604,24.386704,3.390201,1.504166
2017-05-26,4.752581,17.977806,3.686517,5.859775
2017-05-27,5.536451,14.292768,4.406517,13.996795
2017-05-28,6.456189,6.620875,2.605995,7.823968
2017-05-29,7.781440,20.111331,2.930163,13.393442
2017-05-30,9.292430,8.747478,4.524009,9.418016
2017-05-31,10.824321,8.185132,1.942628,13.966631
2017-06-01,12.389312,11.295326,1.761451,13.739314
2017-06-02,13.605059,17.549399,3.208079,11.056938
2017-06-03,14.061105,24.984282,3.268430,16.670373
2017-06-04,14.150047,26.618617,3.420337,14.579927
2017-06-05,14.402209,33.448943,3.799824,14.390835
2017-06-06,14.872510,24.895229,4.951398,21.034015
2017-06-07,15.653355,28.513246,5.479678,20.722926
2017-06-08,16.213248,25.227976,4.735261,13.555051
2017-06-09,16.808429,25.476121,5.892943,17.484120
2017-06-10,17.294596,22.126743,6.065275,16.007530
2017-06-11,17.780803,27.166699,7.001603,19.002460
2017-06-12,18.115368,32.813112,7.274050,18.546788
2017-06-13,18.468069,35.602978,7.446595,15.827267
2017-06-14,19.047579,47.820255,9.739089,21.699062
2017-06-15,20.213939,43.484863,10.782005,25.366618
2017-06-16,21.913810,43.788950,8.401501,19.710543
2017-06-17,24.086207,45.605434,10.905478,28.351829
2017-06-18,26.111025,47.304401,12.106494,27.878412
2017-06-19,27.385895,37.538974,8.592206,18.440481
2017-06-20,28.805871,62.830066,13.936437,38.056866
2017-06-21,28.777009,114.800513,10.234976,41.111523
2017-06-22,32.492244,65.339641,10.813775,38.425904
2017-06-23,36.176930,51.435378,12.700133,44.143250
2017-06-24,36.497018,64.095684,13.280737,39.856858
2017-06-25,35.958583,61.657094,13.257309,49.683713
2017-06-26,34.824718,43.842049,13.138213,47.736462
2017-06-27,32.938264,48.199857,13.158905,52.078413
2017-06-28,31.129618,47.324495,13.749238,51.467521
2017-06-29,29.084735,45.533088,13.007004,48.267862
2017-06-30,27.059229,43.255432,12.140339,41.703653
2017-07-01,25.128107,45.527786,13.905961,57.206245
2017-07-02,23.400380,53.421421,13.415754,59.311015
2017-07-03,21.966636,41.730892,13.289046,42.773779
2017-07-04,20.798952,27.001968,9.381841,6.771346
2017-07-05,19.743293,22.858801,15.470258,21.159948
2017-07-06,18.558393,135.424027,20.519362,45.635942
2017-07-07,18.530748,75.272757,11.901619,56.025182
2017-07-08,19.523013,50.199003,11.031122,40.361654
2017-07-09,19.778596,82.001635,10.485879,55.476125
2017-07-10,19.531168,48.487484,9.786514,38.952328
2017-07-11,19.425826,44.876801,9.904979,35.969916
2017-07-12,18.846947,49.139143,9.775503,49.546867
2017-07-13,18.034712,41.624363,11.485276,41.129822
2017-07-14,17.399531,76.769008,17.625719,37.637364
2017-07-15,16.721639,106.293821,10.091901,52.604145
2017-07-16,18.215742,37.903360,7.851872,22.761481
2017-07-17,18.574924,40.791184,8.364498,41.280924
2017-07-18,17.721593,48.486175,9.948596,41.169302
2017-07-19,16.954224,63.593679,10.114309,44.542925
2017-07-20,16.483179,64.577057,11.995288,60.656508
2017-07-21,16.307112,57.860250,12.570983,43.323691
2017-07-22,15.989197,61.518803,10.858399,51.558267
2017-07-23,15.693932,66.807138,11.120962,40.287734
2017-07-24,15.396727,85.543535,14.104554,82.057982
2017-07-25,15.286087,187.217464,19.871741,140.901973
2017-07-26,17.144836,189.239151,18.704172,168.315283
2017-07-27,19.785937,117.464851,4.642114,49.644018
2017-07-28,20.560823,78.363163,3.513124,49.193966
2017-07-29,20.526859,79.076783,3.469163,49.532614
2017-07-30,19.102356,86.259339,3.884873,48.550331
2017-07-31,18.560320,71.218134,3.852836,43.437661
2017-08-01,17.188181,57.568746,3.901250,38.355317
2017-08-02,16.036191,61.865129,3.766574,42.671539
2017-08-03,14.672603,65.145263,3.520389,39.225840
2017-08-04,13.531369,63.689145,3.247913,33.238238
2017-08-05,12.395805,46.329443,3.010471,27.168254
2017-08-06,11.447303,50.203669,2.813195,31.703320
2017-08-07,10.607733,30.586247,2.534619,35.634108
2017-08-08,9.915260,79.038606,2.493381,48.576037
2017-08-09,9.309241,59.848900,2.145785,39.600101
2017-08-10,8.765946,51.770772,1.723005,37.280125
2017-08-11,8.299597,55.029303,1.602155,28.534916
2017-08-12,7.923325,54.546498,1.574833,28.279792
2017-08-13,7.571354,69.140885,1.585528,49.564481
2017-08-14,7.237399,74.476001,1.560712,48.683371
2017-08-15,6.950619,51.102145,1.461738,27.196738
2017-08-16,6.708315,47.636788,1.407288,29.464113
2017-08-17,6.486916,67.981245,1.467416,28.426440
2017-08-18,6.267968,38.454643,1.400271,23.669658
2017-08-19,6.061791,26.836035,1.320164,29.117552
2017-08-20,5.859479,48.496601,1.501497,25.478747
2017-08-21,5.711875,36.871255,1.564642,33.237226
2017-08-22,5.562897,36.118101,1.931460,45.518343
2017-08-23,5.294687,49.762084,2.041870,53.461464
2017-08-24,5.086874,49.010451,1.238596,40.829594
2017-08-25,4.916339,67.982771,1.203823,28.257595
2017-08-26,4.767703,104.590460,1.796463,53.754891
2017-08-27,4.670116,45.955850,1.230454,40.113939
2017-08-28,4.591826,40.858464,1.050609,25.761664
2017-08-29,4.493419,116.908530,1.329829,77.006577
2017-08-30,4.390520,145.601517,1.820156,76.366326
2017-08-31,4.341779,73.927032,1.247853,48.719130
2017-09-01,4.331960,67.789168,1.283740,41.780889
2017-09-02,4.311354,43.978185,1.169650,30.262861
2017-09-03,4.278021,43.586339,1.040798,19.576489
2017-09-04,4.221620,27.426656,1.012984,14.180257
2017-09-05,4.150949,32.961313,0.972084,14.854462
2017-09-06,4.071222,16.652011,0.879586,11.421505
2017-09-07,3.993073,31.707420,0.912167,13.829660
2017-09-08,3.909605,30.740522,1.016294,12.152836
2017-09-09,3.827652,32.191399,1.182009,17.635579
2017-09-10,3.754268,15.699013,0.813512,3.582110
2017-09-11,3.719555,22.927264,1.405226,11.356459
2017-09-12,3.770285,27.719518,1.161250,21.800531
2017-09-13,3.290077,10.214938,0.507941,2.562099
2017-09-14,3.174851,17.558380,1.068443,17.760526
2017-09-15,3.243447,74.671376,2.223830,60.150377
2017-09-16,3.061668,86.909697,2.085463,58.641157
2017-09-17,3.389460,36.388577,1.508086,35.883571
2017-09-18,3.221179,29.120210,1.144201,24.032192
2017-09-19,3.373867,15.313553,0.638664,2.471040
2017-09-20,3.546779,25.493562,0.828184,12.533689
2017-09-21,3.696415,17.141994,0.639411,1.635933
2017-09-22,3.897923,17.823785,0.599122,2.169239
2017-09-23,4.114061,7.385320,0.912299,3.480536
2017-09-24,4.080893,10.487649,0.572283,4.857279
2017-09-25,4.074228,20.633947,15.588430,31.202059
2017-09-26,4.032901,119.161778,10.874063,10.671016
2017-09-27,3.591207,10.172934,0.731058,7.137913
2017-09-28,4.150051,2.433957,0.894107,4.461258
2017-09-29,4.799590,1.530108,0.631587,1.157539
2017-09-30,5.359402,0.372507,0.687119,1.018477
2017-10-01,5.771339,0.007573,0.741767,1.001880
2017-10-02,6.081959,0.001093,0.802018,1.455393
2017-10-03,6.288953,3.472081,0.841079,1.100993
2017-10-04,6.402603,1.319525,0.886940,1.531925
2017-10-05,6.444740,0.442486,0.930407,1.009783
2017-10-06,6.724632,0.063575,1.151851,1.202908
2017-10-07,6.954204,0.000355,1.097644,1.233809
2017-10-08,6.568834,0.193136,1.339294,1.330690
2017-10-09,6.486320,1.144401,1.305947,1.567247
2017-10-10,6.115002,0.201036,1.201821,1.098171
2017-10-11,5.965258,0.452196,1.289159,1.373757
2017-10-12,6.187349,2.752112,1.232710,0.979214
2017-10-13,6.255825,0.063915,1.182143,0.965865
2017-10-14,5.465244,0.002984,1.209830,0.965459
2017-10-15,5.323231,0.000496,1.218695,0.961608
2017-10-16,5.212193,0.080542,1.738710,1.145450
2017-10-17,5.356415,13.525994,9.070735,2.512662
2017-10-18,4.831259,1.106028,1.601952,1.717695
2017-10-19,4.853893,0.029796,2.174153,1.420670
2017-10-20,5.006090,0.004155,5.542613,2.935219
2017-10-21,5.138854,0.001393,5.145445,1.790504
2017-10-22,5.293589,0.000667,4.290632,0.944782
2017-10-23,6.810166,0.000493,2.822476,0.960351
2017-10-24,5.680245,0.000078,1.806170,0.945953
2017-10-25,5.802224,0.001729,1.698517,0.947731
2017-10-26,5.866962,0.001112,1.640006,0.953437
2017-10-27,5.898970,3.322270,1.862756,1.121831
2017-10-28,5.900523,1.417242,1.539462,1.142484
2017-10-29,5.834624,0.009076,1.496673,1.128762
2017-10-30,5.757830,0.000700,1.462697,0.944178
2017-10-31,5.680626,0.000710,1.426978,1.038995
2017-11-01,5.595607,0.000048,1.425309,0.993377
2017-11-02,5.511775,0.000032,1.360564,0.943054
2017-11-03,5.420470,0.000019,1.329341,0.939858
2017-11-04,5.324646,0.000021,1.295088,0.936343
2017-11-05,5.226551,0.000017,1.267762,0.951712
2017-11-06,5.122800,0.000026,1.240664,0.936590
2017-11-07,5.031264,0.000035,1.201300,0.933631
2017-11-08,4.943406,0.000032,1.172970,0.931540
2017-11-09,4.852848,0.000028,1.143882,0.933095
2017-11-10,4.760567,0.000023,1.114710,0.932647
2017-11-11,4.665185,0.000017,1.084382,0.935992
2017-11-12,4.574958,0.000024,1.058510,0.930044
2017-11-13,4.481069,0.000030,1.030244,0.934383
2017-11-14,4.389091,0.000026,1.004394,0.919279
2017-11-15,4.297467,0.000021,0.976942,0.924942
2017-11-16,4.203692,0.000015,0.952861,0.925961
2017-11-17,4.117459,0.000014,0.928703,0.921519
2017-11-18,4.030515,0.000015,0.905890,0.921247
2017-11-19,3.951664,0.000015,0.881363,0.917986
2017-11-20,3.879487,0.000015,0.860200,0.915299
2017-11-21,3.805167,0.000014,0.839037,0.908064
2017-11-22,3.738300,0.000014,0.817874,0.887399
2017-11-23,3.672239,0.000017,0.797993,0.901096
2017-11-24,3.608999,0.000015,0.779351,0.903970
2017-11-25,3.546822,0.000018,0.784206,0.927017
2017-11-26,3.483011,0.000028,0.742910,0.895959
2017-11-27,3.424374,0.000024,0.724352,0.917879
2017-11-28,3.364605,0.002994,0.763411,0.898711
2017-11-29,3.306331,0.015107,1.129368,0.915173
2017-11-30,3.248866,0.000622,0.970758,0.900792
2017-12-01,3.189856,0.000019,0.722034,0.887244
2017-12-02,3.136978,0.000015,0.654792,0.889552
2017-12-03,3.082012,0.000014,0.644876,1.495523
2017-12-04,3.028758,0.000014,0.636512,0.879195
2017-12-05,2.982054,0.000015,0.627877,0.887655
2017-12-06,2.934273,0.000014,0.616276,0.867742
2017-12-07,2.891627,0.000014,0.612919,0.881460
2017-12-08,2.848254,0.000014,0.600559,0.874688
2017-12-09,2.805618,0.000015,0.595517,0.876856
2017-12-10,2.763892,0.000052,0.586039,0.869078
2017-12-11,2.721226,0.000172,0.576562,0.869334
2017-12-12,2.682882,0.000180,0.574423,0.861452
2017-12-13,2.643673,0.000180,0.561242,0.861807
2017-12-14,2.605461,0.000173,0.555045,0.861088
2017-12-15,2.567561,0.000174,0.546006,0.855904
2017-12-16,2.529004,0.000171,0.539809,0.860214
2017-12-17,2.495983,0.000173,0.532768,0.850294
2017-12-18,2.462365,0.000177,0.525770,0.857977
2017-12-19,2.429667,0.000187,0.518772,0.850618
2017-12-20,2.398055,0.000202,0.509692,0.844333
2017-12-21,2.364750,0.000198,0.504776,0.852741
2017-12-22,2.335774,0.000203,0.497777,0.845557
2017-12-23,2.305448,0.000194,0.489894,0.845872
2017-12-24,2.275707,0.000180,0.485021,0.840478
2017-12-25,2.247019,0.000051,0.477180,0.842973
2017-12-26,2.217066,0.000014,0.472222,0.845645
2017-12-27,2.191260,0.000014,0.464423,0.847658
2017-12-28,2.166772,0.000014,0.458622,0.828424
2017-12-29,2.142683,0.000014,0.453748,0.856078
2017-12-30,2.118640,0.000020,0.447105,0.826407
2017-12-31,2.094714,0.000025,0.442231,0.843608
2018-01-01,2.067622,0.000003,0.434432,0.835426
2018-01-02,2.046473,0.000073,0.431869,0.831647
2018-01-03,2.023969,0.000070,0.426152,0.832389
2018-01-04,2.001387,0.000036,0.417198,0.835212
2018-01-05,1.978908,0.000003,0.415832,0.830976
2018-01-06,1.955555,0.000008,0.408076,0.826252
2018-01-07,1.935358,0.000208,0.402317,0.822380
2018-01-08,1.913994,0.000231,0.400681,0.824325
2018-01-09,1.892652,0.000148,0.400596,0.829829
2018-01-10,1.871365,0.000427,0.390423,0.821084
2018-01-11,1.849136,0.000426,0.383453,0.824936
2018-01-12,1.829675,0.000381,0.379324,0.818089
2018-01-13,1.809310,0.000066,0.374805,0.822046
2018-01-14,1.789156,0.000003,0.371087,0.806828
2018-01-15,1.769924,0.000003,0.364527,0.807787
2018-01-16,1.750330,0.000003,0.363288,0.808443
2018-01-17,1.733280,0.000019,0.355489,0.825650
2018-01-18,1.715186,0.000135,0.353010,0.801022
2018-01-19,1.697172,0.000196,0.348533,0.806006
2018-01-20,1.679755,0.000130,0.345211,0.809981
2018-01-21,1.662102,0.000071,0.339453,0.799009
2018-01-22,1.647147,0.000244,0.338213,0.797973
2018-01-23,1.631534,0.000167,0.330499,0.797130
2018-01-24,1.615862,0.000050,0.329217,0.800026
2018-01-25,1.600291,0.000048,0.325895,0.798904
2018-01-26,1.583928,0.000234,0.322219,0.857014
2018-01-27,1.570284,0.000043,0.316899,0.795035
2018-01-28,1.555943,0.000006,0.315617,0.792369
2018-01-29,1.541778,0.000019,0.309943,0.796844
2018-01-30,1.529075,0.000050,0.307819,0.793648
2018-01-31,1.516658,0.000159,0.304184,0.794428
2018-02-01,1.503165,0.001237,0.319092,0.794572
2018-02-02,1.491854,0.000409,0.296838,0.793228
2018-02-03,1.479675,0.000121,0.295891,0.786708
2018-02-04,1.467754,0.000163,0.289826,0.791782
2018-02-05,1.455866,0.000103,0.289798,0.790813
2018-02-06,1.443138,0.000149,0.285223,0.785802
2018-02-07,1.432595,0.000541,0.282828,0.791374
2018-02-08,1.421113,0.000259,0.277941,0.783974
2018-02-09,1.409728,0.000085,0.276227,0.789064
2018-02-10,1.398389,0.000313,0.273790,0.785599
2018-02-11,1.386052,0.000042,0.270510,0.787122
2018-02-12,1.375584,0.000256,0.269228,0.782801
2018-02-13,1.364321,0.000115,0.264794,0.788786
2018-02-14,1.353533,0.000181,0.262669,0.778549
2018-02-15,1.342960,0.000232,0.258234,0.787949
2018-02-16,1.331480,0.000413,0.258993,0.784630
2018-02-17,1.321922,0.000018,0.253673,0.787292
2018-02-18,1.311295,0.000149,0.252434,0.780625
2018-02-19,1.300730,0.000532,0.252844,0.773632
2018-02-20,1.290338,0.000393,0.242595,0.781511
2018-02-21,1.279190,0.000321,0.246675,0.780467
2018-02-22,1.270122,0.000156,0.243027,0.771556
2018-02-23,1.260233,0.000054,0.240116,0.774243
2018-02-24,1.250638,0.000481,0.239739,0.774855
2018-02-25,1.240942,0.000186,0.235186,0.768421
2018-02-26,1.230488,0.000005,0.233556,0.768240
2018-02-27,1.221898,0.000006,0.231077,0.755189
2018-02-28,1.212490,0.000005,0.228682,0.894199
2018-03-01,1.202255,0.000024,0.226600,0.762690
2018-03-02,1.193632,0.000003,0.224518,0.764298
2018-03-03,1.184375,0.000003,0.222081,0.760899
2018-03-04,1.175248,0.000003,0.219999,0.766030
2018-03-05,1.166178,0.000028,0.217959,0.757029
2018-03-06,1.156636,0.000016,0.216322,0.754096
2018-03-07,1.149017,0.000003,0.214282,0.755527
2018-03-08,1.140816,0.000003,0.212200,0.754270
2018-03-09,1.132733,0.000003,0.209763,0.754885
2018-03-10,1.124580,0.000043,0.207723,0.752368
2018-03-11,1.116061,0.000267,0.206484,0.753224
2018-03-12,1.109164,0.000050,0.204401,0.753308
2018-03-13,1.101604,0.000012,0.201964,0.750174
2018-03-14,1.094414,0.000073,0.199924,0.749046
2018-03-15,1.087220,0.000067,0.196645,0.750928
2018-03-16,1.079362,0.000044,0.197403,0.740198
2018-03-17,1.073000,0.000102,0.229153,0.758671
2018-03-18,1.065909,0.000353,0.264106,0.910012
2018-03-19,1.058914,0.000106,0.826409,0.770385
2018-03-20,1.052183,0.000202,1.869778,1.106362
2018-03-21,1.045460,0.000153,0.439070,0.727102
2018-03-22,1.040225,0.000022,0.188449,0.741452
2018-03-23,1.034258,0.000003,0.184285,0.728166
2018-03-24,1.028305,0.000209,0.181890,0.730744
2018-03-25,1.022505,0.002338,0.183045,0.733854
2018-03-26,1.015889,0.002173,0.179808,0.734739
2018-03-27,1.010682,0.002216,0.179765,0.724655
2018-03-28,1.004814,0.002556,0.178526,0.729802
2018-03-29,0.999095,0.000180,0.175288,0.730249
2018-03-30,0.993499,0.000004,0.175246,0.722693
2018-03-31,0.987886,0.000003,0.175246,0.733885
2018-04-01,0.981606,0.000003,0.171967,0.727389
2018-04-02,0.976756,0.000003,0.171967,0.725559
2018-04-03,0.971200,0.000066,0.170727,0.729502
2018-04-04,0.965637,0.000669,0.169530,0.724797
2018-04-05,0.960002,0.000072,0.167405,0.727508
2018-04-06,0.953724,0.000003,0.168687,0.722207
2018-04-07,0.948791,0.000203,0.164126,0.731214
2018-04-08,0.943241,0.000003,0.164168,0.722283
2018-04-09,0.937851,0.000003,0.162928,0.718955
2018-04-10,0.932489,0.000003,0.162928,0.721106
2018-04-11,0.926429,0.000003,0.170246,0.713335
2018-04-12,0.921714,0.001090,0.184924,0.718027
2018-04-13,0.916332,0.002963,0.159649,0.700984
2018-04-14,0.910939,0.001143,0.159565,0.894954
2018-04-15,0.905774,0.000169,0.156327,0.705913
2018-04-16,0.899968,0.005441,6.138845,0.994668
2018-04-17,0.895368,0.009735,3.287281,1.015213
2018-04-18,0.889670,0.004259,2.699734,1.101034
2018-04-19,0.901478,0.000359,1.906913,1.232673
2018-04-20,0.887946,0.000005,4.804730,1.043971
2018-04-21,0.850135,0.630193,1.976177,1.439054
2018-04-22,0.825235,0.241084,0.407935,1.082346
2018-04-23,0.807948,0.003883,0.228866,1.099909
2018-04-24,0.796585,0.526286,0.286950,2.169941
2018-04-25,0.791678,0.176141,0.202860,1.981382
2018-04-26,0.788388,0.002652,0.162500,1.504808
2018-04-27,0.787266,0.000095,0.171455,2.438550
2018-04-28,0.794325,0.000007,0.167290,0.896180
2018-04-29,0.804789,0.000004,0.168000,0.807924
2018-04-30,0.816826,0.000004,0.170040,1.158164
2018-05-01,0.829029,0.000004,0.172435,0.684166
2018-05-02,0.842686,0.000004,0.171592,0.684566
2018-05-03,0.855428,0.000004,0.178422,0.845599
2018-05-04,0.867283,0.000004,0.175100,0.680916
2018-05-05,0.878329,0.000004,0.208890,2.012679
2018-05-06,0.889398,0.000004,0.178734,1.617186
2018-05-07,0.903878,0.000004,0.187249,1.938669
2018-05-08,0.916840,0.000009,0.179974,0.668822
2018-05-09,0.928381,0.000009,0.192207,0.680901
2018-05-10,0.938664,0.000010,0.314311,1.942584
2018-05-11,0.947289,0.000010,0.637924,1.334517
2018-05-12,0.956226,0.000005,0.213239,0.672657
2018-05-13,0.963190,0.000005,1.809548,1.191477
2018-05-14,0.968942,0.000003,0.212433,0.860743
2018-05-15,0.977167,0.000003,0.189469,2.256848
2018-05-16,0.982225,0.000002,0.208409,1.728353
2018-05-17,0.992543,0.000008,1.683521,1.853703
2018-05-18,0.994746,0.000001,0.229622,1.902462
2018-05-19,0.971288,0.000001,0.551178,2.099939
2018-05-20,0.953602,0.000013,0.484889,2.191315
2018-05-21,0.946644,0.000008,0.206805,1.435958
2018-05-22,0.948404,0.000008,1.357325,1.243012
2018-05-23,0.960825,0.000001,2.000518,1.398795
2018-05-24,0.956634,0.000001,1.874636,1.909890
2018-05-25,0.935235,0.000001,0.495817,1.946226
2018-05-26,0.966569,0.043364,1.257963,1.952993
2018-05-27,1.001897,1.488371,1.745128,1.446924
2018-05-28,1.057655,1.808566,0.796338,1.422438
2018-05-29,1.184653,1.642199,3.969006,1.298311
2018-05-30,1.301233,4.936031,3.896997,0.973453
2018-05-31,1.446893,5.590034,4.480058,1.090785
2018-06-01,1.632138,5.159884,4.392849,1.054576
2018-06-02,1.879456,7.525851,6.208267,1.008583
2018-06-03,2.091800,12.327277,6.337117,1.294893
2018-06-04,2.330467,17.074390,4.773368,1.219375
2018-06-05,2.578464,14.673564,3.701800,1.087525
2018-06-06,2.912695,44.667866,9.698792,1.372628
2018-06-07,3.279815,39.780975,5.483105,3.416483
2018-06-08,3.871430,35.504457,6.632284,4.173178
2018-06-09,4.636691,37.153274,6.310910,4.003421
2018-06-10,5.347327,37.834396,6.009546,3.819744
2018-06-11,6.276149,34.274596,5.742196,4.129830
2018-06-12,7.216387,35.002235,5.862752,3.816157
2018-06-13,8.488163,25.303069,4.938339,3.318080
2018-06-14,9.790949,18.895212,4.218292,3.943142
2018-06-15,10.704673,24.673971,5.270466,16.659606
2018-06-16,11.424724,23.716966,5.364815,10.931717
2018-06-17,12.277840,25.782448,6.130468,16.248028
2018-06-18,12.909430,24.574798,5.784306,11.566705
2018-06-19,13.512937,28.963004,6.657979,12.857725
2018-06-20,14.066621,21.901252,7.286569,12.028812
2018-06-21,14.642802,38.826010,9.160240,18.960684
2018-06-22,15.202725,30.494654,7.676505,20.032735
2018-06-23,16.758079,39.382718,7.375919,22.599976
2018-06-24,17.972093,23.338098,6.419429,13.078618
2018-06-25,19.296756,35.550270,8.799085,25.440195
2018-06-26,19.780755,44.619443,8.550352,21.906038
2018-06-27,20.506976,43.356532,8.520587,21.739310
2018-06-28,21.301939,54.359114,11.560557,18.110679
2018-06-29,22.328625,56.736793,8.241249,26.875210
2018-06-30,26.346954,36.628051,7.658127,20.215918
2018-07-01,29.036363,42.480892,9.456465,22.544999
2018-07-02,28.821162,81.065682,15.805689,30.706359
2018-07-03,33.921341,43.066672,7.018836,23.631970
2018-07-04,37.019515,36.190190,7.170645,19.943403
2018-07-05,37.191467,35.111514,6.673364,22.181792
2018-07-06,35.369170,51.838838,8.232340,36.738582
2018-07-07,32.885955,47.083612,8.733834,35.004464
2018-07-08,31.015519,49.564828,9.049595,24.100019
2018-07-09,29.498799,67.605367,8.753601,42.167992
2018-07-10,29.228698,52.620170,7.661366,38.547358
2018-07-11,29.400094,59.018129,8.422807,44.420748
2018-07-12,28.905371,71.358560,8.881476,55.398882
2018-07-13,29.306556,92.375535,9.781161,68.746720
2018-07-14,29.178398,114.799702,10.687248,89.962833
2018-07-15,31.832519,207.207514,19.768345,130.409532
2018-07-16,34.306902,61.267051,13.101737,51.426054
2018-07-17,35.022909,75.534988,13.756515,66.581039
2018-07-18,32.525729,80.980707,13.187393,69.698957
2018-07-19,30.091707,45.803034,12.536849,55.754302
2018-07-20,27.975820,71.475211,9.772493,51.172331
2018-07-21,25.549819,50.825405,8.987632,49.374323
2018-07-22,23.903496,66.965219,8.997969,46.976679
2018-07-23,22.354277,71.056620,8.841309,57.378707
2018-07-24,21.267212,50.093844,11.260356,40.504814
2018-07-25,20.404429,59.842833,12.112552,53.438466
2018-07-26,19.412091,45.848780,9.239669,35.679745
2018-07-27,18.608713,59.561005,10.645559,54.076983
2018-07-28,17.706637,76.753322,9.506535,47.942743
2018-07-29,17.086668,122.952450,11.205948,69.121055
2018-07-30,17.027145,169.367985,13.954989,95.520955
2018-07-31,18.934040,96.827259,13.043051,72.580190
2018-08-01,19.913297,74.972835,12.027409,59.619815
2018-08-02,19.961403,58.154205,9.962412,45.738805
2018-08-03,19.042193,70.167776,12.384874,46.384033
2018-08-04,18.257162,54.365214,11.699106,36.888041
2018-08-05,18.068635,51.148042,11.224714,37.559306
2018-08-06,16.736357,68.238117,11.619534,43.415773
2018-08-07,16.415800,66.298641,10.624110,40.851232
2018-08-08,15.311998,87.657671,12.714047,60.120415
2018-08-09,14.040739,102.646219,11.622066,52.071057
2018-08-10,12.895081,94.488784,10.792599,36.342103
2018-08-11,11.883812,73.246556,11.196108,40.994497
2018-08-12,11.049071,121.788751,9.289420,52.129844
2018-08-13,10.323489,219.899264,21.932181,135.512414
2018-08-14,9.608322,230.181958,21.205662,117.521532
2018-08-15,9.257825,61.240907,13.721839,37.952261
2018-08-16,9.254323,51.305472,12.541738,27.759314
2018-08-17,9.119375,95.213674,13.823472,51.447789
2018-08-18,8.862620,71.770181,11.610981,32.623981
2018-08-19,8.581102,44.979710,9.937311,32.147767
2018-08-20,8.267143,33.209637,9.560873,23.026292
2018-08-21,7.926619,20.470565,7.665589,11.356960
2018-08-22,7.619346,46.085477,9.276573,34.282006
2018-08-23,7.330890,73.200414,14.266624,36.184011
2018-08-24,7.046437,29.879246,7.442390,16.706087
2018-08-25,7.589770,28.243674,6.593450,19.196781
2018-08-26,6.611763,19.069554,4.517199,11.025861
2018-08-27,6.402341,36.588369,3.796430,24.367320
2018-08-28,6.101693,20.613721,3.078896,3.019811
2018-08-29,5.892019,12.663815,3.259065,7.664643
2018-08-30,5.963998,40.206383,19.218569,74.973633
2018-08-31,5.569392,68.796452,5.747107,43.490047
2018-09-01,4.712912,26.992742,4.294905,26.990295
2018-09-02,4.977173,11.696667,3.769092,6.500535
2018-09-03,5.393913,21.700011,3.110538,18.500771
2018-09-04,5.787277,29.839190,2.072861,14.952173
2018-09-05,5.965037,42.009094,6.050292,23.819149
2018-09-06,5.893293,121.988860,9.447964,26.424151
2018-09-07,5.734123,89.631076,7.716709,36.230256
2018-09-08,8.049511,86.164760,9.515726,59.881554
2018-09-09,10.117221,17.343279,5.138467,19.824897
2018-09-10,11.634728,21.345060,4.629945,18.858619
2018-09-11,12.562582,17.032232,4.142138,19.882747
2018-09-12,12.923136,27.638594,3.644683,3.494243
2018-09-13,12.886665,30.750788,2.464249,14.283008
2018-09-14,12.784873,13.121627,1.785077,2.065555
2018-09-15,12.930824,16.686934,2.046250,5.731803
2018-09-16,11.921546,13.599144,1.829254,7.935744
2018-09-17,11.369452,34.186061,2.259939,8.804104
2018-09-18,10.982762,38.099223,1.663667,9.622533
2018-09-19,10.274128,7.640326,1.376348,1.900415
2018-09-20,9.872637,2.372857,1.335201,1.063288
2018-09-21,9.614814,0.650108,1.296196,0.981742
2018-09-22,9.405752,0.419867,1.256313,1.025830
2018-09-23,9.185092,0.124209,1.289591,1.076153
2018-09-24,8.960938,0.038881,1.381637,1.519397
2018-09-25,8.731940,0.005340,1.140335,0.982940
2018-09-26,8.488770,0.002440,1.102510,0.977657
2018-09-27,8.247165,0.003037,1.081716,1.533054
2018-09-28,8.017981,0.010898,1.090184,1.647250
2018-09-29,8.193836,0.004348,1.000614,0.967572
2018-09-30,7.500920,0.001299,0.990556,1.187149
2018-10-01,9.180455,0.000022,0.940176,0.961854
2018-10-02,6.945643,0.005173,0.912461,0.961260
2018-10-03,6.718824,0.004501,0.886340,0.957420
2018-10-04,6.525638,0.000158,0.860177,0.950552
2018-10-05,6.351761,0.000015,0.834140,1.190621
2018-10-06,6.185460,0.000022,1.326268,0.951520
2018-10-07,6.033105,0.000036,0.814110,0.931950
2018-10-08,5.880132,0.000001,0.785025,0.942800
2018-10-09,5.730144,0.001347,0.754941,0.936242
2018-10-10,5.590726,0.002142,0.737184,0.935770
2018-10-11,5.452909,0.004019,0.719427,0.927063
2018-10-12,5.326930,0.004424,3.254222,1.096560
2018-10-13,5.215163,0.019470,0.850158,0.926362
2018-10-14,5.094950,0.016086,0.685033,0.924241
2018-10-15,4.962675,0.001966,0.678354,0.925948
2018-10-16,4.839219,0.001027,0.670833,0.923251
2018-10-17,4.730790,0.001743,0.663396,0.916344
2018-10-18,4.627022,0.003052,0.770292,0.921026
2018-10-19,4.529183,0.002705,0.654559,0.918804
2018-10-20,4.435667,0.007619,0.660607,0.912403
2018-10-21,4.344323,0.001500,0.630596,0.912226
2018-10-22,4.266005,0.006526,0.623430,0.913386
2018-10-23,4.187488,0.010018,0.616035,0.909616
2018-10-24,4.110565,0.011529,0.606828,0.904401
2018-10-25,4.035128,0.031481,0.597393,0.908184
2018-10-26,3.958175,0.011296,0.589383,1.002414
2018-10-27,3.887732,0.006429,2.372007,0.997520
2018-10-28,3.815837,0.010668,0.568744,0.904669
2018-10-29,3.747088,0.020714,0.566096,0.918756
2018-10-30,3.679201,0.034348,0.554579,0.890917
2018-10-31,3.613308,0.029684,0.545541,0.893852
2018-11-01,3.546120,0.007956,0.539718,0.890603
2018-11-02,3.484349,0.001169,0.531376,0.869848
2018-11-03,3.422571,0.000188,0.520200,0.885823
2018-11-04,3.363537,0.000090,0.515978,0.884407
2018-11-05,3.307327,0.000883,0.505318,0.881792
2018-11-06,3.252855,0.001566,0.502336,0.873071
2018-11-07,3.206873,0.001050,0.527875,0.880150
2018-11-08,3.160210,0.000950,1.085386,0.896433
2018-11-09,3.113667,0.000555,1.958972,0.943558
2018-11-10,3.067448,0.005452,0.476683,0.867865
2018-11-11,3.024476,0.006285,0.489964,0.869068
2018-11-12,2.994368,0.003617,0.475246,0.865447
2018-11-13,2.945295,0.002755,0.467392,0.868698
2018-11-14,2.883959,0.005395,0.460816,0.867111
2018-11-15,2.827506,0.006297,0.455790,0.858177
2018-11-16,2.775694,0.008354,0.444796,0.860006
2018-11-17,2.732823,0.004979,1.218872,0.882565
2018-11-18,2.692090,0.002202,1.370190,0.881160
2018-11-19,2.653955,0.004185,5.782288,0.888174
2018-11-20,2.627969,0.004433,7.463013,0.864172
2018-11-21,2.595379,0.002407,0.433834,0.856919
2018-11-22,2.520700,0.001073,0.437015,0.846594
2018-11-23,2.471729,0.000140,0.442960,0.854421
2018-11-24,2.441757,0.000059,0.448948,0.850769
2018-11-25,2.422771,0.000064,0.450458,0.851079
2018-11-26,2.408465,0.000066,0.454092,0.850446
2018-11-27,2.401423,0.000067,0.456445,0.847181
2018-11-28,2.394093,0.000178,0.457997,0.846130
2018-11-29,2.386205,0.000000,0.459152,0.850997
2018-11-30,2.378970,0.000000,0.460350,0.842683
2018-12-01,2.369916,0.000614,0.459507,0.840983
2018-12-02,2.363289,0.000176,0.459423,0.840388
2018-12-03,2.353570,0.000253,0.458267,0.833443
2018-12-04,2.342820,0.000272,0.458267,0.832376
2018-12-05,2.330686,0.000765,0.452906,0.837418
2018-12-06,2.315474,0.001477,0.452948,0.829935
2018-12-07,2.302313,0.004556,0.451666,0.829864
2018-12-08,2.286440,0.003553,0.451624,0.823399
2018-12-09,2.269301,0.001522,0.443193,0.826102
2018-12-10,2.251591,0.001599,0.447105,0.828100
2018-12-11,2.232016,0.001042,0.488485,0.825441
2018-12-12,2.215032,0.001653,1.491966,0.831571
2018-12-13,2.195430,0.004627,2.870358,0.820336
2018-12-14,2.175103,0.004895,0.534542,0.801603
2018-12-15,2.154128,0.009450,0.678024,0.804633
2018-12-16,2.132206,0.005632,0.441366,0.808478
2018-12-17,2.113421,0.002814,0.470127,0.803949
2018-12-18,2.092650,0.000883,0.444597,0.800825
2018-12-19,2.071205,0.000717,0.431902,0.799687
2018-12-20,2.049372,0.000822,0.433498,0.798498
2018-12-21,2.026310,0.000609,0.430573,0.799255
2018-12-22,2.006169,0.000494,0.432613,0.797143
2018-12-23,1.984739,0.000539,0.430121,0.801207
2018-12-24,1.963181,0.000109,0.430531,0.796725
2018-12-25,1.943542,0.000530,0.441087,0.791192
2018-12-26,1.923819,0.000999,0.465906,0.804378
2018-12-27,1.907046,0.000874,0.427188,0.790193
2018-12-28,1.889100,0.000443,0.439589,0.791473
2018-12-29,1.871007,0.000321,0.421577,0.796118
2018-12-30,1.853150,0.000431,0.417497,0.786487
2018-12-31,1.836038,0.000316,0.413333,0.787692
2019-01-01,1.817531,0.000001,0.416215,0.786842
2019-01-02,1.802012,0.000005,0.553417,0.788388
2019-01-03,1.786039,0.000008,1.341124,0.793496
2019-01-04,1.770064,0.000005,0.742890,0.782506
2019-01-05,1.754075,0.000002,0.404811,0.790660
2019-01-06,1.737374,0.000000,0.404378,0.778873
2019-01-07,1.723170,0.000000,0.399505,0.776861
2019-01-08,1.708025,0.000007,0.410428,0.789025
2019-01-09,1.693114,0.000006,0.404740,0.786594
2019-01-10,1.678005,0.000001,0.394185,0.786668
2019-01-11,1.661678,0.000004,0.392945,0.779034
2019-01-12,1.647693,0.000002,0.390905,0.781955
2019-01-13,1.632463,0.000001,0.388468,0.785511
2019-01-14,1.617491,0.000001,0.386386,0.776694
2019-01-15,1.602503,0.000001,0.383148,0.787412
2019-01-16,1.586350,0.000005,0.380343,0.776099
2019-01-17,1.572864,0.000004,0.383907,0.774704
2019-01-18,1.558887,0.000002,0.377432,0.784759
2019-01-19,1.544951,0.000001,0.375037,0.779970
2019-01-20,1.530967,0.000001,0.370873,0.769553
2019-01-21,1.516035,0.000020,0.370873,0.785693
2019-01-22,1.503084,0.000026,0.372558,0.773346
2019-01-23,1.489258,0.000026,0.364398,0.773571
2019-01-24,1.475706,0.000014,0.365999,0.781549
2019-01-25,1.462068,0.000012,0.359439,0.772292
2019-01-26,1.447366,0.000000,0.359524,0.773852
2019-01-27,1.434877,0.000023,0.358686,0.775735
2019-01-28,1.421619,0.000052,0.356163,0.766863
2019-01-29,1.408774,0.000039,0.352880,0.773160
2019-01-30,1.396079,0.000004,0.348091,0.780581
2019-01-31,1.383449,0.000002,0.348006,0.758774
2019-02-01,1.371422,0.000005,0.344769,0.767978
2019-02-02,1.361838,0.000039,0.339859,0.761655
2019-02-03,1.351255,0.000017,0.340618,0.764491
2019-02-04,1.340707,0.000013,0.333364,0.760525
2019-02-05,1.330229,0.000013,0.334533,0.760586
2019-02-06,1.319076,0.000012,0.329666,0.752447
2019-02-07,1.309859,0.000012,0.325934,0.751090
2019-02-08,1.299977,0.000004,0.325127,0.748346
2019-02-09,1.290137,0.000004,0.322257,0.748650
2019-02-10,1.280211,0.000004,0.317822,0.746317
2019-02-11,1.269340,0.000290,0.315698,0.747168
2019-02-12,1.260398,0.000086,0.313303,0.736001
2019-02-13,1.250856,0.000001,0.312474,0.733297
2019-02-14,1.241374,0.000007,0.305546,0.723998
2019-02-15,1.231925,0.000008,0.305462,0.737140
2019-02-16,1.221823,0.000002,0.303067,0.732921
2019-02-17,1.213524,0.000001,0.297295,0.724458
2019-02-18,1.204800,0.000015,0.295311,0.728889
2019-02-19,1.196112,0.000057,0.291989,0.724606
2019-02-20,1.187448,0.000065,0.292832,0.735413
2019-02-21,1.178358,0.000063,0.778619,0.747119
2019-02-22,1.171235,0.000063,0.800652,0.732665
2019-02-23,1.163243,0.000080,0.280598,0.722942
2019-02-24,1.155225,0.000080,0.278516,0.733102
2019-02-25,1.147299,0.000080,0.280514,0.731811
2019-02-26,1.139081,0.000066,0.270759,0.723734
2019-02-27,1.132598,0.000064,0.271560,0.726494
2019-02-28,1.125239,0.000062,0.278793,0.725227
2019-03-01,1.117009,0.000062,0.263803,0.761589
2019-03-02,1.110171,0.000065,0.263719,0.736255
2019-03-03,1.102717,0.000065,0.259284,0.722620
2019-03-04,1.095688,0.000074,0.256889,0.731228
2019-03-05,1.088603,0.000075,0.257960,0.732623
2019-03-06,1.080753,0.000072,0.250288,0.737007
2019-03-07,1.074293,0.000076,0.250288,0.726556
2019-03-08,1.067082,0.000080,0.246966,0.732489
2019-03-09,1.060049,0.000080,0.244571,0.727510
2019-03-10,1.053213,0.000080,0.242447,0.727782
2019-03-11,1.045764,0.000026,0.240052,0.726242
2019-03-12,1.039938,0.000079,0.239968,0.725042
2019-03-13,1.033395,0.000073,0.233493,0.727760
2019-03-14,1.026763,0.000011,0.233493,0.729823
2019-03-15,1.020178,0.000003,0.231014,0.727298
2019-03-16,1.012883,0.000006,0.231014,0.728556
2019-03-17,1.006963,0.000044,0.224454,0.726516
2019-03-18,1.000263,0.000079,0.226140,0.725274
2019-03-19,0.993539,0.000022,0.224454,0.723962
2019-03-20,0.986869,0.000024,0.215500,0.729936
2019-03-21,0.979419,0.000054,0.218696,0.722240
2019-03-22,0.973386,0.000010,0.214219,0.724052
2019-03-23,0.967355,0.000008,0.214219,0.721095
2019-03-24,0.961633,0.000029,0.211782,0.920378
2019-03-25,0.956031,0.000080,0.206462,0.720014
2019-03-26,0.949830,0.000080,0.208460,0.721963
2019-03-27,0.944959,0.000007,0.203983,0.717607
2019-03-28,0.939550,0.000002,0.201943,0.716229
2019-03-29,0.934175,0.000002,0.199464,0.719266
2019-03-30,0.928834,0.000016,0.197424,0.714035
2019-03-31,0.923513,0.000080,0.194987,0.718880
2019-04-01,0.917505,0.000049,0.192905,0.716281
2019-04-02,0.912836,0.000051,0.190510,0.963896
2019-04-03,0.907699,0.000080,0.202389,0.709310
2019-04-04,0.902612,0.000080,0.187188,0.712520
2019-04-05,0.897418,0.000004,0.183908,0.707045
2019-04-06,0.891525,0.000080,0.183512,0.712356
2019-04-07,0.886928,0.000080,1.321433,1.025966
2019-04-08,0.881744,0.000080,0.557555,0.796480
2019-04-09,0.876580,0.000080,1.599963,0.888173
2019-04-10,0.871424,0.000080,6.494260,1.066277
2019-04-11,0.865963,0.000080,3.095076,1.370402
2019-04-12,0.861790,0.000080,4.404978,1.054485
2019-04-13,0.855851,0.000080,6.639948,5.994858
2019-04-14,0.874332,0.000000,7.728343,1.019891
2019-04-15,0.808108,0.000000,3.320209,1.307814
2019-04-16,0.744158,0.000000,1.338710,1.867686
2019-04-17,0.732149,0.000000,0.200275,2.639671
2019-04-18,0.743088,0.000000,1.002506,1.703183
2019-04-19,0.776000,0.000000,2.834770,1.832617
2019-04-20,0.821836,0.000000,0.234294,2.174578
2019-04-21,0.859597,0.000000,0.664534,2.032810
2019-04-22,0.905419,0.000000,0.256708,0.681805
2019-04-23,0.951426,0.017074,0.267779,0.676575
2019-04-24,0.996832,0.041042,1.023306,1.703824
2019-04-25,1.039166,0.066301,0.306159,0.681413
2019-04-26,1.083402,0.005315,6.301838,1.012845
2019-04-27,1.109816,0.034250,6.945098,0.981507
2019-04-28,1.054076,6.060512,5.377700,0.967336
2019-04-29,1.190739,21.859075,8.935132,0.862114
2019-04-30,1.585308,14.250758,5.380598,1.353542
2019-05-01,2.277019,9.696255,3.135702,1.385431
2019-05-02,3.039459,9.945648,2.996036,1.525014
2019-05-03,3.695500,1.760399,0.976142,0.673432
2019-05-04,4.570568,9.422687,5.911160,1.119145
2019-05-05,5.039321,37.570268,12.857311,1.610912
2019-05-06,6.022382,21.405048,3.842223,1.077735
2019-05-07,7.980931,10.951391,2.871178,1.271873
2019-05-08,9.275239,8.395923,2.864934,1.188361
2019-05-09,9.875651,5.094466,1.850497,2.434376
2019-05-10,10.028271,3.653160,2.113372,2.110711
2019-05-11,10.072550,2.509899,2.404375,1.617143
2019-05-12,10.037321,1.380888,2.031743,1.639923
2019-05-13,9.930453,0.421816,3.200738,1.330681
2019-05-14,9.844327,3.096402,5.822766,1.537941
2019-05-15,9.181424,17.074896,7.526539,1.503252
2019-05-16,10.796059,35.404076,4.829000,0.918237
2019-05-17,12.887845,32.778853,3.702506,1.207109
2019-05-18,14.343411,20.843795,6.094079,1.533139
2019-05-19,15.196357,18.452784,4.684926,1.683909
2019-05-20,16.190659,14.574899,3.258867,1.995219
2019-05-21,17.159386,18.975516,4.393455,1.967743
2019-05-22,18.323869,24.603109,4.611077,1.241997
2019-05-23,19.500458,25.589300,4.001519,1.434444
2019-05-24,19.799230,18.003786,3.654475,2.019810
2019-05-25,19.454332,22.753983,4.518036,2.580506
2019-05-26,18.885552,25.428956,4.058554,3.117737
2019-05-27,18.500001,23.814417,4.207186,2.611277
2019-05-28,18.350141,18.569862,3.440090,2.378059
2019-05-29,18.366455,20.824209,4.387662,3.103259
2019-05-30,18.327073,21.579232,4.742581,3.127975
2019-05-31,18.255523,18.556593,4.099283,3.456395
2019-06-01,18.247752,15.918134,3.785624,3.336858
2019-06-02,18.243109,19.519871,4.096137,3.093711
2019-06-03,18.105863,23.960476,4.408693,3.042652
2019-06-04,17.990517,24.569599,4.667811,2.873040
2019-06-05,18.088539,31.099323,5.285006,3.012238
2019-06-06,18.201843,27.390530,5.895388,2.523345
2019-06-07,18.700145,33.714584,6.301999,6.471716
2019-06-08,19.216359,38.610067,6.454068,14.259023
2019-06-09,20.124254,31.762496,6.504778,13.011404
2019-06-10,21.481091,29.468597,7.049178,12.505997
2019-06-11,22.447695,62.561474,15.404602,21.110135
2019-06-12,23.384555,60.499330,9.147496,18.832428
2019-06-13,28.321013,43.101570,9.056680,18.549350
2019-06-14,31.111639,90.426013,9.420873,20.290387
2019-06-15,35.332658,50.478042,8.408879,20.155305
2019-06-16,39.796598,65.584430,9.818890,28.014470
2019-06-17,40.416843,112.871251,9.566368,28.718453
2019-06-18,42.699251,58.543884,8.852184,22.922068
2019-06-19,44.004992,93.981499,9.622097,28.708436
2019-06-20,43.316101,57.229816,9.144846,21.905730
2019-06-21,43.490515,51.472621,8.541549,20.859219
2019-06-22,42.028374,50.872053,8.734310,22.316866
2019-06-23,42.828189,52.823461,9.796976,24.667995
2019-06-24,39.465287,59.908546,9.400027,26.894517
2019-06-25,39.682012,71.517051,10.094358,46.408610
2019-06-26,38.594040,79.770196,12.338243,67.325833
2019-06-27,38.328288,67.207264,9.777176,51.557267
2019-06-28,38.375795,75.245874,9.725037,42.679310
2019-06-29,36.955582,63.878528,9.290525,41.393475
2019-06-30,36.822944,68.205748,8.959745,29.385199
2019-07-01,35.926028,45.440190,9.378321,52.752066
2019-07-02,34.408674,74.843554,16.270807,46.483402
2019-07-03,33.250944,186.290262,14.541449,75.547783
2019-07-04,43.509734,72.830122,8.487371,59.557298
2019-07-05,46.185861,66.320135,8.111156,56.512228
2019-07-06,42.363735,62.614227,8.468410,59.702849
2019-07-07,39.721519,65.069592,8.251279,51.070619
2019-07-08,36.261087,65.326981,8.271280,56.558285
2019-07-09,33.114273,55.781852,7.589691,50.152040
2019-07-10,30.332004,52.242301,7.486244,46.472579
2019-07-11,27.848639,56.050428,7.991984,49.654782
2019-07-12,25.833264,52.273662,7.751562,46.496981
2019-07-13,24.153900,62.206753,7.997806,56.621642
2019-07-14,22.559436,75.429065,9.687732,60.106743
2019-07-15,21.348136,78.198851,7.804090,63.193832
2019-07-16,20.578543,109.218655,7.907984,57.729818
2019-07-17,20.438658,74.244178,9.010461,55.815339
2019-07-18,20.479234,80.787283,8.811144,59.633251
2019-07-19,20.038369,92.248539,9.424495,57.693551
2019-07-20,19.549117,79.714990,10.187742,62.266023
2019-07-21,18.995447,71.862771,10.483289,56.851543
2019-07-22,18.483300,90.479478,11.573896,56.848187
2019-07-23,18.068201,85.196749,10.532109,44.007696
2019-07-24,17.893486,64.849853,11.683778,51.168122
2019-07-25,17.599205,60.653337,11.224626,46.580273
2019-07-26,17.355608,49.787822,9.526841,49.046102
2019-07-27,16.572735,50.297872,12.670927,56.549196
2019-07-28,15.892766,65.295356,17.560950,70.783147
2019-07-29,15.241866,113.956116,15.318609,77.654070
2019-07-30,15.271162,217.431551,30.380963,156.082677
2019-07-31,19.180314,214.825209,34.943746,156.880830
2019-08-01,24.278280,99.838330,12.438712,42.067664
2019-08-02,23.864117,65.384588,11.767783,57.685881
2019-08-03,21.833228,62.317065,10.340802,52.681951
2019-08-04,19.637608,93.008462,10.076829,43.091087
2019-08-05,17.948848,117.590356,9.821200,56.173799
2019-08-06,16.876736,76.396200,8.365831,38.524803
2019-08-07,16.431578,58.912930,9.539646,50.998042
2019-08-08,15.016942,49.136418,8.524956,40.008840
2019-08-09,13.613778,55.300575,9.557357,47.182735
2019-08-10,12.378386,53.058937,9.326143,49.617205
2019-08-11,11.388232,46.814794,6.716783,28.178462
2019-08-12,10.546719,52.090169,8.905354,37.977338
2019-08-13,9.862533,46.768269,8.933507,33.994165
2019-08-14,9.249442,36.201762,8.276365,27.031057
2019-08-15,8.734341,40.962512,9.074359,30.226971
2019-08-16,8.287239,77.636156,9.083220,36.742729
2019-08-17,7.870758,60.403106,9.310875,33.759854
2019-08-18,7.512325,49.345522,9.040832,26.592110
2019-08-19,7.209874,37.180115,9.241664,24.525091
2019-08-20,6.920137,40.720121,8.540546,18.106601
2019-08-21,6.638482,37.884563,8.636458,13.621782
2019-08-22,6.385190,37.904922,8.378275,14.788151
2019-08-23,6.160132,29.419466,8.529421,15.167678
2019-08-24,5.947236,37.776346,8.255753,15.771231
2019-08-25,5.746888,89.168659,8.219931,35.885817
2019-08-26,5.559896,46.571990,9.267629,32.549528
2019-08-27,5.365442,41.005881,8.581466,20.949553
2019-08-28,5.186479,32.507787,7.901346,12.681418
2019-08-29,5.030303,26.995363,7.228914,8.708058
2019-08-30,4.882589,20.851562,7.291656,8.918055
2019-08-31,4.741010,17.187236,6.905674,4.291192
2019-09-01,4.603513,15.127020,6.958372,6.780086
2019-09-02,4.481595,18.492712,6.202524,21.110716
2019-09-03,4.365663,33.346809,7.664310,18.021378
2019-09-04,4.253981,34.631810,7.513680,28.032358
2019-09-05,4.147480,59.165549,7.767605,30.398762
2019-09-06,4.058038,20.566909,7.400114,8.656472
2019-09-07,3.983184,55.502471,15.255054,30.432973
2019-09-08,3.880277,32.536243,5.828381,19.543853
2019-09-09,4.570222,18.408912,5.134798,3.212158
2019-09-10,3.696710,22.224364,5.353854,18.300071
2019-09-11,3.577127,6.222166,4.901053,3.122739
2019-09-12,3.503595,2.927896,5.236034,2.256797
2019-09-13,3.440888,2.119677,4.842307,1.597347
2019-09-14,3.388238,2.688942,4.399100,2.397260
2019-09-15,3.340363,2.381292,3.974525,2.018153
2019-09-16,3.290969,4.278383,3.648112,2.231335
2019-09-17,3.246220,1.584597,3.354763,1.123419
2019-09-18,3.241653,0.470524,2.794194,1.610658
2019-09-19,3.308416,14.542342,2.153916,1.483087
2019-09-20,3.166594,22.829192,2.052938,1.686330
2019-09-21,3.116688,22.915644,2.491517,4.091967
2019-09-22,2.997910,124.741629,10.445462,33.206763
2019-09-23,2.529980,95.465067,10.469749,64.281459
2019-09-24,2.622715,88.949877,12.229817,46.160870
2019-09-25,3.311744,41.226230,4.168905,3.782189
2019-09-26,4.164246,33.993615,4.190943,8.159788
2019-09-27,4.832170,64.546201,7.395819,72.285329
2019-09-28,5.213325,21.727616,4.023910,11.776164
2019-09-29,5.428738,14.814869,3.703575,2.897142
2019-09-30,5.596951,9.848957,3.416008,1.682311
2019-10-01,5.710260,5.193106,3.201232,1.298060
2019-10-02,5.855450,2.914533,3.369267,1.407887
2019-10-03,5.778318,12.139557,6.688765,3.579093
2019-10-04,5.741457,37.795213,15.663449,10.624077
2019-10-05,6.184891,59.238314,13.412660,12.111216
2019-10-06,7.507833,101.555865,16.338796,19.094621
2019-10-07,11.245098,11.127518,7.105787,1.425153
2019-10-08,15.076408,0.616290,7.692712,1.070467
2019-10-09,16.901862,21.486755,8.664596,1.738199
2019-10-10,17.301808,1.537823,7.703444,1.068275
2019-10-11,17.050743,0.028953,6.319312,1.065476
2019-10-12,16.639390,0.003024,5.199015,1.046668
2019-10-13,16.045919,0.001280,3.965520,1.061300
2019-10-14,15.340801,0.000210,2.922489,1.050584
2019-10-15,14.641067,0.000356,2.480649,1.051514
2019-10-16,13.904586,0.000390,2.156702,1.049377
2019-10-17,13.209925,0.000258,1.905522,1.291667
2019-10-18,12.552313,0.000172,1.704243,1.244462
2019-10-19,11.921327,0.000245,1.539541,1.035965
2019-10-20,11.357134,0.000226,1.403794,1.038853
2019-10-21,10.826857,0.000187,1.291075,1.040036
2019-10-22,10.346669,0.000135,1.190348,1.033536
2019-10-23,9.907153,0.000042,1.106138,1.028833
2019-10-24,9.499396,0.000036,1.036321,1.034771
2019-10-25,9.107062,0.000152,0.971901,1.026483
2019-10-26,8.729280,0.000107,0.913679,1.026255
2019-10-27,8.403763,0.000098,0.864934,1.023609
2019-10-28,8.091199,0.000077,0.817909,1.020565
2019-10-29,7.800039,0.000036,0.781121,1.015896
2019-10-30,7.521379,0.000323,0.741491,1.019442
2019-10-31,7.254514,0.000323,0.708902,1.010184
2019-11-01,7.009510,0.000267,0.678750,1.011680
2019-11-02,6.785574,0.000092,0.649879,1.012432
2019-11-03,6.563705,0.000051,0.622645,1.006421
2019-11-04,6.355862,0.000051,0.600730,1.007636
2019-11-05,6.170262,0.000332,0.579297,1.001863
2019-11-06,5.991207,0.000166,0.559862,1.005491
2019-11-07,5.829271,0.000033,0.682800,0.998906
2019-11-08,5.668544,0.000021,0.590856,1.000461
2019-11-09,5.512751,0.000149,0.513700,0.990530
2019-11-10,5.361647,0.000043,1.335499,1.028955
2019-11-11,5.211314,0.000072,2.878452,1.051709
2019-11-12,5.072739,0.000041,1.494278,0.979609
2019-11-13,4.989398,0.000011,0.842841,0.984709
2019-11-14,4.821641,0.000010,3.982127,1.005751
2019-11-15,4.654467,0.000010,0.431910,0.965445
2019-11-16,4.530540,0.000010,0.425712,0.955702
2019-11-17,4.434986,0.000006,0.464838,0.962044
2019-11-18,4.352525,0.000000,0.439401,0.996020
2019-11-19,4.279306,0.000000,0.484771,0.954632
2019-11-20,4.209205,0.000005,1.102753,0.957072
2019-11-21,4.145455,0.000006,0.401259,0.953831
2019-11-22,4.083147,0.000054,0.390619,0.954712
2019-11-23,4.009687,0.000176,0.383266,0.952192
2019-11-24,3.938335,0.000151,0.380872,0.956774
2019-11-25,3.871155,0.000242,0.378393,0.955030
2019-11-26,3.805280,0.000226,0.373519,0.948267
2019-11-27,3.746861,0.000053,0.368999,0.944794
2019-11-28,3.688446,0.000063,0.365323,0.948601
2019-11-29,3.636427,0.000055,0.360804,0.940677
2019-11-30,3.586291,0.000108,0.357127,0.950138
2019-12-01,3.533724,0.000470,0.354648,0.946409
2019-12-02,3.487202,0.000430,0.402770,0.934192
2019-12-03,3.438406,0.000318,0.357893,0.943955
2019-12-04,3.391928,0.000287,0.343932,0.937742
2019-12-05,3.345360,0.000337,0.338257,0.941500
2019-12-06,3.296186,0.000472,0.336976,0.936071
2019-12-07,3.251035,0.000433,0.331217,0.940335
2019-12-08,3.203813,0.000291,0.330862,0.928247
2019-12-09,3.156932,0.000001,0.324177,0.941161
2019-12-10,3.110413,0.000116,0.321782,0.928794
2019-12-11,3.062420,0.000186,0.316908,0.939941
2019-12-12,3.017973,0.010392,0.316824,0.936817
2019-12-13,2.974831,0.025565,0.312262,0.935946
2019-12-14,2.934540,0.024983,0.309825,0.928717
2019-12-15,2.893549,0.025319,0.305264,0.931033
2019-12-16,2.850771,0.006422,0.304025,0.927270
2019-12-17,2.813000,0.000380,0.298350,0.927159
2019-12-18,2.772621,0.000183,0.295829,0.923302
2019-12-19,2.733463,0.000187,0.294590,0.925859
2019-12-20,2.695125,0.000153,0.290028,0.921924
2019-12-21,2.654406,0.000195,0.285551,0.935224
2019-12-22,2.620243,0.000192,0.283072,0.920285
2019-12-23,2.586602,0.000125,0.281833,0.920985
2019-12-24,2.553162,0.000004,0.277314,0.925900
2019-12-25,2.520269,0.000006,0.272794,0.916057
2019-12-26,2.485983,0.000000,0.271513,0.920945
2019-12-27,2.456524,0.000086,0.265880,0.919700
2019-12-28,2.426672,0.000386,0.269792,0.910679
2019-12-29,2.396677,0.000469,0.259237,0.919145
2019-12-30,2.367158,0.000561,0.264121,0.911875
2019-12-31,2.338467,0.000634,0.254279,0.919590

