time,MAR_land,MAR_ice,RACMO_land,RACMO_ice
2015-01-01,0.000000,0.000000,0.775678,0.030651
2015-01-02,0.000000,0.000000,0.771132,0.030513
2015-01-03,0.000000,0.000000,0.766678,0.033502
2015-01-04,0.000000,0.000000,0.756488,0.030168
2015-01-05,0.000000,0.000000,0.751423,0.030524
2015-01-06,0.000000,0.000000,0.741856,0.030421
2015-01-07,0.000000,0.000377,0.736674,0.029696
2015-01-08,0.000000,0.000810,0.729383,0.027456
2015-01-09,0.000000,0.000809,0.729973,0.029749
2015-01-10,0.000000,0.000021,0.715588,0.030084
2015-01-11,0.000000,0.000020,0.709572,0.027336
2015-01-12,0.000000,0.000020,0.702924,0.029313
2015-01-13,0.000000,0.000041,0.695414,0.030294
2015-01-14,0.000000,0.000781,0.689062,0.032823
2015-01-15,0.000000,0.000808,0.682368,0.030105
2015-01-16,0.000000,0.000808,0.675552,0.029049
2015-01-17,0.000000,0.000808,0.668118,0.036187
2015-01-18,0.000000,0.000893,0.662929,0.030100
2015-01-19,0.000000,0.001035,0.657081,0.029260
2015-01-20,0.000000,0.001043,0.648673,0.022107
2015-01-21,0.000000,0.001033,0.642644,0.028630
2015-01-22,0.000000,0.015091,0.637767,0.023241
2015-01-23,0.000000,0.014520,0.627353,0.021111
2015-01-24,0.000000,0.013850,0.621516,0.029211
2015-01-25,0.000000,0.014871,0.615647,0.021387
2015-01-26,0.000000,0.015551,0.608384,0.020289
2015-01-27,0.000000,0.018227,0.604524,0.021554
2015-01-28,0.000000,0.024192,0.597189,0.052060
2015-01-29,0.000000,0.034655,0.591091,0.026872
2015-01-30,0.000000,0.038992,0.583973,0.021128
2015-01-31,0.000000,0.026998,0.578271,0.020291
2015-02-01,0.000000,0.030656,0.572425,0.028119
2015-02-02,0.000000,0.028465,0.567073,0.025429
2015-02-03,0.000000,0.030792,0.566788,0.031334
2015-02-04,0.000000,0.033095,0.557071,0.029017
2015-02-05,0.000000,0.033046,0.546683,0.028318
2015-02-06,0.000000,0.033572,0.541962,0.028938
2015-02-07,0.000000,0.030433,0.535274,0.031437
2015-02-08,0.000000,0.032634,0.551444,0.020571
2015-02-09,0.000000,0.028045,0.527337,0.028491
2015-02-10,0.000000,0.028285,0.519646,0.019929
2015-02-11,0.000000,0.012637,0.512229,0.028431
2015-02-12,0.000000,0.000005,0.505770,0.020866
2015-02-13,0.000000,0.004766,0.496912,0.034117
2015-02-14,0.000000,0.023383,0.498005,0.027846
2015-02-15,0.000000,0.027785,0.489620,0.020557
2015-02-16,0.000000,0.027719,0.485532,0.028344
2015-02-17,0.000000,0.012262,0.476840,0.019750
2015-02-18,0.000000,0.017739,0.473941,0.019678
2015-02-19,0.000000,0.026409,0.465385,0.027537
2015-02-20,0.000000,0.027428,0.462484,0.019504
2015-02-21,0.000000,0.002901,0.457527,0.019698
2015-02-22,0.000000,0.000049,0.448038,0.020212
2015-02-23,0.000000,0.000000,0.447855,0.019373
2015-02-24,0.000000,0.000015,0.434606,0.020266
2015-02-25,0.000000,0.000594,0.436400,0.027705
2015-02-26,0.000000,0.006101,0.429204,0.020488
2015-02-27,0.000000,0.019284,0.421658,0.020276
2015-02-28,0.000000,0.023742,0.424015,0.019528
2015-03-01,0.000000,0.024786,0.414094,0.019567
2015-03-02,0.000000,0.025270,0.406898,0.027454
2015-03-03,0.000000,0.025662,0.404172,0.020138
2015-03-04,0.000000,0.026137,0.398298,0.021792
2015-03-05,0.000000,0.026602,0.391790,0.028583
2015-03-06,0.000000,0.026503,0.389369,0.019861
2015-03-07,0.000000,0.023254,0.383232,0.026324
2015-03-08,0.000000,0.003425,0.377031,0.028526
2015-03-09,0.000000,0.000000,0.372922,0.020403
2015-03-10,0.000000,0.000000,0.367782,0.027422
2015-03-11,0.000000,0.000000,0.365139,0.019836
2015-03-12,0.000000,0.000000,0.360929,0.020055
2015-03-13,0.000000,0.000000,0.353739,0.028548
2015-03-14,0.000000,0.000000,0.391207,0.020640
2015-03-15,0.000000,0.000000,0.348930,0.019811
2015-03-16,0.000000,0.000000,0.342450,0.031346
2015-03-17,0.000000,0.000000,0.337579,0.020024
2015-03-18,0.000000,0.000000,0.336480,0.021579
2015-03-19,0.000000,0.000000,0.329581,0.020196
2015-03-20,0.000000,0.000000,0.327300,0.020406
2015-03-21,0.000000,0.000000,0.323618,0.019906
2015-03-22,0.000000,0.000000,0.320047,0.019957
2015-03-23,0.000000,0.000000,0.315897,0.020411
2015-03-24,0.000000,0.000000,0.310750,0.020030
2015-03-25,0.000000,0.000000,0.310093,0.026430
2015-03-26,0.000000,0.000000,0.305051,0.025298
2015-03-27,0.000000,0.000000,0.301620,0.025856
2015-03-28,0.000000,0.000000,0.297276,0.025464
2015-03-29,0.000000,0.000000,0.295398,0.445238
2015-03-30,0.000000,0.000000,0.290252,0.025413
2015-03-31,0.000000,0.000000,0.289813,0.025062
2015-04-01,0.000000,0.000000,0.285914,0.025451
2015-04-02,0.000000,0.000000,0.282394,0.024804
2015-04-03,0.000000,0.000000,0.278360,0.019699
2015-04-04,0.000000,0.000000,0.273744,0.024956
2015-04-05,0.000000,0.000000,0.272347,0.025740
2015-04-06,0.000000,0.000000,0.269710,0.027151
2015-04-07,0.000000,0.000000,0.263613,0.020019
2015-04-08,0.000000,0.000000,0.263562,0.025132
2015-04-09,0.000000,0.000000,0.262384,0.019807
2015-04-10,0.000000,0.000000,0.252892,0.018601
2015-04-11,0.000000,0.000000,0.255367,0.069041
2015-04-12,0.000000,0.000000,0.252892,0.018045
2015-04-13,0.000000,0.000000,0.249700,0.018972
2015-04-14,0.000000,0.000000,0.245220,0.176447
2015-04-15,0.000000,0.000000,0.242628,0.078389
2015-04-16,0.000000,0.000000,0.995010,0.116612
2015-04-17,0.000000,0.000000,1.084975,0.081803
2015-04-18,0.000000,0.000000,2.365608,0.081816
2015-04-19,0.000000,0.000000,6.021082,0.133843
2015-04-20,0.000000,0.007808,6.013751,0.164551
2015-04-21,0.000000,0.001800,0.229049,0.018041
2015-04-22,0.000000,0.000000,0.226307,0.120906
2015-04-23,0.000000,0.000024,0.222919,0.105040
2015-04-24,0.000000,0.000089,0.224097,0.020403
2015-04-25,0.000000,0.000089,0.218885,0.161767
2015-04-26,0.000000,0.000089,0.216915,0.019048
2015-04-27,0.000000,0.000089,0.221195,0.018963
2015-04-28,0.000000,0.000089,0.212154,0.023505
2015-04-29,0.000000,0.000089,0.211642,0.026144
2015-04-30,0.000000,0.000089,0.211019,0.026652
2015-05-01,0.000000,0.015765,0.207432,0.019480
2015-05-02,0.000000,0.039933,0.204087,0.025861
2015-05-03,0.000000,0.051192,0.203836,0.018514
2015-05-04,0.000000,0.056458,0.202224,0.104929
2015-05-05,0.000000,0.059779,0.200938,0.144092
2015-05-06,0.000000,0.062816,0.233607,0.171064
2015-05-07,0.000000,0.066001,0.197025,0.242720
2015-05-08,0.000000,0.066425,0.263130,0.155703
2015-05-09,0.000000,0.064188,0.211724,0.121317
2015-05-10,0.000000,0.059391,0.247951,0.118665
2015-05-11,0.000000,0.057083,0.212064,0.127914
2015-05-12,0.000000,0.056165,0.244639,0.203234
2015-05-13,0.000000,0.056991,1.971855,0.165856
2015-05-14,0.000000,0.058107,1.948511,0.101882
2015-05-15,0.000000,0.057915,2.269680,0.224302
2015-05-16,0.000000,0.058820,3.626215,0.140263
2015-05-17,0.000000,0.059578,3.274409,0.164287
2015-05-18,0.000000,0.062389,2.018652,0.121307
2015-05-19,0.000000,0.064526,2.584220,0.144969
2015-05-20,0.000000,0.071368,0.183970,0.152365
2015-05-21,0.000000,0.068002,0.510115,0.194194
2015-05-22,0.000000,0.064833,1.462095,0.397415
2015-05-23,0.275526,0.066626,1.627077,0.299903
2015-05-24,0.348654,0.071115,2.406513,0.155293
2015-05-25,0.206260,0.087878,1.207245,0.316495
2015-05-26,1.580354,0.125417,2.906546,0.150728
2015-05-27,5.548667,0.274162,2.687928,0.164595
2015-05-28,0.952247,0.144137,2.416714,0.297236
2015-05-29,0.821275,0.038783,3.592994,0.300729
2015-05-30,0.606979,0.014812,2.286590,0.195213
2015-05-31,1.086901,0.038387,2.059725,0.143569
2015-06-01,1.778563,0.080695,2.326745,0.284951
2015-06-02,3.999754,0.172435,4.967986,0.246420
2015-06-03,4.868232,0.324769,5.335947,0.147768
2015-06-04,8.777140,0.626687,6.778095,0.126688
2015-06-05,8.111203,0.799039,7.717311,0.203575
2015-06-06,6.646263,0.755330,6.529316,0.186798
2015-06-07,4.089886,0.549670,8.059099,0.222905
2015-06-08,10.439305,0.966741,4.640612,0.227921
2015-06-09,13.180009,1.811333,6.153902,0.218785
2015-06-10,13.585712,2.110438,6.543063,0.309392
2015-06-11,11.723304,1.639533,6.938486,0.228348
2015-06-12,10.347030,1.305658,6.418229,0.197546
2015-06-13,20.007208,1.363861,8.019576,0.217766
2015-06-14,19.477051,1.438167,8.592701,0.228275
2015-06-15,15.861959,1.204779,13.777312,0.298428
2015-06-16,28.830335,1.863952,10.102049,0.340146
2015-06-17,91.890504,6.773432,14.250812,0.498278
2015-06-18,47.857504,6.027914,16.573851,1.026000
2015-06-19,40.456058,4.130704,16.082877,1.862017
2015-06-20,42.749290,3.856124,19.272566,1.902563
2015-06-21,42.582201,3.799091,20.609313,2.991703
2015-06-22,41.412032,3.915420,17.762784,2.968892
2015-06-23,39.882177,3.756017,17.887235,3.158707
2015-06-24,43.141859,3.793327,19.506563,2.891086
2015-06-25,47.967255,4.205431,21.491368,3.223764
2015-06-26,48.769364,4.518393,22.491905,3.289820
2015-06-27,45.824253,4.601494,23.079348,3.427296
2015-06-28,44.066042,4.479341,23.453778,4.905443
2015-06-29,31.980367,3.658984,21.582821,4.708917
2015-06-30,34.221575,3.212247,21.828789,4.635134
2015-07-01,33.635897,3.167683,24.076352,4.724539
2015-07-02,38.912020,3.457512,23.932610,5.120721
2015-07-03,40.789380,3.736617,25.385808,5.206061
2015-07-04,43.261118,4.009277,25.654037,4.922291
2015-07-05,47.329308,4.622495,24.184693,5.144168
2015-07-06,44.430399,4.653558,23.109602,5.532119
2015-07-07,35.973750,4.002603,22.422786,5.814656
2015-07-08,46.016506,4.139072,22.429022,8.094972
2015-07-09,39.545222,4.535036,22.314555,8.769383
2015-07-10,41.829313,4.195409,21.620762,9.297398
2015-07-11,45.774237,4.267853,17.439337,6.383628
2015-07-12,35.836766,4.765866,18.879986,5.638793
2015-07-13,28.597701,4.669217,18.396003,6.610597
2015-07-14,28.422529,4.061133,19.004537,7.660991
2015-07-15,27.420262,5.138440,19.241865,8.787432
2015-07-16,38.820689,8.698180,19.796651,9.423978
2015-07-17,29.747433,7.698756,21.252616,9.525171
2015-07-18,31.093712,7.979093,20.942328,9.625578
2015-07-19,33.122738,9.550933,21.110061,9.584461
2015-07-20,24.275348,7.610313,19.334559,6.655168
2015-07-21,23.603989,5.867730,19.081276,7.318708
2015-07-22,19.611619,4.330443,18.961040,7.385802
2015-07-23,14.905106,3.771538,17.950682,6.815991
2015-07-24,15.516803,3.393745,16.431204,4.379021
2015-07-25,13.168618,3.276660,15.579943,6.234764
2015-07-26,13.921839,3.446360,14.965029,6.458627
2015-07-27,12.921983,3.568150,14.441850,6.802485
2015-07-28,11.488700,3.626170,13.008470,6.111210
2015-07-29,12.326509,3.512741,11.724191,6.033870
2015-07-30,13.602462,3.357841,10.978113,6.073207
2015-07-31,18.429840,4.087246,10.800350,6.894006
2015-08-01,29.048231,7.590585,13.660998,9.282294
2015-08-02,22.943746,6.241768,12.264166,7.840952
2015-08-03,19.835701,4.736929,14.961826,8.276498
2015-08-04,22.445946,5.630760,13.663707,7.573663
2015-08-05,15.300962,5.217068,12.032022,4.492220
2015-08-06,11.823474,3.839349,11.639070,5.062063
2015-08-07,13.769521,3.495905,11.423465,5.443825
2015-08-08,14.239861,3.460433,10.216363,6.266806
2015-08-09,12.068896,3.172950,8.837821,4.735165
2015-08-10,3.592465,4.063453,8.556270,5.774508
2015-08-11,4.210496,4.822921,8.016220,5.158008
2015-08-12,0.170897,5.015704,9.374894,5.435609
2015-08-13,0.215350,4.012981,8.556924,6.342862
2015-08-14,2.051551,5.558858,7.623017,5.865897
2015-08-15,6.362989,6.334268,7.468586,4.737806
2015-08-16,8.273756,6.014866,8.141727,6.106248
2015-08-17,6.262040,5.257295,6.878709,4.793355
2015-08-18,0.685806,3.847805,6.501296,6.159797
2015-08-19,0.022525,3.355136,5.352089,2.765049
2015-08-20,0.020118,3.614586,5.332263,2.628555
2015-08-21,0.173740,3.568653,4.991831,2.829743
2015-08-22,0.433248,5.549974,6.192844,5.889002
2015-08-23,0.197319,4.247039,4.998325,3.718439
2015-08-24,0.806500,3.451529,5.543161,4.354084
2015-08-25,27.415819,7.163683,9.936702,6.665453
2015-08-26,33.214101,5.933113,6.756995,5.192385
2015-08-27,17.382790,6.771175,4.690670,5.002214
2015-08-28,0.308255,4.211068,3.489809,2.903182
2015-08-29,0.063992,2.527780,3.868502,3.127868
2015-08-30,0.075198,2.181780,5.234246,2.965978
2015-08-31,0.239555,2.792235,5.548617,4.274276
2015-09-01,0.215717,2.907943,3.388442,1.739133
2015-09-02,11.802513,2.063151,6.187283,3.776713
2015-09-03,0.204638,2.553983,2.615111,1.312123
2015-09-04,3.184960,1.429300,4.155791,2.482970
2015-09-05,0.802796,2.149993,2.855074,3.268751
2015-09-06,2.633392,2.767109,3.482882,2.423034
2015-09-07,14.154281,6.008454,9.886978,6.249640
2015-09-08,68.546723,10.981212,20.876460,9.932369
2015-09-09,96.185364,23.823424,27.296008,15.479479
2015-09-10,56.467264,18.441541,18.712120,10.826917
2015-09-11,10.498407,11.984574,4.507811,3.983314
2015-09-12,11.769505,5.164961,1.216604,1.104019
2015-09-13,0.878159,2.467157,1.138904,0.822374
2015-09-14,0.003245,1.063414,1.260243,0.854420
2015-09-15,0.000003,0.546882,1.143960,0.788827
2015-09-16,0.000028,0.503635,1.159802,0.655347
2015-09-17,0.000043,0.267246,1.169173,0.327648
2015-09-18,0.000015,0.040085,1.249273,0.663111
2015-09-19,49.586649,1.734854,5.946711,0.829550
2015-09-20,100.285266,16.122908,17.673620,4.056685
2015-09-21,4.751273,6.696917,6.346340,3.773855
2015-09-22,14.081638,2.676697,5.599329,2.804573
2015-09-23,9.771425,3.354899,3.795926,1.627998
2015-09-24,3.883441,1.759984,1.450235,0.659252
2015-09-25,0.419624,0.533787,2.123475,0.436616
2015-09-26,2.161785,0.035205,4.209471,0.695327
2015-09-27,25.651954,1.830684,2.568396,0.212200
2015-09-28,1.340759,0.076726,1.810973,0.058472
2015-09-29,0.000390,0.003241,1.458312,0.062760
2015-09-30,0.000720,0.000366,1.489258,0.133531
2015-10-01,0.000055,0.000064,1.514485,0.115571
2015-10-02,0.000000,0.000006,1.531986,0.047251
2015-10-03,0.000003,0.000000,1.546588,0.047205
2015-10-04,0.000008,0.000001,1.550774,0.047493
2015-10-05,0.000000,0.000159,1.767565,0.095602
2015-10-06,37.166351,1.281255,9.042981,0.415561
2015-10-07,17.214785,2.995246,2.869313,0.268208
2015-10-08,13.194259,1.758915,3.740976,0.181493
2015-10-09,0.636671,0.563581,1.501270,0.045938
2015-10-10,0.091325,0.003431,1.487528,0.044513
2015-10-11,0.048586,0.000523,1.474970,0.089651
2015-10-12,0.011937,0.000070,1.455805,0.064778
2015-10-13,0.000000,0.000000,1.444824,0.046113
2015-10-14,0.000000,0.000000,1.417895,0.043655
2015-10-15,0.000000,0.000000,1.447010,0.058374
2015-10-16,0.000000,0.000000,1.520327,0.045865
2015-10-17,14.263302,0.248226,9.975194,0.137566
2015-10-18,0.214508,0.137612,1.360380,0.053078
2015-10-19,0.000000,0.000000,1.309158,0.045225
2015-10-20,0.000000,0.000000,1.292169,0.043433
2015-10-21,0.000000,0.000000,1.274202,0.043023
2015-10-22,0.000000,0.000000,1.258961,0.042771
2015-10-23,0.000000,0.000000,1.238366,0.042721
2015-10-24,0.000000,0.000000,1.224616,0.042698
2015-10-25,0.000000,0.000000,1.207009,0.042289
2015-10-26,0.000000,0.000000,1.188829,0.041478
2015-10-27,0.000000,0.000000,1.187208,0.041952
2015-10-28,9.094814,0.029141,6.760364,0.225920
2015-10-29,49.147577,3.994076,18.134113,0.933148
2015-10-30,17.774485,4.870456,4.601684,0.358009
2015-10-31,0.000000,0.134144,1.159850,0.039374
2015-11-01,0.000000,0.001297,1.172919,0.039722
2015-11-02,0.000000,0.000117,1.215051,0.038914
2015-11-03,0.000000,0.000000,1.206928,0.039788
2015-11-04,0.000000,0.000000,1.221437,0.038479
2015-11-05,0.000000,0.000000,1.259878,0.039609
2015-11-06,0.000000,0.001846,1.860240,0.046373
2015-11-07,0.534514,0.018651,2.159146,0.039336
2015-11-08,0.000000,0.002256,1.239169,0.039538
2015-11-09,0.000000,0.000000,1.237578,0.038525
2015-11-10,0.000000,0.000000,1.231801,0.039683
2015-11-11,0.000000,0.000000,1.223970,0.040820
2015-11-12,0.000000,0.000000,1.218963,0.039238
2015-11-13,0.000000,0.000000,1.209394,0.041021
2015-11-14,0.000000,0.000000,1.200850,0.038210
2015-11-15,0.000000,0.000000,1.192443,0.038946
2015-11-16,0.000000,0.000000,1.182485,0.038696
2015-11-17,0.000000,0.000000,1.170149,0.038687
2015-11-18,0.000000,0.000000,1.161898,0.038539
2015-11-19,0.000000,0.000000,1.149542,0.038446
2015-11-20,0.000000,0.000000,1.139883,0.040086
2015-11-21,0.000000,0.000000,1.128733,0.037909
2015-11-22,0.000000,0.000000,1.205240,0.038586
2015-11-23,0.000000,0.000000,1.115870,0.037981
2015-11-24,0.000000,0.000000,1.096841,0.038835
2015-11-25,0.000000,0.000000,1.083746,0.038883
2015-11-26,0.000000,0.000000,1.074383,0.037168
2015-11-27,0.000000,0.000000,1.063006,0.039065
2015-11-28,0.000000,0.000000,1.048430,0.038209
2015-11-29,0.000000,0.000000,1.040987,0.036482
2015-11-30,0.000000,0.000000,1.027297,0.040923
2015-12-01,0.000000,0.000000,1.014991,0.042704
2015-12-02,0.000000,0.000000,1.008403,0.040160
2015-12-03,0.000000,0.000000,0.993995,0.041794
2015-12-04,0.000000,0.000000,0.981056,0.041328
2015-12-05,0.000000,0.000000,0.971326,0.040657
2015-12-06,0.000000,0.000000,0.959639,0.043112
2015-12-07,0.000000,0.000000,0.950559,0.040785
2015-12-08,0.000000,0.000000,0.934849,0.039391
2015-12-09,0.000000,0.000000,0.926058,0.041403
2015-12-10,0.000000,0.000000,0.915070,0.039996
2015-12-11,0.000000,0.000000,0.904157,0.039903
2015-12-12,0.000000,0.000000,0.890297,0.040622
2015-12-13,0.000000,0.000000,0.880000,0.041311
2015-12-14,0.000000,0.000000,0.871480,0.050627
2015-12-15,0.000000,0.000000,0.860086,0.045529
2015-12-16,0.000000,0.000000,0.847430,0.039965
2015-12-17,0.000000,0.000000,0.836141,0.041167
2015-12-18,0.000000,0.000000,0.826339,0.040780
2015-12-19,0.000000,0.000000,0.815446,0.040681
2015-12-20,0.000000,0.000000,0.807609,0.040501
2015-12-21,0.000000,0.000000,0.793169,0.040625
2015-12-22,0.000000,0.000000,0.784932,0.038755
2015-12-23,0.000000,0.000000,0.777269,0.041805
2015-12-24,0.000000,0.000000,0.759325,0.039606
2015-12-25,0.000000,0.000000,0.757840,0.040313
2015-12-26,0.000000,0.000000,0.744309,0.040113
2015-12-27,0.000000,0.000000,0.734323,0.040936
2015-12-28,0.000000,0.000000,0.726541,0.039315
2015-12-29,0.000000,0.000000,0.720975,0.040505
2015-12-30,0.000000,0.000000,0.709674,0.039217
2015-12-31,0.000000,0.000000,0.765685,0.040565
2016-01-01,0.000000,0.000000,0.683932,0.039440
2016-01-02,0.000000,0.000000,0.684268,0.039355
2016-01-03,0.000000,0.000000,0.668723,0.038941
2016-01-04,0.000000,0.000000,0.664073,0.039208
2016-01-05,0.000000,0.000000,0.650583,0.038118
2016-01-06,0.000000,0.000000,0.645969,0.039391
2016-01-07,0.000000,0.000000,0.634419,0.038716
2016-01-08,0.000000,0.000000,0.628924,0.038502
2016-01-09,0.000000,0.000000,0.619618,0.038353
2016-01-10,0.000000,0.000000,0.610517,0.038210
2016-01-11,0.000000,0.000000,0.604680,0.038548
2016-01-12,0.000000,0.000000,0.598603,0.038290
2016-01-13,0.000000,0.000000,0.586272,0.037967
2016-01-14,0.000000,0.000000,0.583807,0.038613
2016-01-15,0.000000,0.000000,0.572065,0.039552
2016-01-16,0.000000,0.000000,0.566620,0.220920
2016-01-17,0.000000,0.000000,0.552828,0.042489
2016-01-18,0.000000,0.000050,0.552211,0.037997
2016-01-19,0.000000,0.000140,0.544378,0.031597
2016-01-20,0.000000,0.000140,0.536118,0.039437
2016-01-21,0.000000,0.000140,0.903070,0.032879
2016-01-22,0.000000,0.000249,0.589967,0.041245
2016-01-23,0.000000,0.000297,0.890198,0.037684
2016-01-24,0.000000,0.000311,0.531403,0.042143
2016-01-25,0.000000,0.000311,0.521492,0.038365
2016-01-26,0.000000,0.000279,0.489605,0.037606
2016-01-27,0.000000,0.000277,0.484741,0.038117
2016-01-28,0.000000,0.000294,0.476704,0.031131
2016-01-29,0.000000,0.000295,0.473015,0.037964
2016-01-30,0.000000,0.000824,0.465673,0.038610
2016-01-31,0.000000,0.000254,0.458077,0.031563
2016-02-01,0.000000,0.000496,0.452321,0.037716
2016-02-02,0.000000,0.001039,0.447133,0.030783
2016-02-03,0.000000,0.000279,0.437762,0.037103
2016-02-04,0.000000,0.000418,0.435580,0.084057
2016-02-05,0.000000,0.001140,0.429996,0.030996
2016-02-06,0.000000,0.001511,0.419186,0.036894
2016-02-07,0.000000,0.001792,0.417271,0.039641
2016-02-08,0.000000,0.001630,0.410976,0.041556
2016-02-09,0.000000,0.001110,0.404280,0.036523
2016-02-10,0.000000,0.001340,0.394796,0.029930
2016-02-11,0.000000,0.001506,0.394166,0.041989
2016-02-12,0.000000,0.001306,0.385727,0.030367
2016-02-13,0.000000,0.000217,0.377917,0.040070
2016-02-14,0.000000,0.000112,0.374688,0.038918
2016-02-15,0.000000,0.000151,0.366180,0.029705
2016-02-16,0.000000,0.000583,0.361981,0.038517
2016-02-17,0.000000,0.001308,0.353913,0.038324
2016-02-18,0.000000,0.001862,0.350306,0.029986
2016-02-19,0.000000,0.001949,0.343009,0.038466
2016-02-20,0.000000,0.002079,0.342030,0.029798
2016-02-21,0.000000,0.002133,0.331839,0.038415
2016-02-22,0.000000,0.001856,0.327976,0.039767
2016-02-23,0.000000,0.001605,0.324326,0.038308
2016-02-24,0.000000,0.001518,0.316729,0.038183
2016-02-25,0.000000,0.001469,0.313384,0.037951
2016-02-26,0.000000,0.001425,0.308726,0.037846
2016-02-27,0.000000,0.001294,0.302350,0.037739
2016-02-28,0.000000,0.001369,0.298130,0.038828
2016-02-29,0.000000,0.001631,0.294492,0.037130
2016-03-01,0.000000,0.001852,0.287282,0.036820
2016-03-02,0.000000,0.001406,0.286405,0.036820
2016-03-03,0.000000,0.001464,0.276468,0.036827
2016-03-04,0.000000,0.001512,0.277435,0.036306
2016-03-05,0.000000,0.001485,0.270546,0.068560
2016-03-06,0.000000,0.002124,0.266293,0.035927
2016-03-07,0.000000,0.013427,0.264523,0.036535
2016-03-08,0.000000,0.027799,0.262530,0.032119
2016-03-09,0.000000,0.038656,0.253708,0.034308
2016-03-10,0.000000,0.047534,0.252210,0.037050
2016-03-11,0.000000,0.051934,0.264041,0.037516
2016-03-12,0.000000,0.054259,0.244393,0.036532
2016-03-13,0.000000,0.055550,0.245556,0.036310
2016-03-14,0.000000,0.058469,0.299701,0.035782
2016-03-15,0.000000,0.058438,0.233497,0.036735
2016-03-16,0.000000,0.059427,0.761685,0.039419
2016-03-17,0.000000,0.058082,0.226396,0.106449
2016-03-18,0.000000,0.056954,0.318156,0.105386
2016-03-19,0.000000,0.054697,1.787462,0.035824
2016-03-20,0.000000,0.053304,0.220662,0.033942
2016-03-21,0.000000,0.054983,0.215777,0.035987
2016-03-22,0.000000,0.055447,0.212859,0.034941
2016-03-23,0.000000,0.054730,0.209442,0.035564
2016-03-24,0.000000,0.054936,0.208516,0.034625
2016-03-25,0.000000,0.055631,0.205399,0.038310
2016-03-26,0.000000,0.056273,0.203545,0.035278
2016-03-27,0.000000,0.057169,0.201501,0.035433
2016-03-28,0.000000,0.056983,0.196480,0.034603
2016-03-29,0.000000,0.054670,0.198021,0.035326
2016-03-30,0.000000,0.050733,0.194156,0.034547
2016-03-31,0.000000,0.032247,0.189102,0.034005
2016-04-01,0.000000,0.038485,0.187132,0.038361
2016-04-02,0.000000,0.038894,0.186643,0.033785
2016-04-03,0.000000,0.041512,0.193175,0.026323
2016-04-04,0.000000,0.046993,0.179847,0.100898
2016-04-05,0.000000,0.053750,0.182642,0.034653
2016-04-06,0.000000,0.056116,0.174517,0.034053
2016-04-07,0.000000,0.054997,0.174128,0.033989
2016-04-08,0.000000,0.055209,0.171845,0.129138
2016-04-09,0.000000,0.055195,0.168679,0.033772
2016-04-10,0.000000,0.054801,1.822110,0.323375
2016-04-11,0.000000,0.052683,5.684567,0.156194
2016-04-12,0.000000,0.053578,4.805099,0.132474
2016-04-13,0.000000,0.057339,8.308367,0.121886
2016-04-14,0.000000,0.061817,2.862645,0.129516
2016-04-15,0.000000,0.067804,3.661183,0.097150
2016-04-16,0.000000,0.072365,0.315647,0.120393
2016-04-17,0.000000,0.072749,0.160422,0.033802
2016-04-18,0.000000,0.071232,0.150412,0.033571
2016-04-19,0.000000,0.066301,0.523942,0.193883
2016-04-20,0.000000,0.060561,0.317251,0.034055
2016-04-21,0.000000,0.057123,0.556921,0.033530
2016-04-22,0.000000,0.056412,2.410975,0.210434
2016-04-23,0.000000,0.052869,9.412293,0.185409
2016-04-24,0.000000,0.053309,5.744089,0.158197
2016-04-25,0.000000,0.060900,4.517119,0.273157
2016-04-26,0.000000,0.068989,6.390551,0.356054
2016-04-27,0.000000,0.070679,3.892838,0.286311
2016-04-28,0.000000,0.070112,6.012950,0.390754
2016-04-29,0.000000,0.068263,5.248997,0.325204
2016-04-30,0.000000,0.068179,5.358802,0.187354
2016-05-01,0.000000,0.069284,7.683625,0.216988
2016-05-02,0.000000,0.073648,7.566786,0.314024
2016-05-03,0.000493,0.073713,9.375762,0.287496
2016-05-04,0.025591,0.074970,9.424159,0.249488
2016-05-05,0.026796,0.073698,9.063828,0.261951
2016-05-06,0.017906,0.073055,9.006333,0.231265
2016-05-07,0.000396,0.077845,9.465498,0.235972
2016-05-08,0.000248,0.085952,8.216733,0.307156
2016-05-09,0.014827,0.126822,13.116724,0.188603
2016-05-10,0.082438,0.149806,15.100850,0.111387
2016-05-11,0.065954,0.278929,10.167761,0.200749
2016-05-12,0.463468,0.413625,13.517962,0.109593
2016-05-13,0.514717,0.560133,13.289718,0.115481
2016-05-14,2.765044,0.756880,16.147623,1.336021
2016-05-15,5.800955,1.479124,17.333395,0.240801
2016-05-16,0.528423,1.209533,8.768834,0.377139
2016-05-17,0.109837,0.655026,11.751662,0.200670
2016-05-18,0.174987,0.338046,8.843340,0.258242
2016-05-19,0.198183,0.152073,11.628121,0.453681
2016-05-20,0.287588,0.096827,11.284680,0.207426
2016-05-21,0.118781,0.090342,8.665064,0.256987
2016-05-22,0.112819,0.175626,10.103468,0.269164
2016-05-23,0.099379,0.248280,11.591057,0.416182
2016-05-24,12.724962,0.966883,6.158348,0.638301
2016-05-25,13.867325,3.669753,4.513160,1.076252
2016-05-26,3.065681,0.930409,2.724022,0.800052
2016-05-27,0.125358,0.323204,3.011406,0.463251
2016-05-28,8.060178,0.625187,4.360795,0.388126
2016-05-29,29.591998,3.583879,9.325937,1.151253
2016-05-30,4.351290,1.687473,2.761745,1.043384
2016-05-31,5.284516,0.605784,3.633280,0.468668
2016-06-01,23.933909,2.518180,4.515749,1.185190
2016-06-02,17.545328,1.568983,8.482158,0.662409
2016-06-03,47.071653,3.056307,6.594706,1.297032
2016-06-04,34.773023,3.288952,6.820406,1.146949
2016-06-05,17.256073,2.462573,6.742976,0.727876
2016-06-06,42.067000,3.758576,6.942763,3.030610
2016-06-07,24.399502,2.903455,6.559610,2.666375
2016-06-08,28.930534,2.456431,7.765676,2.955825
2016-06-09,33.662455,2.796821,9.557316,2.749507
2016-06-10,43.290477,3.810904,11.009432,3.228984
2016-06-11,48.405292,4.365047,10.615878,2.696555
2016-06-12,45.445475,5.009386,9.814589,2.966268
2016-06-13,39.138983,3.755287,10.903213,3.616612
2016-06-14,35.136598,3.455343,10.917800,3.220009
2016-06-15,20.422959,2.688319,6.528727,2.425600
2016-06-16,26.107554,3.348458,7.760478,3.539412
2016-06-17,36.946863,3.556035,8.415551,5.329106
2016-06-18,38.744879,3.987360,9.360675,5.222760
2016-06-19,37.335625,4.526627,10.567011,5.021602
2016-06-20,39.193715,4.339893,12.348666,5.429149
2016-06-21,40.788317,4.688240,9.823184,4.838197
2016-06-22,48.317115,4.930398,10.101095,6.437845
2016-06-23,33.843853,4.252467,11.951756,11.079800
2016-06-24,36.728203,4.843648,9.668453,8.013316
2016-06-25,31.687202,5.696048,10.057229,9.424518
2016-06-26,30.109587,6.777906,11.729123,10.256016
2016-06-27,41.973659,6.871093,14.712524,8.022842
2016-06-28,35.755047,8.029511,11.412264,11.503529
2016-06-29,23.843597,7.658165,9.452195,8.275698
2016-06-30,29.687858,6.396443,10.283882,7.231803
2016-07-01,22.989430,6.569161,9.667693,9.973953
2016-07-02,25.041856,6.989771,9.730547,9.829616
2016-07-03,23.659246,6.281018,9.555411,9.503877
2016-07-04,22.083340,6.475141,9.281691,9.435302
2016-07-05,22.789526,6.371572,9.628003,9.688115
2016-07-06,21.386285,5.870752,10.735991,10.120799
2016-07-07,19.875396,5.207461,10.421777,9.271477
2016-07-08,24.213821,4.910539,12.240820,9.622191
2016-07-09,25.219032,5.583419,11.259780,10.040377
2016-07-10,22.095307,5.933176,10.948201,8.662726
2016-07-11,11.824301,6.066240,11.524256,9.138127
2016-07-12,10.151340,5.434505,10.269457,8.723168
2016-07-13,1.520386,5.773106,10.306502,9.479919
2016-07-14,0.353282,7.103434,10.674242,9.266422
2016-07-15,0.371400,7.756838,9.729253,9.552016
2016-07-16,0.462147,7.670215,8.955909,8.302250
2016-07-17,0.455309,6.953943,9.186562,8.232723
2016-07-18,0.400880,6.766062,8.625633,8.422189
2016-07-19,0.418043,7.404469,9.255268,8.246868
2016-07-20,0.431800,6.806373,8.459116,8.801880
2016-07-21,0.453689,6.711080,8.645423,9.129747
2016-07-22,0.537464,7.719232,8.737130,9.113917
2016-07-23,0.544902,7.072536,8.975265,9.606840
2016-07-24,1.234524,6.595876,7.394080,6.674517
2016-07-25,0.524021,5.655438,8.400412,9.045975
2016-07-26,0.497248,6.085707,8.441487,9.048075
2016-07-27,0.489872,6.802853,7.616402,8.550970
2016-07-28,0.440245,7.460582,7.565772,7.434984
2016-07-29,0.449536,6.936238,6.730049,6.420850
2016-07-30,1.930240,5.166587,7.145378,6.466896
2016-07-31,1.352336,4.614477,6.152435,6.885000
2016-08-01,0.385086,5.223216,5.781683,6.165989
2016-08-02,0.262612,5.514267,6.196619,5.380572
2016-08-03,0.280198,5.392877,5.970755,5.602825
2016-08-04,0.273261,5.725777,6.531001,6.857465
2016-08-05,0.305522,5.694628,5.955310,6.136326
2016-08-06,0.400437,5.267419,6.742218,6.802535
2016-08-07,0.394364,7.262704,7.097620,7.381016
2016-08-08,0.286624,7.557035,5.813351,5.379583
2016-08-09,0.184173,5.333889,6.019483,6.092617
2016-08-10,0.293634,4.941732,6.037880,5.566050
2016-08-11,0.205772,5.774980,4.526771,4.133987
2016-08-12,0.249092,5.287934,6.292377,6.820225
2016-08-13,0.317603,4.760960,5.167863,5.678691
2016-08-14,13.038957,5.658664,4.646804,3.696988
2016-08-15,65.848811,19.357525,8.800525,6.552685
2016-08-16,38.514811,18.192888,11.804058,9.284286
2016-08-17,9.039704,14.988192,10.058780,8.678986
2016-08-18,1.963727,6.347303,4.929906,4.438330
2016-08-19,0.938604,5.461074,3.646343,6.435126
2016-08-20,0.137539,4.677755,3.163746,4.023975
2016-08-21,0.184439,4.398510,3.873000,5.796622
2016-08-22,0.143658,3.861500,3.590823,4.168288
2016-08-23,0.142781,3.208605,3.233454,3.482809
2016-08-24,0.087594,2.649485,4.014236,4.131633
2016-08-25,0.142378,2.342758,4.525509,3.966489
2016-08-26,7.496820,3.887360,3.014163,3.617679
2016-08-27,4.828025,3.342402,3.713785,3.311642
2016-08-28,0.076278,3.309031,2.893682,1.058045
2016-08-29,0.105791,2.848793,2.924123,1.797637
2016-08-30,7.590361,6.031048,3.354843,3.405738
2016-08-31,0.101561,3.290517,2.332699,1.687763
2016-09-01,0.115882,2.551206,2.685975,1.800220
2016-09-02,0.000683,2.322519,1.976767,1.612550
2016-09-03,0.000048,1.998044,1.541915,1.200540
2016-09-04,1.334379,2.340125,1.915951,1.425206
2016-09-05,1.072591,3.321158,2.415236,1.446642
2016-09-06,0.000907,1.841761,1.902464,1.163573
2016-09-07,4.032448,1.681355,2.232233,0.834074
2016-09-08,1.048630,3.813575,4.158872,1.832344
2016-09-09,15.637654,7.580433,4.852712,1.854708
2016-09-10,1.619082,7.439357,2.865018,2.584827
2016-09-11,0.000050,7.026199,2.457583,1.528319
2016-09-12,0.000038,5.992487,1.607705,1.162195
2016-09-13,0.000049,3.152939,1.283057,1.000401
2016-09-14,0.000066,1.375049,2.131115,1.262408
2016-09-15,9.541371,1.842072,5.571856,1.580725
2016-09-16,32.707095,5.020739,6.329337,3.170094
2016-09-17,13.049953,3.264670,3.196908,2.069760
2016-09-18,1.026202,1.168748,1.339571,1.143642
2016-09-19,0.012582,0.321347,1.095299,0.780671
2016-09-20,0.181330,0.138503,0.954142,0.445194
2016-09-21,0.310597,0.072233,0.657146,0.452538
2016-09-22,1.872958,0.050774,0.762924,0.251555
2016-09-23,21.582809,2.794820,0.981629,0.561513
2016-09-24,1.698376,2.825070,0.917842,0.548042
2016-09-25,0.004734,0.719239,0.445417,0.377933
2016-09-26,0.047417,0.811260,0.435451,0.443879
2016-09-27,0.000127,0.715015,0.392675,0.321635
2016-09-28,0.000358,0.247679,0.381771,0.105743
2016-09-29,0.020074,0.032804,0.518898,0.169027
2016-09-30,0.084122,0.003070,0.420122,0.062860
2016-10-01,0.000000,0.000410,0.364116,0.041299
2016-10-02,0.000000,0.000034,0.994713,0.041834
2016-10-03,58.328639,2.325140,9.527381,0.970829
2016-10-04,22.892663,6.267808,2.182532,0.161022
2016-10-05,75.233751,6.167537,8.500342,1.341126
2016-10-06,21.650630,8.195249,6.713749,1.684060
2016-10-07,12.348793,4.816118,6.859275,3.076920
2016-10-08,10.809848,4.380938,4.022898,1.151290
2016-10-09,11.583185,3.952484,3.962151,1.339079
2016-10-10,0.021455,0.815127,0.486839,0.051915
2016-10-11,14.814309,0.676196,3.061150,0.463960
2016-10-12,57.354984,5.791565,6.679669,1.749701
2016-10-13,50.704570,10.850483,9.036168,2.559574
2016-10-14,0.125833,2.524810,0.443026,0.081219
2016-10-15,0.013030,0.327229,0.354737,0.073066
2016-10-16,0.000274,0.046434,0.633051,0.047161
2016-10-17,1.843884,0.005373,0.875819,0.045350
2016-10-18,0.260588,0.000664,0.465807,0.045676
2016-10-19,39.751066,0.857688,6.861506,0.625023
2016-10-20,30.929173,5.449288,3.517452,0.671177
2016-10-21,7.316523,0.579802,2.709028,0.169989
2016-10-22,11.225386,1.749013,4.113632,0.608189
2016-10-23,0.434321,0.145492,0.859505,0.045353
2016-10-24,0.431373,0.000156,0.651182,0.046528
2016-10-25,0.323714,0.000000,0.439554,0.046788
2016-10-26,0.251448,0.000093,0.489298,0.041381
2016-10-27,0.206897,0.000341,0.525537,0.046182
2016-10-28,0.155269,0.000000,0.501558,0.046466
2016-10-29,0.130689,0.000000,0.712682,0.041288
2016-10-30,0.107579,0.000000,0.916502,0.045586
2016-10-31,0.090038,0.000000,0.553500,0.051541
2016-11-01,0.054600,0.000000,0.608406,0.050973
2016-11-02,0.199613,0.001222,1.558551,0.041282
2016-11-03,0.285747,0.006449,1.477686,0.041147
2016-11-04,0.040262,0.000026,0.616986,0.041075
2016-11-05,0.000053,0.000000,0.606485,0.052051
2016-11-06,0.000049,0.000000,5.549546,0.100406
2016-11-07,0.000050,0.000035,1.101194,0.070234
2016-11-08,0.760332,0.019439,0.773261,0.042431
2016-11-09,0.001141,0.001257,0.693268,0.041586
2016-11-10,0.008315,0.000000,0.663141,0.043361
2016-11-11,0.009616,0.000177,0.847189,0.047388
2016-11-12,0.011330,0.003419,0.751656,0.046634
2016-11-13,0.009697,0.000142,0.693085,0.041224
2016-11-14,0.064075,0.000000,0.710006,0.041186
2016-11-15,0.060786,0.000000,0.713742,0.040935
2016-11-16,0.052652,0.000000,0.721374,0.041196
2016-11-17,0.046229,0.000000,0.727271,0.040907
2016-11-18,0.035654,0.000000,0.730401,0.041317
2016-11-19,0.000010,0.000000,0.736416,0.040686
2016-11-20,0.000000,0.000000,0.735939,0.041119
2016-11-21,0.000000,0.000000,0.739411,0.040335
2016-11-22,0.000000,0.000000,0.737553,0.041939
2016-11-23,0.000000,0.000000,0.739414,0.041438
2016-11-24,0.000000,0.000000,0.739165,0.044990
2016-11-25,0.000000,0.000000,0.738220,0.045194
2016-11-26,0.000000,0.000000,0.739170,0.040412
2016-11-27,0.000000,0.000000,0.760711,0.043726
2016-11-28,0.000000,0.000000,0.734517,0.040203
2016-11-29,0.000000,0.000000,0.734353,0.043355
2016-11-30,0.000000,0.000000,0.734348,0.039885
2016-12-01,0.000000,0.000000,0.733746,0.040830
2016-12-02,0.000000,0.000000,0.725000,0.039568
2016-12-03,0.000000,0.000000,0.725005,0.040739
2016-12-04,0.000000,0.000000,0.728659,0.056676
2016-12-05,0.000000,0.000000,0.771946,0.040415
2016-12-06,0.000000,0.000000,0.719741,0.039724
2016-12-07,0.000000,0.000000,0.717640,0.040356
2016-12-08,0.000000,0.000000,0.713553,0.039782
2016-12-09,0.000000,0.000000,0.712402,0.043646
2016-12-10,0.000000,0.000000,0.709100,0.044058
2016-12-11,0.000000,0.000000,0.908286,0.043024
2016-12-12,0.000000,0.000000,0.700664,0.039898
2016-12-13,0.000000,0.000000,0.698865,0.039761
2016-12-14,0.000000,0.000000,0.709146,0.044294
2016-12-15,0.000000,0.000000,0.709274,0.039401
2016-12-16,0.000000,0.000000,1.034738,0.036923
2016-12-17,0.000000,0.000000,0.683766,0.039520
2016-12-18,0.000000,0.000000,0.688106,0.038979
2016-12-19,0.000000,0.000000,0.680934,0.042618
2016-12-20,0.000000,0.000000,0.670917,0.039021
2016-12-21,0.000000,0.000000,0.667499,0.042573
2016-12-22,0.000000,0.000000,0.672279,0.046200
2016-12-23,0.000000,0.000000,0.655573,0.038532
2016-12-24,0.000000,0.000000,0.665116,0.042039
2016-12-25,0.000000,0.000000,0.650991,0.037747
2016-12-26,0.000000,0.000000,0.649772,0.038442
2016-12-27,0.000000,0.000000,0.652107,0.041182
2016-12-28,0.000000,0.000000,0.659168,0.039772
2016-12-29,0.000000,0.000000,0.638972,0.039152
2016-12-30,0.000000,0.000000,0.633706,0.039476
2016-12-31,0.000000,0.000000,0.627213,0.039128
2017-01-01,0.000000,0.000000,0.624802,0.039245
2017-01-02,0.000000,0.000000,0.620934,0.038966
2017-01-03,0.000000,0.000000,0.616084,0.039698
2017-01-04,0.000000,0.000000,0.611262,0.039271
2017-01-05,0.000000,0.000000,0.608432,0.039258
2017-01-06,0.000000,0.000000,0.605231,0.038531
2017-01-07,0.000000,0.000000,0.597027,0.038763
2017-01-08,0.000000,0.000000,0.595618,0.038497
2017-01-09,0.000000,0.000000,0.589603,0.040002
2017-01-10,0.000000,0.000000,0.585263,0.038784
2017-01-11,0.000000,0.000000,0.581743,0.038546
2017-01-12,0.000000,0.000000,0.577150,0.038070
2017-01-13,0.000000,0.000000,0.571213,0.038207
2017-01-14,0.000000,0.000000,0.570353,0.038127
2017-01-15,0.000000,0.000000,0.561715,0.051983
2017-01-16,0.000000,0.000000,0.561561,0.038151
2017-01-17,0.000000,0.000000,0.555581,0.037357
2017-01-18,0.000000,0.000000,0.550764,0.038052
2017-01-19,0.000000,0.000000,0.542696,0.038290
2017-01-20,0.000000,0.000000,0.542913,0.037057
2017-01-21,0.000000,0.000000,0.536030,0.037901
2017-01-22,0.000000,0.000000,0.532371,0.037585
2017-01-23,0.000000,0.000000,0.551610,0.038281
2017-01-24,0.000000,0.000000,0.598398,0.028651
2017-01-25,0.000000,0.000000,0.518069,0.037274
2017-01-26,0.000000,0.000000,0.515834,0.036940
2017-01-27,0.000000,0.000000,0.508397,0.037180
2017-01-28,0.000000,0.000000,0.506433,0.038184
2017-01-29,0.000000,0.000000,0.497741,0.035965
2017-01-30,0.000000,0.000000,0.500482,0.036771
2017-01-31,0.000000,0.000000,0.493793,0.036188
2017-02-01,0.000000,0.000000,0.489319,0.036252
2017-02-02,0.000000,0.000000,0.483847,0.035924
2017-02-03,0.000000,0.000000,0.489487,0.036702
2017-02-04,0.000000,0.000000,0.474195,0.035891
2017-02-05,0.000000,0.000000,0.493463,0.036914
2017-02-06,0.000000,0.000000,0.480029,0.035725
2017-02-07,0.000000,0.000000,0.699189,0.036120
2017-02-08,0.000000,0.000000,0.883711,0.039535
2017-02-09,0.000000,0.000000,0.457322,0.037776
2017-02-10,0.000000,0.000000,0.455451,0.036857
2017-02-11,0.000000,0.000000,0.479551,0.037389
2017-02-12,0.000000,0.000000,0.737867,0.041252
2017-02-13,0.000000,0.000000,0.441382,0.038124
2017-02-14,0.000000,0.000000,0.473744,0.037655
2017-02-15,0.000000,0.000000,0.434927,0.037094
2017-02-16,0.000000,0.000000,0.431914,0.037846
2017-02-17,0.000000,0.000000,0.421206,0.037126
2017-02-18,0.000000,0.000000,0.424875,0.072503
2017-02-19,0.000000,0.000000,0.421206,0.037972
2017-02-20,0.000000,0.000000,0.416705,0.211043
2017-02-21,0.000000,0.000000,0.409425,0.037463
2017-02-22,0.000000,0.000000,0.408214,0.037087
2017-02-23,0.000000,0.000000,0.406179,0.035715
2017-02-24,0.000000,0.000000,0.404527,0.037263
2017-02-25,0.000000,0.000000,0.399876,0.037692
2017-02-26,0.000000,0.000000,0.397310,0.036999
2017-02-27,0.000000,0.000000,0.392916,0.035965
2017-02-28,0.000000,0.000000,0.390453,0.036600
2017-03-01,0.000000,0.000000,0.385678,0.036593
2017-03-02,0.000000,0.000000,0.383048,0.037083
2017-03-03,0.000000,0.000000,0.382775,0.036010
2017-03-04,0.000000,0.000000,0.377506,0.037358
2017-03-05,0.000000,0.000000,0.375104,0.035802
2017-03-06,0.000000,0.000000,0.371151,0.036464
2017-03-07,0.000000,0.000000,0.366048,0.036962
2017-03-08,0.000000,0.000000,0.368516,0.034966
2017-03-09,0.000000,0.000000,0.364740,0.035520
2017-03-10,0.000000,0.000000,0.358453,0.035805
2017-03-11,0.000000,0.000000,0.359071,0.035445
2017-03-12,0.000000,0.000000,0.353409,0.035461
2017-03-13,0.000000,0.000000,0.350024,0.035468
2017-03-14,0.000000,0.000000,0.350998,0.034774
2017-03-15,0.000000,0.000000,0.347518,0.036324
2017-03-16,0.000000,0.000000,0.343995,0.035330
2017-03-17,0.000000,0.000000,0.337700,0.036021
2017-03-18,0.000000,0.000000,0.341886,0.036099
2017-03-19,0.000000,0.000000,0.333485,0.036443
2017-03-20,0.000000,0.000000,0.333818,0.035581
2017-03-21,0.000000,0.000000,0.330046,0.034398
2017-03-22,0.000000,0.000000,0.329261,0.116275
2017-03-23,0.000000,0.000000,0.324257,0.034082
2017-03-24,0.000000,0.000000,0.322311,0.035448
2017-03-25,0.000000,0.000000,0.319772,0.034586
2017-03-26,0.000000,0.000000,0.318359,0.033634
2017-03-27,0.000000,0.000000,0.314323,0.035130
2017-03-28,0.000000,0.000000,0.313882,0.034505
2017-03-29,0.000000,0.000000,0.311726,0.035339
2017-03-30,0.000000,0.000000,0.306649,0.034575
2017-03-31,0.000000,0.000000,0.304651,0.034131
2017-04-01,0.000000,0.000000,0.302120,0.034484
2017-04-02,0.000000,0.000000,0.302242,0.033425
2017-04-03,0.000000,0.000000,0.298944,0.033749
2017-04-04,0.000000,0.000000,0.294515,0.033106
2017-04-05,0.000000,0.000000,0.293950,0.033016
2017-04-06,0.000000,0.000000,0.291216,0.033488
2017-04-07,0.000000,0.000000,0.289323,0.033797
2017-04-08,0.000000,0.000000,0.285383,0.033215
2017-04-09,0.000000,0.000000,0.283046,0.129230
2017-04-10,0.000000,0.000000,0.286399,0.150960
2017-04-11,0.000000,0.000000,0.278913,0.032285
2017-04-12,0.000000,0.000000,0.278836,0.031447
2017-04-13,0.000000,0.000000,0.277204,0.032955
2017-04-14,0.000000,0.000000,0.275234,0.032072
2017-04-15,0.000000,0.000000,0.271014,0.032802
2017-04-16,0.000000,0.000000,0.269785,0.031846
2017-04-17,0.000000,0.000000,0.268738,0.032278
2017-04-18,0.000000,0.000000,0.265562,0.030550
2017-04-19,0.000000,0.000000,0.263633,0.032180
2017-04-20,0.000000,0.000000,0.261787,0.031659
2017-04-21,0.000000,0.000000,0.261222,0.032291
2017-04-22,0.000000,0.000000,0.256212,0.031344
2017-04-23,0.000000,0.000000,0.255770,0.183159
2017-04-24,0.000000,0.000000,0.253801,0.145548
2017-04-25,0.000000,0.000000,1.039799,0.190180
2017-04-26,0.000000,0.000000,1.986491,0.126364
2017-04-27,0.000000,0.000000,0.792514,0.095532
2017-04-28,0.000000,0.000000,0.498549,0.021855
2017-04-29,0.000000,0.000000,1.074791,0.170528
2017-04-30,0.000000,0.000000,2.409836,0.099941
2017-05-01,0.000000,0.000000,5.451640,0.174817
2017-05-02,0.000000,0.001583,7.459619,0.106293
2017-05-03,0.324784,0.015789,24.153113,0.046681
2017-05-04,1.083675,0.027189,21.942224,0.853287
2017-05-05,0.531840,0.013342,3.189106,0.708571
2017-05-06,1.373615,0.021153,3.512257,0.519192
2017-05-07,1.811094,0.073054,4.005861,0.379487
2017-05-08,7.392101,0.076797,3.398319,0.062146
2017-05-09,13.710018,0.233068,3.002537,0.112002
2017-05-10,1.761509,0.197642,0.946425,0.267880
2017-05-11,1.468594,0.066557,0.346962,0.200697
2017-05-12,1.296399,0.029565,0.348020,0.128784
2017-05-13,1.148973,0.019372,0.363843,0.163386
2017-05-14,1.063754,0.014397,1.234601,0.165273
2017-05-15,6.603337,0.033674,1.104056,0.161449
2017-05-16,9.863371,0.414568,2.776517,0.057186
2017-05-17,7.903136,0.685245,1.854396,0.153483
2017-05-18,6.694278,0.673352,2.092354,0.151342
2017-05-19,13.312394,0.888587,5.232918,0.287045
2017-05-20,46.424783,2.218936,6.485823,0.578734
2017-05-21,55.500422,3.499851,6.984304,0.592704
2017-05-22,24.282137,3.078203,3.637365,0.114510
2017-05-23,23.489277,2.203306,5.610206,0.318971
2017-05-24,20.032814,1.948593,5.280955,0.181840
2017-05-25,15.583703,1.456066,4.143157,0.184756
2017-05-26,14.458151,1.347834,6.734657,0.133962
2017-05-27,14.839354,1.451637,6.642334,0.375087
2017-05-28,5.030089,0.843881,5.830681,0.157768
2017-05-29,8.100109,0.734895,7.870802,0.193025
2017-05-30,1.275920,0.393248,5.613022,0.324683
2017-05-31,1.497012,0.041200,3.055420,0.636948
2017-06-01,1.518482,0.081100,3.054478,0.107280
2017-06-02,11.686315,0.757986,4.690692,0.255161
2017-06-03,17.260139,1.281884,5.727088,0.234959
2017-06-04,28.611264,2.292225,6.627890,0.614253
2017-06-05,27.472361,2.651617,6.895168,0.502791
2017-06-06,29.167287,2.596811,11.749136,1.555848
2017-06-07,26.957781,2.889481,12.049090,2.494711
2017-06-08,32.871745,2.941128,11.347057,2.079589
2017-06-09,26.335821,2.868963,10.917445,1.884122
2017-06-10,26.194859,2.513271,12.447211,1.996615
2017-06-11,28.172596,2.532213,13.819027,2.012740
2017-06-12,33.138400,2.867188,14.951098,2.361049
2017-06-13,35.258998,3.247517,16.913700,2.619393
2017-06-14,37.414334,3.485855,18.970574,2.727127
2017-06-15,32.351481,3.306231,18.937912,2.865883
2017-06-16,33.408811,2.997673,20.850980,2.816140
2017-06-17,59.221334,5.594738,20.245904,3.613036
2017-06-18,43.859747,4.642731,19.953077,5.212621
2017-06-19,39.293824,4.004461,19.110369,4.780960
2017-06-20,32.220490,3.449210,21.433477,5.238879
2017-06-21,59.814092,5.095765,24.378084,5.924380
2017-06-22,48.338783,6.170742,21.869065,6.197414
2017-06-23,38.244138,3.973273,19.132859,7.354126
2017-06-24,38.476204,3.585601,21.793912,7.369482
2017-06-25,38.559120,3.675095,20.676129,7.402595
2017-06-26,34.651403,3.193577,20.642947,6.594364
2017-06-27,38.007363,3.278548,22.366593,6.788095
2017-06-28,36.593978,3.415696,22.011845,7.853878
2017-06-29,31.757061,3.080568,21.475103,7.765016
2017-06-30,34.070080,2.849231,21.446279,7.583675
2017-07-01,50.628854,5.459147,20.131833,6.594764
2017-07-02,16.783618,3.350881,16.816452,4.230700
2017-07-03,7.945156,1.295547,13.513403,2.312636
2017-07-04,10.530876,0.952732,13.411990,4.475313
2017-07-05,21.523226,1.470319,15.109924,5.899337
2017-07-06,33.769271,2.746607,16.001583,10.024905
2017-07-07,31.974514,3.378989,14.587348,9.254834
2017-07-08,38.576566,3.486242,14.606263,8.917973
2017-07-09,43.536821,4.076740,14.790683,8.856054
2017-07-10,36.438118,3.885445,14.891204,8.816401
2017-07-11,25.948852,2.838858,13.463269,7.025490
2017-07-12,30.364730,2.552975,14.362743,7.711627
2017-07-13,28.328627,2.761579,14.448671,8.171981
2017-07-14,32.604216,2.970328,14.515493,7.572456
2017-07-15,30.715342,3.157797,15.493065,8.832269
2017-07-16,37.413743,3.167732,14.799200,8.500127
2017-07-17,42.581564,4.224504,14.426464,6.317393
2017-07-18,52.210577,4.656588,20.665908,8.488434
2017-07-19,70.566903,7.346613,14.333153,6.498948
2017-07-20,42.145116,5.004442,15.455897,8.898822
2017-07-21,39.165323,4.041725,16.485520,9.862969
2017-07-22,150.753601,9.335800,19.978976,8.450464
2017-07-23,88.703495,13.689037,16.915185,10.911559
2017-07-24,40.653279,5.990527,13.605434,8.684072
2017-07-25,63.430100,5.555611,15.604153,8.208669
2017-07-26,48.998196,6.407164,14.922918,9.049675
2017-07-27,28.675387,4.989508,14.087984,8.352737
2017-07-28,32.428643,5.682524,15.191703,8.297462
2017-07-29,34.337882,7.471916,15.597062,9.058427
2017-07-30,26.707053,6.217588,13.889357,7.963035
2017-07-31,24.671152,5.013670,13.581171,7.720536
2017-08-01,19.407605,4.411111,13.040616,7.190318
2017-08-02,19.647477,4.167882,13.252150,7.293148
2017-08-03,18.106193,4.486012,12.935387,7.070450
2017-08-04,15.017098,4.828832,11.395415,5.969509
2017-08-05,16.826489,4.788940,10.568643,3.880920
2017-08-06,17.116556,4.552684,11.011892,6.201920
2017-08-07,11.284598,3.778220,10.580881,5.544062
2017-08-08,15.368150,3.384668,10.760758,4.993705
2017-08-09,12.442675,3.400548,9.891531,4.563165
2017-08-10,8.099349,3.086694,10.923477,4.653174
2017-08-11,10.702073,2.929103,9.866896,4.875114
2017-08-12,14.103466,3.222024,9.505220,4.755848
2017-08-13,12.765016,3.257966,9.368149,4.783600
2017-08-14,10.383571,2.770078,9.244720,5.444877
2017-08-15,9.267925,2.739708,9.427731,5.417219
2017-08-16,9.889679,2.778777,8.196291,5.613235
2017-08-17,8.478591,2.347304,6.918012,1.428713
2017-08-18,11.158620,3.247323,7.249287,2.631669
2017-08-19,6.112186,2.769324,7.791567,4.042265
2017-08-20,5.173765,1.638770,7.785960,3.790413
2017-08-21,6.010396,1.737077,6.772396,4.513943
2017-08-22,10.418731,2.053509,7.617151,5.272006
2017-08-23,12.680532,3.295972,6.068796,4.851975
2017-08-24,9.712601,3.357603,6.334945,4.119306
2017-08-25,35.070447,4.086196,12.827441,4.915083
2017-08-26,86.260674,11.052266,15.416957,7.873856
2017-08-27,19.432671,7.151692,7.369111,5.563909
2017-08-28,8.424024,3.222404,5.254535,2.611143
2017-08-29,11.613671,3.230747,5.337972,2.504803
2017-08-30,7.416357,2.544097,5.635068,3.069061
2017-08-31,13.400373,2.291331,5.926806,3.056672
2017-09-01,18.109110,3.290604,6.594203,5.597332
2017-09-02,4.148439,2.828227,4.166286,1.238845
2017-09-03,23.216410,2.684651,5.606860,2.020813
2017-09-04,107.763775,10.742590,10.034016,5.143923
2017-09-05,32.826472,11.111968,6.507411,4.871916
2017-09-06,8.841780,4.975789,10.634145,5.390907
2017-09-07,3.675721,1.675462,2.795845,0.813920
2017-09-08,5.708937,1.361306,3.244807,1.285040
2017-09-09,4.968222,1.999262,3.148140,1.201009
2017-09-10,0.000471,0.923026,2.455998,0.749681
2017-09-11,0.000501,0.378870,2.910875,0.654045
2017-09-12,0.000034,0.335954,2.324037,1.313819
2017-09-13,0.000000,0.284231,1.906220,0.869606
2017-09-14,0.000003,0.156580,3.146174,1.071314
2017-09-15,15.313702,1.062522,7.885176,2.391475
2017-09-16,38.259115,5.163272,11.555966,6.883695
2017-09-17,43.623698,13.169801,17.412294,9.746499
2017-09-18,0.834583,4.318889,2.029442,2.711211
2017-09-19,56.414536,4.863355,5.136466,0.991534
2017-09-20,17.534701,3.235502,2.167616,1.197052
2017-09-21,13.931970,6.138950,7.143331,3.193016
2017-09-22,15.933437,5.626317,4.035695,1.352123
2017-09-23,11.582951,2.918793,2.565270,0.692137
2017-09-24,48.379814,10.042674,19.886285,7.550130
2017-09-25,4.636902,6.311888,3.761393,2.764322
2017-09-26,5.136803,2.771099,7.092577,3.002855
2017-09-27,75.895804,12.526168,19.338386,7.701453
2017-09-28,0.786165,5.303707,1.336172,0.182606
2017-09-29,0.001618,0.754688,1.241278,0.362755
2017-09-30,15.657799,1.735160,5.185388,0.476182
2017-10-01,17.779262,3.929136,1.606698,0.413511
2017-10-02,5.378305,2.012564,2.159259,0.337948
2017-10-03,1.992870,0.975524,1.323629,0.080108
2017-10-04,0.006455,0.256904,1.294627,0.131679
2017-10-05,0.000039,0.036500,1.333131,0.105163
2017-10-06,0.000360,0.005170,1.345485,0.222871
2017-10-07,5.501751,0.125797,2.343731,0.083310
2017-10-08,9.294409,1.500623,4.049531,0.329234
2017-10-09,8.392577,1.601685,3.404474,0.151922
2017-10-10,23.519563,2.851769,2.745313,0.081170
2017-10-11,20.096859,4.206768,3.694499,0.385267
2017-10-12,0.033994,0.740553,1.297101,0.064054
2017-10-13,0.168709,0.130241,1.283593,0.053265
2017-10-14,0.000000,0.046473,1.286562,0.055639
2017-10-15,0.000112,0.009640,1.271931,0.054962
2017-10-16,0.000069,0.001373,1.264337,0.085088
2017-10-17,0.004745,0.000198,1.427912,0.060386
2017-10-18,0.068939,0.001009,3.073996,0.274766
2017-10-19,0.001710,0.005105,3.137875,0.093705
2017-10-20,41.955485,2.886939,8.736878,0.594449
2017-10-21,4.615779,4.394621,2.841802,0.244954
2017-10-22,0.000005,0.671285,1.191376,0.055493
2017-10-23,1.950248,0.238415,1.376574,0.067859
2017-10-24,0.000000,0.195501,1.185884,0.082254
2017-10-25,0.000432,0.028372,1.181320,0.055090
2017-10-26,1.425496,0.007829,1.244022,0.054767
2017-10-27,0.836479,0.054169,1.171957,0.114761
2017-10-28,0.000000,0.013569,1.164503,0.054892
2017-10-29,0.000002,0.002013,1.158755,0.084230
2017-10-30,0.000921,0.000298,1.164984,0.054764
2017-10-31,0.000000,0.000044,1.236256,0.053908
2017-11-01,0.000000,0.000004,1.130459,0.063780
2017-11-02,0.000000,0.000000,1.121391,0.051923
2017-11-03,0.000000,0.000000,1.109935,0.052882
2017-11-04,0.000000,0.000000,1.099151,0.053263
2017-11-05,0.000000,0.000000,1.081963,0.052162
2017-11-06,0.000000,0.000000,1.073495,0.052792
2017-11-07,0.000000,0.000000,1.061247,0.052732
2017-11-08,0.000000,0.000000,1.048995,0.052061
2017-11-09,0.000000,0.000000,1.035748,0.052606
2017-11-10,0.000000,0.000000,1.024544,0.052314
2017-11-11,0.000000,0.000000,1.010199,0.052227
2017-11-12,0.000000,0.000000,1.003003,0.052552
2017-11-13,0.000000,0.000000,0.989209,0.052506
2017-11-14,0.000000,0.000000,0.976509,0.051835
2017-11-15,0.000000,0.000000,0.968196,0.051944
2017-11-16,0.000000,0.000000,0.953044,0.051808
2017-11-17,0.000000,0.000000,0.947457,0.051195
2017-11-18,0.000000,0.000000,0.931119,0.050461
2017-11-19,0.000000,0.000000,0.924307,0.054892
2017-11-20,0.000000,0.000000,0.916225,0.054883
2017-11-21,0.000000,0.000000,0.900259,0.054735
2017-11-22,0.000000,0.000000,0.892825,0.050023
2017-11-23,0.000000,0.000000,0.882936,0.054812
2017-11-24,0.000000,0.000000,0.870937,0.054007
2017-11-25,0.000000,0.000000,0.864204,0.049989
2017-11-26,0.000000,0.000000,0.850018,0.048979
2017-11-27,0.000000,0.000000,0.842014,0.049261
2017-11-28,0.000000,0.000000,0.834393,0.048741
2017-11-29,0.000000,0.000000,0.957958,0.048845
2017-11-30,0.014954,0.000000,1.501422,0.048233
2017-12-01,0.000000,0.000000,0.886492,0.047890
2017-12-02,0.000000,0.000000,0.794868,0.047867
2017-12-03,0.000000,0.000000,0.784986,0.047632
2017-12-04,0.000000,0.000000,0.773555,0.047706
2017-12-05,0.000000,0.000000,0.766214,0.047727
2017-12-06,0.000000,0.000000,0.756271,0.047979
2017-12-07,0.000000,0.000000,0.746827,0.047443
2017-12-08,0.000000,0.000000,0.737103,0.047172
2017-12-09,0.000000,0.000000,0.729935,0.046497
2017-12-10,0.000000,0.000000,0.719131,0.047540
2017-12-11,0.000000,0.000000,0.709438,0.049312
2017-12-12,0.000000,0.000000,0.702018,0.046539
2017-12-13,0.000000,0.000000,0.692783,0.046200
2017-12-14,0.000000,0.000000,0.684860,0.045430
2017-12-15,0.000000,0.000000,0.673571,0.046427
2017-12-16,0.000000,0.000000,0.667319,0.045619
2017-12-17,0.000000,0.000000,0.657696,0.044630
2017-12-18,0.000000,0.000000,0.648108,0.043856
2017-12-19,0.000000,0.000000,0.638875,0.044418
2017-12-20,0.000000,0.000000,0.634036,0.044390
2017-12-21,0.000000,0.000000,0.623439,0.043902
2017-12-22,0.000000,0.000000,0.615401,0.044208
2017-12-23,0.000000,0.000000,0.609021,0.044024
2017-12-24,0.000000,0.000000,0.598298,0.044300
2017-12-25,0.000000,0.000000,0.592398,0.043953
2017-12-26,0.000000,0.000000,0.586028,0.215638
2017-12-27,0.000000,0.000000,0.576617,0.043933
2017-12-28,0.000000,0.000000,0.569060,0.043079
2017-12-29,0.000000,0.000000,0.562985,0.042907
2017-12-30,0.000000,0.000000,0.553624,0.042194
2017-12-31,0.000000,0.000000,0.546007,0.043079
2018-01-01,0.000000,0.000000,0.538064,0.042250
2018-01-02,0.000000,0.000000,0.533642,0.043052
2018-01-03,0.000000,0.000000,0.523969,0.043462
2018-01-04,0.000000,0.000000,0.513799,0.042719
2018-01-05,0.000000,0.000000,0.509889,0.042089
2018-01-06,0.000000,0.000000,0.503133,0.042253
2018-01-07,0.000000,0.000000,0.492869,0.041568
2018-01-08,0.000000,0.000000,0.487062,0.042380
2018-01-09,0.000000,0.000000,0.478005,0.042198
2018-01-10,0.000000,0.000000,0.512396,0.044170
2018-01-11,0.000000,0.000000,0.466428,0.041762
2018-01-12,0.000000,0.000000,0.545513,0.041201
2018-01-13,0.000000,0.000000,0.456695,0.040031
2018-01-14,0.000000,0.000000,0.446532,0.038788
2018-01-15,0.000000,0.000000,0.438296,0.039919
2018-01-16,0.000000,0.000000,0.432916,0.039190
2018-01-17,0.000000,0.000000,0.430666,0.040037
2018-01-18,0.000000,0.000068,0.421579,0.039342
2018-01-19,0.000000,0.000214,0.415688,0.038792
2018-01-20,0.000000,0.000231,0.412167,0.038969
2018-01-21,0.000000,0.000231,0.404736,0.039048
2018-01-22,0.000000,0.000231,0.400827,0.039266
2018-01-23,0.000000,0.000231,0.397297,0.038658
2018-01-24,0.000000,0.000231,0.391248,0.038545
2018-01-25,0.000000,0.000089,0.385745,0.037734
2018-01-26,0.000000,0.000226,0.380296,0.038735
2018-01-27,0.000000,0.000196,0.376681,0.037526
2018-01-28,0.000000,0.000177,0.372249,0.037527
2018-01-29,0.000000,0.000231,0.367155,0.036825
2018-01-30,0.000000,0.000234,0.359683,0.037379
2018-01-31,0.000000,0.000235,0.356504,0.036638
2018-02-01,0.000000,0.000234,0.352377,0.036777
2018-02-02,0.000000,0.006006,0.348643,0.036990
2018-02-03,0.000000,0.027991,0.344465,0.035992
2018-02-04,0.000000,0.044351,0.341034,0.036293
2018-02-05,0.000000,0.055311,0.335302,0.036473
2018-02-06,0.000000,0.052572,0.331896,0.035914
2018-02-07,0.000000,0.062730,0.331677,0.036704
2018-02-08,0.000000,0.073571,0.319377,0.035408
2018-02-09,0.000000,0.076370,0.322342,0.036653
2018-02-10,0.000000,0.078625,0.315138,0.035950
2018-02-11,0.000000,0.027955,0.312948,0.035821
2018-02-12,0.000000,0.000233,0.309428,0.035444
2018-02-13,0.000000,0.000233,0.305828,0.035270
2018-02-14,0.000000,0.000234,0.300077,0.035524
2018-02-15,0.000000,0.007527,0.301183,0.035573
2018-02-16,0.000000,0.060121,0.324470,0.034864
2018-02-17,0.000000,0.086738,0.293307,0.034618
2018-02-18,0.000000,0.094920,0.288998,0.035629
2018-02-19,0.000000,0.096954,0.310100,0.041870
2018-02-20,0.000000,0.100523,0.293985,0.036351
2018-02-21,0.000000,0.105359,0.286318,0.037204
2018-02-22,0.000000,0.107688,0.282783,0.035096
2018-02-23,0.000000,0.107727,0.285759,0.047769
2018-02-24,0.000000,0.107130,0.799720,0.034899
2018-02-25,0.000000,0.107102,0.272594,0.043135
2018-02-26,0.000000,0.109763,2.092386,0.035470
2018-02-27,0.000000,0.111848,0.266441,0.035614
2018-02-28,0.000000,0.115864,0.256852,0.033325
2018-03-01,0.000000,0.119451,0.256245,0.034398
2018-03-02,0.000000,0.120625,0.254276,0.035310
2018-03-03,0.000000,0.117956,0.251816,0.034567
2018-03-04,0.000000,0.111629,0.247117,0.033908
2018-03-05,0.000000,0.105270,0.248076,0.038916
2018-03-06,0.000000,0.101706,0.243416,0.033788
2018-03-07,0.000000,0.098569,0.240915,0.034855
2018-03-08,0.000000,0.098681,0.237571,0.035225
2018-03-09,0.000000,0.098558,0.239109,0.033952
2018-03-10,0.000000,0.098436,0.234050,0.030200
2018-03-11,0.000000,0.100587,0.230149,0.030435
2018-03-12,0.000000,0.102808,0.228348,0.034469
2018-03-13,0.000000,0.102762,0.226190,0.029884
2018-03-14,0.000000,0.101407,0.224825,0.029835
2018-03-15,0.000000,0.099495,0.222288,0.033511
2018-03-16,0.000000,0.096688,0.216167,0.034632
2018-03-17,0.000000,0.095534,0.218625,0.028837
2018-03-18,0.000000,0.098131,0.215555,0.075569
2018-03-19,0.000000,0.100335,0.211957,0.118376
2018-03-20,0.000000,0.101254,0.210972,0.108612
2018-03-21,0.000000,0.103100,0.208099,0.033413
2018-03-22,0.000000,0.103422,0.203697,0.029020
2018-03-23,0.000000,0.104388,0.204377,0.034242
2018-03-24,0.000000,0.106852,0.200566,0.029242
2018-03-25,0.000000,0.111832,0.198331,0.029998
2018-03-26,0.000000,0.113627,0.198760,0.032712
2018-03-27,0.000000,0.114506,0.193185,0.035180
2018-03-28,0.000000,0.117018,0.194757,0.034105
2018-03-29,0.000000,0.119280,0.189412,0.034627
2018-03-30,0.000000,0.119466,0.190725,0.034016
2018-03-31,0.000000,0.118043,0.187640,0.033885
2018-04-01,0.000000,0.115982,0.189175,0.028803
2018-04-02,0.000000,0.112563,0.178643,0.029512
2018-04-03,0.000000,0.109586,0.183608,0.029680
2018-04-04,0.000000,0.106986,0.179824,0.038191
2018-04-05,0.000000,0.105526,0.178115,0.037923
2018-04-06,0.000000,0.105333,0.174980,0.027911
2018-04-07,0.000000,0.107085,0.175998,0.028400
2018-04-08,0.000000,0.107070,0.172574,0.036649
2018-04-09,0.000000,0.105334,0.192140,0.029364
2018-04-10,0.000000,0.104828,0.170013,0.032108
2018-04-11,0.000000,0.106782,0.695037,0.135305
2018-04-12,0.000000,0.109280,0.445074,0.153590
2018-04-13,0.000000,0.113102,0.973112,0.101708
2018-04-14,0.000000,0.116109,2.417642,0.116782
2018-04-15,0.000000,0.120928,2.346124,0.110079
2018-04-16,0.000000,0.124085,2.283463,0.208840
2018-04-17,0.000000,0.125027,4.302290,0.124014
2018-04-18,0.029937,0.115922,3.420109,0.130055
2018-04-19,0.301344,0.101756,1.761643,0.162965
2018-04-20,0.113872,0.146103,1.112684,0.169188
2018-04-21,0.012100,0.205156,1.044269,0.225894
2018-04-22,0.009490,0.185347,0.958292,0.173489
2018-04-23,0.006943,0.172715,0.727078,0.170428
2018-04-24,0.005561,0.163862,1.063721,0.185491
2018-04-25,0.004385,0.158574,0.723181,0.029020
2018-04-26,0.003448,0.152604,0.770558,0.090372
2018-04-27,0.001993,0.149857,1.038393,0.153097
2018-04-28,0.001187,0.148219,1.467826,0.110380
2018-04-29,0.000936,0.146848,1.732711,0.220756
2018-04-30,0.000000,0.145270,0.347642,0.170484
2018-05-01,0.000000,0.144108,0.695786,0.028745
2018-05-02,0.000000,0.144394,0.142055,0.060388
2018-05-03,0.000000,0.144290,0.142106,0.028461
2018-05-04,0.000000,0.144549,0.138441,0.220058
2018-05-05,0.000000,0.144266,0.139753,0.028061
2018-05-06,0.000000,0.143976,0.137801,0.218548
2018-05-07,0.000000,0.142749,0.135686,0.111455
2018-05-08,0.000000,0.139877,0.166206,0.067483
2018-05-09,0.000000,0.139163,0.557305,0.028297
2018-05-10,0.000000,0.138927,0.714733,0.136325
2018-05-11,0.000000,0.138721,0.914446,0.211864
2018-05-12,0.000000,0.138724,1.219582,0.203917
2018-05-13,0.000000,0.138675,1.986457,0.113749
2018-05-14,0.000000,0.137905,3.945309,0.184723
2018-05-15,0.166761,0.137713,0.847664,0.114566
2018-05-16,0.051135,0.138088,0.754672,0.228978
2018-05-17,0.401439,0.129933,3.454201,0.136204
2018-05-18,0.355437,0.119912,1.423930,0.346547
2018-05-19,0.000773,0.154539,0.306846,0.133895
2018-05-20,0.000473,0.144905,1.297192,0.144856
2018-05-21,0.059001,0.138421,1.088436,0.170290
2018-05-22,0.149112,0.128247,2.246860,0.134541
2018-05-23,1.361891,0.231607,2.442027,0.140023
2018-05-24,0.510813,0.223897,0.667643,0.252784
2018-05-25,0.237327,0.201923,0.387093,0.161258
2018-05-26,3.780082,0.193613,1.666745,0.159277
2018-05-27,2.980602,0.284482,1.009338,0.279647
2018-05-28,0.324728,0.240250,0.909609,0.237672
2018-05-29,5.355313,0.287525,5.590383,0.133282
2018-05-30,12.382562,1.169687,7.539625,0.119180
2018-05-31,8.150580,1.286634,5.235335,0.099668
2018-06-01,6.638700,1.113493,6.586814,0.113254
2018-06-02,12.829860,1.541701,8.755700,0.383918
2018-06-03,17.523902,2.392147,8.350396,0.300527
2018-06-04,15.007026,2.010997,12.799383,0.328834
2018-06-05,23.417366,1.833435,10.060931,0.397273
2018-06-06,43.206355,2.366410,12.057058,0.497667
2018-06-07,34.559408,2.659503,10.421452,0.457597
2018-06-08,33.136280,2.833515,10.464952,0.455162
2018-06-09,33.459203,2.606114,10.927221,0.310608
2018-06-10,28.293538,3.548521,7.356577,0.362440
2018-06-11,26.196666,2.600955,8.128319,0.395718
2018-06-12,26.037522,2.405212,9.137428,0.362854
2018-06-13,26.933675,2.363966,11.439540,0.602613
2018-06-14,27.341022,2.719917,10.035493,0.760106
2018-06-15,20.907159,2.424455,11.077225,0.645311
2018-06-16,11.000097,1.786223,7.516601,1.167907
2018-06-17,5.172906,0.679926,10.226297,1.695227
2018-06-18,8.429737,0.596117,10.833102,1.500484
2018-06-19,11.087461,1.155484,11.648663,1.506544
2018-06-20,21.147878,1.537570,13.230133,1.747199
2018-06-21,30.393849,1.921838,11.036830,1.398839
2018-06-22,40.662275,3.893497,15.164177,2.023682
2018-06-23,56.715810,3.929085,16.498336,2.208634
2018-06-24,52.809857,7.076292,14.566915,3.157983
2018-06-25,29.079551,3.851886,13.634488,2.488123
2018-06-26,34.272778,3.280302,14.774296,2.672661
2018-06-27,33.403974,3.490682,15.658617,3.230294
2018-06-28,33.468804,3.180161,18.452393,3.040980
2018-06-29,60.754027,6.076934,20.032326,3.853611
2018-06-30,35.761358,3.989294,14.930108,3.313833
2018-07-01,35.624149,3.335194,12.943514,3.207589
2018-07-02,83.865153,7.042659,18.603127,5.317700
2018-07-03,35.689338,5.710077,13.805251,5.018728
2018-07-04,24.901504,3.268116,11.860505,4.196071
2018-07-05,25.240034,2.515411,13.928146,4.407873
2018-07-06,31.031786,2.782614,13.812427,4.810077
2018-07-07,31.331894,3.054256,14.006976,5.382436
2018-07-08,33.358154,2.942004,14.912792,4.754833
2018-07-09,62.318119,6.361596,17.340449,6.696526
2018-07-10,36.420826,4.159299,15.020239,7.417096
2018-07-11,37.669984,3.815962,15.828799,8.344005
2018-07-12,22.269384,3.856793,18.081642,8.487836
2018-07-13,27.797041,5.280622,18.645805,8.928261
2018-07-14,23.642085,5.729546,17.797841,8.900360
2018-07-15,28.074100,6.951844,16.615326,8.667662
2018-07-16,21.215704,6.425454,16.690316,8.004113
2018-07-17,26.382644,6.789726,16.625883,8.367438
2018-07-18,24.940664,6.923272,17.186704,7.761795
2018-07-19,19.895373,6.631060,16.077637,8.364752
2018-07-20,17.054959,5.044560,15.060849,7.453661
2018-07-21,20.410021,4.739494,13.357088,6.879740
2018-07-22,18.525062,4.922963,13.286998,9.632049
2018-07-23,15.988211,4.864905,11.871851,7.572963
2018-07-24,16.543241,5.352991,11.531604,7.387640
2018-07-25,12.906224,5.088065,11.181019,6.650561
2018-07-26,11.618449,4.048570,11.691312,6.870545
2018-07-27,13.606997,4.229681,12.840498,6.691851
2018-07-28,17.159280,4.508228,13.476887,4.652310
2018-07-29,87.403719,16.035466,18.329132,9.738737
2018-07-30,63.803542,20.877832,13.759403,7.962100
2018-07-31,24.719206,13.522052,13.965126,6.636162
2018-08-01,4.111808,8.835263,11.204437,8.933941
2018-08-02,4.013642,8.612175,9.442258,6.547730
2018-08-03,4.768096,6.711291,9.383629,7.061508
2018-08-04,4.300856,5.806944,8.991839,6.794041
2018-08-05,4.469089,5.003203,8.240132,6.853470
2018-08-06,0.237350,4.756835,7.502686,5.515502
2018-08-07,0.299044,5.075137,7.363025,5.853271
2018-08-08,0.317913,5.398938,7.923020,6.662089
2018-08-09,0.245525,4.625496,7.426132,6.165484
2018-08-10,0.298180,4.325540,7.915034,6.219200
2018-08-11,0.366524,4.037347,8.504822,8.264008
2018-08-12,0.536872,4.677595,8.722964,8.249790
2018-08-13,0.549438,6.596472,6.983674,6.522098
2018-08-14,0.218714,5.500271,6.851678,5.973987
2018-08-15,0.270903,4.570105,6.252522,5.036164
2018-08-16,0.282221,5.042293,5.879526,5.776478
2018-08-17,0.229596,4.410809,5.431855,4.590978
2018-08-18,0.163325,3.725380,5.078290,3.879607
2018-08-19,0.148899,3.414360,4.962727,3.548382
2018-08-20,0.587802,3.244473,5.032043,3.914721
2018-08-21,15.097434,5.440255,4.779823,2.984458
2018-08-22,2.833550,5.500740,5.069451,5.500919
2018-08-23,0.083956,3.486912,3.725792,1.104197
2018-08-24,0.000849,2.842031,3.278575,0.800982
2018-08-25,0.004266,2.274842,3.292653,0.911030
2018-08-26,1.979080,2.299398,3.502818,1.525605
2018-08-27,6.459391,2.747872,2.991299,1.058411
2018-08-28,0.000227,1.797678,2.514537,1.624183
2018-08-29,0.000353,1.378508,2.649433,1.852657
2018-08-30,15.734799,1.184214,5.102851,0.677263
2018-08-31,69.603491,8.641366,12.795160,4.350829
2018-09-01,22.762867,9.291463,3.947785,4.686268
2018-09-02,0.052052,3.560753,2.801647,4.040585
2018-09-03,0.002124,1.558581,1.394577,1.199072
2018-09-04,0.000253,1.244432,1.505550,0.961677
2018-09-05,0.090004,1.598729,2.106261,0.646468
2018-09-06,0.007840,1.487967,2.446670,1.751721
2018-09-07,42.985697,6.871823,16.110779,7.791097
2018-09-08,5.160945,6.538967,6.941786,5.111437
2018-09-09,53.528729,10.270556,13.105083,7.476724
2018-09-10,23.985538,9.281917,10.409947,6.002571
2018-09-11,10.214494,4.450854,4.963669,3.853848
2018-09-12,8.290540,3.415002,2.682952,2.764076
2018-09-13,5.156019,2.634854,2.867488,3.480560
2018-09-14,3.813905,1.688435,1.968813,0.997820
2018-09-15,7.199445,1.181664,1.672191,0.307081
2018-09-16,1.167158,0.990252,1.334436,0.241025
2018-09-17,0.187845,1.379902,1.809983,0.650669
2018-09-18,0.000413,0.757594,0.842212,0.548793
2018-09-19,0.006419,0.222322,0.780663,0.094711
2018-09-20,0.205003,0.041478,0.774435,0.060211
2018-09-21,0.051393,0.044531,0.765442,0.070751
2018-09-22,1.590112,0.009172,0.756469,0.110150
2018-09-23,0.958375,0.000047,0.749821,0.137308
2018-09-24,0.047192,0.000050,0.757507,0.077186
2018-09-25,0.307763,0.017149,0.730228,0.078048
2018-09-26,0.393801,0.006231,0.720870,0.073630
2018-09-27,0.068594,0.000000,0.711293,0.163895
2018-09-28,3.170056,0.000000,0.715555,0.066518
2018-09-29,0.000482,0.000000,0.691570,0.157231
2018-09-30,0.000005,0.000000,0.682203,0.136108
2018-10-01,0.554770,0.000000,0.671310,0.065534
2018-10-02,0.040941,0.000000,0.664359,0.065683
2018-10-03,0.001502,0.000000,0.666621,0.064928
2018-10-04,0.000000,0.000000,0.640330,0.065570
2018-10-05,0.000000,0.000000,0.636683,0.095503
2018-10-06,0.000000,0.000000,0.625343,0.064525
2018-10-07,0.000000,0.000000,0.639614,0.063855
2018-10-08,0.000000,0.000000,0.606767,0.063307
2018-10-09,0.000000,0.000000,0.593339,0.062820
2018-10-10,0.000000,0.000000,0.593023,0.071574
2018-10-11,0.013049,0.000000,0.768961,0.062368
2018-10-12,6.183211,0.141220,1.374287,0.063027
2018-10-13,0.000000,0.005699,0.563805,0.062169
2018-10-14,0.000000,0.000637,0.552776,0.061592
2018-10-15,0.000000,0.000089,0.549349,0.062429
2018-10-16,0.000000,0.000003,0.574569,0.066559
2018-10-17,0.000000,0.000000,0.529509,0.061142
2018-10-18,0.010288,0.000011,0.719170,0.060719
2018-10-19,0.236611,0.002600,0.714438,0.060685
2018-10-20,0.000000,0.000079,0.529113,0.066285
2018-10-21,0.000000,0.000000,0.493372,0.060538
2018-10-22,0.000000,0.000000,0.484941,0.079326
2018-10-23,0.000000,0.000000,0.478954,0.060224
2018-10-24,0.000000,0.000000,0.470736,0.060466
2018-10-25,0.000000,0.000000,0.463837,0.055357
2018-10-26,0.000000,0.000000,0.457250,0.077694
2018-10-27,0.000000,0.000000,0.449092,0.064387
2018-10-28,0.000000,0.000000,0.454358,0.069883
2018-10-29,0.000000,0.000000,0.441722,0.064580
2018-10-30,0.000000,0.000000,0.430639,0.058192
2018-10-31,0.000000,0.000000,0.436421,0.072831
2018-11-01,0.000000,0.000000,0.418220,0.059534
2018-11-02,0.000000,0.000000,0.410338,0.059534
2018-11-03,0.000000,0.000000,0.405764,0.068387
2018-11-04,0.000000,0.000000,0.398315,0.059569
2018-11-05,0.000000,0.000000,0.393604,0.060436
2018-11-06,0.000000,0.000000,0.390673,0.057906
2018-11-07,0.000000,0.000000,0.513127,0.056902
2018-11-08,5.320856,0.031010,2.659100,0.057064
2018-11-09,6.375144,0.437599,1.012872,0.051959
2018-11-10,0.000000,0.002265,0.364647,0.056922
2018-11-11,0.000000,0.000312,0.362839,0.052049
2018-11-12,0.000000,0.000044,0.355839,0.055856
2018-11-13,0.000000,0.000006,0.349964,0.055714
2018-11-14,0.000000,0.000001,0.346397,0.055440
2018-11-15,0.000000,0.000000,0.341036,0.051539
2018-11-16,0.000000,0.000000,0.337117,0.055465
2018-11-17,0.142672,0.000591,19.642046,0.056923
2018-11-18,1.756607,0.027517,14.606467,0.065263
2018-11-19,0.000000,0.000281,2.318241,0.050509
2018-11-20,0.000000,0.000003,5.471905,0.052948
2018-11-21,0.000000,0.001926,2.386143,0.050696
2018-11-22,0.000000,0.000302,0.308189,0.050810
2018-11-23,0.000000,0.000042,0.303972,0.049718
2018-11-24,0.000000,0.000006,0.300325,0.050107
2018-11-25,0.000000,0.000001,0.296891,0.049618
2018-11-26,0.000000,0.000000,0.293064,0.049324
2018-11-27,0.000000,0.000000,0.289279,0.051398
2018-11-28,0.000000,0.000000,0.284139,0.049362
2018-11-29,0.000000,0.000000,0.278381,0.049501
2018-11-30,0.000000,0.000000,0.274782,0.049245
2018-12-01,0.000000,0.000000,0.272790,0.048629
2018-12-02,0.000000,0.000000,0.267470,0.048340
2018-12-03,0.000000,0.000000,0.259909,0.048284
2018-12-04,0.000000,0.000000,0.261888,0.048073
2018-12-05,0.000000,0.000000,0.250973,0.065090
2018-12-06,0.000000,0.000000,0.249313,0.048435
2018-12-07,0.000000,0.000000,0.245252,0.048050
2018-12-08,0.000000,0.000000,0.239805,0.047814
2018-12-09,0.000000,0.000000,0.234395,0.048148
2018-12-10,0.000000,0.000000,0.230954,0.046695
2018-12-11,0.000000,0.000000,0.234826,0.047110
2018-12-12,0.000000,0.000000,0.295226,0.046470
2018-12-13,0.000000,0.000000,0.958944,0.047598
2018-12-14,0.000000,0.001872,2.410710,0.046633
2018-12-15,0.000000,0.000012,0.724617,0.045112
2018-12-16,0.000000,0.000000,0.203904,0.046594
2018-12-17,0.000000,0.000000,0.233739,0.062784
2018-12-18,0.000000,0.000000,0.197123,0.046598
2018-12-19,0.000000,0.000000,0.213010,0.046689
2018-12-20,0.000000,0.000000,0.190544,0.046728
2018-12-21,0.000000,0.000000,0.187059,0.338740
2018-12-22,0.000000,0.000000,0.184783,0.045873
2018-12-23,0.000000,0.000000,0.182514,0.062276
2018-12-24,0.000000,0.000000,0.177872,0.046099
2018-12-25,0.000000,0.000000,0.181123,0.044949
2018-12-26,0.000000,0.000000,0.174261,0.046076
2018-12-27,0.000000,0.000000,0.170490,0.044665
2018-12-28,0.000000,0.000000,0.169608,0.036580
2018-12-29,0.000000,0.000000,0.163357,0.044267
2018-12-30,0.000000,0.000000,0.162939,0.043632
2018-12-31,0.000000,0.000000,0.162643,0.042678
2019-01-01,0.000000,0.000000,0.159360,0.042705
2019-01-02,0.000000,0.000000,1.114341,0.042701
2019-01-03,0.119222,0.002120,8.692035,0.036476
2019-01-04,0.008183,0.000233,5.749685,0.053908
2019-01-05,0.002570,0.000005,0.693117,0.040889
2019-01-06,0.000000,0.000000,0.149006,0.040090
2019-01-07,0.000000,0.000052,0.144459,0.040828
2019-01-08,0.000000,0.000112,0.157899,0.035787
2019-01-09,0.000000,0.000112,0.684696,0.042048
2019-01-10,0.000000,0.000112,0.141151,0.041729
2019-01-11,0.000000,0.000112,0.139526,0.040426
2019-01-12,0.000000,0.000112,0.195843,0.040846
2019-01-13,0.000000,0.000051,0.137315,0.040990
2019-01-14,0.000000,0.000028,0.132268,0.045511
2019-01-15,0.000000,0.000000,0.129944,0.040281
2019-01-16,0.000000,0.000028,0.131911,0.041415
2019-01-17,0.000000,0.000064,0.126512,0.040043
2019-01-18,0.000000,0.000112,0.126523,0.040204
2019-01-19,0.000000,0.000112,0.122979,0.041961
2019-01-20,0.000000,0.000112,0.122974,0.040494
2019-01-21,0.000000,0.000112,0.116413,0.040243
2019-01-22,0.000000,0.000112,0.119363,0.040986
2019-01-23,0.000000,0.000112,0.115699,0.039580
2019-01-24,0.000000,0.000112,0.114715,0.041536
2019-01-25,0.000000,0.007227,0.112694,0.033712
2019-01-26,0.000000,0.032231,0.108836,0.041310
2019-01-27,0.000000,0.040469,0.111986,0.039006
2019-01-28,0.000000,0.040176,0.107852,0.041144
2019-01-29,0.000000,0.041657,0.104520,0.037220
2019-01-30,0.000000,0.028162,0.105394,0.040325
2019-01-31,0.000000,0.035475,0.101179,0.037379
2019-02-01,0.000000,0.004980,0.102797,0.039841
2019-02-02,0.000000,0.000031,0.097750,0.037554
2019-02-03,0.000000,0.000057,0.095423,0.037944
2019-02-04,0.000000,0.000111,0.097812,0.040368
2019-02-05,0.000000,0.000111,0.090622,0.039536
2019-02-06,0.000000,0.010105,0.096859,0.039562
2019-02-07,0.000000,0.026716,0.087145,0.037061
2019-02-08,0.000000,0.001999,0.086362,0.038077
2019-02-09,0.000000,0.000065,0.086653,0.038807
2019-02-10,0.000000,0.000002,0.083013,0.037749
2019-02-11,0.000000,0.000062,0.081598,0.039128
2019-02-12,0.000000,0.000111,0.080592,0.037698
2019-02-13,0.000000,0.000111,0.079092,0.038803
2019-02-14,0.000000,0.000111,0.076363,0.036910
2019-02-15,0.000000,0.000110,0.072418,0.037063
2019-02-16,0.000000,0.000061,0.075266,0.037234
2019-02-17,0.000000,0.000117,0.070554,0.036684
2019-02-18,0.000000,0.000099,0.068498,0.038838
2019-02-19,0.000000,0.000142,0.066518,0.036468
2019-02-20,0.000000,0.000144,0.066641,0.036564
2019-02-21,0.000000,0.005357,0.068361,0.038299
2019-02-22,0.000000,0.043028,0.090768,0.036925
2019-02-23,0.000000,0.064280,0.529945,0.038108
2019-02-24,0.000000,0.048898,0.059564,0.036452
2019-02-25,0.000000,0.000076,0.058323,0.036583
2019-02-26,0.000000,0.000037,0.580175,0.035729
2019-02-27,0.000000,0.000037,0.054555,0.036784
2019-02-28,0.000000,0.000037,0.051551,0.037127
2019-03-01,0.000000,0.000037,0.051551,0.035945
2019-03-02,0.000000,0.000037,0.054550,0.036183
2019-03-03,0.000000,0.000990,0.051761,0.035233
2019-03-04,0.000000,0.009025,0.051239,0.035865
2019-03-05,0.000000,0.014070,0.051551,0.036629
2019-03-06,0.000000,0.016817,0.048030,0.035102
2019-03-07,0.000000,0.018353,0.048166,0.035303
2019-03-08,0.000000,0.019078,0.046405,0.035508
2019-03-09,0.000000,0.019498,0.046405,0.035058
2019-03-10,0.000000,0.019600,0.044989,0.035255
2019-03-11,0.000000,0.019527,0.046405,0.034779
2019-03-12,0.000000,0.019415,0.039708,0.035041
2019-03-13,0.000000,0.019350,0.047509,0.036939
2019-03-14,0.000000,0.019618,0.040988,0.030410
2019-03-15,0.000000,0.019663,0.041259,0.036442
2019-03-16,0.000000,0.020013,0.049930,0.035543
2019-03-17,0.000000,0.020275,0.041157,0.035034
2019-03-18,0.000000,0.020424,0.040988,0.033838
2019-03-19,0.000000,0.020926,0.037906,0.035474
2019-03-20,0.000000,0.020121,0.041194,0.034192
2019-03-21,0.000000,0.002903,0.041259,0.034844
2019-03-22,0.000000,0.016235,0.032178,0.041595
2019-03-23,0.000000,0.020580,0.037291,0.030131
2019-03-24,0.000000,0.021502,0.037426,0.030277
2019-03-25,0.000000,0.021786,0.033696,0.030476
2019-03-26,0.000000,0.021771,0.039192,0.034222
2019-03-27,0.000000,0.021761,0.033645,0.035146
2019-03-28,0.000000,0.021860,0.037291,0.035408
2019-03-29,0.000000,0.021995,0.033645,0.030141
2019-03-30,0.000000,0.022044,0.033696,0.029816
2019-03-31,0.000000,0.022045,0.032019,0.029344
2019-04-01,0.000000,0.021991,0.033645,0.034490
2019-04-02,0.000000,0.022005,0.032019,0.084582
2019-04-03,0.000000,0.021967,0.048067,0.034222
2019-04-04,0.000000,0.022127,0.032019,0.034015
2019-04-05,0.000000,0.022364,0.031969,0.029482
2019-04-06,0.000000,0.022455,0.030050,0.155986
2019-04-07,0.000000,0.022459,0.029999,0.034401
2019-04-08,0.000000,0.022378,0.029999,0.080210
2019-04-09,0.000000,0.022407,0.029999,0.203544
2019-04-10,0.000000,0.022407,0.031791,0.162494
2019-04-11,0.000000,0.022338,2.424504,0.107701
2019-04-12,0.000000,0.022410,15.786388,0.121416
2019-04-13,0.205217,0.011382,27.338894,0.065658
2019-04-14,1.878782,0.049385,18.048095,0.087256
2019-04-15,6.867839,0.455345,10.900788,0.093845
2019-04-16,14.737799,0.688586,5.656920,0.175383
2019-04-17,16.529432,3.045727,6.275093,0.087970
2019-04-18,0.643557,0.247611,2.692924,0.313294
2019-04-19,13.139607,0.628600,7.230527,0.320257
2019-04-20,4.223608,1.301787,3.345263,0.268042
2019-04-21,0.233488,0.088244,0.152330,0.144873
2019-04-22,0.170248,0.000000,0.023246,0.028529
2019-04-23,0.125115,0.000000,0.024727,0.029966
2019-04-24,0.105705,0.000000,1.007474,0.169445
2019-04-25,1.332863,0.007303,13.937081,0.096935
2019-04-26,11.051271,0.705922,4.556139,0.129363
2019-04-27,27.201481,3.772080,25.657894,1.455688
2019-04-28,27.173096,3.359307,15.351357,0.830391
2019-04-29,34.139178,3.650673,10.740163,0.430918
2019-04-30,39.738276,4.380246,10.608132,0.463052
2019-05-01,24.688399,2.356211,7.695861,0.386796
2019-05-02,1.786769,0.873286,1.009297,0.030902
2019-05-03,1.406770,0.018203,1.149539,0.030246
2019-05-04,1.214657,0.005151,4.602629,0.248034
2019-05-05,1.444494,0.006480,2.694275,0.315555
2019-05-06,9.707267,0.148116,5.806995,0.197585
2019-05-07,16.455781,0.783067,6.337026,0.172483
2019-05-08,1.455867,0.508616,2.873603,0.181953
2019-05-09,0.666223,0.030926,0.202978,0.152118
2019-05-10,0.618515,0.000871,0.034658,0.201729
2019-05-11,0.576553,0.000432,0.632372,0.269740
2019-05-12,0.536961,0.001636,1.020679,0.263036
2019-05-13,0.493541,0.001794,4.421349,0.208628
2019-05-14,0.819042,0.006962,4.497448,0.155020
2019-05-15,36.878166,1.199038,18.175742,0.212947
2019-05-16,34.205865,3.253119,18.992751,0.700728
2019-05-17,36.416919,3.816878,11.501801,0.651977
2019-05-18,26.796095,3.433029,7.495141,1.174642
2019-05-19,16.008164,1.842917,6.899089,2.158882
2019-05-20,21.181449,1.723470,6.164684,2.164545
2019-05-21,19.702976,1.803591,4.488798,1.691976
2019-05-22,21.424893,1.897798,9.332003,2.361781
2019-05-23,19.394785,1.815407,8.053994,1.990528
2019-05-24,19.969691,1.739687,9.642193,2.073344
2019-05-25,23.677187,1.877617,11.374820,2.226996
2019-05-26,15.177712,1.546672,10.296800,1.825074
2019-05-27,14.605487,1.175059,7.489602,0.311111
2019-05-28,16.138558,1.443186,10.125944,1.794475
2019-05-29,17.548480,1.494576,13.619377,2.252729
2019-05-30,13.931584,1.455824,15.024337,2.337771
2019-05-31,5.376041,0.958594,9.793931,0.750738
2019-06-01,4.937659,0.596647,13.736882,1.814225
2019-06-02,11.131813,0.898252,13.317644,2.448417
2019-06-03,22.758289,1.619716,14.055607,2.290099
2019-06-04,25.437749,2.256474,15.430986,2.740780
2019-06-05,25.482175,2.436976,15.255628,2.689648
2019-06-06,24.641472,2.436128,17.202342,2.964246
2019-06-07,28.773291,2.615824,19.445535,3.686962
2019-06-08,30.311296,2.782119,18.728944,4.007672
2019-06-09,28.306748,2.764328,19.554535,4.490114
2019-06-10,30.478270,2.708073,19.752221,4.695274
2019-06-11,34.849970,2.831890,22.275621,5.125694
2019-06-12,72.229539,4.779595,20.953718,6.760826
2019-06-13,81.205215,7.628855,19.600834,6.923622
2019-06-14,49.734411,6.032035,16.618151,5.780028
2019-06-15,47.396392,4.619035,17.263085,5.965012
2019-06-16,47.387151,4.783673,18.090185,8.712456
2019-06-17,40.311034,4.653476,15.775220,9.097219
2019-06-18,47.035562,5.026107,13.978180,8.823022
2019-06-19,33.674332,4.288704,13.895862,9.089622
2019-06-20,34.634451,3.758035,14.800386,9.579100
2019-06-21,34.382039,3.568572,13.898250,9.383972
2019-06-22,34.310025,3.487591,12.938245,9.614260
2019-06-23,37.901068,4.475742,13.295480,9.935200
2019-06-24,23.159424,4.604538,13.548378,7.708471
2019-06-25,37.472784,6.914524,14.982280,11.164106
2019-06-26,34.691224,8.979326,14.750771,11.557660
2019-06-27,40.489155,7.366967,13.178910,9.799353
2019-06-28,52.379005,10.443311,10.745230,7.910551
2019-06-29,20.343932,6.136618,9.463896,7.423107
2019-06-30,33.239757,5.447037,8.933346,6.874036
2019-07-01,29.562293,6.134536,9.712996,8.354842
2019-07-02,18.635501,5.833987,10.307344,9.761405
2019-07-03,43.979993,7.364132,12.467508,7.229117
2019-07-04,26.052218,7.821718,9.893992,10.867171
2019-07-05,24.650420,6.816390,8.937677,10.250503
2019-07-06,27.324331,7.616906,9.097189,9.849810
2019-07-07,23.568049,8.401802,8.390452,9.228577
2019-07-08,23.923673,6.455234,7.141691,6.382904
2019-07-09,29.312649,6.004516,7.394357,6.501996
2019-07-10,26.263941,5.115718,7.944157,8.848075
2019-07-11,24.348258,5.620161,7.790989,9.667395
2019-07-12,13.631406,5.523433,7.728645,9.545286
2019-07-13,6.558158,6.032874,8.586740,9.766263
2019-07-14,0.448194,5.980813,7.874681,9.792745
2019-07-15,0.560345,8.096765,10.466079,8.626120
2019-07-16,0.651894,9.182266,9.426871,10.801296
2019-07-17,0.595903,8.001819,8.371613,9.428447
2019-07-18,0.492977,7.897467,7.780634,9.879490
2019-07-19,0.423179,6.652407,7.206285,9.168268
2019-07-20,0.410183,5.596833,7.923762,8.932217
2019-07-21,0.518975,5.672029,7.640904,9.587202
2019-07-22,0.509003,6.373753,7.462695,9.574810
2019-07-23,1.382641,8.012001,6.645090,7.764497
2019-07-24,1.010179,6.654279,6.666286,6.254655
2019-07-25,5.133673,6.207125,6.689852,7.416789
2019-07-26,23.522443,5.898221,8.717260,6.014506
2019-07-27,23.831014,7.420103,8.304619,7.084267
2019-07-28,51.755593,13.525694,19.535536,13.044122
2019-07-29,62.018823,21.470332,38.065412,20.496507
2019-07-30,0.982584,17.515338,6.936654,10.613349
2019-07-31,0.560246,9.890232,4.368479,9.246823
2019-08-01,0.509545,6.986763,3.852135,8.811737
2019-08-02,0.453813,5.852129,4.090004,8.523201
2019-08-03,0.432505,5.421035,4.461449,8.494459
2019-08-04,0.524712,6.820941,4.845049,7.512672
2019-08-05,0.536996,6.771592,4.596290,7.940435
2019-08-06,0.437675,7.392825,4.821275,7.286827
2019-08-07,0.327069,6.031587,4.604290,6.617677
2019-08-08,0.330832,5.065977,4.499446,6.818772
2019-08-09,0.253021,4.763850,4.301905,5.484345
2019-08-10,0.212292,3.556730,4.676993,4.866664
2019-08-11,0.356428,4.264723,4.643707,6.724324
2019-08-12,0.282916,6.082181,4.215643,5.206993
2019-08-13,0.215879,4.768853,4.257491,4.523632
2019-08-14,0.259856,3.962827,4.694275,4.898741
2019-08-15,0.301838,4.103746,5.507290,6.939482
2019-08-16,0.162320,2.966566,4.061782,4.518791
2019-08-17,0.240316,2.839558,3.962781,3.975978
2019-08-18,0.183584,3.199151,3.824270,3.646286
2019-08-19,0.228477,3.056631,3.733744,2.876161
2019-08-20,0.224481,3.021117,3.452716,1.826772
2019-08-21,0.222876,2.990585,3.414221,1.812679
2019-08-22,0.716097,2.917367,3.318586,1.776856
2019-08-23,98.007745,8.873725,12.758213,5.784478
2019-08-24,87.885312,18.697943,11.690734,7.491357
2019-08-25,0.263007,10.779498,2.740054,5.286714
2019-08-26,0.256101,7.111120,3.687456,5.821583
2019-08-27,0.160363,4.982897,2.280450,3.573994
2019-08-28,0.188382,3.283579,1.869524,1.971143
2019-08-29,0.169281,2.626765,1.753147,1.591311
2019-08-30,0.177311,2.704291,1.858298,0.779078
2019-08-31,0.139760,2.682504,2.099233,1.779631
2019-09-01,0.085259,2.320439,0.000000,0.000000
2019-09-02,0.085866,1.767421,0.000000,0.000000
2019-09-03,0.091870,1.591607,0.000000,0.000000
2019-09-04,0.052674,1.207150,0.000000,0.000000
2019-09-05,0.073202,1.080656,0.000000,0.000000
2019-09-06,0.108115,0.986229,0.000000,0.000000
2019-09-07,51.284898,5.268498,0.000000,0.000000
2019-09-08,32.466639,9.131382,0.000000,0.000000
2019-09-09,7.501898,4.661158,0.000000,0.000000
2019-09-10,0.020765,1.286850,0.000000,0.000000
2019-09-11,0.004481,0.354880,0.000000,0.000000
2019-09-12,1.922639,0.219061,0.000000,0.000000
2019-09-13,0.277148,0.123232,0.000000,0.000000
2019-09-14,0.000315,0.029943,0.000000,0.000000
2019-09-15,0.028011,0.004304,0.000000,0.000000
2019-09-16,0.353790,0.013617,0.000000,0.000000
2019-09-17,0.000472,0.013297,0.000000,0.000000
2019-09-18,0.000163,0.001845,0.000000,0.000000
2019-09-19,0.035029,0.000263,0.000000,0.000000
2019-09-20,7.361257,0.001364,0.000000,0.000000
2019-09-21,20.801280,0.297720,0.000000,0.000000
2019-09-22,62.296062,6.135588,0.000000,0.000000
2019-09-23,32.305137,11.209652,0.000000,0.000000
2019-09-24,55.410121,8.842929,0.000000,0.000000
2019-09-25,22.147439,10.215314,0.000000,0.000000
2019-09-26,18.283012,7.311140,0.000000,0.000000
2019-09-27,0.343947,3.928400,0.000000,0.000000
2019-09-28,0.000063,0.930305,0.000000,0.000000
2019-09-29,0.004240,0.352384,0.000000,0.000000
2019-09-30,0.000243,0.109303,0.000000,0.000000
2019-10-01,0.020568,0.020607,0.000000,0.000000
2019-10-02,0.002335,0.002909,0.000000,0.000000
2019-10-03,4.727211,0.151988,0.000000,0.000000
2019-10-04,10.527960,2.266552,0.000000,0.000000
2019-10-05,19.832718,2.645695,0.000000,0.000000
2019-10-06,60.861817,7.881888,0.000000,0.000000
2019-10-07,3.615191,4.252737,0.000000,0.000000
2019-10-08,6.034079,1.440800,0.000000,0.000000
2019-10-09,0.785888,0.516169,0.000000,0.000000
2019-10-10,0.000727,0.084154,0.000000,0.000000
2019-10-11,0.000743,0.012112,0.000000,0.000000
2019-10-12,0.001445,0.001747,0.000000,0.000000
2019-10-13,0.000368,0.000179,0.000000,0.000000
2019-10-14,0.000000,0.000000,0.000000,0.000000
2019-10-15,0.000000,0.000000,0.000000,0.000000
2019-10-16,0.000000,0.000000,0.000000,0.000000
2019-10-17,0.000000,0.000000,0.000000,0.000000
2019-10-18,0.000000,0.000000,0.000000,0.000000
2019-10-19,0.000000,0.000000,0.000000,0.000000
2019-10-20,0.000000,0.000000,0.000000,0.000000
2019-10-21,0.000000,0.000000,0.000000,0.000000
2019-10-22,0.000000,0.000000,0.000000,0.000000
2019-10-23,0.000000,0.000000,0.000000,0.000000
2019-10-24,0.000000,0.000000,0.000000,0.000000
2019-10-25,0.000000,0.000000,0.000000,0.000000
2019-10-26,0.000000,0.000000,0.000000,0.000000
2019-10-27,0.000000,0.000000,0.000000,0.000000
2019-10-28,0.000000,0.000000,0.000000,0.000000
2019-10-29,0.000000,0.000000,0.000000,0.000000
2019-10-30,0.000000,0.000000,0.000000,0.000000
2019-10-31,0.000000,0.000000,0.000000,0.000000
2019-11-01,0.000000,0.000000,0.000000,0.000000
2019-11-02,0.000000,0.000000,0.000000,0.000000
2019-11-03,0.000000,0.000000,0.000000,0.000000
2019-11-04,0.000000,0.000000,0.000000,0.000000
2019-11-05,0.000000,0.000002,0.000000,0.000000
2019-11-06,0.000000,0.000002,0.000000,0.000000
2019-11-07,0.000000,0.000002,0.000000,0.000000
2019-11-08,0.000000,0.000002,0.000000,0.000000
2019-11-09,0.000000,0.000002,0.000000,0.000000
2019-11-10,0.000000,0.000960,0.000000,0.000000
2019-11-11,0.000000,0.001960,0.000000,0.000000
2019-11-12,0.000000,0.001992,0.000000,0.000000
2019-11-13,0.000000,0.001951,0.000000,0.000000
2019-11-14,0.000000,0.001034,0.000000,0.000000
2019-11-15,0.000000,0.000048,0.000000,0.000000
2019-11-16,0.000000,0.000000,0.000000,0.000000
2019-11-17,0.000000,0.000000,0.000000,0.000000
2019-11-18,0.000000,0.000000,0.000000,0.000000
2019-11-19,0.000000,0.000000,0.000000,0.000000
2019-11-20,0.000000,0.000000,0.000000,0.000000
2019-11-21,0.000000,0.000000,0.000000,0.000000
2019-11-22,0.000000,0.000000,0.000000,0.000000
2019-11-23,0.000000,0.000000,0.000000,0.000000
2019-11-24,0.000000,0.000000,0.000000,0.000000
2019-11-25,0.000000,0.000000,0.000000,0.000000
2019-11-26,0.000000,0.000000,0.000000,0.000000
2019-11-27,0.000000,0.000000,0.000000,0.000000
2019-11-28,0.000000,0.000000,0.000000,0.000000
2019-11-29,0.000000,0.000000,0.000000,0.000000
2019-11-30,0.000000,0.000000,0.000000,0.000000
2019-12-01,0.000000,0.000000,0.000000,0.000000
2019-12-02,0.149551,0.001035,0.000000,0.000000
2019-12-03,0.528930,0.005649,0.000000,0.000000
2019-12-04,0.000000,0.000019,0.000000,0.000000
2019-12-05,0.000000,0.000000,0.000000,0.000000
2019-12-06,0.000000,0.000000,0.000000,0.000000
2019-12-07,0.000000,0.000000,0.000000,0.000000
2019-12-08,0.000000,0.000000,0.000000,0.000000
2019-12-09,0.000000,0.000000,0.000000,0.000000
2019-12-10,0.000000,0.000000,0.000000,0.000000
2019-12-11,0.000000,0.000000,0.000000,0.000000
2019-12-12,0.000000,0.000000,0.000000,0.000000
2019-12-13,0.000000,0.000000,0.000000,0.000000
2019-12-14,0.000000,0.000000,0.000000,0.000000
2019-12-15,0.000000,0.000000,0.000000,0.000000
2019-12-16,0.000000,0.000000,0.000000,0.000000
2019-12-17,0.000000,0.000000,0.000000,0.000000
2019-12-18,0.000000,0.000000,0.000000,0.000000
2019-12-19,0.000000,0.000000,0.000000,0.000000
2019-12-20,0.000000,0.000000,0.000000,0.000000
2019-12-21,0.000000,0.000000,0.000000,0.000000
2019-12-22,0.000000,0.000000,0.000000,0.000000
2019-12-23,0.000000,0.000000,0.000000,0.000000
2019-12-24,0.000000,0.000000,0.000000,0.000000
2019-12-25,0.000000,0.000000,0.000000,0.000000
2019-12-26,0.000000,0.000000,0.000000,0.000000
2019-12-27,0.000000,0.000000,0.000000,0.000000
2019-12-28,0.000000,0.000000,0.000000,0.000000
2019-12-29,0.000000,0.000000,0.000000,0.000000
2019-12-30,0.000000,0.000000,0.000000,0.000000
2019-12-31,0.000000,0.000000,0.000000,0.000000

