time,MAR_land,MAR_ice,RACMO_land,RACMO_ice
2015-01-01,0.000000,0.000000,0.760193,0.005236
2015-01-02,0.000000,0.000000,0.749778,0.005360
2015-01-03,0.000000,0.000000,0.735880,0.005068
2015-01-04,0.000000,0.000000,0.730349,0.005241
2015-01-05,0.000000,0.000000,0.713378,0.005344
2015-01-06,0.000000,0.000000,0.711699,0.005250
2015-01-07,0.000000,0.000000,0.700793,0.005332
2015-01-08,0.000000,0.000000,0.686435,0.005334
2015-01-09,0.000000,0.000000,0.677201,0.005248
2015-01-10,0.000000,0.000000,0.672136,0.016462
2015-01-11,0.000000,0.000000,0.655415,0.005199
2015-01-12,0.000000,0.000000,0.645644,0.005270
2015-01-13,0.000000,0.000000,0.646439,0.005501
2015-01-14,0.000000,0.000000,0.626982,0.005181
2015-01-15,0.000000,0.000000,0.622011,0.005380
2015-01-16,0.000000,0.000000,0.610982,0.005335
2015-01-17,0.000000,0.000000,0.604354,0.005114
2015-01-18,0.000000,0.000000,1.142657,0.005516
2015-01-19,0.000000,0.000000,0.737666,0.005306
2015-01-20,0.000000,0.000000,0.577262,0.005147
2015-01-21,0.000000,0.000000,0.568362,0.005359
2015-01-22,0.000000,0.000000,0.559813,0.005327
2015-01-23,0.000000,0.000000,0.554462,0.005161
2015-01-24,0.000000,0.000000,0.544060,0.005058
2015-01-25,0.000000,0.000000,0.538749,0.005160
2015-01-26,0.000000,0.000000,0.533331,0.005211
2015-01-27,0.000000,0.000000,0.523771,0.005134
2015-01-28,0.000000,0.000000,0.512946,0.004945
2015-01-29,0.000000,0.000000,0.509677,0.005073
2015-01-30,0.000000,0.000000,0.504780,0.004904
2015-01-31,0.000000,0.000000,0.493220,0.004990
2015-02-01,0.000000,0.000000,0.492045,0.004892
2015-02-02,0.000000,0.000000,0.480385,0.006136
2015-02-03,0.000000,0.000000,0.868165,0.011378
2015-02-04,0.000000,0.000000,0.507762,0.005034
2015-02-05,0.000000,0.000000,0.479566,0.004893
2015-02-06,0.000000,0.000000,0.458320,0.004902
2015-02-07,0.000000,0.000000,1.229398,0.004972
2015-02-08,0.000000,0.000000,0.641832,0.004932
2015-02-09,0.000000,0.000000,0.445797,0.004936
2015-02-10,0.000000,0.000000,0.445630,0.004960
2015-02-11,0.000000,0.000000,0.439818,0.004865
2015-02-12,0.000000,0.000000,0.438313,0.004632
2015-02-13,0.000000,0.000000,0.430541,0.004804
2015-02-14,0.000000,0.000000,0.427665,0.004960
2015-02-15,0.000000,0.000000,0.417995,0.004738
2015-02-16,0.000000,0.000000,0.417298,0.004813
2015-02-17,0.000000,0.000000,0.408960,0.004809
2015-02-18,0.000000,0.000000,0.405213,0.005017
2015-02-19,0.000000,0.000000,0.401323,0.004859
2015-02-20,0.000000,0.000000,0.392641,0.004799
2015-02-21,0.000000,0.000000,0.390805,0.004911
2015-02-22,0.000000,0.000000,0.385149,0.004798
2015-02-23,0.000000,0.000000,0.381080,0.004902
2015-02-24,0.000000,0.000000,0.376718,0.005028
2015-02-25,0.000000,0.000000,0.377765,0.004807
2015-02-26,0.000000,0.000000,0.363103,0.004772
2015-02-27,0.000000,0.000000,0.362502,0.005198
2015-02-28,0.000000,0.000000,0.359526,0.005032
2015-03-01,0.000000,0.000000,0.353221,0.004853
2015-03-02,0.000000,0.000000,0.349679,0.004872
2015-03-03,0.000000,0.000000,0.345753,0.004943
2015-03-04,0.000000,0.000000,0.341548,0.004852
2015-03-05,0.000000,0.000000,0.334785,0.004851
2015-03-06,0.000000,0.000000,0.341572,0.004846
2015-03-07,0.000000,0.000000,0.331495,0.004779
2015-03-08,0.000000,0.000000,0.323746,0.005021
2015-03-09,0.000000,0.000000,0.324398,0.004748
2015-03-10,0.000000,0.000000,0.321736,0.004764
2015-03-11,0.000000,0.000000,0.311728,0.004699
2015-03-12,0.000000,0.000000,0.315145,0.004813
2015-03-13,0.000000,0.000000,0.311039,0.004783
2015-03-14,0.000000,0.000000,0.309761,0.004605
2015-03-15,0.000000,0.000000,0.298634,0.004655
2015-03-16,0.000000,0.000000,0.304240,0.004407
2015-03-17,0.000000,0.000000,0.293745,0.004822
2015-03-18,0.000000,0.000000,0.294067,0.004590
2015-03-19,0.000000,0.000000,0.290065,0.004532
2015-03-20,0.000000,0.000000,0.286600,0.004611
2015-03-21,0.000000,0.000000,0.285372,0.004505
2015-03-22,0.000000,0.000000,0.281904,0.004487
2015-03-23,0.000000,0.000000,0.312072,0.004550
2015-03-24,0.000000,0.000000,0.300570,0.004683
2015-03-25,0.000000,0.000000,0.273688,0.004424
2015-03-26,0.000000,0.000000,0.271543,0.004659
2015-03-27,0.000000,0.000000,0.267694,0.004465
2015-03-28,0.000000,0.000000,0.268257,0.004486
2015-03-29,0.000000,0.000000,0.261262,0.004604
2015-03-30,0.000000,0.000000,0.261829,0.004595
2015-03-31,0.000000,0.000000,0.259281,0.004489
2015-04-01,0.000000,0.000000,0.254352,0.004452
2015-04-02,0.000000,0.000000,0.252879,0.004534
2015-04-03,0.000000,0.000000,0.252162,0.004507
2015-04-04,0.000000,0.000000,0.246774,0.004291
2015-04-05,0.000000,0.000000,0.247239,0.004221
2015-04-06,0.000000,0.000000,0.243030,0.004543
2015-04-07,0.000000,0.000000,0.238600,0.004306
2015-04-08,0.000000,0.000000,0.238045,0.004353
2015-04-09,0.000000,0.000000,0.239578,0.004308
2015-04-10,0.000000,0.000000,0.231082,0.004246
2015-04-11,0.000000,0.000000,0.227037,0.004341
2015-04-12,0.000000,0.000000,0.234780,0.004409
2015-04-13,0.000000,0.000000,0.387306,0.004303
2015-04-14,0.000000,0.000000,1.256333,0.111976
2015-04-15,0.000000,0.000000,2.295014,0.056033
2015-04-16,0.000000,0.000000,2.186456,0.057481
2015-04-17,0.000000,0.000000,0.250086,0.004401
2015-04-18,0.000000,0.000000,2.262207,0.072480
2015-04-19,0.000000,0.000000,6.597210,0.091766
2015-04-20,0.000000,0.000000,0.312394,0.082841
2015-04-21,0.000000,0.000000,0.211494,0.004372
2015-04-22,0.000000,0.000000,0.263965,0.004318
2015-04-23,0.000000,0.000000,4.796617,0.037249
2015-04-24,0.000000,0.000000,0.237995,0.122252
2015-04-25,0.000000,0.000000,0.205938,0.004513
2015-04-26,0.000000,0.000000,0.255249,0.004538
2015-04-27,0.000000,0.000000,0.299650,0.004476
2015-04-28,0.000000,0.000000,0.500562,0.004576
2015-04-29,0.000000,0.000000,5.589551,0.004373
2015-04-30,0.000000,0.000000,1.760626,0.169525
2015-05-01,0.000000,0.000000,0.295925,0.004524
2015-05-02,0.000000,0.000000,0.211840,0.004474
2015-05-03,0.000000,0.000000,1.644393,0.053658
2015-05-04,0.000000,0.000000,7.410750,0.050154
2015-05-05,0.000000,0.000000,5.261117,0.033503
2015-05-06,0.000000,0.000000,14.680528,0.050265
2015-05-07,0.000000,0.000000,18.547677,0.038804
2015-05-08,0.000000,0.000000,13.657987,0.029960
2015-05-09,0.000000,0.000000,23.655541,0.037367
2015-05-10,0.000000,0.000000,12.498511,0.040605
2015-05-11,0.000000,0.000000,3.548147,0.035337
2015-05-12,0.000000,0.000000,3.288764,0.109921
2015-05-13,0.000000,0.000000,0.818499,0.025227
2015-05-14,0.000000,0.000000,2.419514,0.058946
2015-05-15,0.000000,0.000000,6.051663,0.058942
2015-05-16,0.017548,0.000000,14.859366,0.024069
2015-05-17,0.400301,0.000000,19.551875,0.022995
2015-05-18,0.780304,0.000000,28.109316,0.020256
2015-05-19,0.875432,0.000000,12.074056,0.061855
2015-05-20,3.848495,0.000000,10.629957,0.029226
2015-05-21,4.121015,0.000000,19.061274,0.021666
2015-05-22,0.774953,0.000000,3.823416,0.004208
2015-05-23,9.333985,0.000000,12.870096,0.029065
2015-05-24,9.328189,0.000000,17.939737,0.023337
2015-05-25,12.902560,0.000000,17.330818,0.017483
2015-05-26,7.708408,0.000000,17.881611,0.023527
2015-05-27,12.767681,0.000000,19.060116,0.033015
2015-05-28,8.894195,0.000000,16.494898,0.024921
2015-05-29,2.102387,0.000000,2.629709,0.119618
2015-05-30,1.737800,0.000000,1.575936,0.075378
2015-05-31,2.228964,0.000000,2.468420,0.046224
2015-06-01,2.641489,0.000000,4.072861,0.030660
2015-06-02,8.494384,0.000000,6.299398,0.018984
2015-06-03,21.195440,0.000000,6.240411,0.024399
2015-06-04,26.628398,0.000000,9.387135,0.020550
2015-06-05,29.332782,0.000000,20.524351,0.022728
2015-06-06,35.460373,0.010815,25.581200,0.046916
2015-06-07,30.955581,0.015385,17.455063,0.304279
2015-06-08,49.183491,0.025198,22.673806,0.217732
2015-06-09,60.922500,0.075503,26.893663,0.142521
2015-06-10,60.386655,0.141743,28.022729,0.152298
2015-06-11,46.953414,0.181105,34.119197,0.184202
2015-06-12,61.656089,0.253953,37.177453,0.242283
2015-06-13,55.398092,0.305069,35.579686,0.198216
2015-06-14,55.181084,0.293473,48.266479,0.327563
2015-06-15,62.323813,0.324234,32.839273,0.347930
2015-06-16,104.787884,0.485454,35.465327,0.888049
2015-06-17,88.022272,0.544484,37.299358,0.811660
2015-06-18,73.797865,0.512099,31.298594,0.529792
2015-06-19,86.861216,0.552717,32.408150,0.595736
2015-06-20,95.863293,0.572182,41.134950,0.919887
2015-06-21,97.600358,0.626433,49.405259,0.649094
2015-06-22,96.233295,0.608267,59.682638,0.651198
2015-06-23,96.712046,0.614375,53.776112,0.807955
2015-06-24,101.542115,0.623059,53.863730,0.727756
2015-06-25,102.806720,0.698528,55.146880,0.734209
2015-06-26,110.581231,0.696968,56.686197,0.747576
2015-06-27,185.949167,0.994947,63.251389,0.900805
2015-06-28,163.494488,1.154628,56.338268,0.770537
2015-06-29,156.399314,1.170934,53.076449,0.622785
2015-06-30,87.786927,0.755792,47.617895,0.520865
2015-07-01,91.954705,0.615910,49.127859,0.538065
2015-07-02,89.201346,0.648984,52.184521,0.717889
2015-07-03,76.079215,0.651753,54.009658,0.760667
2015-07-04,82.964274,0.710889,44.837511,0.583894
2015-07-05,104.738050,0.864351,53.917291,0.807543
2015-07-06,130.793830,1.194842,44.891563,0.914317
2015-07-07,77.709097,1.116679,48.273026,1.090263
2015-07-08,48.088914,0.765957,42.741757,1.025142
2015-07-09,50.588495,0.692980,38.364715,0.959746
2015-07-10,52.140694,0.796923,27.061768,0.564055
2015-07-11,43.439142,0.765952,26.975441,0.646282
2015-07-12,48.675228,0.565222,24.576597,0.608004
2015-07-13,59.173780,0.902646,22.672223,0.633129
2015-07-14,50.520493,1.085782,30.276828,1.063533
2015-07-15,32.672746,1.090898,28.881096,0.997926
2015-07-16,41.799095,1.103092,29.114921,1.019347
2015-07-17,39.363139,1.358220,28.109635,1.009397
2015-07-18,19.759185,1.119542,28.739830,0.955548
2015-07-19,21.012874,1.089299,26.185742,0.866639
2015-07-20,22.507796,1.317264,24.506853,0.884213
2015-07-21,16.515089,1.206157,24.585657,0.792537
2015-07-22,17.260760,1.194679,21.798837,0.814657
2015-07-23,14.372203,1.273568,20.968262,0.954800
2015-07-24,13.325487,0.970216,17.871550,0.775767
2015-07-25,10.846195,0.744652,19.753029,1.057155
2015-07-26,11.653191,0.918661,20.395716,1.174283
2015-07-27,18.436505,0.855727,14.679063,0.424415
2015-07-28,11.183180,0.907000,17.033346,0.892540
2015-07-29,7.296616,1.033988,17.324368,1.010556
2015-07-30,8.580114,1.070533,16.972359,1.058297
2015-07-31,4.789826,1.136165,16.542719,0.953714
2015-08-01,4.481845,1.159191,16.982285,1.020912
2015-08-02,12.753492,1.609412,21.379850,1.065855
2015-08-03,12.241634,1.537050,20.019502,1.028453
2015-08-04,5.527367,1.282109,19.252790,1.100720
2015-08-05,5.808738,1.202504,19.857835,1.191340
2015-08-06,4.159381,1.104419,16.646016,1.038374
2015-08-07,2.524613,0.980507,15.856202,1.089577
2015-08-08,3.683597,0.965408,16.988707,1.133381
2015-08-09,7.619214,0.961002,23.775427,1.306611
2015-08-10,5.923694,1.279379,18.778245,1.240631
2015-08-11,2.990772,1.230578,19.930555,1.127033
2015-08-12,47.683184,1.345243,34.811841,1.687174
2015-08-13,0.755301,1.653141,9.429883,1.251611
2015-08-14,0.658778,1.518819,8.832610,1.086915
2015-08-15,0.799334,1.024378,9.028444,1.137213
2015-08-16,0.794227,0.801431,10.872077,1.188318
2015-08-17,1.270439,0.808848,11.292334,1.074498
2015-08-18,1.321431,0.741077,10.116149,1.265126
2015-08-19,0.801362,0.701629,11.837075,1.188539
2015-08-20,1.420312,0.742329,14.268218,1.036257
2015-08-21,0.488203,0.816621,11.692451,1.022006
2015-08-22,2.193434,0.802881,13.400570,1.133605
2015-08-23,0.887891,0.795605,11.471858,1.014612
2015-08-24,0.835969,0.646691,11.197848,0.833580
2015-08-25,0.730623,0.674486,10.698016,1.000887
2015-08-26,2.653629,1.309729,11.099130,0.923821
2015-08-27,0.324759,1.007020,9.318623,0.973469
2015-08-28,1.842900,0.746663,16.369427,0.935813
2015-08-29,4.814537,0.630957,14.898582,1.094075
2015-08-30,17.992484,0.723043,15.298266,0.627359
2015-08-31,43.004907,1.146528,19.300131,0.842891
2015-09-01,23.632651,0.651426,13.759689,0.649224
2015-09-02,96.107219,1.162250,23.020245,1.185932
2015-09-03,1.311333,0.655142,14.555861,0.931888
2015-09-04,90.764899,1.235517,31.172484,1.230717
2015-09-05,23.035413,0.672221,16.436799,0.526370
2015-09-06,162.973655,1.741325,43.254903,1.063601
2015-09-07,140.080155,2.175698,52.856081,1.032691
2015-09-08,16.107368,1.452084,4.482359,0.688564
2015-09-09,38.006340,0.860229,3.397156,0.729226
2015-09-10,3.327700,0.603482,3.010304,0.954592
2015-09-11,41.368700,0.622912,3.151037,0.418019
2015-09-12,6.752150,0.924140,3.090874,0.906123
2015-09-13,0.018123,0.483782,2.619808,0.833878
2015-09-14,0.008642,0.217279,2.442084,0.896680
2015-09-15,0.045943,0.169966,2.862602,0.840089
2015-09-16,0.072190,0.141690,5.152865,0.435373
2015-09-17,0.067572,0.094847,6.506930,0.345564
2015-09-18,1.030192,0.040284,6.818946,0.147266
2015-09-19,15.137233,0.000000,6.284767,0.157869
2015-09-20,34.846795,0.148977,3.706556,0.347509
2015-09-21,8.652406,0.139459,6.524387,0.184402
2015-09-22,28.766751,0.401187,6.634640,0.430425
2015-09-23,0.008263,0.417943,2.507698,0.372189
2015-09-24,12.450299,0.153207,6.431068,0.080333
2015-09-25,2.125428,0.069801,3.054149,0.168718
2015-09-26,11.826181,0.017905,3.917910,0.104946
2015-09-27,10.525748,0.000000,3.177985,0.286390
2015-09-28,14.172815,0.000000,3.429322,0.271775
2015-09-29,13.878019,0.000000,2.905496,0.027240
2015-09-30,2.539788,0.000000,2.809085,0.015826
2015-10-01,0.018910,0.000000,2.615799,0.072150
2015-10-02,0.067326,0.000000,2.587611,0.006654
2015-10-03,0.002539,0.000000,2.573065,0.006211
2015-10-04,0.005712,0.000000,2.575197,0.006337
2015-10-05,0.005663,0.000000,2.560055,0.006269
2015-10-06,0.003208,0.000000,2.554123,0.014555
2015-10-07,0.976488,0.003997,2.897760,0.008770
2015-10-08,1.101393,0.003936,2.607115,0.007352
2015-10-09,0.159906,0.000592,2.839392,0.006225
2015-10-10,3.156272,0.000107,4.662122,0.006096
2015-10-11,18.240910,0.003897,7.463432,0.009764
2015-10-12,52.977011,0.044628,5.806018,0.020010
2015-10-13,18.687403,0.053332,3.033489,0.006258
2015-10-14,0.182498,0.004635,2.642780,0.006127
2015-10-15,7.908948,0.000000,4.885315,0.044342
2015-10-16,1.378920,0.000000,5.730321,0.098826
2015-10-17,1.505174,0.000000,4.506104,0.056105
2015-10-18,0.000822,0.000000,2.347433,0.006091
2015-10-19,0.000790,0.000000,2.336911,0.006228
2015-10-20,0.001374,0.000000,2.327655,0.006062
2015-10-21,0.001526,0.000000,2.308098,0.006097
2015-10-22,0.001417,0.000000,2.288088,0.005995
2015-10-23,0.000200,0.000000,2.266416,0.006033
2015-10-24,0.000231,0.000000,2.239946,0.005876
2015-10-25,0.000103,0.000000,2.216847,0.005743
2015-10-26,0.000026,0.000000,2.230020,0.005831
2015-10-27,24.387416,0.000000,3.426386,0.005890
2015-10-28,2.996769,0.000000,2.573586,0.005836
2015-10-29,0.000106,0.000000,5.333224,0.005800
2015-10-30,6.557935,0.000000,4.674231,0.020695
2015-10-31,0.320174,0.000000,2.417671,0.005658
2015-11-01,0.001965,0.000000,2.169479,0.005735
2015-11-02,0.001855,0.000000,2.030515,0.005538
2015-11-03,0.000248,0.000000,2.009844,0.005689
2015-11-04,0.005681,0.000000,1.988870,0.005581
2015-11-05,0.002263,0.000000,2.062404,0.005682
2015-11-06,0.000000,0.000000,2.842017,0.005494
2015-11-07,0.000000,0.000000,1.965968,0.005606
2015-11-08,0.000000,0.000000,1.910343,0.005610
2015-11-09,0.000000,0.000000,1.887303,0.005564
2015-11-10,0.000000,0.000000,1.869664,0.005630
2015-11-11,0.000000,0.000000,1.840246,0.005519
2015-11-12,0.000000,0.000000,1.822539,0.005732
2015-11-13,0.000000,0.000000,1.809033,0.005518
2015-11-14,0.000000,0.000000,1.787326,0.005517
2015-11-15,0.000000,0.000000,1.763511,0.005734
2015-11-16,0.000000,0.000000,1.746574,0.005523
2015-11-17,0.000000,0.000000,1.722380,0.005590
2015-11-18,0.000000,0.000000,1.706820,0.005609
2015-11-19,0.000000,0.000000,1.683644,0.005556
2015-11-20,0.000000,0.000000,2.242484,0.013219
2015-11-21,0.000000,0.000000,1.872532,0.006973
2015-11-22,0.000000,0.000000,2.644450,0.005510
2015-11-23,0.000000,0.000000,1.603523,0.005365
2015-11-24,0.000000,0.000000,1.587863,0.005454
2015-11-25,0.000000,0.000000,1.578235,0.005279
2015-11-26,0.000000,0.000000,1.547460,0.005316
2015-11-27,0.000000,0.000000,1.523706,0.005335
2015-11-28,0.000000,0.000000,1.508519,0.005356
2015-11-29,0.000000,0.000000,1.486758,0.005335
2015-11-30,0.000000,0.000000,1.466192,0.005229
2015-12-01,0.000000,0.000000,1.457395,0.005319
2015-12-02,0.000000,0.000000,1.423583,0.005301
2015-12-03,0.000000,0.000000,1.415165,0.005508
2015-12-04,0.000000,0.000000,1.398042,0.005218
2015-12-05,0.000000,0.000000,1.372125,0.005265
2015-12-06,0.000000,0.000000,1.359954,0.005293
2015-12-07,0.000000,0.000000,1.339450,0.005379
2015-12-08,0.000000,0.000000,1.322167,0.005214
2015-12-09,0.000000,0.000000,1.330082,0.005218
2015-12-10,0.000000,0.000000,1.287309,0.005227
2015-12-11,0.000000,0.000000,1.275502,0.005311
2015-12-12,0.000000,0.000000,1.255322,0.005253
2015-12-13,0.000000,0.000000,1.238071,0.005105
2015-12-14,0.000000,0.000000,1.219227,0.005199
2015-12-15,0.000000,0.000000,1.206218,0.005120
2015-12-16,0.000000,0.000000,1.189863,0.005252
2015-12-17,0.000000,0.000000,1.204213,0.005169
2015-12-18,0.000000,0.000000,1.160966,0.005236
2015-12-19,0.000000,0.000000,1.144511,0.005231
2015-12-20,0.000000,0.000000,1.127405,0.005266
2015-12-21,0.000000,0.000000,1.116300,0.005352
2015-12-22,0.000000,0.000000,1.102857,0.005393
2015-12-23,0.000000,0.000000,1.086404,0.005225
2015-12-24,0.000000,0.000000,1.068590,0.005508
2015-12-25,0.000000,0.000000,1.057564,0.005359
2015-12-26,0.000000,0.000000,1.047597,0.005544
2015-12-27,0.000000,0.000000,1.027394,0.005325
2015-12-28,0.000000,0.000000,1.073736,0.005540
2015-12-29,0.000000,0.000000,1.005325,0.005507
2015-12-30,0.000000,0.000000,0.980884,0.005328
2015-12-31,0.000000,0.000000,0.979275,0.005414
2016-01-01,0.000000,0.000000,0.964141,0.005305
2016-01-02,0.000000,0.000000,0.948896,0.005219
2016-01-03,0.000000,0.000000,0.937968,0.005371
2016-01-04,0.000000,0.000000,0.929216,0.005379
2016-01-05,0.000000,0.000000,0.914606,0.005039
2016-01-06,0.000000,0.000000,0.904156,0.005400
2016-01-07,0.000000,0.000000,1.127064,0.005624
2016-01-08,0.000000,0.000000,0.882352,0.004996
2016-01-09,0.000000,0.000000,0.865427,0.005006
2016-01-10,0.000000,0.000000,0.857685,0.004946
2016-01-11,0.000000,0.000000,0.847619,0.005085
2016-01-12,0.000000,0.000000,0.832887,0.004901
2016-01-13,0.000000,0.000000,0.822480,0.005012
2016-01-14,0.000000,0.000000,0.817355,0.004916
2016-01-15,0.000000,0.000000,0.801298,0.005003
2016-01-16,0.000000,0.000000,0.901440,0.005083
2016-01-17,0.000000,0.000000,0.857290,0.004956
2016-01-18,0.000000,0.000000,2.495872,0.004959
2016-01-19,0.000000,0.000000,6.448448,0.004870
2016-01-20,0.000000,0.000000,11.906839,0.006398
2016-01-21,0.000000,0.000000,15.833537,0.009259
2016-01-22,1.376915,0.000000,6.485067,0.009567
2016-01-23,0.151698,0.000000,1.088259,0.004635
2016-01-24,0.069144,0.000000,0.838329,0.004686
2016-01-25,0.056606,0.000000,0.725457,0.004658
2016-01-26,0.046316,0.000000,0.730758,0.004684
2016-01-27,0.035652,0.000000,0.711103,0.004724
2016-01-28,0.024617,0.000000,0.703649,0.004629
2016-01-29,0.017850,0.000000,0.699312,0.004597
2016-01-30,0.015027,0.000000,0.688139,0.004561
2016-01-31,0.013696,0.000000,0.688589,0.004775
2016-02-01,0.012763,0.000000,0.680805,0.004562
2016-02-02,0.010723,0.000000,0.675346,0.004561
2016-02-03,0.000556,0.000000,0.670585,0.004696
2016-02-04,0.000000,0.000000,0.674581,0.004571
2016-02-05,0.000000,0.000000,0.659207,0.004550
2016-02-06,0.000000,0.000000,0.655347,0.004589
2016-02-07,0.000000,0.000000,0.643040,0.004363
2016-02-08,0.000000,0.000000,0.643743,0.004465
2016-02-09,0.000000,0.000000,0.640858,0.004489
2016-02-10,0.000000,0.000000,0.627976,0.004425
2016-02-11,0.000000,0.000000,0.626156,0.004392
2016-02-12,0.000000,0.000000,0.620378,0.004396
2016-02-13,0.000000,0.000000,0.615052,0.004534
2016-02-14,0.000000,0.000000,0.631578,0.004499
2016-02-15,0.000000,0.000000,0.614288,0.004161
2016-02-16,0.000000,0.000000,0.590604,0.004457
2016-02-17,0.000000,0.000000,0.592186,0.004392
2016-02-18,0.000000,0.000000,0.599880,0.004288
2016-02-19,0.000000,0.000000,0.584975,0.004087
2016-02-20,0.000000,0.000000,0.578634,0.004245
2016-02-21,0.000000,0.000000,0.575193,0.004259
2016-02-22,0.000000,0.000000,0.565427,0.004254
2016-02-23,0.000000,0.000000,0.672305,0.004229
2016-02-24,0.000000,0.000000,0.562980,0.004134
2016-02-25,0.000000,0.000000,0.571052,0.004221
2016-02-26,0.000000,0.000000,0.549134,0.004381
2016-02-27,0.000000,0.000000,0.544420,0.004092
2016-02-28,0.000000,0.000000,0.551341,0.004422
2016-02-29,0.000000,0.000000,0.536102,0.004228
2016-03-01,0.000000,0.000000,0.531918,0.004298
2016-03-02,0.000000,0.000000,0.527882,0.004298
2016-03-03,0.000000,0.000000,0.594073,0.004257
2016-03-04,0.000000,0.000000,0.760209,0.004419
2016-03-05,0.000000,0.000000,0.515465,0.004323
2016-03-06,0.000000,0.000000,0.509068,0.004208
2016-03-07,0.000000,0.000000,0.499270,0.004176
2016-03-08,0.000000,0.000000,0.501894,0.004253
2016-03-09,0.000000,0.000000,0.494538,0.004254
2016-03-10,0.000000,0.000000,0.501294,0.004093
2016-03-11,0.000000,0.000000,0.484969,0.004230
2016-03-12,0.000000,0.000000,0.482440,0.004245
2016-03-13,0.000000,0.000000,0.478657,0.004235
2016-03-14,0.000000,0.000000,0.471507,0.004134
2016-03-15,0.000000,0.000000,0.471950,0.004242
2016-03-16,0.000000,0.000000,0.462757,0.004125
2016-03-17,0.000000,0.000000,21.874752,0.017090
2016-03-18,0.000000,0.000000,23.573737,0.017697
2016-03-19,0.000000,0.000000,0.532393,0.004057
2016-03-20,0.000000,0.000000,0.491800,0.004175
2016-03-21,0.000000,0.000000,0.576759,0.004096
2016-03-22,0.000000,0.000000,0.442446,0.004190
2016-03-23,0.000000,0.000000,0.441143,0.004178
2016-03-24,0.000000,0.000000,0.429516,0.003953
2016-03-25,0.000000,0.000000,0.434840,0.004306
2016-03-26,0.000000,0.000000,0.427649,0.004264
2016-03-27,0.000000,0.000000,0.427860,0.004213
2016-03-28,0.000000,0.000000,0.420444,0.004219
2016-03-29,0.000000,0.000000,0.422284,0.004668
2016-03-30,0.000000,0.000000,0.415659,0.004283
2016-03-31,0.000000,0.000000,0.416112,0.004229
2016-04-01,0.000000,0.000000,0.411708,0.004246
2016-04-02,0.000000,0.000000,0.407965,0.004180
2016-04-03,0.000000,0.000000,0.577159,0.004283
2016-04-04,0.000000,0.000000,0.670738,0.029226
2016-04-05,0.000000,0.000000,1.131269,0.004218
2016-04-06,0.000000,0.000000,0.425355,0.004382
2016-04-07,0.000000,0.000000,0.875186,0.004212
2016-04-08,0.000000,0.000000,0.571392,0.038718
2016-04-09,0.000000,0.000000,0.392576,0.091161
2016-04-10,0.000000,0.000000,4.360188,0.067897
2016-04-11,0.000000,0.000000,5.302982,0.023054
2016-04-12,0.000000,0.000000,8.415414,0.020870
2016-04-13,0.000000,0.000000,5.805930,0.022479
2016-04-14,0.000000,0.000000,6.192713,0.021285
2016-04-15,0.000000,0.000000,9.686686,0.022810
2016-04-16,0.000000,0.000000,1.099634,0.043181
2016-04-17,0.000000,0.000000,0.915498,0.004214
2016-04-18,0.000000,0.000000,0.624521,0.004165
2016-04-19,0.000000,0.000000,1.124927,0.083242
2016-04-20,0.000000,0.000000,1.067897,0.004334
2016-04-21,0.000000,0.000000,2.530058,0.084283
2016-04-22,0.000000,0.000000,10.858890,0.073689
2016-04-23,0.000000,0.000000,15.624059,0.045782
2016-04-24,0.000000,0.000000,13.577546,0.028508
2016-04-25,0.000000,0.000000,13.541457,0.033289
2016-04-26,0.000000,0.000000,15.133256,0.028533
2016-04-27,0.000000,0.000000,15.352267,0.041437
2016-04-28,0.003909,0.000000,12.012275,0.045099
2016-04-29,0.008985,0.000000,12.758807,0.029061
2016-04-30,0.003784,0.000000,6.135448,0.110750
2016-05-01,0.014617,0.000000,11.245764,0.047160
2016-05-02,0.342909,0.000000,8.489434,0.035990
2016-05-03,0.654036,0.000000,8.424525,0.035507
2016-05-04,0.592399,0.000000,9.926394,0.034337
2016-05-05,0.507226,0.000000,12.178381,0.028892
2016-05-06,0.632513,0.000000,15.018668,0.022347
2016-05-07,0.549345,0.000000,23.496578,0.028264
2016-05-08,1.055328,0.000078,26.352607,0.033916
2016-05-09,1.389932,0.000075,31.546490,0.028747
2016-05-10,14.373061,0.000233,21.382210,0.031081
2016-05-11,32.801474,0.000399,28.342267,0.022008
2016-05-12,29.561450,0.016548,26.218366,0.024607
2016-05-13,27.979390,0.064126,30.323720,0.023671
2016-05-14,62.469929,0.162417,36.154285,0.063451
2016-05-15,76.413548,0.251040,36.673183,0.161907
2016-05-16,53.158269,0.274728,22.646400,0.151751
2016-05-17,50.056362,0.256721,31.095632,0.132482
2016-05-18,42.478720,0.217079,30.783523,0.100140
2016-05-19,50.653994,0.229194,34.591912,0.209311
2016-05-20,46.102762,0.219930,33.436109,0.044866
2016-05-21,39.802901,0.156781,15.166774,0.056255
2016-05-22,22.751528,0.037037,17.505182,0.132883
2016-05-23,24.425255,0.017736,17.046778,0.466249
2016-05-24,26.638585,0.020268,20.560634,0.088510
2016-05-25,31.299208,0.032485,22.233556,0.327987
2016-05-26,22.248603,0.029169,16.126951,0.032680
2016-05-27,13.911609,0.010560,18.727968,0.043586
2016-05-28,14.895065,0.007388,23.739952,0.149369
2016-05-29,17.126682,0.009361,25.361924,0.249100
2016-05-30,19.337896,0.011970,19.423982,0.071761
2016-05-31,14.779666,0.032624,16.030769,0.041694
2016-06-01,29.391949,0.059830,17.699233,0.053329
2016-06-02,80.434035,0.202006,40.318281,0.420865
2016-06-03,107.610728,0.584713,41.700511,0.534016
2016-06-04,97.247066,0.487609,33.301679,0.675654
2016-06-05,82.727218,0.469951,29.206752,0.588455
2016-06-06,81.893413,0.449150,32.159926,0.597711
2016-06-07,93.213380,0.501767,34.749902,0.898450
2016-06-08,124.958441,0.711652,39.776572,1.130079
2016-06-09,346.047727,1.601656,81.039032,1.007533
2016-06-10,378.336213,2.517740,88.076219,0.991417
2016-06-11,193.953888,2.037019,47.060815,0.895309
2016-06-12,174.935348,1.318466,38.433081,0.944556
2016-06-13,100.426134,0.858025,47.270806,1.425196
2016-06-14,106.512431,0.651767,44.152875,1.365776
2016-06-15,94.883683,0.605625,44.317870,1.333473
2016-06-16,71.101688,0.496835,46.711826,1.105284
2016-06-17,77.371499,0.400093,34.918525,0.667819
2016-06-18,290.791645,1.380564,78.169296,1.377717
2016-06-19,263.234837,1.887380,74.558451,1.365635
2016-06-20,153.370652,1.356189,48.176051,1.729730
2016-06-21,105.320954,0.852498,41.398232,1.544881
2016-06-22,101.450562,0.750564,42.826171,1.538509
2016-06-23,112.532537,0.837812,46.572295,0.944952
2016-06-24,90.079817,0.701617,40.880051,0.958370
2016-06-25,88.793099,0.689750,43.028861,0.995997
2016-06-26,114.822592,0.828551,38.262130,0.819617
2016-06-27,119.769240,1.125692,43.691926,0.983712
2016-06-28,78.091386,0.931280,34.807006,0.679851
2016-06-29,89.360539,0.644444,38.970646,0.786901
2016-06-30,86.180048,0.796908,43.773467,1.198933
2016-07-01,67.728548,0.687427,37.064186,1.042745
2016-07-02,64.296408,0.667167,38.095049,0.979773
2016-07-03,69.588240,0.650304,40.126587,1.215238
2016-07-04,50.520578,0.629277,37.742632,1.291297
2016-07-05,45.809733,0.629112,31.648665,0.788585
2016-07-06,51.939197,0.695251,39.522332,1.244647
2016-07-07,49.895152,0.703455,42.231134,1.387461
2016-07-08,45.154310,0.705434,43.367218,1.439837
2016-07-09,43.914098,0.761748,36.536654,1.239425
2016-07-10,43.700725,0.700977,34.760791,1.211892
2016-07-11,52.982156,0.728555,35.095326,1.249172
2016-07-12,54.682049,0.816925,33.926274,0.815227
2016-07-13,67.129903,0.968541,33.282011,0.643624
2016-07-14,128.605094,1.306957,39.508381,0.923026
2016-07-15,92.568973,2.027278,31.691348,0.838977
2016-07-16,44.822438,1.884740,28.143943,0.736493
2016-07-17,25.205220,1.358909,35.494221,1.436371
2016-07-18,26.008714,1.099413,27.201538,1.333133
2016-07-19,28.293485,1.222717,26.948006,1.362200
2016-07-20,25.685557,1.226641,25.587526,1.347792
2016-07-21,26.161572,1.263622,26.343306,1.266733
2016-07-22,31.910189,1.740475,26.347323,1.111505
2016-07-23,22.830851,1.778195,29.076526,1.392693
2016-07-24,19.601563,1.477295,26.214795,1.352881
2016-07-25,18.372143,1.452407,25.301485,1.415837
2016-07-26,16.061857,1.517014,24.644260,1.418131
2016-07-27,16.663178,1.462238,24.820297,1.404631
2016-07-28,20.713333,1.401177,25.178126,1.416233
2016-07-29,16.463375,1.480123,23.675252,1.251335
2016-07-30,6.549287,1.259215,21.912459,1.276800
2016-07-31,6.299301,0.908372,20.793027,1.187127
2016-08-01,6.287628,0.923710,20.239956,1.259916
2016-08-02,5.537387,1.086982,21.882380,1.426125
2016-08-03,6.166580,1.245317,23.316278,1.499022
2016-08-04,3.551639,1.150305,18.467031,1.312417
2016-08-05,3.888661,1.002279,18.752316,1.313177
2016-08-06,5.437590,1.019855,19.275719,1.341571
2016-08-07,9.440819,1.156521,21.467052,1.425537
2016-08-08,4.529574,1.190812,22.299025,1.421477
2016-08-09,6.590379,1.024628,21.455022,0.700677
2016-08-10,8.619020,1.047864,15.991916,1.065844
2016-08-11,3.975606,1.192401,13.562281,1.175222
2016-08-12,7.281353,0.964355,15.729151,0.996839
2016-08-13,8.578485,0.679423,13.516130,1.124080
2016-08-14,4.996657,0.911632,24.076218,0.777980
2016-08-15,5.965978,2.334671,29.442862,1.346251
2016-08-16,5.379352,2.562759,15.892901,0.896428
2016-08-17,68.361922,2.724807,17.402144,1.001918
2016-08-18,6.456377,2.034593,16.595557,0.960017
2016-08-19,6.121729,1.243639,23.273760,0.965490
2016-08-20,1.291191,0.800516,13.558601,1.236945
2016-08-21,2.079188,0.809497,11.483519,0.851482
2016-08-22,2.669675,0.891892,11.762252,1.172720
2016-08-23,2.546663,0.833416,12.635679,1.164111
2016-08-24,2.683420,0.753880,11.593416,1.117759
2016-08-25,1.880413,0.719854,14.149804,1.158373
2016-08-26,1.306862,0.834133,10.915992,0.724440
2016-08-27,5.357381,1.110198,12.315258,0.753682
2016-08-28,0.934128,0.736687,11.006051,0.960851
2016-08-29,0.389330,0.594332,9.163287,0.884033
2016-08-30,0.209441,0.744029,9.296701,0.782069
2016-08-31,0.487629,0.750620,8.991085,0.818402
2016-09-01,0.541291,0.610280,9.080051,0.809025
2016-09-02,0.469297,0.596760,9.024803,0.786226
2016-09-03,0.566346,0.704858,8.920549,0.555455
2016-09-04,3.850362,0.965269,13.957551,0.571140
2016-09-05,0.001437,0.591445,7.837745,1.022760
2016-09-06,20.450480,0.426895,8.978981,0.390353
2016-09-07,0.250379,0.561153,7.310522,0.693412
2016-09-08,0.088754,0.568727,7.688014,0.955086
2016-09-09,5.166621,0.879856,13.926743,0.942686
2016-09-10,3.107577,1.082135,16.740224,0.914062
2016-09-11,0.006497,0.946791,6.220799,0.666322
2016-09-12,0.003308,0.513423,5.354181,0.610598
2016-09-13,25.313404,0.389544,10.607403,0.346032
2016-09-14,36.689887,1.047829,27.492628,0.784387
2016-09-15,1.033422,1.304773,7.687343,0.799755
2016-09-16,16.535964,1.012351,4.946527,0.467838
2016-09-17,0.015468,0.417971,3.479990,0.493937
2016-09-18,33.965662,0.147181,4.532709,0.254613
2016-09-19,16.143057,0.326179,2.897560,0.321616
2016-09-20,3.064189,0.231150,1.362373,0.090997
2016-09-21,2.851785,0.035053,1.253074,0.617214
2016-09-22,0.007873,0.011065,1.217030,0.083159
2016-09-23,0.001248,0.006850,1.209770,0.191422
2016-09-24,0.030649,0.014827,1.261724,0.079653
2016-09-25,0.211051,0.015856,1.983237,0.284993
2016-09-26,0.034159,0.014691,1.220931,0.450909
2016-09-27,0.001229,0.042753,1.124520,0.387504
2016-09-28,0.001256,0.040527,1.107730,0.083242
2016-09-29,0.012532,0.021509,1.121896,0.091795
2016-09-30,0.002735,0.017317,1.137692,0.351888
2016-10-01,0.145067,0.003696,1.068473,0.032185
2016-10-02,0.188979,0.000154,2.602892,0.326850
2016-10-03,40.233086,0.011799,15.642550,0.278288
2016-10-04,95.894822,0.370057,26.076473,0.248641
2016-10-05,51.477017,0.180937,15.404764,0.285886
2016-10-06,93.471434,0.516611,15.860482,0.233408
2016-10-07,113.488500,0.969531,15.401766,0.342179
2016-10-08,115.398690,1.252921,15.295245,0.398262
2016-10-09,0.930878,0.284782,3.334389,0.167309
2016-10-10,19.268709,0.012576,5.288274,0.032896
2016-10-11,12.649756,0.027653,3.646506,0.020961
2016-10-12,3.186490,0.011564,1.346466,0.059081
2016-10-13,0.670371,0.004606,0.982406,0.007969
2016-10-14,1.096741,0.001827,1.140595,0.008057
2016-10-15,3.701675,0.000000,7.665199,0.053001
2016-10-16,29.280961,0.022188,9.798986,0.068496
2016-10-17,15.228447,0.026071,2.572819,0.031665
2016-10-18,0.162887,0.004541,1.931128,0.010862
2016-10-19,0.595349,0.000000,1.564810,0.016281
2016-10-20,0.000177,0.000000,1.049221,0.007867
2016-10-21,7.879977,0.000000,1.503156,0.007986
2016-10-22,0.095938,0.000000,1.097874,0.007962
2016-10-23,0.000000,0.000000,1.074631,0.007871
2016-10-24,0.000113,0.000000,1.050163,0.007924
2016-10-25,0.000442,0.000000,1.059147,0.007840
2016-10-26,0.000003,0.000000,1.036258,0.007933
2016-10-27,0.000201,0.000000,1.026061,0.007800
2016-10-28,0.000001,0.000000,1.017895,0.007907
2016-10-29,0.000501,0.000000,1.010336,0.007789
2016-10-30,0.000002,0.000000,1.001970,0.007946
2016-10-31,0.000420,0.000000,1.244672,0.018137
2016-11-01,0.104729,0.000000,2.060393,0.012264
2016-11-02,0.000000,0.000000,0.971886,0.007820
2016-11-03,0.000000,0.000000,0.963901,0.007956
2016-11-04,0.000000,0.000000,2.165637,0.007922
2016-11-05,0.000000,0.000000,6.250786,0.010928
2016-11-06,0.000000,0.000000,2.824733,0.094781
2016-11-07,0.000000,0.000000,0.928650,0.007533
2016-11-08,0.000000,0.000000,0.925024,0.007866
2016-11-09,0.000000,0.000000,0.926472,0.007772
2016-11-10,0.000000,0.000000,0.905980,0.007688
2016-11-11,0.000000,0.000000,0.913747,0.007575
2016-11-12,0.000000,0.000000,0.900852,0.007802
2016-11-13,0.000000,0.000000,0.896809,0.007601
2016-11-14,0.000000,0.000000,0.911503,0.007599
2016-11-15,0.000000,0.000000,0.886315,0.007679
2016-11-16,0.000000,0.000000,0.878663,0.007663
2016-11-17,0.000000,0.000000,0.875072,0.007572
2016-11-18,0.000000,0.000000,0.872854,0.007604
2016-11-19,0.000000,0.000000,0.861462,0.007631
2016-11-20,0.000000,0.000000,0.855543,0.007605
2016-11-21,0.000000,0.000000,0.876464,0.007564
2016-11-22,0.000000,0.000000,0.860249,0.061645
2016-11-23,0.000000,0.000000,1.017208,0.028731
2016-11-24,0.000000,0.000000,0.829759,0.007540
2016-11-25,0.000000,0.000000,0.822592,0.007436
2016-11-26,0.000000,0.000000,1.029677,0.007681
2016-11-27,0.000000,0.000000,1.220165,0.007662
2016-11-28,0.000000,0.000000,0.805060,0.007425
2016-11-29,0.000000,0.000000,0.797628,0.007540
2016-11-30,0.000000,0.000000,0.793187,0.007555
2016-12-01,0.000001,0.000000,0.782313,0.007566
2016-12-02,0.000000,0.000000,0.780386,0.007484
2016-12-03,0.000000,0.000000,0.773529,0.007329
2016-12-04,0.000000,0.000000,0.818430,0.007727
2016-12-05,0.000000,0.000000,3.475923,0.008019
2016-12-06,0.878932,0.000000,15.031770,0.008235
2016-12-07,5.416280,0.000000,9.050752,0.007392
2016-12-08,0.000000,0.000000,1.048164,0.007335
2016-12-09,0.000000,0.000000,0.743002,0.007343
2016-12-10,0.000000,0.000000,0.902610,0.007304
2016-12-11,0.276219,0.000000,1.760483,0.007586
2016-12-12,1.051428,0.000000,0.880942,0.008382
2016-12-13,0.000000,0.000000,0.790374,0.007344
2016-12-14,0.000000,0.000000,0.739471,0.008680
2016-12-15,0.000000,0.000000,0.738533,0.007255
2016-12-16,0.000000,0.000000,0.736662,0.007404
2016-12-17,0.000000,0.000000,0.740513,0.007383
2016-12-18,0.000000,0.000000,0.730879,0.007365
2016-12-19,0.000000,0.000000,0.745280,0.014378
2016-12-20,0.000000,0.000000,0.726432,0.007383
2016-12-21,0.000000,0.000000,0.738131,0.007945
2016-12-22,0.000000,0.000000,0.728452,0.007042
2016-12-23,0.000000,0.000000,0.728015,0.007214
2016-12-24,0.000000,0.000000,0.728109,0.007392
2016-12-25,0.000000,0.000000,0.727891,0.006828
2016-12-26,0.000000,0.000000,0.717062,0.006899
2016-12-27,0.000000,0.000000,0.720305,0.007009
2016-12-28,0.000000,0.000000,0.714097,0.006983
2016-12-29,0.000000,0.000000,0.711184,0.006994
2016-12-30,0.000000,0.000000,0.705070,0.006795
2016-12-31,0.000000,0.000000,0.747730,0.006908
2017-01-01,0.000000,0.000000,1.859862,0.006928
2017-01-02,0.000000,0.000000,0.812580,0.006900
2017-01-03,0.000000,0.000000,0.696374,0.006812
2017-01-04,0.000000,0.000000,0.840462,0.006916
2017-01-05,0.000000,0.000000,0.682573,0.006932
2017-01-06,0.000000,0.000000,0.680773,0.006878
2017-01-07,0.000000,0.000000,0.675472,0.006969
2017-01-08,0.000000,0.000000,0.671972,0.006926
2017-01-09,0.000000,0.000000,0.665603,0.006708
2017-01-10,0.000000,0.000000,0.659685,0.006855
2017-01-11,0.000000,0.000000,0.652950,0.006865
2017-01-12,0.000000,0.000000,0.656228,0.006743
2017-01-13,0.000000,0.000000,0.643716,0.006704
2017-01-14,0.000000,0.000000,0.639593,0.006809
2017-01-15,0.000000,0.000000,0.646964,0.006682
2017-01-16,0.000000,0.000000,0.632108,0.006480
2017-01-17,0.000000,0.000000,0.630191,0.160587
2017-01-18,0.000000,0.000000,0.628702,0.006563
2017-01-19,0.000000,0.000000,0.617298,0.006730
2017-01-20,0.000000,0.000000,0.613538,0.006409
2017-01-21,0.000000,0.000000,0.609858,0.006444
2017-01-22,0.000000,0.000000,0.607138,0.006617
2017-01-23,0.000000,0.000000,0.675291,0.006506
2017-01-24,0.000000,0.000000,1.761737,0.006486
2017-01-25,0.000000,0.000000,0.597305,0.006570
2017-01-26,0.000000,0.000000,0.586749,0.006510
2017-01-27,0.000000,0.000000,0.584465,0.006412
2017-01-28,0.000000,0.000000,0.574576,0.006561
2017-01-29,0.000000,0.000000,0.573953,0.006432
2017-01-30,0.000000,0.000000,0.563783,0.006726
2017-01-31,0.000000,0.000000,0.567852,0.006409
2017-02-01,0.000000,0.000000,0.558202,0.006426
2017-02-02,0.000000,0.000000,0.555237,0.006509
2017-02-03,0.000000,0.000000,0.548063,0.006555
2017-02-04,0.000000,0.000000,0.552472,0.006669
2017-02-05,0.000000,0.000000,1.054923,0.006745
2017-02-06,0.000000,0.000000,0.555967,0.006618
2017-02-07,0.000000,0.000000,0.640815,0.006674
2017-02-08,0.000000,0.000000,0.553440,0.006731
2017-02-09,0.000000,0.000000,0.524703,0.006589
2017-02-10,0.000000,0.000000,0.523467,0.006683
2017-02-11,0.000000,0.000000,1.143445,0.006636
2017-02-12,0.000000,0.000000,1.401427,0.010351
2017-02-13,0.000000,0.000000,0.509468,0.006631
2017-02-14,0.000000,0.000000,0.506829,0.006565
2017-02-15,0.000000,0.000000,0.498783,0.006612
2017-02-16,0.000000,0.000000,0.499084,0.006621
2017-02-17,0.000000,0.000000,0.493872,0.006537
2017-02-18,0.000000,0.000000,0.500456,0.011121
2017-02-19,0.000000,0.000000,0.482136,0.006380
2017-02-20,0.000000,0.000000,0.487559,0.006313
2017-02-21,0.000000,0.000000,0.476389,0.006546
2017-02-22,0.000000,0.000000,0.483313,0.006520
2017-02-23,0.000000,0.000000,0.474245,0.006313
2017-02-24,0.000000,0.000000,0.463353,0.006403
2017-02-25,0.000000,0.000000,0.476096,0.006393
2017-02-26,0.000000,0.000000,0.462347,0.006146
2017-02-27,0.000000,0.000000,0.467224,0.006175
2017-02-28,0.000000,0.000000,0.512721,0.006391
2017-03-01,0.000000,0.000000,0.528621,0.006153
2017-03-02,0.000000,0.000000,0.449600,0.006356
2017-03-03,0.000000,0.000000,0.445751,0.006107
2017-03-04,0.000000,0.000000,0.446625,0.006261
2017-03-05,0.000000,0.000000,0.437930,0.006043
2017-03-06,0.000000,0.000000,0.438331,0.006056
2017-03-07,0.000000,0.000000,0.432884,0.006158
2017-03-08,0.000000,0.000000,0.435027,0.006097
2017-03-09,0.000000,0.000000,0.425935,0.006068
2017-03-10,0.000000,0.000000,0.425974,0.006137
2017-03-11,0.000000,0.000000,0.422695,0.005964
2017-03-12,0.000000,0.000000,0.423068,0.006101
2017-03-13,0.000000,0.000000,0.414866,0.006098
2017-03-14,0.000000,0.000000,0.413776,0.006102
2017-03-15,0.000000,0.000000,0.410086,0.006069
2017-03-16,0.000000,0.000000,0.404220,0.005988
2017-03-17,0.000000,0.000000,0.408257,0.006116
2017-03-18,0.000000,0.000000,0.402525,0.005893
2017-03-19,0.000000,0.000000,0.394294,0.006017
2017-03-20,0.000000,0.000000,0.395768,0.005638
2017-03-21,0.000000,0.000000,0.389538,0.005806
2017-03-22,0.000000,0.000000,0.396626,0.063804
2017-03-23,0.000000,0.000000,0.421230,0.005744
2017-03-24,0.000000,0.000000,0.382626,0.005747
2017-03-25,0.000000,0.000000,0.379847,0.005744
2017-03-26,0.000000,0.000000,0.378001,0.005756
2017-03-27,0.000000,0.000000,0.373365,0.005886
2017-03-28,0.000000,0.000000,0.370263,0.005739
2017-03-29,0.000000,0.000000,0.369006,0.005662
2017-03-30,0.000000,0.000000,0.367738,0.006286
2017-03-31,0.000000,0.000000,0.360259,0.005669
2017-04-01,0.000000,0.000000,0.417299,0.005751
2017-04-02,0.000000,0.000000,0.356420,0.006171
2017-04-03,0.000000,0.000000,0.355891,0.005664
2017-04-04,0.000000,0.000000,0.365795,0.005655
2017-04-05,0.000000,0.000000,0.358234,0.005573
2017-04-06,0.000000,0.000000,0.342413,0.005589
2017-04-07,0.000000,0.000000,0.347633,0.005550
2017-04-08,0.000000,0.000000,0.339573,0.005415
2017-04-09,0.000000,0.000000,0.347564,0.077500
2017-04-10,0.000000,0.000000,0.344732,0.005429
2017-04-11,0.000000,0.000000,0.380318,0.005331
2017-04-12,0.000000,0.000000,0.330583,0.005356
2017-04-13,0.000000,0.000000,0.329360,0.005251
2017-04-14,0.000000,0.000000,0.328088,0.005332
2017-04-15,0.000000,0.000000,0.325663,0.005268
2017-04-16,0.000000,0.000000,0.329496,0.005379
2017-04-17,0.000000,0.000000,0.331598,0.005288
2017-04-18,0.000000,0.000000,0.330134,0.005251
2017-04-19,0.000000,0.000000,0.315220,0.005292
2017-04-20,0.000000,0.000000,0.314466,0.006118
2017-04-21,0.000000,0.000000,0.310454,0.005281
2017-04-22,0.000000,0.000000,0.310316,0.006095
2017-04-23,0.000000,0.000000,0.308420,0.105591
2017-04-24,0.000000,0.000000,1.009255,0.020697
2017-04-25,0.000000,0.000000,6.284837,0.038850
2017-04-26,0.000000,0.000000,4.916934,0.036989
2017-04-27,0.000000,0.000000,0.310025,0.005200
2017-04-28,0.000000,0.000000,0.393913,0.005267
2017-04-29,0.000000,0.000000,1.126415,0.115795
2017-04-30,0.000000,0.000000,3.081018,0.036989
2017-05-01,0.000000,0.000000,5.246860,0.043693
2017-05-02,0.000000,0.000000,5.236039,0.052030
2017-05-03,1.916735,0.000000,36.204025,0.026199
2017-05-04,8.448844,0.000000,27.918666,0.020071
2017-05-05,35.719418,0.000000,22.120189,0.018013
2017-05-06,27.019899,0.000000,20.562516,0.023752
2017-05-07,35.877421,0.008602,16.547242,0.028366
2017-05-08,40.430604,0.016119,22.637735,0.026098
2017-05-09,82.314869,0.065794,38.379132,0.035167
2017-05-10,37.674031,0.056545,17.502310,0.039910
2017-05-11,24.541208,0.019447,17.433530,0.033149
2017-05-12,2.722222,0.004156,2.907649,0.043021
2017-05-13,2.568978,0.000000,11.262660,0.098425
2017-05-14,22.193110,0.003027,14.229441,0.054972
2017-05-15,53.643489,0.028416,24.515523,0.025276
2017-05-16,51.998571,0.063978,24.536558,0.025565
2017-05-17,46.444204,0.089493,25.711734,0.063163
2017-05-18,44.479658,0.120439,34.561331,0.171505
2017-05-19,68.760361,0.236519,14.964194,0.329992
2017-05-20,90.477075,0.367695,22.762594,0.446617
2017-05-21,116.846597,0.532095,29.390020,0.561226
2017-05-22,103.445517,0.748226,26.975602,0.572115
2017-05-23,79.551160,0.580975,28.339949,0.510747
2017-05-24,84.784628,0.516974,20.495643,0.272287
2017-05-25,72.049571,0.531668,21.189085,0.642906
2017-05-26,49.660717,0.335713,29.545319,0.658715
2017-05-27,37.140982,0.196061,23.807595,1.299482
2017-05-28,33.732820,0.101162,20.806241,0.536722
2017-05-29,66.591210,0.215951,23.566615,0.808410
2017-05-30,38.722030,0.248502,28.469579,0.455026
2017-05-31,18.360843,0.091677,20.752067,0.624164
2017-06-01,49.400805,0.137593,27.094391,0.947678
2017-06-02,72.586214,0.303003,27.742101,0.456287
2017-06-03,77.452535,0.457744,31.546275,0.936691
2017-06-04,72.632185,0.446706,33.444616,0.887148
2017-06-05,73.728121,0.486187,37.005182,0.990663
2017-06-06,68.316358,0.466805,42.360723,1.218089
2017-06-07,77.074822,0.449352,47.410433,1.322584
2017-06-08,71.814985,0.459502,41.078263,1.208010
2017-06-09,71.430026,0.431335,39.220693,0.874841
2017-06-10,71.688857,0.399801,37.503201,0.896173
2017-06-11,65.329985,0.381212,39.664061,0.946111
2017-06-12,56.454556,0.421702,40.484357,1.208462
2017-06-13,61.527746,0.497262,34.505381,0.924777
2017-06-14,81.332038,0.659558,39.147930,1.115491
2017-06-15,84.088848,0.713784,35.250531,1.056126
2017-06-16,72.643256,0.770693,40.006049,1.304854
2017-06-17,59.670772,0.671898,40.491254,1.247619
2017-06-18,61.403071,0.567245,42.350910,1.431528
2017-06-19,54.762182,0.528136,35.813082,0.945961
2017-06-20,86.098318,0.672203,34.447272,1.214435
2017-06-21,72.801629,0.858217,31.913811,0.912704
2017-06-22,62.488229,0.931283,36.480941,1.402978
2017-06-23,41.108597,0.851506,39.392242,1.475773
2017-06-24,42.216475,0.854728,38.447652,1.577631
2017-06-25,44.771542,0.879145,37.994334,1.561255
2017-06-26,36.577933,0.879103,40.868060,1.533031
2017-06-27,38.133106,0.874398,35.761535,1.043633
2017-06-28,40.090699,0.840799,38.132530,0.956820
2017-06-29,37.406559,1.007076,36.823909,0.829592
2017-06-30,37.762750,0.988063,36.676109,0.771874
2017-07-01,36.323959,0.857392,37.872447,0.756124
2017-07-02,38.737201,0.982202,40.867081,0.952609
2017-07-03,21.229258,1.036978,38.666142,0.777712
2017-07-04,34.456184,0.751762,29.025245,0.666172
2017-07-05,92.127381,0.375504,26.328377,0.461371
2017-07-06,182.804667,1.600527,32.906352,0.960332
2017-07-07,28.644170,2.034133,28.873212,1.210761
2017-07-08,14.634206,1.384377,29.228613,0.944413
2017-07-09,20.238819,1.195764,24.227770,1.203914
2017-07-10,16.563810,1.184654,22.955904,1.226492
2017-07-11,14.836247,1.133441,27.234863,1.192205
2017-07-12,20.323059,1.118301,24.595766,1.273722
2017-07-13,8.438340,0.992072,30.128588,0.882156
2017-07-14,76.767197,1.510022,33.355499,1.488331
2017-07-15,24.234022,2.111631,18.997693,1.103025
2017-07-16,22.081070,1.524480,19.328393,0.930879
2017-07-17,8.259977,1.120136,17.773777,1.132101
2017-07-18,11.262781,1.163075,19.300643,1.211341
2017-07-19,31.394056,1.030832,21.079739,0.921814
2017-07-20,28.688569,1.154878,19.130805,1.338505
2017-07-21,12.491299,1.119786,23.913170,1.309499
2017-07-22,15.943992,1.189236,19.036974,1.250926
2017-07-23,15.086448,1.406085,22.914972,1.465007
2017-07-24,113.374572,2.072182,43.277986,1.102124
2017-07-25,48.805399,3.248587,23.125812,1.516375
2017-07-26,94.637855,3.981814,64.863508,1.937847
2017-07-27,20.479091,2.834711,19.491535,1.558214
2017-07-28,7.917596,1.551956,18.465844,1.453240
2017-07-29,6.707571,1.294483,19.716859,1.451192
2017-07-30,7.336078,1.511386,20.163792,1.434602
2017-07-31,6.762682,1.363640,18.110488,1.367271
2017-08-01,6.974277,1.163180,17.735251,1.342850
2017-08-02,5.538895,1.124766,17.430602,1.310360
2017-08-03,4.674699,1.097402,17.466019,1.298973
2017-08-04,3.502981,1.104432,16.428797,1.282574
2017-08-05,2.517553,1.009245,15.981804,1.219460
2017-08-06,2.717196,0.968674,17.303528,1.373121
2017-08-07,40.200153,0.824888,23.785225,0.982535
2017-08-08,4.301905,0.540047,18.568178,1.533518
2017-08-09,2.362054,0.609381,14.914643,0.887192
2017-08-10,2.797017,0.761758,17.934040,1.512339
2017-08-11,2.209960,0.966314,13.849182,1.316489
2017-08-12,1.805423,0.865401,11.803974,1.228438
2017-08-13,3.193054,0.873276,13.032925,1.291782
2017-08-14,2.968659,0.880935,13.822173,1.302920
2017-08-15,2.289634,0.830971,12.728944,1.228532
2017-08-16,2.477824,0.824161,12.539451,1.222558
2017-08-17,2.089683,0.868236,12.467999,1.166550
2017-08-18,1.592012,0.692675,12.219838,0.518416
2017-08-19,1.183032,0.577960,14.226395,0.934788
2017-08-20,2.829159,0.608442,14.298480,0.812767
2017-08-21,20.597050,0.456659,16.707341,0.685256
2017-08-22,53.662864,0.618118,22.561727,0.762399
2017-08-23,17.540663,0.960464,19.913109,1.019547
2017-08-24,2.221443,0.806259,13.135086,1.166549
2017-08-25,1.320221,0.693217,10.841953,0.434773
2017-08-26,3.457072,0.742916,11.777623,0.889785
2017-08-27,11.867541,0.958898,18.372411,0.937571
2017-08-28,0.869580,0.702019,10.197553,1.021114
2017-08-29,4.496055,0.641659,13.069229,1.045587
2017-08-30,5.007769,0.683859,15.430387,1.086156
2017-08-31,5.340483,0.760069,13.276761,1.090228
2017-09-01,4.031611,0.808020,14.148613,1.106034
2017-09-02,1.491992,0.690187,12.624419,0.963122
2017-09-03,0.026116,0.759243,8.057469,0.795129
2017-09-04,0.003098,0.722817,6.422657,0.631603
2017-09-05,0.050892,0.507723,8.117968,0.665652
2017-09-06,0.041589,0.354133,12.254679,0.723877
2017-09-07,0.022997,0.322653,9.292330,0.759196
2017-09-08,0.002911,0.273738,10.255795,0.687551
2017-09-09,7.172503,0.397302,8.639059,0.654978
2017-09-10,0.008847,0.495418,8.072013,0.419505
2017-09-11,76.601836,0.459937,13.449586,0.426995
2017-09-12,20.787612,0.676662,9.908862,0.952057
2017-09-13,3.346356,0.359272,5.344845,0.805691
2017-09-14,43.246352,0.280616,14.524394,0.475694
2017-09-15,77.956677,1.122779,19.287932,0.742219
2017-09-16,5.388117,0.519657,18.992499,0.790371
2017-09-17,13.409867,0.495671,11.831683,0.407402
2017-09-18,1.590246,0.622099,3.675279,0.596138
2017-09-19,0.015369,0.516381,1.920508,0.547881
2017-09-20,0.009469,0.441187,2.609373,0.537675
2017-09-21,0.929610,0.264680,2.651189,0.355820
2017-09-22,1.693440,0.315754,2.526781,0.469673
2017-09-23,16.431200,0.180092,3.000525,0.360440
2017-09-24,1.477996,0.045146,1.637576,0.418172
2017-09-25,109.454698,0.182507,31.679535,0.146322
2017-09-26,143.487792,1.078255,33.956256,0.214378
2017-09-27,2.691762,0.302866,1.650919,0.101117
2017-09-28,3.636931,0.014479,1.795721,0.163488
2017-09-29,0.296342,0.004427,1.310259,0.010183
2017-09-30,0.102791,0.001036,1.333540,0.009731
2017-10-01,0.000400,0.000134,1.297886,0.009522
2017-10-02,0.007727,0.000026,1.530304,0.024616
2017-10-03,0.000230,0.000005,1.297937,0.151952
2017-10-04,0.000019,0.000001,1.285825,0.065656
2017-10-05,0.012074,0.000000,2.152387,0.073968
2017-10-06,2.284440,0.000000,4.326941,0.070798
2017-10-07,8.462806,0.000000,2.776924,0.041776
2017-10-08,2.032510,0.000000,1.921514,0.089034
2017-10-09,0.993596,0.000000,1.899649,0.104696
2017-10-10,5.777767,0.000000,1.924770,0.009877
2017-10-11,1.343873,0.000000,1.924254,0.009855
2017-10-12,9.286365,0.000000,3.824996,0.015148
2017-10-13,4.230003,0.000000,1.336543,0.009741
2017-10-14,0.362941,0.000000,1.264072,0.009420
2017-10-15,0.002066,0.000000,1.265428,0.009750
2017-10-16,6.427998,0.000000,3.411586,0.047154
2017-10-17,30.841430,0.005238,7.854541,0.017547
2017-10-18,1.145063,0.000000,1.611406,0.074984
2017-10-19,0.000403,0.000000,1.310298,0.019773
2017-10-20,0.000005,0.000000,1.303266,0.020623
2017-10-21,0.016683,0.000000,1.413367,0.006730
2017-10-22,0.001549,0.000000,1.334275,0.009325
2017-10-23,3.427022,0.000000,1.471538,0.092958
2017-10-24,0.013055,0.000000,1.362478,0.056911
2017-10-25,0.000000,0.000000,1.331154,0.009185
2017-10-26,1.155616,0.000000,13.372645,0.041440
2017-10-27,22.454750,0.028067,1.811470,0.068896
2017-10-28,1.318466,0.000000,1.388300,0.009147
2017-10-29,0.043253,0.000000,1.359227,0.038658
2017-10-30,0.050778,0.000000,1.392704,0.009206
2017-10-31,0.050364,0.000000,1.371505,0.009096
2017-11-01,0.161897,0.000000,2.319116,0.018221
2017-11-02,1.079399,0.000000,1.322559,0.009118
2017-11-03,0.000675,0.000000,1.311733,0.009037
2017-11-04,0.000702,0.000000,1.308604,0.009057
2017-11-05,0.001471,0.000000,1.318686,0.009148
2017-11-06,0.000000,0.000000,1.300966,0.009109
2017-11-07,0.000000,0.000000,1.294954,0.009001
2017-11-08,0.000000,0.000000,1.283832,0.009062
2017-11-09,0.000000,0.000000,1.282899,0.008962
2017-11-10,0.000000,0.000000,1.273722,0.009020
2017-11-11,0.000000,0.000000,1.277897,0.008977
2017-11-12,0.000000,0.000000,1.262523,0.009121
2017-11-13,0.000000,0.000000,1.250013,0.008887
2017-11-14,0.000000,0.000000,1.249196,0.008933
2017-11-15,0.000000,0.000000,1.241991,0.008926
2017-11-16,0.000000,0.000000,1.239424,0.008737
2017-11-17,0.000000,0.000000,1.225049,0.008657
2017-11-18,0.000000,0.000000,1.223236,0.008687
2017-11-19,0.000000,0.000000,1.214741,0.008624
2017-11-20,0.000000,0.000000,1.205378,0.008524
2017-11-21,0.000000,0.000000,1.198310,0.008587
2017-11-22,0.000000,0.000000,1.195648,0.008574
2017-11-23,0.000000,0.000000,1.183252,0.008525
2017-11-24,0.000000,0.000000,1.177112,0.008594
2017-11-25,0.000000,0.000000,3.194297,0.008705
2017-11-26,0.000000,0.000000,1.542790,0.008434
2017-11-27,0.000000,0.000000,1.160174,0.008495
2017-11-28,0.000000,0.000000,4.053838,0.010138
2017-11-29,0.000000,0.000000,11.707982,0.009750
2017-11-30,0.000000,0.000000,5.197462,0.011499
2017-12-01,0.000000,0.000000,1.369481,0.008436
2017-12-02,0.000000,0.000000,1.114518,0.008389
2017-12-03,0.000000,0.000000,1.105848,0.008452
2017-12-04,0.000000,0.000000,1.104459,0.008352
2017-12-05,0.000000,0.000000,1.100720,0.008357
2017-12-06,0.000000,0.000000,1.096780,0.008301
2017-12-07,0.000000,0.000000,1.091085,0.008417
2017-12-08,0.000000,0.000000,1.087810,0.008425
2017-12-09,0.000000,0.000000,1.860700,0.008349
2017-12-10,0.000000,0.000000,1.367197,0.008265
2017-12-11,0.000000,0.000000,1.085981,0.008518
2017-12-12,0.000000,0.000000,1.071192,0.008162
2017-12-13,0.000000,0.000000,1.062197,0.008300
2017-12-14,0.000000,0.000000,1.057721,0.008107
2017-12-15,0.000000,0.000000,1.051383,0.008175
2017-12-16,0.000000,0.000000,1.048466,0.007974
2017-12-17,0.000000,0.000000,1.040110,0.008111
2017-12-18,0.000000,0.000000,1.036727,0.008244
2017-12-19,0.000000,0.000000,1.032660,0.007913
2017-12-20,0.000000,0.000000,1.023666,0.008059
2017-12-21,0.000000,0.000000,1.018403,0.008095
2017-12-22,0.000000,0.000000,1.013566,0.007978
2017-12-23,0.000000,0.000000,1.009770,0.008173
2017-12-24,0.000000,0.000000,0.999901,0.007915
2017-12-25,0.000000,0.000000,0.998596,0.007913
2017-12-26,0.000000,0.000000,0.988818,0.008045
2017-12-27,0.000000,0.000000,0.985087,0.008210
2017-12-28,0.000000,0.000000,0.976320,0.007943
2017-12-29,0.000000,0.000000,0.970651,0.007855
2017-12-30,0.000000,0.000000,0.966521,0.008128
2017-12-31,0.000000,0.000000,0.958125,0.007885
2018-01-01,0.000000,0.000000,0.952576,0.007800
2018-01-02,0.000000,0.000000,0.946574,0.007745
2018-01-03,0.000000,0.000000,0.942698,0.007919
2018-01-04,0.000000,0.000000,0.935772,0.007758
2018-01-05,0.000000,0.000000,0.921838,0.007940
2018-01-06,0.000000,0.000000,0.921938,0.007819
2018-01-07,0.000000,0.000000,0.913555,0.007982
2018-01-08,0.000000,0.000000,0.908281,0.007709
2018-01-09,0.000000,0.000000,0.926904,0.007836
2018-01-10,0.000000,0.000000,1.132803,0.007931
2018-01-11,0.000000,0.000000,0.890431,0.007684
2018-01-12,0.000000,0.000000,0.878634,0.007861
2018-01-13,0.000000,0.000000,0.875580,0.007825
2018-01-14,0.000000,0.000000,0.869588,0.007456
2018-01-15,0.000000,0.000000,0.863750,0.007480
2018-01-16,0.000000,0.000000,0.855740,0.007636
2018-01-17,0.000000,0.000000,0.849759,0.007491
2018-01-18,0.000000,0.000000,0.841843,0.007591
2018-01-19,0.000000,0.000000,0.838717,0.007382
2018-01-20,0.000000,0.000000,0.834757,0.007392
2018-01-21,0.000000,0.000000,0.821621,0.007373
2018-01-22,0.000000,0.000000,0.818942,0.007235
2018-01-23,0.000000,0.000000,0.811896,0.007257
2018-01-24,0.000000,0.000000,0.803342,0.007380
2018-01-25,0.000000,0.000000,0.799507,0.007329
2018-01-26,0.000000,0.000000,0.794036,0.007445
2018-01-27,0.000000,0.000000,0.787154,0.007104
2018-01-28,0.000000,0.000000,0.779123,0.007228
2018-01-29,0.000000,0.000000,0.776759,0.007279
2018-01-30,0.000000,0.000000,0.767180,0.007158
2018-01-31,0.000000,0.000000,0.762786,0.007343
2018-02-01,0.000000,0.000000,0.782182,0.007120
2018-02-02,0.000000,0.000000,0.750959,0.007265
2018-02-03,0.000000,0.000000,0.745199,0.007262
2018-02-04,0.000000,0.000000,0.771295,0.007269
2018-02-05,0.000000,0.000000,0.734147,0.007120
2018-02-06,0.000000,0.000000,0.726973,0.007185
2018-02-07,0.000000,0.000000,0.730863,0.007210
2018-02-08,0.000000,0.000000,0.708912,0.007261
2018-02-09,0.000000,0.000000,0.712805,0.006963
2018-02-10,0.000000,0.000000,0.707581,0.007125
2018-02-11,0.000000,0.000000,0.698983,0.007616
2018-02-12,0.000000,0.000000,0.694999,0.007121
2018-02-13,0.000000,0.000000,0.687080,0.007069
2018-02-14,0.000000,0.000000,0.684858,0.007043
2018-02-15,0.000000,0.000000,0.675832,0.007016
2018-02-16,0.000000,0.000000,0.671863,0.006895
2018-02-17,0.000000,0.000000,0.664388,0.006933
2018-02-18,0.000000,0.000000,0.659314,0.006758
2018-02-19,0.000000,0.000000,0.653395,0.007014
2018-02-20,0.000000,0.000000,0.647555,0.006813
2018-02-21,0.000000,0.000000,0.642660,0.006823
2018-02-22,0.000000,0.000000,0.638164,0.006766
2018-02-23,0.000000,0.000000,0.632815,0.006771
2018-02-24,0.000000,0.000000,0.634178,0.006687
2018-02-25,0.000000,0.000000,0.626758,0.006801
2018-02-26,0.000000,0.000000,0.617863,0.006940
2018-02-27,0.000000,0.000000,0.611354,0.006859
2018-02-28,0.000000,0.000000,0.602869,0.032081
2018-03-01,0.000000,0.000000,0.600431,0.006711
2018-03-02,0.000000,0.000000,0.596135,0.006718
2018-03-03,0.000000,0.000000,0.587693,0.006700
2018-03-04,0.000000,0.000000,0.585802,0.006729
2018-03-05,0.000000,0.000000,0.577234,0.006577
2018-03-06,0.000000,0.000000,0.575878,0.006942
2018-03-07,0.000000,0.000000,0.568968,0.006635
2018-03-08,0.000000,0.000000,0.561374,0.006814
2018-03-09,0.000000,0.000000,0.561449,0.006640
2018-03-10,0.000000,0.000000,0.553206,0.006866
2018-03-11,0.000000,0.000000,0.546608,0.006528
2018-03-12,0.000000,0.000000,0.545085,0.006730
2018-03-13,0.000000,0.000000,0.540704,0.006630
2018-03-14,0.000000,0.000000,0.532969,0.006665
2018-03-15,0.000000,0.000000,0.532459,0.006554
2018-03-16,0.000000,0.000000,0.518854,0.006822
2018-03-17,0.000000,0.000000,3.680079,0.006486
2018-03-18,0.000000,0.000000,7.778528,0.017387
2018-03-19,0.000000,0.000000,8.761738,0.058239
2018-03-20,0.000000,0.000000,2.943025,0.036183
2018-03-21,0.000000,0.000000,1.141467,0.006855
2018-03-22,0.000000,0.000000,0.497540,0.006664
2018-03-23,0.000000,0.000000,0.496692,0.006492
2018-03-24,0.000000,0.000000,0.491205,0.006600
2018-03-25,0.000000,0.000000,0.485272,0.006588
2018-03-26,0.000000,0.000000,0.482084,0.006476
2018-03-27,0.000000,0.000000,0.478174,0.006754
2018-03-28,0.000000,0.000000,0.781081,0.006583
2018-03-29,0.000000,0.000000,0.746298,0.006451
2018-03-30,0.000000,0.000000,0.787122,0.006678
2018-03-31,0.000000,0.000000,1.152725,0.006579
2018-04-01,0.000000,0.000000,0.975424,0.006610
2018-04-02,0.000000,0.000000,1.114800,0.006830
2018-04-03,0.000000,0.000000,0.829911,0.006613
2018-04-04,0.000000,0.000000,0.454197,0.006545
2018-04-05,0.000000,0.000000,0.829790,0.006650
2018-04-06,0.000000,0.000000,0.685762,0.006742
2018-04-07,0.000000,0.000000,0.444090,0.006531
2018-04-08,0.000000,0.000000,0.451569,0.006419
2018-04-09,0.000000,0.000000,0.436757,0.006647
2018-04-10,0.000000,0.000000,0.431779,0.006992
2018-04-11,0.000000,0.000000,0.500284,0.006436
2018-04-12,0.000000,0.000000,0.473333,0.026426
2018-04-13,0.000000,0.000000,0.430302,0.006762
2018-04-14,0.000000,0.000000,0.437908,0.006692
2018-04-15,0.000000,0.000000,0.432157,0.006421
2018-04-16,0.000000,0.000000,10.090673,0.085103
2018-04-17,0.140252,0.000000,27.200838,0.035318
2018-04-18,2.158612,0.000000,11.102859,0.034867
2018-04-19,3.346569,0.000000,10.931154,0.041421
2018-04-20,18.971760,0.000000,12.824039,0.022657
2018-04-21,6.442899,0.000000,10.599354,0.054602
2018-04-22,13.266581,0.000000,6.172594,0.077936
2018-04-23,2.129287,0.000000,4.233003,0.177812
2018-04-24,1.484725,0.000000,3.900498,0.085698
2018-04-25,8.331428,0.000000,4.965044,0.245279
2018-04-26,1.296652,0.000000,3.096498,0.069904
2018-04-27,1.158023,0.000000,8.433112,0.101166
2018-04-28,1.090642,0.000000,3.454817,0.069155
2018-04-29,0.857825,0.000000,1.293435,0.305522
2018-04-30,0.796834,0.000000,3.051078,0.110415
2018-05-01,0.729386,0.000000,1.315087,0.007045
2018-05-02,0.651573,0.000000,0.504504,0.007023
2018-05-03,0.603558,0.000000,1.561505,0.007042
2018-05-04,0.555418,0.000000,2.208555,0.006896
2018-05-05,0.544573,0.000000,8.691602,0.007055
2018-05-06,0.533842,0.000000,5.428915,0.069777
2018-05-07,0.505855,0.000000,7.954267,0.065265
2018-05-08,0.483913,0.000000,11.845223,0.007072
2018-05-09,0.490990,0.000000,10.905808,0.006670
2018-05-10,0.482200,0.000000,9.607543,0.087058
2018-05-11,0.453237,0.000000,12.364640,0.050728
2018-05-12,0.454063,0.000000,3.370007,0.157375
2018-05-13,0.448609,0.000000,6.461637,0.048239
2018-05-14,1.300697,0.000000,0.965325,0.126371
2018-05-15,1.259541,0.000000,0.906275,0.100565
2018-05-16,0.672228,0.000000,1.006802,0.032084
2018-05-17,10.177005,0.000000,1.411502,0.208643
2018-05-18,4.155701,0.000000,0.964196,0.181094
2018-05-19,2.016508,0.000000,1.136346,0.065693
2018-05-20,2.626874,0.000000,1.120126,0.067686
2018-05-21,0.652446,0.000000,1.780318,0.091853
2018-05-22,1.500377,0.000000,4.192237,0.059277
2018-05-23,9.922627,0.000000,4.162588,0.063617
2018-05-24,7.684360,0.000000,6.540441,0.055238
2018-05-25,0.519606,0.000000,3.177564,0.080408
2018-05-26,9.350695,0.000000,6.167750,0.046512
2018-05-27,13.794157,0.000000,6.996954,0.049489
2018-05-28,8.302635,0.000000,6.895392,0.036042
2018-05-29,18.977913,0.000000,10.990146,0.026802
2018-05-30,21.724947,0.000000,12.803546,0.035759
2018-05-31,30.599312,0.000000,21.437045,0.035415
2018-06-01,17.497941,0.000000,34.614212,0.084081
2018-06-02,38.969426,0.016742,36.898675,0.330602
2018-06-03,60.249199,0.028326,40.602933,0.278943
2018-06-04,85.594143,0.089538,35.053604,0.326838
2018-06-05,77.746708,0.187137,72.509714,0.807485
2018-06-06,323.575533,1.679362,83.694227,1.058852
2018-06-07,98.013690,0.980125,23.716961,0.617976
2018-06-08,82.646863,0.512838,22.042273,0.526699
2018-06-09,94.677959,0.535331,30.935239,0.629513
2018-06-10,91.976714,0.524900,25.029790,0.416459
2018-06-11,107.995015,0.658411,30.286580,0.436205
2018-06-12,113.441928,0.787573,28.234201,0.500736
2018-06-13,76.228107,0.556198,33.566793,0.441545
2018-06-14,77.046738,0.475976,26.357685,0.333673
2018-06-15,84.341423,0.509614,35.906621,0.659797
2018-06-16,72.664024,0.440571,36.577190,0.613658
2018-06-17,65.112532,0.392053,39.261001,0.328294
2018-06-18,79.561708,0.426737,39.806479,0.423981
2018-06-19,85.423074,0.491540,43.548975,0.467638
2018-06-20,56.724667,0.393723,34.705925,0.300584
2018-06-21,109.156839,0.558171,31.476796,0.427335
2018-06-22,75.094566,0.494342,25.665321,0.346727
2018-06-23,101.922022,0.623540,26.382978,0.520025
2018-06-24,66.969300,0.511004,25.889590,0.386622
2018-06-25,86.911719,0.505492,31.840819,0.665685
2018-06-26,101.756280,0.599958,31.965608,0.589714
2018-06-27,78.643817,0.532959,35.527013,0.542257
2018-06-28,131.625015,0.691610,28.076297,0.427455
2018-06-29,123.294648,0.968584,26.239220,0.795315
2018-06-30,49.975692,0.550071,26.828993,0.575382
2018-07-01,94.709672,0.636220,35.196016,0.598460
2018-07-02,95.610672,0.909639,31.946127,0.571577
2018-07-03,61.513424,0.630329,28.780768,0.814549
2018-07-04,52.246445,0.510076,27.654622,0.609257
2018-07-05,74.247638,0.604887,27.304974,0.618477
2018-07-06,84.600261,0.738848,31.286904,0.744740
2018-07-07,64.751806,0.609758,30.936983,0.624089
2018-07-08,91.462272,0.765254,29.315282,0.614575
2018-07-09,61.097417,0.701231,25.257967,0.835249
2018-07-10,53.062011,0.645533,26.783807,0.883865
2018-07-11,61.261276,0.617111,30.481308,0.854499
2018-07-12,69.989780,0.759142,36.771755,1.111754
2018-07-13,76.949875,0.987790,35.248885,0.890835
2018-07-14,68.681970,0.907703,38.285510,0.938145
2018-07-15,108.852057,1.291693,47.087586,1.048654
2018-07-16,55.527358,1.039194,42.767126,0.967122
2018-07-17,64.109508,1.064256,41.142589,1.062335
2018-07-18,61.165403,1.038530,41.168616,1.086305
2018-07-19,63.630207,0.768069,32.881270,0.586464
2018-07-20,42.926231,0.978919,36.782024,1.231883
2018-07-21,24.268115,1.183768,32.054233,0.864973
2018-07-22,23.968062,1.076860,34.257858,1.075132
2018-07-23,26.333349,1.175452,35.008537,1.189952
2018-07-24,14.791950,1.038398,32.560351,0.723923
2018-07-25,18.006681,1.498204,28.334113,1.207108
2018-07-26,13.282048,1.280123,24.435374,1.097821
2018-07-27,17.280607,1.055173,27.148949,1.208591
2018-07-28,19.657970,0.966586,30.114893,1.127763
2018-07-29,30.587447,1.100164,33.189105,1.282616
2018-07-30,39.580513,2.485771,36.945005,1.059685
2018-07-31,20.997643,2.055172,36.251246,1.001898
2018-08-01,30.842861,1.613702,35.317113,0.986354
2018-08-02,20.572293,1.770025,33.371941,0.950191
2018-08-03,17.791017,1.324502,26.656034,1.143541
2018-08-04,5.747380,1.064588,25.502164,1.284371
2018-08-05,6.352911,1.014175,24.482474,1.223344
2018-08-06,7.521276,0.929799,24.049343,1.248489
2018-08-07,7.077660,0.958767,24.044114,1.249224
2018-08-08,7.639144,0.950457,24.881622,1.324668
2018-08-09,6.432656,1.028951,24.757705,1.343493
2018-08-10,5.901522,1.256412,21.357491,1.170469
2018-08-11,5.192013,1.241443,21.919196,1.181105
2018-08-12,14.033840,2.084964,23.138058,0.486312
2018-08-13,25.872279,3.155058,32.887072,1.203675
2018-08-14,68.796915,3.435049,40.523736,0.958567
2018-08-15,2.524558,2.095316,19.098426,1.147827
2018-08-16,15.142478,1.316836,20.696109,0.769496
2018-08-17,3.413462,1.014472,14.428902,1.143853
2018-08-18,1.452113,0.830320,16.497911,1.098998
2018-08-19,1.445438,0.706133,12.633482,0.975816
2018-08-20,1.460673,0.675723,11.203413,1.040102
2018-08-21,10.358022,0.590839,12.356844,0.611938
2018-08-22,0.373417,0.435064,11.791424,1.248544
2018-08-23,0.222353,0.849267,10.199459,1.117060
2018-08-24,0.062945,0.646787,12.106247,0.684432
2018-08-25,17.209505,0.477494,8.974283,0.325628
2018-08-26,9.462747,0.439131,8.551733,0.502978
2018-08-27,0.738131,0.689933,6.812589,0.864653
2018-08-28,0.007341,0.649800,5.922021,1.039300
2018-08-29,5.639589,0.441421,13.102015,0.424285
2018-08-30,78.808015,0.188756,20.963673,0.675129
2018-08-31,44.832704,0.313861,6.364232,1.122548
2018-09-01,13.405271,0.379546,3.128084,0.941520
2018-09-02,1.626982,0.340666,5.419798,1.202272
2018-09-03,10.908202,0.314440,5.675393,0.341629
2018-09-04,2.312836,0.397734,3.845993,1.358797
2018-09-05,119.820837,0.531716,20.893465,0.476630
2018-09-06,80.558457,0.286673,24.035905,0.609134
2018-09-07,59.646751,0.550574,11.687362,0.527491
2018-09-08,37.554050,0.402257,14.318376,0.496164
2018-09-09,18.418337,0.240618,10.038035,0.683271
2018-09-10,14.361456,0.102348,4.507104,1.036911
2018-09-11,6.568838,0.024948,4.196509,0.738093
2018-09-12,13.877028,0.049356,3.854679,0.361518
2018-09-13,13.828303,0.097792,4.025995,0.932824
2018-09-14,25.503311,0.149192,7.634237,0.119932
2018-09-15,23.593593,0.232840,5.874913,0.294089
2018-09-16,15.539738,0.232241,5.228494,0.130115
2018-09-17,41.131350,0.177543,6.784813,0.285538
2018-09-18,20.670735,0.385736,5.903611,0.333198
2018-09-19,3.838179,0.187757,2.231413,0.144384
2018-09-20,0.762379,0.062558,2.209659,0.091471
2018-09-21,0.039466,0.015663,2.190283,0.071514
2018-09-22,0.011963,0.003079,2.187954,0.048851
2018-09-23,4.968520,0.000358,2.346261,0.053084
2018-09-24,3.078278,0.000000,2.203015,0.096420
2018-09-25,0.268305,0.000000,2.119189,0.007340
2018-09-26,0.263240,0.000000,2.095062,0.007294
2018-09-27,0.000551,0.000000,2.369111,0.007181
2018-09-28,0.809523,0.000000,2.180037,0.079146
2018-09-29,0.553785,0.000000,2.019285,0.133542
2018-09-30,0.567206,0.000000,2.975670,0.060359
2018-10-01,0.681042,0.000000,2.028853,0.007182
2018-10-02,0.000298,0.000000,1.947801,0.007139
2018-10-03,0.000063,0.000000,1.923454,0.009182
2018-10-04,0.000274,0.000000,1.905037,0.007151
2018-10-05,0.000672,0.000000,1.871758,0.021521
2018-10-06,0.000825,0.000000,2.398449,0.007109
2018-10-07,0.001220,0.000000,1.944695,0.007006
2018-10-08,0.001918,0.000000,1.809896,0.006940
2018-10-09,0.000603,0.000000,1.788973,0.007000
2018-10-10,0.001294,0.000000,1.767293,0.006791
2018-10-11,0.000630,0.000000,1.746425,0.006881
2018-10-12,0.000740,0.000000,6.218171,0.006955
2018-10-13,0.133894,0.000000,2.078245,0.006991
2018-10-14,0.002345,0.000000,1.688882,0.006862
2018-10-15,0.000658,0.000000,1.670259,0.006914
2018-10-16,0.000165,0.000000,1.656716,0.006852
2018-10-17,0.000000,0.000000,1.636143,0.008951
2018-10-18,0.000000,0.000000,1.629249,0.006869
2018-10-19,0.000000,0.000000,1.615130,0.009045
2018-10-20,0.000000,0.000000,1.589826,0.008764
2018-10-21,0.000000,0.000000,1.575822,0.006834
2018-10-22,0.000691,0.000000,1.555997,0.091192
2018-10-23,0.000710,0.000000,1.546185,0.006732
2018-10-24,0.000000,0.000000,1.528315,0.006814
2018-10-25,0.000000,0.000000,1.509727,0.006811
2018-10-26,0.000000,0.000000,1.499891,0.014111
2018-10-27,0.000000,0.000000,4.692557,0.006743
2018-10-28,0.000000,0.000000,1.465990,0.008754
2018-10-29,0.000000,0.000000,1.447575,0.008265
2018-10-30,0.000000,0.000000,1.436207,0.006518
2018-10-31,0.000000,0.000000,1.416121,0.008654
2018-11-01,0.000000,0.000000,1.441426,0.008975
2018-11-02,0.000000,0.000000,1.394505,0.008686
2018-11-03,0.000000,0.000000,1.373326,0.006397
2018-11-04,0.000000,0.000000,1.360192,0.008314
2018-11-05,0.000011,0.000000,1.347248,0.008459
2018-11-06,0.000620,0.000000,1.329135,0.008253
2018-11-07,0.000494,0.000000,1.442445,0.008389
2018-11-08,0.000000,0.000000,3.932564,0.008267
2018-11-09,0.403900,0.000000,5.237698,0.030245
2018-11-10,0.340276,0.000000,1.280571,0.008073
2018-11-11,0.364638,0.000000,2.136239,0.008046
2018-11-12,0.200806,0.000000,1.674488,0.008391
2018-11-13,0.000000,0.000000,1.240309,0.008018
2018-11-14,0.000000,0.000000,1.229268,0.008109
2018-11-15,0.000000,0.000000,1.205612,0.007983
2018-11-16,0.000000,0.000000,1.192523,0.008251
2018-11-17,0.000000,0.000000,4.094938,0.009503
2018-11-18,0.000000,0.000000,1.862007,0.008112
2018-11-19,0.000000,0.000000,10.244043,0.008098
2018-11-20,7.159600,0.000000,34.430259,0.012661
2018-11-21,0.000000,0.000000,1.143939,0.008162
2018-11-22,0.001855,0.000000,1.532549,0.007986
2018-11-23,0.000005,0.000000,1.165355,0.008696
2018-11-24,0.000000,0.000000,2.355633,0.007976
2018-11-25,0.000000,0.000000,1.237015,0.008054
2018-11-26,0.000000,0.000000,1.142788,0.007990
2018-11-27,0.000000,0.000000,1.141496,0.008008
2018-11-28,0.000000,0.000000,1.143056,0.007994
2018-11-29,0.000000,0.000000,1.142797,0.007917
2018-11-30,0.000000,0.000000,1.134549,0.008063
2018-12-01,0.000000,0.000000,1.136269,0.008015
2018-12-02,0.000000,0.000000,1.126507,0.007876
2018-12-03,0.000000,0.000000,1.121034,0.007889
2018-12-04,0.000000,0.000000,1.119769,0.007872
2018-12-05,0.000000,0.000000,1.113406,0.007636
2018-12-06,0.000000,0.000000,1.107222,0.007616
2018-12-07,0.000000,0.000000,1.098814,0.007571
2018-12-08,0.000000,0.000000,1.092184,0.007533
2018-12-09,0.000000,0.000000,1.090294,0.007650
2018-12-10,0.000000,0.000000,1.074714,0.007454
2018-12-11,0.000000,0.000000,1.258263,0.007542
2018-12-12,0.000000,0.000000,2.103708,0.007576
2018-12-13,0.000000,0.000000,2.798959,0.007517
2018-12-14,0.000000,0.000000,1.920147,0.007461
2018-12-15,0.000000,0.000000,2.914493,0.007593
2018-12-16,0.000000,0.000000,1.159585,0.007372
2018-12-17,0.000000,0.000000,1.050261,0.007586
2018-12-18,0.000000,0.000000,1.264317,0.007541
2018-12-19,0.000000,0.000000,1.007887,0.007529
2018-12-20,0.000000,0.000000,1.023038,0.007440
2018-12-21,0.000000,0.000000,0.995521,0.007542
2018-12-22,0.000000,0.000000,0.989738,0.007471
2018-12-23,0.000000,0.000000,1.345617,0.007211
2018-12-24,0.615049,0.000000,1.164507,0.008608
2018-12-25,0.030449,0.000000,1.083727,0.007214
2018-12-26,0.000000,0.000000,0.952751,0.007469
2018-12-27,0.000000,0.000000,0.970846,0.007240
2018-12-28,0.000000,0.000000,0.942243,0.007210
2018-12-29,0.000000,0.000000,0.939645,0.007251
2018-12-30,0.000000,0.000000,0.932183,0.007273
2018-12-31,0.000000,0.000000,0.929774,0.007242
2019-01-01,0.000000,0.000000,0.916743,0.007793
2019-01-02,0.000000,0.000000,1.125202,0.007508
2019-01-03,0.000000,0.000000,0.918149,0.007262
2019-01-04,0.000000,0.000000,1.071107,0.007419
2019-01-05,0.000000,0.000000,0.888776,0.007319
2019-01-06,0.000000,0.000000,0.882047,0.007389
2019-01-07,0.000000,0.000000,0.881040,0.007275
2019-01-08,0.000000,0.000000,2.366295,0.007364
2019-01-09,0.000000,0.000000,1.375749,0.007343
2019-01-10,0.000000,0.000000,0.854827,0.007332
2019-01-11,0.000000,0.000000,0.849777,0.007317
2019-01-12,0.000000,0.000000,0.845194,0.007629
2019-01-13,0.000000,0.000000,0.836790,0.007307
2019-01-14,0.000000,0.000000,0.830666,0.007320
2019-01-15,0.000000,0.000000,0.824737,0.007485
2019-01-16,0.000000,0.000000,0.824378,0.007278
2019-01-17,0.000000,0.000000,0.813419,0.007205
2019-01-18,0.000000,0.000000,0.802041,0.007768
2019-01-19,0.000000,0.000000,0.798587,0.007046
2019-01-20,0.000000,0.000000,0.792509,0.007348
2019-01-21,0.000000,0.000000,0.786513,0.007110
2019-01-22,0.000000,0.000000,0.778760,0.007043
2019-01-23,0.000000,0.000000,0.782783,0.007267
2019-01-24,0.000000,0.000000,0.769391,0.007259
2019-01-25,0.000000,0.000000,0.763041,0.007056
2019-01-26,0.000000,0.000000,0.755930,0.007611
2019-01-27,0.000000,0.000000,0.752309,0.006991
2019-01-28,0.000000,0.000000,0.745216,0.006990
2019-01-29,0.000000,0.000000,0.738304,0.006967
2019-01-30,0.000000,0.000000,0.729310,0.006994
2019-01-31,0.000000,0.000000,0.729626,0.007430
2019-02-01,0.000000,0.000000,0.717969,0.007040
2019-02-02,0.000000,0.000000,0.716038,0.006936
2019-02-03,0.000000,0.000000,0.706257,0.006943
2019-02-04,0.000000,0.000000,0.702765,0.007002
2019-02-05,0.000000,0.000000,0.695406,0.006806
2019-02-06,0.000000,0.000000,0.686146,0.006937
2019-02-07,0.000000,0.000000,0.683472,0.006970
2019-02-08,0.000000,0.000000,0.677350,0.007031
2019-02-09,0.000000,0.000000,0.667895,0.006768
2019-02-10,0.000000,0.000000,0.669158,0.006982
2019-02-11,0.000000,0.000000,0.657454,0.006843
2019-02-12,0.000000,0.000000,0.648433,0.006811
2019-02-13,0.000000,0.000000,0.653095,0.006786
2019-02-14,0.000000,0.000000,0.641546,0.006710
2019-02-15,0.000000,0.000000,0.634208,0.007042
2019-02-16,0.000000,0.000000,0.631260,0.006949
2019-02-17,0.000000,0.000000,0.625703,0.006414
2019-02-18,0.000000,0.000000,0.620932,0.007216
2019-02-19,0.000000,0.000000,0.612118,0.006428
2019-02-20,0.000000,0.000000,0.664690,0.006538
2019-02-21,0.000000,0.000000,1.875781,0.006420
2019-02-22,0.000000,0.000000,0.940746,0.006321
2019-02-23,0.000000,0.000000,0.596148,0.006239
2019-02-24,0.000000,0.000000,0.586055,0.006301
2019-02-25,0.000000,0.000000,0.597053,0.006269
2019-02-26,0.000000,0.000000,0.583176,0.006180
2019-02-27,0.000000,0.000000,0.571977,0.006200
2019-02-28,0.000000,0.000000,1.487796,0.006336
2019-03-01,0.000000,0.000000,0.590428,0.005841
2019-03-02,0.000000,0.000000,0.555525,0.005722
2019-03-03,0.000000,0.000000,0.555340,0.005819
2019-03-04,0.000000,0.000000,0.548989,0.005697
2019-03-05,0.000000,0.000000,0.548975,0.005827
2019-03-06,0.000000,0.000000,0.539963,0.005603
2019-03-07,0.000000,0.000000,0.535768,0.005448
2019-03-08,0.000000,0.000000,0.530468,0.005504
2019-03-09,0.000000,0.000000,0.527015,0.005526
2019-03-10,0.000000,0.000000,0.524922,0.005420
2019-03-11,0.000000,0.000000,0.517210,0.005510
2019-03-12,0.000000,0.000000,0.516475,0.005424
2019-03-13,0.000000,0.000000,0.505014,0.005597
2019-03-14,0.000000,0.000000,0.508905,0.005464
2019-03-15,0.000000,0.000000,0.503007,0.005419
2019-03-16,0.000000,0.000000,0.496835,0.005287
2019-03-17,0.000000,0.000000,0.497798,0.005474
2019-03-18,0.000000,0.000000,0.486708,0.005859
2019-03-19,0.000000,0.000000,0.484962,0.005270
2019-03-20,0.000000,0.000000,0.483815,0.005716
2019-03-21,0.000000,0.000000,0.472886,0.005271
2019-03-22,0.000000,0.000000,0.474376,0.006251
2019-03-23,0.000000,0.000000,0.466548,0.005549
2019-03-24,0.000000,0.000000,0.466163,0.005629
2019-03-25,0.000000,0.000000,0.458579,0.005498
2019-03-26,0.000000,0.000000,0.456330,0.005359
2019-03-27,0.000000,0.000000,0.449410,0.005326
2019-03-28,0.000000,0.000000,0.447450,0.005286
2019-03-29,0.000000,0.000000,0.443258,0.005564
2019-03-30,0.000000,0.000000,0.441184,0.005311
2019-03-31,0.000000,0.000000,0.435163,0.005297
2019-04-01,0.000000,0.000000,0.431753,0.005242
2019-04-02,0.000000,0.000000,0.428423,0.016775
2019-04-03,0.000000,0.000000,0.440351,0.005554
2019-04-04,0.000000,0.000000,0.420103,0.005580
2019-04-05,0.000000,0.000000,0.413867,0.005242
2019-04-06,0.000000,0.000000,0.593235,0.071169
2019-04-07,0.000000,0.000000,9.951122,0.053813
2019-04-08,0.000000,0.000000,3.912114,0.036818
2019-04-09,0.000000,0.000000,2.813703,0.032124
2019-04-10,0.000000,0.000000,13.347776,0.046680
2019-04-11,0.949114,0.000000,6.188283,0.041488
2019-04-12,1.265373,0.000000,16.102737,0.068643
2019-04-13,2.201227,0.000000,14.195272,0.046319
2019-04-14,5.651780,0.000000,23.641327,0.015919
2019-04-15,10.284691,0.000000,2.384253,0.005845
2019-04-16,6.217761,0.000000,3.192057,0.043809
2019-04-17,1.080141,0.000000,2.482158,0.042683
2019-04-18,0.743969,0.000000,1.239687,0.104514
2019-04-19,2.693884,0.000000,3.649469,0.072183
2019-04-20,1.861853,0.000000,1.376702,0.073356
2019-04-21,1.601025,0.000000,1.808261,0.053473
2019-04-22,0.454006,0.000000,1.827098,0.005712
2019-04-23,0.407954,0.000000,1.087623,0.005479
2019-04-24,0.372767,0.000000,1.874350,0.084413
2019-04-25,0.361743,0.000000,0.613091,0.033903
2019-04-26,0.368435,0.000000,5.601614,0.096007
2019-04-27,6.309808,0.000000,13.857042,0.022910
2019-04-28,34.464442,0.000000,19.055104,0.028397
2019-04-29,35.952332,0.000000,34.747949,0.026002
2019-04-30,47.834381,0.000000,14.960611,0.028964
2019-05-01,45.798581,0.001571,21.914780,0.022729
2019-05-02,31.787151,0.029108,25.643276,0.022010
2019-05-03,2.672198,0.000000,5.282200,0.005785
2019-05-04,76.599402,0.029329,36.402623,0.024549
2019-05-05,168.893172,0.155436,45.409618,0.107314
2019-05-06,125.950498,0.256090,21.016407,0.116715
2019-05-07,51.553774,0.167922,13.854959,0.112366
2019-05-08,53.103585,0.167734,14.054206,0.166682
2019-05-09,37.280512,0.150836,8.534631,0.065312
2019-05-10,18.629697,0.049179,9.159222,0.041386
2019-05-11,26.083819,0.026603,9.667287,0.069777
2019-05-12,7.633603,0.010358,6.985102,0.048791
2019-05-13,2.999937,0.000085,4.998430,0.085903
2019-05-14,22.597784,0.003140,21.040137,0.031372
2019-05-15,108.570837,0.212293,21.427502,0.027468
2019-05-16,109.300500,0.726101,14.816921,0.233321
2019-05-17,90.119806,0.523075,16.837574,0.378315
2019-05-18,65.796368,0.502516,20.406848,0.405780
2019-05-19,69.621552,0.409006,19.720793,0.545928
2019-05-20,44.443763,0.332182,19.678784,0.278795
2019-05-21,59.045494,0.249928,21.107322,0.367040
2019-05-22,88.159790,0.423452,23.867412,0.255254
2019-05-23,80.079125,0.519481,30.674093,0.558304
2019-05-24,59.778690,0.414325,27.834065,0.401265
2019-05-25,69.636843,0.419936,27.278486,0.421188
2019-05-26,82.520337,0.524790,30.802436,0.601935
2019-05-27,63.801936,0.435611,29.765386,0.469051
2019-05-28,63.873274,0.405740,26.241193,0.400170
2019-05-29,62.430076,0.383581,32.326784,0.538447
2019-05-30,63.765162,0.370303,35.321712,0.608860
2019-05-31,51.478179,0.325928,31.302203,0.494967
2019-06-01,50.575095,0.293999,26.435605,0.318192
2019-06-02,60.475238,0.326034,33.199538,0.463004
2019-06-03,69.143803,0.378577,36.771195,0.751390
2019-06-04,70.481233,0.424436,38.429921,0.849777
2019-06-05,63.824000,0.404376,41.939298,0.828211
2019-06-06,72.978136,0.415708,38.313432,0.596039
2019-06-07,94.927968,0.513224,40.947352,1.023217
2019-06-08,86.639865,0.536295,44.720641,1.077214
2019-06-09,95.841498,0.593883,43.553125,1.136687
2019-06-10,69.096912,0.495359,45.250684,0.919829
2019-06-11,171.024336,0.612322,58.280330,0.921374
2019-06-12,114.796332,0.790558,39.655571,0.905401
2019-06-13,114.451785,0.717232,45.290217,1.621026
2019-06-14,111.926504,0.742828,38.879416,1.590108
2019-06-15,99.533026,0.772725,39.733340,1.587717
2019-06-16,124.177841,0.820808,45.820544,1.572470
2019-06-17,125.648749,0.966673,50.670217,1.653113
2019-06-18,84.393569,0.767630,45.878035,1.501596
2019-06-19,106.956303,0.768053,51.404768,1.617998
2019-06-20,87.685965,0.728289,48.128549,1.655083
2019-06-21,73.390628,0.649023,46.550328,1.568653
2019-06-22,66.133395,0.612966,47.737454,1.533060
2019-06-23,61.742815,0.565125,50.961402,1.363764
2019-06-24,87.667150,0.705271,46.009528,1.023474
2019-06-25,86.949476,0.762504,60.759519,1.798044
2019-06-26,76.599060,0.771128,59.487259,1.633023
2019-06-27,83.305445,0.853868,61.439565,1.042658
2019-06-28,60.783620,0.744275,49.225182,0.814942
2019-06-29,70.124442,0.845684,44.768123,0.809464
2019-06-30,45.227587,0.669393,38.466891,0.535997
2019-07-01,36.761607,0.581175,43.125087,0.633270
2019-07-02,88.893734,0.808653,37.229528,0.845614
2019-07-03,92.483235,1.520489,39.249953,0.837120
2019-07-04,51.911630,1.010080,40.190301,0.802869
2019-07-05,63.714710,0.898079,42.076542,0.814553
2019-07-06,43.745942,0.949678,45.844920,0.862973
2019-07-07,46.973263,0.908068,51.940663,0.926311
2019-07-08,49.563775,0.967295,45.363172,0.899568
2019-07-09,43.183946,0.968007,42.164982,0.832810
2019-07-10,47.693969,1.047396,43.261060,0.859706
2019-07-11,35.730005,1.137815,45.369892,0.902227
2019-07-12,37.267829,1.120237,43.696588,1.140291
2019-07-13,20.688955,1.053748,43.203082,1.259510
2019-07-14,23.165053,1.171530,49.989886,1.428888
2019-07-15,39.736036,1.970093,39.984360,1.162238
2019-07-16,25.757497,1.931760,38.221538,0.990774
2019-07-17,23.413037,1.529300,41.861603,1.129461
2019-07-18,24.491018,1.377463,48.457884,1.349184
2019-07-19,23.975103,1.409146,49.387968,1.322991
2019-07-20,23.826834,1.340170,46.126536,1.382232
2019-07-21,22.068383,1.273567,39.468682,1.390376
2019-07-22,24.105479,1.285031,38.518791,1.303800
2019-07-23,20.958698,1.411225,35.019693,1.212891
2019-07-24,18.930585,1.204720,32.808123,1.190575
2019-07-25,23.138965,1.017187,26.108489,0.566120
2019-07-26,21.045671,0.859027,26.043102,0.615413
2019-07-27,15.636453,0.784253,32.231433,1.314680
2019-07-28,14.081883,0.980447,26.114866,0.573007
2019-07-29,20.141071,1.798370,31.135071,1.179906
2019-07-30,146.288714,3.152100,34.272534,0.880424
2019-07-31,90.015793,4.636759,35.722670,1.414119
2019-08-01,23.898859,3.677994,24.835161,1.405021
2019-08-02,7.605625,1.978169,33.967023,1.497730
2019-08-03,7.814239,1.294068,26.602817,1.309543
2019-08-04,7.341064,1.191210,25.424798,1.313288
2019-08-05,7.173056,1.143364,24.909307,1.297644
2019-08-06,5.459537,1.135727,23.526815,1.188264
2019-08-07,5.653331,1.078673,26.017418,1.419985
2019-08-08,5.969977,1.281036,23.139351,1.318920
2019-08-09,3.281457,1.076537,23.345995,1.160238
2019-08-10,2.675595,0.992653,20.839333,1.320632
2019-08-11,2.306957,1.018172,19.209703,0.932704
2019-08-12,2.715062,1.005922,20.034924,1.090960
2019-08-13,8.891908,1.076264,22.240298,1.183496
2019-08-14,1.727363,0.784244,20.409228,1.187320
2019-08-15,1.422514,0.889751,19.931882,1.154478
2019-08-16,2.660212,0.831413,19.664593,1.135455
2019-08-17,1.959192,0.861657,19.693507,1.153620
2019-08-18,0.931620,0.746767,17.029837,0.761057
2019-08-19,4.156847,0.830408,18.251232,0.622010
2019-08-20,1.040773,0.806490,16.305004,1.053470
2019-08-21,0.576090,0.752605,13.587479,1.012464
2019-08-22,0.488541,0.691740,13.128578,0.957188
2019-08-23,0.223156,0.636142,12.566574,0.932934
2019-08-24,0.010191,0.668226,11.667584,0.501934
2019-08-25,0.688012,1.013336,15.820757,0.833853
2019-08-26,1.001478,1.042729,12.012318,1.106562
2019-08-27,0.562304,0.751807,11.424555,1.014603
2019-08-28,0.048517,0.686344,9.194652,0.915035
2019-08-29,0.009421,0.581396,8.140453,0.864493
2019-08-30,0.012179,0.371994,9.265011,0.881029
2019-08-31,0.077157,0.315431,8.329600,1.050397
2019-09-01,0.676129,0.281704,0.000000,0.000000
2019-09-02,3.616335,0.243506,0.000000,0.000000
2019-09-03,0.374677,0.356740,0.000000,0.000000
2019-09-04,12.044738,0.683803,0.000000,0.000000
2019-09-05,0.238522,0.713585,0.000000,0.000000
2019-09-06,21.000531,0.504863,0.000000,0.000000
2019-09-07,2.713330,0.551112,0.000000,0.000000
2019-09-08,0.002673,0.669085,0.000000,0.000000
2019-09-09,2.423262,0.572073,0.000000,0.000000
2019-09-10,0.207992,0.562639,0.000000,0.000000
2019-09-11,0.001203,0.361122,0.000000,0.000000
2019-09-12,0.002006,0.160829,0.000000,0.000000
2019-09-13,0.001017,0.085743,0.000000,0.000000
2019-09-14,0.000621,0.032980,0.000000,0.000000
2019-09-15,0.000358,0.029787,0.000000,0.000000
2019-09-16,0.000377,0.027747,0.000000,0.000000
2019-09-17,0.002432,0.007755,0.000000,0.000000
2019-09-18,0.016186,0.001440,0.000000,0.000000
2019-09-19,0.383010,0.029132,0.000000,0.000000
2019-09-20,1.958321,0.231718,0.000000,0.000000
2019-09-21,1.100078,0.394611,0.000000,0.000000
2019-09-22,73.160321,0.902696,0.000000,0.000000
2019-09-23,61.347132,1.384632,0.000000,0.000000
2019-09-24,13.930029,1.192992,0.000000,0.000000
2019-09-25,2.876959,0.830469,0.000000,0.000000
2019-09-26,16.737683,0.662630,0.000000,0.000000
2019-09-27,7.565784,1.393168,0.000000,0.000000
2019-09-28,0.251778,1.156107,0.000000,0.000000
2019-09-29,0.000106,0.544097,0.000000,0.000000
2019-09-30,0.000745,0.303986,0.000000,0.000000
2019-10-01,0.480936,0.197534,0.000000,0.000000
2019-10-02,38.971319,0.040202,0.000000,0.000000
2019-10-03,22.444479,0.002388,0.000000,0.000000
2019-10-04,51.632121,0.052546,0.000000,0.000000
2019-10-05,155.992646,0.225319,0.000000,0.000000
2019-10-06,172.458533,1.208664,0.000000,0.000000
2019-10-07,9.179298,0.625206,0.000000,0.000000
2019-10-08,3.478096,0.050741,0.000000,0.000000
2019-10-09,17.636677,0.028901,0.000000,0.000000
2019-10-10,1.377595,0.012755,0.000000,0.000000
2019-10-11,0.763120,0.000000,0.000000,0.000000
2019-10-12,0.337865,0.000000,0.000000,0.000000
2019-10-13,0.231992,0.000000,0.000000,0.000000
2019-10-14,0.228727,0.000000,0.000000,0.000000
2019-10-15,0.090316,0.000000,0.000000,0.000000
2019-10-16,0.000152,0.000000,0.000000,0.000000
2019-10-17,0.000062,0.000000,0.000000,0.000000
2019-10-18,0.000086,0.000000,0.000000,0.000000
2019-10-19,0.017877,0.000000,0.000000,0.000000
2019-10-20,0.197808,0.000000,0.000000,0.000000
2019-10-21,0.001383,0.000000,0.000000,0.000000
2019-10-22,0.012627,0.000000,0.000000,0.000000
2019-10-23,0.001443,0.000000,0.000000,0.000000
2019-10-24,0.000667,0.000000,0.000000,0.000000
2019-10-25,0.000597,0.000000,0.000000,0.000000
2019-10-26,0.001341,0.000000,0.000000,0.000000
2019-10-27,0.002895,0.000000,0.000000,0.000000
2019-10-28,4.490382,0.000000,0.000000,0.000000
2019-10-29,0.338505,0.000000,0.000000,0.000000
2019-10-30,0.000399,0.000000,0.000000,0.000000
2019-10-31,0.001305,0.000000,0.000000,0.000000
2019-11-01,0.000000,0.000000,0.000000,0.000000
2019-11-02,0.000000,0.000000,0.000000,0.000000
2019-11-03,0.000000,0.000000,0.000000,0.000000
2019-11-04,0.000486,0.000000,0.000000,0.000000
2019-11-05,0.002970,0.000000,0.000000,0.000000
2019-11-06,0.000339,0.000000,0.000000,0.000000
2019-11-07,0.000488,0.000000,0.000000,0.000000
2019-11-08,0.162054,0.000000,0.000000,0.000000
2019-11-09,0.000323,0.000000,0.000000,0.000000
2019-11-10,1.113715,0.000000,0.000000,0.000000
2019-11-11,0.654451,0.000000,0.000000,0.000000
2019-11-12,0.019245,0.000000,0.000000,0.000000
2019-11-13,2.942168,0.000000,0.000000,0.000000
2019-11-14,0.194963,0.000000,0.000000,0.000000
2019-11-15,0.030610,0.000000,0.000000,0.000000
2019-11-16,0.020789,0.000000,0.000000,0.000000
2019-11-17,0.011792,0.000000,0.000000,0.000000
2019-11-18,0.007193,0.000000,0.000000,0.000000
2019-11-19,0.003706,0.000000,0.000000,0.000000
2019-11-20,0.125581,0.000000,0.000000,0.000000
2019-11-21,0.166505,0.000000,0.000000,0.000000
2019-11-22,0.141278,0.000000,0.000000,0.000000
2019-11-23,0.111730,0.000000,0.000000,0.000000
2019-11-24,0.105058,0.000000,0.000000,0.000000
2019-11-25,0.092020,0.000000,0.000000,0.000000
2019-11-26,0.013745,0.000000,0.000000,0.000000
2019-11-27,0.001125,0.000000,0.000000,0.000000
2019-11-28,0.002108,0.000000,0.000000,0.000000
2019-11-29,0.000374,0.000000,0.000000,0.000000
2019-11-30,0.000540,0.000000,0.000000,0.000000
2019-12-01,0.000604,0.000000,0.000000,0.000000
2019-12-02,0.000642,0.000000,0.000000,0.000000
2019-12-03,0.000756,0.000000,0.000000,0.000000
2019-12-04,0.000583,0.000000,0.000000,0.000000
2019-12-05,0.001146,0.000000,0.000000,0.000000
2019-12-06,0.000281,0.000000,0.000000,0.000000
2019-12-07,0.000574,0.000000,0.000000,0.000000
2019-12-08,0.000594,0.000000,0.000000,0.000000
2019-12-09,0.000603,0.000000,0.000000,0.000000
2019-12-10,0.000905,0.000000,0.000000,0.000000
2019-12-11,0.000474,0.000000,0.000000,0.000000
2019-12-12,0.000655,0.000000,0.000000,0.000000
2019-12-13,0.000550,0.000000,0.000000,0.000000
2019-12-14,0.000677,0.000000,0.000000,0.000000
2019-12-15,0.000560,0.000000,0.000000,0.000000
2019-12-16,0.000688,0.000000,0.000000,0.000000
2019-12-17,0.000725,0.000000,0.000000,0.000000
2019-12-18,0.000400,0.000000,0.000000,0.000000
2019-12-19,0.001046,0.000000,0.000000,0.000000
2019-12-20,0.000480,0.000000,0.000000,0.000000
2019-12-21,0.000541,0.000000,0.000000,0.000000
2019-12-22,0.000522,0.000000,0.000000,0.000000
2019-12-23,0.000460,0.000000,0.000000,0.000000
2019-12-24,0.000347,0.000000,0.000000,0.000000
2019-12-25,0.000549,0.000000,0.000000,0.000000
2019-12-26,0.000587,0.000000,0.000000,0.000000
2019-12-27,0.000118,0.000000,0.000000,0.000000
2019-12-28,0.000519,0.000000,0.000000,0.000000
2019-12-29,0.005494,0.000000,0.000000,0.000000
2019-12-30,0.005444,0.000000,0.000000,0.000000
2019-12-31,0.000813,0.000000,0.000000,0.000000

