time,MAR_land,MAR_ice,RACMO_land,RACMO_ice
2015-01-01,0.000000,2.811113,0.650188,5.780827
2015-01-02,0.000000,2.967861,0.640077,5.797086
2015-01-03,0.000000,3.021482,0.631428,5.793005
2015-01-04,0.000000,2.891393,0.618491,5.889201
2015-01-05,0.000000,2.711776,0.611052,5.727883
2015-01-06,0.000000,2.796633,0.599884,5.756076
2015-01-07,0.000000,2.700922,0.592960,5.789752
2015-01-08,0.000000,2.770593,0.582261,5.774042
2015-01-09,0.000000,3.122388,0.571045,5.711684
2015-01-10,0.000000,2.984871,0.564425,5.851200
2015-01-11,0.000000,2.701225,0.556928,5.716014
2015-01-12,0.000000,2.727683,0.548494,5.830193
2015-01-13,0.000000,2.772509,0.542056,5.756839
2015-01-14,0.000000,2.778242,0.531382,5.796522
2015-01-15,0.000000,2.630923,0.521869,5.760041
2015-01-16,0.000000,2.521493,0.511725,5.759773
2015-01-17,0.000000,2.515794,0.508247,5.706862
2015-01-18,0.000000,2.517866,1.573085,5.822728
2015-01-19,0.000000,2.526363,1.194207,5.801705
2015-01-20,0.000000,2.583531,0.483413,5.780629
2015-01-21,0.000000,2.784365,0.475491,5.692795
2015-01-22,0.000000,2.971994,0.471410,5.750464
2015-01-23,0.000000,2.855261,0.460709,5.754221
2015-01-24,0.000000,2.888544,0.454763,5.734674
2015-01-25,0.000000,2.722822,0.450870,5.719680
2015-01-26,0.000000,2.714867,0.439892,5.699042
2015-01-27,0.000000,2.720096,0.436562,5.663425
2015-01-28,0.000000,2.740965,0.429777,5.720580
2015-01-29,0.000000,2.948507,0.422097,5.649108
2015-01-30,0.000000,3.016624,0.416389,5.634599
2015-01-31,0.000000,2.710474,0.414921,5.640135
2015-02-01,0.000000,2.522522,0.436461,5.623510
2015-02-02,0.000000,1.700037,0.394603,5.995038
2015-02-03,0.000000,1.659209,0.841908,6.133466
2015-02-04,0.000000,1.661100,0.467234,5.604682
2015-02-05,0.000000,1.663523,0.417086,5.616695
2015-02-06,0.000000,1.666199,0.372427,5.575695
2015-02-07,0.000000,1.671551,0.661410,5.656554
2015-02-08,0.000000,1.672544,0.836367,5.580114
2015-02-09,0.000000,1.671617,0.358273,5.572630
2015-02-10,0.000000,1.654250,0.353394,5.493513
2015-02-11,0.001018,1.580176,0.347945,5.561655
2015-02-12,0.000803,1.646396,0.338190,5.564829
2015-02-13,0.000535,1.590129,0.338615,5.431705
2015-02-14,0.001633,1.537706,0.334088,5.556906
2015-02-15,0.005556,1.545799,0.326104,5.522606
2015-02-16,0.005534,1.551541,0.321934,5.504050
2015-02-17,0.000788,1.558167,0.314790,5.497111
2015-02-18,0.000459,1.537753,0.309742,5.406101
2015-02-19,0.000476,1.561603,0.303993,5.497081
2015-02-20,0.000431,1.629306,0.299400,5.410702
2015-02-21,0.000506,1.644569,0.290563,5.482627
2015-02-22,0.000458,1.648042,0.289153,5.482428
2015-02-23,0.000411,1.648633,0.279913,5.464110
2015-02-24,0.000473,1.648586,0.275155,5.477601
2015-02-25,0.005421,1.648523,0.278121,5.451729
2015-02-26,0.005538,1.647375,0.263232,5.431621
2015-02-27,0.005542,1.649295,0.259063,5.328785
2015-02-28,0.005547,1.650504,0.256081,5.444903
2015-03-01,0.002178,1.651303,0.249959,5.401833
2015-03-02,0.000000,1.655126,0.246343,5.398391
2015-03-03,0.000000,1.658228,0.239312,5.449742
2015-03-04,0.000000,1.623472,0.235534,5.380322
2015-03-05,0.000000,1.589189,0.238628,5.344151
2015-03-06,0.000000,1.588406,0.252547,5.334161
2015-03-07,0.000000,1.508731,0.235679,5.355931
2015-03-08,0.000000,1.463396,0.229316,5.312518
2015-03-09,0.000000,1.514826,0.249843,5.318435
2015-03-10,0.000000,1.579240,0.209278,5.301128
2015-03-11,0.000000,1.594545,0.210677,5.305278
2015-03-12,0.000000,2.152657,0.203837,5.302040
2015-03-13,0.000000,3.672453,0.200783,5.340291
2015-03-14,0.000000,3.925285,0.198188,5.268671
2015-03-15,0.000000,3.935777,0.194243,5.327848
2015-03-16,0.000000,3.934377,0.193457,5.253339
2015-03-17,0.000000,3.934589,0.191379,5.314826
2015-03-18,0.000000,3.936240,0.187364,5.317275
2015-03-19,0.000000,3.935486,0.181994,5.262393
2015-03-20,0.000000,3.940679,0.179380,5.270189
2015-03-21,0.000000,4.158485,0.180107,5.232088
2015-03-22,0.000000,4.349557,0.171944,5.254468
2015-03-23,0.000000,4.425455,0.172206,5.217740
2015-03-24,0.000000,4.299355,0.220038,5.354222
2015-03-25,0.000000,3.587779,0.167921,5.212358
2015-03-26,0.000000,1.981519,0.164984,5.224685
2015-03-27,0.000000,1.858446,0.163777,5.211341
2015-03-28,0.000000,1.743073,0.160624,5.196647
2015-03-29,0.000000,1.541673,0.155794,5.194747
2015-03-30,0.000000,1.730568,0.153668,5.195661
2015-03-31,0.000000,1.830707,0.152840,5.192845
2015-04-01,0.000000,1.666434,0.149158,5.172512
2015-04-02,0.000000,1.771575,0.148178,5.186399
2015-04-03,0.000000,1.838459,0.141395,5.174639
2015-04-04,0.000000,1.813593,0.146520,5.192280
2015-04-05,0.000000,1.634605,0.151533,5.160116
2015-04-06,0.000000,1.598694,0.137356,5.185273
2015-04-07,0.000000,1.590839,0.136688,5.149055
2015-04-08,0.000000,1.591501,0.134603,5.174477
2015-04-09,0.000000,1.593981,0.129551,5.144827
2015-04-10,0.000000,1.593317,0.131770,5.175120
2015-04-11,0.000000,1.585155,0.127144,5.115854
2015-04-12,0.000000,1.584020,0.129292,5.128471
2015-04-13,0.000000,1.582343,0.127460,5.156949
2015-04-14,0.000000,1.580630,0.174251,7.653565
2015-04-15,0.000000,1.683404,1.630600,9.461333
2015-04-16,0.000000,1.977861,1.705283,9.531960
2015-04-17,0.000000,2.191962,0.186666,5.130584
2015-04-18,0.000000,2.310329,3.300004,7.496412
2015-04-19,0.000000,2.393851,12.307941,13.141067
2015-04-20,0.000000,2.523141,0.360901,10.340830
2015-04-21,0.000000,2.669168,0.125824,5.257673
2015-04-22,0.000000,2.834290,1.180183,11.108301
2015-04-23,0.000000,2.825171,5.853227,14.067877
2015-04-24,0.000000,2.895930,0.148844,8.201409
2015-04-25,0.000000,3.035424,0.105593,7.515885
2015-04-26,0.000000,3.066738,0.104091,5.076655
2015-04-27,0.000000,3.034338,0.102243,5.078381
2015-04-28,0.000000,3.115572,0.141559,5.089960
2015-04-29,0.000000,3.102692,2.026718,5.064381
2015-04-30,0.000000,3.050878,0.918416,5.060540
2015-05-01,0.000000,3.179982,0.148320,5.046523
2015-05-02,0.000000,3.208057,0.096468,5.056382
2015-05-03,0.000000,3.216514,0.097480,12.258584
2015-05-04,0.000000,3.216647,1.611064,13.671511
2015-05-05,0.000000,3.288111,0.794368,13.234383
2015-05-06,0.000000,3.340784,3.423900,16.162544
2015-05-07,0.000000,3.370061,6.139924,19.645881
2015-05-08,0.000000,3.301848,5.663668,16.852231
2015-05-09,0.000000,3.255023,11.543988,14.650850
2015-05-10,0.000000,2.007623,6.599487,9.819851
2015-05-11,0.000000,1.587946,1.088914,8.284202
2015-05-12,0.000000,1.592219,1.764985,11.881848
2015-05-13,0.000000,1.294510,0.132520,10.546239
2015-05-14,0.000000,1.139734,1.046723,15.756370
2015-05-15,0.000000,1.141673,2.674664,13.440010
2015-05-16,0.041378,1.144175,7.678541,13.468267
2015-05-17,0.542950,1.144674,10.571581,12.106580
2015-05-18,1.246875,1.145357,17.766218,10.655009
2015-05-19,3.983682,1.159454,7.391993,12.888583
2015-05-20,3.348467,1.177469,3.652842,11.811890
2015-05-21,2.860713,1.181000,6.322867,14.007771
2015-05-22,0.245334,1.160276,1.204620,5.004906
2015-05-23,6.559004,1.206321,7.477243,17.006072
2015-05-24,12.063669,1.515246,11.009064,13.214911
2015-05-25,7.387383,1.750020,8.223521,14.463163
2015-05-26,8.558187,2.999255,8.701449,14.125067
2015-05-27,7.709026,4.152320,11.847790,12.182347
2015-05-28,5.085605,3.894005,10.975366,14.378311
2015-05-29,0.461801,2.855721,1.922146,10.588081
2015-05-30,0.495913,1.267774,0.504935,7.056617
2015-05-31,0.485976,1.403200,0.596658,8.706037
2015-06-01,0.863126,1.436614,2.368500,17.756286
2015-06-02,3.826309,1.291188,4.212836,23.277622
2015-06-03,10.248771,2.515007,6.532509,23.903870
2015-06-04,21.615210,6.637950,7.184029,18.531790
2015-06-05,26.710817,8.679235,15.668467,17.304039
2015-06-06,41.687633,13.893545,16.417475,19.251359
2015-06-07,49.898614,24.314304,15.048993,21.109300
2015-06-08,64.856778,40.551924,15.795344,31.566389
2015-06-09,90.790037,63.586603,20.556205,36.386327
2015-06-10,115.550966,86.859197,20.144152,35.526938
2015-06-11,74.909590,83.351298,23.378595,42.045221
2015-06-12,95.764444,89.204611,30.571339,47.121519
2015-06-13,75.902670,88.665171,24.380080,55.568917
2015-06-14,79.168585,84.549944,34.114094,60.281489
2015-06-15,87.839230,91.395153,26.456031,63.896917
2015-06-16,160.912825,105.510719,32.799850,129.141025
2015-06-17,133.875348,141.411500,24.109239,94.780160
2015-06-18,87.229348,120.773518,18.595874,61.572943
2015-06-19,127.292716,137.571445,20.900918,72.809942
2015-06-20,143.206173,189.105817,30.562279,98.874826
2015-06-21,132.327968,200.315265,34.019548,117.573437
2015-06-22,135.093376,197.278368,39.545052,115.703556
2015-06-23,164.515180,225.806538,35.834185,141.170187
2015-06-24,165.141279,244.105961,36.181557,135.183105
2015-06-25,158.180249,276.574986,40.075271,133.957781
2015-06-26,183.782451,310.852487,41.576612,146.491444
2015-06-27,267.038307,387.139298,48.950355,217.112539
2015-06-28,291.991561,449.600906,47.522117,210.163847
2015-06-29,238.116711,498.731396,47.585433,215.590633
2015-06-30,151.089811,378.731082,45.044265,180.179017
2015-07-01,167.243153,365.741445,44.569061,194.936304
2015-07-02,172.100660,383.454474,45.292372,241.801758
2015-07-03,166.109608,374.701278,47.053458,230.108143
2015-07-04,192.810414,395.185209,51.834620,179.824473
2015-07-05,239.892388,502.300353,47.913634,265.761277
2015-07-06,230.609634,554.983599,43.837427,302.747424
2015-07-07,204.217799,586.350285,51.226658,361.418479
2015-07-08,129.806642,466.574871,45.813041,329.190795
2015-07-09,146.275079,452.154910,45.404158,321.067933
2015-07-10,127.821337,412.682138,32.970728,229.648710
2015-07-11,101.063038,323.729691,32.852278,273.374738
2015-07-12,90.359346,282.031034,30.298940,254.669128
2015-07-13,168.764470,384.458254,30.493921,261.990079
2015-07-14,119.449293,480.157092,35.934128,404.777768
2015-07-15,101.258709,493.982397,34.761109,410.258304
2015-07-16,112.930068,587.003806,34.815534,441.423941
2015-07-17,136.187255,736.171541,34.956481,493.955482
2015-07-18,78.461150,634.152725,36.233533,459.874062
2015-07-19,82.064011,553.716876,34.476050,425.040585
2015-07-20,86.808651,600.702850,33.198892,428.189297
2015-07-21,69.874153,516.025599,32.988928,376.130648
2015-07-22,72.615178,486.855053,33.321737,392.030923
2015-07-23,67.249701,478.302136,32.663918,384.857219
2015-07-24,58.303667,430.398481,30.544337,344.232146
2015-07-25,56.486789,390.866245,28.919359,358.151622
2015-07-26,52.402389,364.747131,29.297824,341.645235
2015-07-27,58.992714,321.863009,21.186470,164.505046
2015-07-28,67.943009,298.958857,23.394566,361.016065
2015-07-29,43.702792,283.376391,24.290303,407.647288
2015-07-30,38.992843,284.390481,22.262270,337.681950
2015-07-31,34.967057,299.436345,21.497089,311.828847
2015-08-01,44.789451,341.820300,22.703281,337.819624
2015-08-02,65.905180,610.398100,30.157108,527.483272
2015-08-03,66.744359,691.066677,26.822816,512.702798
2015-08-04,41.979448,517.279178,23.558736,438.719009
2015-08-05,33.671114,441.255057,24.866282,414.789148
2015-08-06,30.061772,406.755423,20.325934,338.661223
2015-08-07,24.504245,367.900251,19.132037,297.552284
2015-08-08,31.273196,403.302197,20.705097,361.915641
2015-08-09,47.835259,662.131227,26.180314,595.858215
2015-08-10,46.244546,681.243131,24.207638,498.867201
2015-08-11,29.016118,512.503486,21.784367,389.294744
2015-08-12,110.149496,362.464414,31.306348,287.959423
2015-08-13,44.841552,411.887030,10.524060,300.620856
2015-08-14,16.781308,377.435661,7.325134,242.000934
2015-08-15,10.362024,282.045150,6.967919,213.291417
2015-08-16,11.278152,238.621639,7.444777,205.406588
2015-08-17,13.580573,255.942742,11.038387,262.246551
2015-08-18,10.356769,233.146464,7.997998,210.670875
2015-08-19,10.042067,225.708085,9.676845,226.293106
2015-08-20,12.988247,263.414503,12.652662,254.892406
2015-08-21,8.284768,234.774699,11.466147,240.050444
2015-08-22,20.311592,299.696809,12.734480,349.194265
2015-08-23,9.872928,283.954742,9.685846,183.219231
2015-08-24,11.686590,253.755825,10.893452,215.053416
2015-08-25,17.645540,267.548469,10.254922,185.154718
2015-08-26,41.829603,562.430817,10.837072,226.282077
2015-08-27,7.990077,344.861667,8.826484,110.744179
2015-08-28,7.036369,182.575926,15.933168,133.751169
2015-08-29,28.497987,297.208734,21.993719,337.396887
2015-08-30,33.481004,481.157073,10.760647,257.211969
2015-08-31,71.601763,479.749305,16.799102,271.449442
2015-09-01,20.010440,240.965485,12.316887,213.811990
2015-09-02,141.800087,308.951584,16.915051,302.910735
2015-09-03,8.186711,168.592780,14.378046,242.311515
2015-09-04,127.653018,413.591032,20.252435,367.175570
2015-09-05,34.203626,263.777385,13.320690,296.630723
2015-09-06,237.699749,667.439766,29.206268,326.567348
2015-09-07,159.752737,618.401233,32.098547,277.396123
2015-09-08,21.328346,354.398120,5.511453,156.213076
2015-09-09,84.954263,265.876035,5.316544,88.509786
2015-09-10,8.507006,186.759090,3.773099,128.540221
2015-09-11,84.367629,172.195206,2.656437,63.266939
2015-09-12,3.607732,191.381277,2.776013,104.746073
2015-09-13,0.082787,97.830709,2.016875,87.395195
2015-09-14,0.088676,52.853965,1.897611,81.842148
2015-09-15,0.071342,49.288428,2.209993,82.636238
2015-09-16,0.042475,40.229659,2.877840,93.566656
2015-09-17,0.035813,26.898522,4.343036,56.024896
2015-09-18,0.781706,14.241928,4.417813,34.585185
2015-09-19,21.326764,6.686239,6.554559,42.882673
2015-09-20,57.740724,42.336931,9.314990,108.713929
2015-09-21,10.922468,27.012169,3.743345,48.533605
2015-09-22,68.150692,74.277071,9.730564,88.424650
2015-09-23,0.326668,70.102016,1.488780,63.642334
2015-09-24,19.482893,20.634637,4.977497,35.285888
2015-09-25,8.564865,9.696767,2.988949,43.369264
2015-09-26,15.270764,11.062928,3.553285,32.589479
2015-09-27,10.640363,7.654578,1.994084,29.835305
2015-09-28,10.845869,7.482665,1.797497,26.815560
2015-09-29,10.801552,7.019421,1.791693,19.498531
2015-09-30,4.202938,6.426062,1.548581,23.678154
2015-10-01,0.679545,6.861159,1.659295,24.498171
2015-10-02,0.267049,6.960684,1.396989,10.124308
2015-10-03,0.043002,6.428206,1.386201,6.805656
2015-10-04,0.039769,6.125998,1.383372,6.945927
2015-10-05,0.038551,6.140671,1.377172,6.756819
2015-10-06,0.171022,6.132641,1.379458,11.225052
2015-10-07,9.330158,6.358059,2.028013,11.917039
2015-10-08,3.487712,6.375029,1.593275,9.232263
2015-10-09,0.461430,6.072310,1.663513,10.494659
2015-10-10,0.930258,6.065242,2.104490,6.827932
2015-10-11,16.436395,7.005366,3.827999,11.593692
2015-10-12,70.402053,31.708003,4.217907,15.154238
2015-10-13,10.399211,25.150076,1.911761,9.233037
2015-10-14,0.081531,7.227053,1.777223,8.065851
2015-10-15,3.284990,6.110098,2.780759,11.705720
2015-10-16,1.983198,5.954688,3.565086,12.892659
2015-10-17,4.271901,6.717634,4.478342,10.899765
2015-10-18,0.063537,5.998800,1.318051,6.602581
2015-10-19,0.041282,5.787307,1.317923,6.599749
2015-10-20,0.034453,5.747968,1.322539,6.595206
2015-10-21,0.035710,5.747231,1.327123,6.560729
2015-10-22,0.033746,5.857446,1.326403,6.562244
2015-10-23,0.029829,5.884725,1.330766,6.552462
2015-10-24,0.048893,5.464723,1.330381,6.536299
2015-10-25,0.030763,4.998632,1.327750,6.516230
2015-10-26,0.034648,4.402003,1.412409,6.501938
2015-10-27,23.396463,5.418447,3.842820,6.526542
2015-10-28,2.984956,6.421331,3.351135,6.465114
2015-10-29,2.412732,4.306267,6.637056,7.603649
2015-10-30,8.792262,6.115665,8.347127,7.739438
2015-10-31,0.109450,5.477403,1.468803,6.367245
2015-11-01,0.078556,4.978663,1.346073,6.378077
2015-11-02,0.145981,4.806595,1.367285,6.343360
2015-11-03,0.130338,4.764348,1.386299,6.334480
2015-11-04,0.073534,4.600653,1.399228,6.336222
2015-11-05,0.038329,4.508635,1.567750,6.328219
2015-11-06,0.020189,4.555191,2.065918,6.312852
2015-11-07,0.011778,4.701569,1.570236,6.282869
2015-11-08,0.012116,4.349330,1.435267,6.286881
2015-11-09,0.015339,4.220632,1.437129,6.268947
2015-11-10,0.007735,4.251671,1.437760,6.311644
2015-11-11,0.007969,3.906858,1.439243,6.244952
2015-11-12,0.008887,3.965333,1.438490,6.229291
2015-11-13,0.009743,3.961686,1.429823,6.241911
2015-11-14,0.008418,4.134927,1.426613,6.212945
2015-11-15,0.008520,4.116347,1.423393,6.194208
2015-11-16,0.009170,3.959918,1.418137,6.181341
2015-11-17,0.008352,3.772976,1.415333,6.177026
2015-11-18,0.007437,3.651257,1.406026,6.155501
2015-11-19,0.008327,3.682033,1.400140,6.148448
2015-11-20,0.007690,3.750778,2.131053,6.389673
2015-11-21,0.009873,3.940833,1.650749,6.172708
2015-11-22,0.007890,4.096333,4.193618,6.113264
2015-11-23,0.006167,4.032330,1.371765,6.072981
2015-11-24,0.010256,3.841511,1.361360,6.094368
2015-11-25,0.006837,3.900837,1.364788,6.062388
2015-11-26,0.006575,3.903485,1.345127,6.046744
2015-11-27,0.008589,3.238552,1.337413,6.043599
2015-11-28,0.007760,3.125437,1.329029,6.037611
2015-11-29,0.008607,3.125089,1.319208,6.044980
2015-11-30,0.012064,3.124786,1.335202,6.017510
2015-12-01,0.010439,3.293570,1.307001,6.003581
2015-12-02,0.010909,3.596510,1.295444,5.962939
2015-12-03,0.008315,3.662274,1.283227,5.954681
2015-12-04,0.001365,3.652367,1.270408,5.923422
2015-12-05,0.000894,3.563881,1.251470,5.921298
2015-12-06,0.001348,3.424461,1.244014,5.920076
2015-12-07,0.003179,3.762494,1.227358,5.922930
2015-12-08,0.004076,3.691933,1.237759,5.901459
2015-12-09,0.004054,3.778604,1.225841,5.884985
2015-12-10,0.002920,4.063880,1.194840,5.875168
2015-12-11,0.003020,4.531555,1.186648,5.858400
2015-12-12,0.001478,4.606817,1.171946,5.860049
2015-12-13,0.000670,4.556433,1.157481,5.824178
2015-12-14,0.001165,4.522082,1.140814,5.840966
2015-12-15,0.003288,4.525800,1.135752,5.817037
2015-12-16,0.005252,4.574383,1.120198,5.820507
2015-12-17,0.005822,4.579955,1.121704,5.820339
2015-12-18,0.004245,4.608444,1.095739,5.801220
2015-12-19,0.000673,4.666726,1.086706,5.791145
2015-12-20,0.001045,4.568577,1.073832,5.768988
2015-12-21,0.001607,4.570215,1.061596,5.748912
2015-12-22,0.000715,4.830954,1.062818,5.741259
2015-12-23,0.000977,4.877302,1.037566,5.740228
2015-12-24,0.001164,4.499632,1.021943,5.723221
2015-12-25,0.013532,4.143996,1.015295,5.711568
2015-12-26,0.005327,3.972082,1.003381,5.706900
2015-12-27,0.004243,3.498843,0.987231,5.710020
2015-12-28,0.001469,3.352026,1.023445,5.677031
2015-12-29,0.001439,3.615873,0.984592,5.699352
2015-12-30,0.000632,3.088020,0.958821,5.684331
2015-12-31,0.000510,3.003994,0.940597,5.659101
2016-01-01,0.000000,2.515543,0.935464,5.656705
2016-01-02,0.000000,2.352133,0.930693,5.658726
2016-01-03,0.000000,1.704164,0.921369,5.657331
2016-01-04,0.000000,1.653406,0.925069,5.650561
2016-01-05,0.000000,1.619303,0.902115,5.665581
2016-01-06,0.000000,1.684997,0.927335,5.614644
2016-01-07,0.000000,1.734313,0.937411,5.682909
2016-01-08,0.000000,1.684110,0.861426,5.582808
2016-01-09,0.002762,1.582275,0.851309,14.697481
2016-01-10,0.009190,1.556216,0.839150,5.542377
2016-01-11,0.000000,1.412598,0.833424,5.516149
2016-01-12,0.000000,1.236826,0.817753,5.523440
2016-01-13,0.000000,1.146681,0.812004,5.496587
2016-01-14,0.000000,1.226513,0.805137,5.481524
2016-01-15,0.000000,1.644988,0.791928,5.466702
2016-01-16,0.000000,1.861488,0.815368,5.465484
2016-01-17,0.000000,1.988240,0.774988,5.407519
2016-01-18,0.000000,2.052641,1.072965,5.476985
2016-01-19,0.000000,2.113069,2.535123,5.451734
2016-01-20,0.000000,2.138574,4.296514,5.555318
2016-01-21,0.000000,2.172090,4.271455,5.515125
2016-01-22,0.075091,2.209643,3.740266,5.605627
2016-01-23,0.128252,2.230120,1.134576,5.401120
2016-01-24,0.061956,2.264229,0.789103,5.408722
2016-01-25,0.054456,2.265965,0.735666,5.360999
2016-01-26,0.044170,2.262499,0.719567,5.355041
2016-01-27,0.029206,2.292622,0.700103,5.344858
2016-01-28,0.023518,2.294458,0.702792,5.346441
2016-01-29,0.020200,2.377380,0.691505,5.334388
2016-01-30,0.016788,2.821094,0.684032,5.319071
2016-01-31,0.014453,2.870717,0.678451,5.319267
2016-02-01,0.012423,2.897203,0.672440,5.294230
2016-02-02,0.077423,2.921959,0.667238,5.293306
2016-02-03,0.171056,2.796395,0.660823,5.306549
2016-02-04,0.159884,2.697186,0.673162,5.276031
2016-02-05,0.152208,2.673138,0.652709,5.248070
2016-02-06,0.142003,2.662309,0.642827,5.246781
2016-02-07,0.135555,2.432426,0.648211,5.172272
2016-02-08,0.125478,2.398215,0.635593,5.210640
2016-02-09,0.113757,2.393622,0.631525,5.212379
2016-02-10,0.118623,2.389815,0.626825,5.212092
2016-02-11,0.113931,2.380830,0.622282,5.188801
2016-02-12,0.093640,2.383417,0.616279,5.199056
2016-02-13,0.092404,2.379917,0.613911,5.182459
2016-02-14,0.091302,2.382549,0.644782,5.176747
2016-02-15,0.091175,2.382106,0.607720,5.241906
2016-02-16,0.090827,2.415339,0.601352,5.148906
2016-02-17,0.089998,2.422797,0.589427,5.114289
2016-02-18,0.089099,2.431217,0.592784,5.149265
2016-02-19,0.088607,2.428473,0.577422,5.110681
2016-02-20,0.088487,2.431270,0.579898,5.131099
2016-02-21,0.088007,2.429415,0.569574,5.070721
2016-02-22,0.087657,2.433780,0.574190,5.162603
2016-02-23,0.087251,2.427366,0.567716,5.129095
2016-02-24,0.036699,2.431145,0.590098,5.191979
2016-02-25,0.000000,2.326481,0.604008,5.135420
2016-02-26,0.000000,2.099426,0.549680,5.135542
2016-02-27,0.000000,2.093033,0.546606,5.125234
2016-02-28,0.000000,2.092611,0.539294,5.165811
2016-02-29,0.000000,2.089555,0.537045,5.111802
2016-03-01,0.000000,2.079855,0.535513,5.097432
2016-03-02,0.000000,2.088739,0.524004,5.084012
2016-03-03,0.000000,2.085134,0.636037,5.075741
2016-03-04,0.000000,2.095855,0.675875,4.966330
2016-03-05,0.000000,2.087568,0.513733,5.062201
2016-03-06,0.000000,2.092100,0.508028,5.045975
2016-03-07,0.000000,2.091061,0.504057,5.034213
2016-03-08,0.000000,2.087552,0.495991,4.927626
2016-03-09,0.000000,2.005246,0.500416,5.032797
2016-03-10,0.000000,0.849161,0.526965,5.056442
2016-03-11,0.000000,0.838676,0.486402,4.997551
2016-03-12,0.000000,0.831768,0.483322,4.989181
2016-03-13,0.000000,0.829263,0.481137,5.033077
2016-03-14,0.000000,1.373542,0.474298,4.976473
2016-03-15,0.000000,1.936733,0.468248,4.902087
2016-03-16,0.000000,2.032725,0.503909,4.890279
2016-03-17,0.000000,2.051520,10.882032,6.264515
2016-03-18,0.000000,2.070145,12.162084,6.622284
2016-03-19,0.000000,2.080168,0.776495,4.864735
2016-03-20,0.000000,2.076840,0.464490,4.867468
2016-03-21,0.000000,2.070409,0.538993,4.868104
2016-03-22,0.000000,2.072077,0.457985,4.878673
2016-03-23,0.000000,2.069386,0.443851,4.823279
2016-03-24,0.000000,2.060818,0.434856,4.851244
2016-03-25,0.000000,2.063307,0.434117,4.807600
2016-03-26,0.000000,2.061013,0.432047,4.800515
2016-03-27,0.000000,2.058176,0.427599,4.795581
2016-03-28,0.000000,2.062186,0.426012,4.794782
2016-03-29,0.000000,2.021023,0.423249,4.774518
2016-03-30,0.000000,0.985986,0.418405,4.799294
2016-03-31,0.000000,0.808549,0.421104,4.774717
2016-04-01,0.000000,0.808257,0.426021,4.741858
2016-04-02,0.000000,0.789666,0.410046,4.752567
2016-04-03,0.000000,0.784457,0.440837,4.763697
2016-04-04,0.000000,0.783973,0.483552,7.012015
2016-04-05,0.000000,0.783968,0.561226,4.877991
2016-04-06,0.000000,0.782063,0.403404,4.740434
2016-04-07,0.000000,0.778906,0.580585,4.894240
2016-04-08,0.000000,0.783428,0.437039,7.055497
2016-04-09,0.000000,0.792995,0.434503,8.949821
2016-04-10,0.000000,0.794362,4.170886,16.646195
2016-04-11,0.000000,0.794908,3.349274,9.829411
2016-04-12,0.000000,0.795559,4.997893,8.863623
2016-04-13,0.000000,0.794847,3.613951,9.389766
2016-04-14,0.000000,0.793128,3.795481,9.280622
2016-04-15,0.000000,0.791878,6.071191,8.889814
2016-04-16,0.000000,0.791117,0.388302,9.933517
2016-04-17,0.000000,0.789805,0.618370,4.682038
2016-04-18,0.000000,0.785421,0.475264,4.657880
2016-04-19,0.000000,0.773297,0.383085,8.307443
2016-04-20,0.000000,0.761693,0.385183,4.646310
2016-04-21,0.000000,0.760927,0.407007,10.113959
2016-04-22,0.000000,0.760581,6.004883,16.052728
2016-04-23,0.012619,0.759760,6.515081,11.776979
2016-04-24,0.015716,0.758493,5.359939,9.489005
2016-04-25,0.015689,0.758318,5.117164,9.226074
2016-04-26,0.009679,0.758033,5.753726,9.278445
2016-04-27,0.001231,0.758737,7.511617,11.357127
2016-04-28,0.001315,0.764692,4.547812,13.509723
2016-04-29,0.118681,0.766629,7.140213,11.338612
2016-04-30,0.165989,0.760744,1.597643,8.036622
2016-05-01,0.687840,0.775461,4.596815,11.809990
2016-05-02,3.175644,0.796481,2.270159,12.085462
2016-05-03,2.697414,0.793236,2.247517,11.656911
2016-05-04,2.522800,0.792145,2.932460,12.163116
2016-05-05,2.229442,0.989403,3.891464,12.053249
2016-05-06,4.670948,1.274575,5.226921,10.287739
2016-05-07,4.887916,1.326925,8.846156,12.458027
2016-05-08,9.010461,1.362987,9.649893,10.081479
2016-05-09,9.325498,1.473115,18.031135,10.755291
2016-05-10,25.251967,2.246244,17.513585,8.688611
2016-05-11,38.696290,6.386703,19.934420,12.872271
2016-05-12,45.798172,9.340682,16.554289,12.917229
2016-05-13,59.702130,14.336685,17.840821,14.999403
2016-05-14,94.220384,35.470947,22.567647,14.701317
2016-05-15,106.486026,61.121310,24.841435,15.756349
2016-05-16,53.019707,46.691300,12.818447,16.119228
2016-05-17,73.297346,35.651521,20.948163,13.311841
2016-05-18,57.892812,40.684520,21.385744,15.024087
2016-05-19,71.877802,46.635988,22.139833,14.734226
2016-05-20,69.350689,55.238950,22.277334,14.790011
2016-05-21,60.212864,55.012642,12.304123,26.152067
2016-05-22,24.114646,33.479368,8.997694,20.662732
2016-05-23,18.709205,15.634998,8.220909,41.421571
2016-05-24,26.553889,17.752051,11.822516,41.046642
2016-05-25,36.324314,28.341280,13.727509,38.224033
2016-05-26,18.388911,21.565218,8.984508,24.578739
2016-05-27,12.351998,7.721877,10.677473,27.841529
2016-05-28,14.937869,5.582565,12.869784,44.513391
2016-05-29,16.198879,6.773120,13.146235,24.729803
2016-05-30,18.332987,7.707253,12.854076,34.789962
2016-05-31,35.101566,14.971455,11.173764,51.091282
2016-06-01,43.022994,25.236292,14.296918,47.800314
2016-06-02,93.525834,53.026965,24.655866,78.987827
2016-06-03,129.491852,146.087762,30.144651,94.106888
2016-06-04,111.763888,134.445072,29.679333,94.699866
2016-06-05,104.053458,147.771591,26.799825,89.695409
2016-06-06,94.369033,134.399842,27.808044,92.277792
2016-06-07,138.452541,148.808415,30.434079,85.897259
2016-06-08,184.161897,199.559226,37.579103,100.843887
2016-06-09,355.207323,336.822016,74.008270,189.908867
2016-06-10,410.131375,512.572147,88.452520,310.788362
2016-06-11,276.389752,542.252170,55.118093,212.442913
2016-06-12,244.084321,440.273794,45.291735,206.501601
2016-06-13,156.168851,363.227849,48.449373,239.105875
2016-06-14,175.826519,373.816628,43.779902,222.193861
2016-06-15,159.600899,380.431815,42.307026,224.432030
2016-06-16,113.253278,292.499003,40.881287,193.457116
2016-06-17,101.321340,176.966778,31.953877,141.229355
2016-06-18,516.745193,350.033106,72.085517,311.639317
2016-06-19,599.376060,984.412201,86.875125,400.894411
2016-06-20,245.040590,706.020696,55.214162,376.958933
2016-06-21,177.311771,485.891116,45.938272,311.571963
2016-06-22,188.405874,425.612808,50.940235,309.608715
2016-06-23,193.436100,509.341985,48.578151,341.183429
2016-06-24,169.961293,453.540022,43.117727,371.132847
2016-06-25,166.976028,476.190166,46.731201,400.594400
2016-06-26,290.637568,655.517351,51.588111,416.743904
2016-06-27,239.664298,731.555156,47.149087,443.654899
2016-06-28,204.056472,601.698249,40.943384,351.016929
2016-06-29,161.907788,437.939226,51.001453,326.706757
2016-06-30,184.568188,510.938102,44.212978,469.396899
2016-07-01,151.377440,467.835777,37.654722,454.334735
2016-07-02,136.573223,476.782696,39.184094,427.846020
2016-07-03,146.876720,514.592394,42.304478,438.859349
2016-07-04,127.566777,509.995324,39.363255,404.332277
2016-07-05,114.418587,461.819556,38.213150,312.809792
2016-07-06,132.265156,478.334094,46.642091,446.228975
2016-07-07,113.830017,492.056649,48.241753,476.181413
2016-07-08,103.643146,456.032079,50.261197,486.236944
2016-07-09,114.556367,452.853591,43.428180,427.359318
2016-07-10,90.490042,419.767835,43.620122,431.045085
2016-07-11,107.198646,452.056801,45.635202,419.343677
2016-07-12,107.105142,464.713818,47.526827,334.193675
2016-07-13,156.562364,570.727135,43.444117,337.635102
2016-07-14,218.567246,570.796147,46.920798,314.744454
2016-07-15,178.779610,756.645504,37.967549,415.095666
2016-07-16,125.803462,842.547681,28.996111,348.457873
2016-07-17,80.015886,652.554231,37.942471,543.095481
2016-07-18,88.655242,606.356121,33.014258,558.161099
2016-07-19,98.064234,731.866006,35.106557,503.900823
2016-07-20,89.139840,762.240319,33.284285,492.827037
2016-07-21,84.714400,703.607264,33.576053,454.796118
2016-07-22,108.592083,777.213034,34.862490,477.365576
2016-07-23,80.735183,766.697046,34.433896,591.258104
2016-07-24,76.812191,688.226317,29.986036,512.083354
2016-07-25,78.603968,688.115137,28.285144,488.276258
2016-07-26,75.540872,668.772367,27.770199,491.993920
2016-07-27,67.096921,684.161046,27.687551,519.529274
2016-07-28,79.626359,778.671709,27.300630,529.959666
2016-07-29,52.809387,706.600729,25.747159,470.049779
2016-07-30,44.646768,666.664816,23.131606,417.763049
2016-07-31,38.154217,628.720796,22.042421,367.730864
2016-08-01,34.874159,554.827315,22.577125,362.783459
2016-08-02,34.311948,557.242517,26.878149,396.790152
2016-08-03,32.609754,563.795237,24.976652,448.190316
2016-08-04,24.193061,473.444012,20.765270,326.732149
2016-08-05,26.851434,444.234823,20.945975,344.603152
2016-08-06,33.586121,534.218376,21.709827,386.240436
2016-08-07,44.119614,754.514033,23.970685,510.071957
2016-08-08,43.806897,821.283175,23.501985,465.501833
2016-08-09,44.923655,645.098732,23.913834,376.534395
2016-08-10,51.497304,705.900985,16.879419,366.423097
2016-08-11,46.050888,748.942883,15.065242,389.498407
2016-08-12,40.249040,569.358352,17.270819,448.510043
2016-08-13,45.600283,448.684565,15.454547,418.242674
2016-08-14,68.019412,391.394496,24.429003,263.667094
2016-08-15,113.598259,771.485363,35.047644,471.616897
2016-08-16,108.268188,899.533602,30.868696,561.686929
2016-08-17,196.985897,1005.809904,46.036182,573.465207
2016-08-18,44.616699,734.679086,23.747806,452.348674
2016-08-19,30.158262,566.901997,30.103944,452.099981
2016-08-20,13.810019,360.731678,15.688153,297.667952
2016-08-21,21.199146,350.657710,12.728566,333.351783
2016-08-22,31.617464,475.536491,11.642592,376.446806
2016-08-23,22.521083,474.879688,12.219957,334.512526
2016-08-24,20.048989,417.305041,11.978508,293.994350
2016-08-25,17.823588,379.321994,15.236886,332.797856
2016-08-26,21.924755,334.263487,13.543494,246.627691
2016-08-27,26.355112,336.609781,14.045135,295.585310
2016-08-28,8.429608,227.195186,11.495980,246.499128
2016-08-29,6.172661,174.977676,8.978346,130.462478
2016-08-30,8.164796,201.787584,9.232479,112.773783
2016-08-31,9.102704,214.514215,9.239957,129.067953
2016-09-01,8.002506,188.928109,9.420346,130.086978
2016-09-02,8.135069,181.324256,9.040672,120.173021
2016-09-03,13.099149,198.029152,9.339462,71.357593
2016-09-04,13.211561,202.192867,11.420904,115.792801
2016-09-05,0.145545,126.719543,4.258304,139.821836
2016-09-06,17.225366,77.797766,7.804481,102.978094
2016-09-07,1.854971,101.130878,7.711673,121.853310
2016-09-08,15.894031,115.072667,6.790477,124.844302
2016-09-09,30.141391,210.140630,15.105678,202.054515
2016-09-10,50.536743,250.143208,19.873581,214.793153
2016-09-11,4.480136,230.403369,3.650335,111.699814
2016-09-12,1.251691,155.113243,3.523392,97.226725
2016-09-13,8.621004,96.043212,6.906765,61.371778
2016-09-14,59.520950,199.036779,29.317219,210.311997
2016-09-15,36.055976,338.381902,8.768925,164.053608
2016-09-16,32.903477,348.744705,3.850295,86.178345
2016-09-17,0.071515,115.715143,2.495099,75.224186
2016-09-18,19.761939,32.082649,6.242902,40.286920
2016-09-19,12.947152,70.329471,5.488605,93.842391
2016-09-20,8.499038,45.238822,2.503433,26.292232
2016-09-21,14.306233,9.559261,2.251122,47.446183
2016-09-22,2.556166,6.601442,2.139951,19.945945
2016-09-23,0.028689,6.871908,2.114017,38.151508
2016-09-24,0.104541,14.986890,2.090349,39.051142
2016-09-25,0.276614,16.337566,2.354581,28.318968
2016-09-26,0.040240,12.357153,2.076208,48.310522
2016-09-27,0.036664,16.792963,1.987300,37.112051
2016-09-28,0.041458,14.890112,1.966980,17.191522
2016-09-29,0.405099,11.870761,1.931900,17.475489
2016-09-30,0.028418,10.439356,1.915147,33.489477
2016-10-01,3.603285,6.094208,1.917953,8.888370
2016-10-02,0.922132,4.786036,2.298389,12.493979
2016-10-03,52.554782,9.339548,11.998125,68.375266
2016-10-04,117.175068,75.681349,16.385303,82.259579
2016-10-05,113.504391,57.164585,13.818522,91.868398
2016-10-06,161.113352,129.735305,18.542807,116.489441
2016-10-07,263.760797,172.799841,21.037457,100.170895
2016-10-08,263.198371,370.291535,17.372810,98.825105
2016-10-09,6.024645,95.648649,4.386879,39.766573
2016-10-10,12.848877,16.622694,6.702104,28.295688
2016-10-11,13.557273,12.713175,7.128789,29.818549
2016-10-12,4.368504,8.524442,3.788360,16.838124
2016-10-13,2.002040,5.667456,3.389389,14.647820
2016-10-14,2.028044,5.766023,3.857136,17.064894
2016-10-15,6.126658,5.233957,7.964402,16.792419
2016-10-16,53.725151,20.465706,10.738143,38.424927
2016-10-17,13.727449,25.358900,6.287488,26.062996
2016-10-18,1.144205,7.410336,4.662817,11.251328
2016-10-19,1.553111,4.302937,4.661435,7.635576
2016-10-20,0.758853,3.692117,3.835927,7.076694
2016-10-21,33.641742,12.102562,5.548425,7.574312
2016-10-22,3.711645,6.454299,4.053239,6.964165
2016-10-23,0.479746,3.741184,3.913618,6.999638
2016-10-24,0.477100,3.564391,4.013053,6.942794
2016-10-25,0.351301,3.494486,3.900747,6.962569
2016-10-26,0.243155,3.490340,3.835477,6.897863
2016-10-27,0.108035,3.416377,3.794091,6.900083
2016-10-28,0.088240,3.357044,3.744958,6.812246
2016-10-29,0.041928,3.355537,3.692029,6.755693
2016-10-30,0.031996,3.311615,3.628799,6.920467
2016-10-31,0.024911,3.350160,3.698288,7.642259
2016-11-01,1.464998,3.282330,4.329465,7.097080
2016-11-02,0.024756,3.292202,3.417750,6.765985
2016-11-03,0.023368,3.331401,3.355841,6.874955
2016-11-04,0.212372,3.247383,4.417890,6.955609
2016-11-05,0.375305,3.262026,5.978633,7.275208
2016-11-06,0.738523,3.305550,7.287554,9.272287
2016-11-07,0.012450,3.258847,3.073756,6.831872
2016-11-08,0.012994,3.298183,3.013100,6.830227
2016-11-09,0.010154,3.254708,2.964044,6.707521
2016-11-10,0.016706,2.982311,2.901428,6.832044
2016-11-11,0.009808,2.828495,2.846857,6.799975
2016-11-12,0.018376,2.856038,2.795179,6.794735
2016-11-13,0.017418,2.813648,2.742623,6.774991
2016-11-14,0.011649,2.814013,2.691899,6.760890
2016-11-15,0.008278,2.813580,2.638799,6.725350
2016-11-16,0.023724,2.844628,2.589105,6.758466
2016-11-17,0.012239,2.874010,2.535743,6.731355
2016-11-18,0.013641,2.880313,2.492177,6.740974
2016-11-19,0.012589,2.842309,2.438050,6.723634
2016-11-20,0.007882,2.806963,2.387578,6.722637
2016-11-21,0.011081,2.840269,2.490123,6.720889
2016-11-22,0.007369,2.798936,2.329160,6.997147
2016-11-23,0.007379,2.828915,2.577147,6.882009
2016-11-24,0.007634,2.863205,2.206883,6.659276
2016-11-25,0.006540,2.914867,2.159991,6.689374
2016-11-26,3.200156,2.892197,4.950507,6.672939
2016-11-27,18.665439,6.853461,4.420712,6.628663
2016-11-28,0.006903,3.362650,2.028313,6.628639
2016-11-29,0.005866,3.287629,1.982964,6.590196
2016-11-30,0.016524,3.315310,1.942972,6.596663
2016-12-01,0.021755,3.414252,1.902164,6.605613
2016-12-02,0.019558,3.265485,1.871365,6.580899
2016-12-03,0.009202,3.029728,1.830671,6.563979
2016-12-04,0.009861,2.763939,1.796635,13.895092
2016-12-05,0.009187,2.705046,4.550279,6.641645
2016-12-06,3.258178,2.658758,7.867944,6.558511
2016-12-07,12.435969,2.711425,6.046193,6.485795
2016-12-08,0.003934,2.659489,1.869443,6.448713
2016-12-09,0.005021,2.606343,1.649960,6.478334
2016-12-10,0.006853,2.604957,1.899800,6.467784
2016-12-11,3.742809,2.695388,2.875642,6.462221
2016-12-12,3.419857,2.743580,1.722812,6.450383
2016-12-13,0.075005,2.669559,1.592088,6.374906
2016-12-14,0.062424,2.620730,1.573946,6.393766
2016-12-15,0.057015,2.586530,1.607104,6.391193
2016-12-16,0.050217,2.541721,1.547869,6.352580
2016-12-17,0.048808,2.530947,1.543983,6.369820
2016-12-18,0.046523,2.565343,1.523150,6.336469
2016-12-19,0.043577,2.566122,1.505613,6.344466
2016-12-20,0.037531,2.563659,1.488559,6.325315
2016-12-21,0.035379,2.412828,1.479467,6.296801
2016-12-22,0.030232,2.269968,1.459076,6.335784
2016-12-23,0.008487,2.194754,1.444461,6.285879
2016-12-24,0.006057,2.193389,1.429835,6.301798
2016-12-25,0.008250,2.195134,1.412632,6.276266
2016-12-26,0.005296,2.185203,1.400389,6.293916
2016-12-27,0.003206,2.178669,1.377986,6.264874
2016-12-28,0.001538,2.181033,1.364220,6.244432
2016-12-29,0.001730,2.082386,1.350422,6.239090
2016-12-30,0.003155,5.585940,1.330054,6.234309
2016-12-31,0.002464,2.960125,1.362752,6.215563
2017-01-01,0.000000,2.137966,2.082472,6.220982
2017-01-02,0.001531,1.332089,1.511609,6.175240
2017-01-03,0.001616,1.255243,1.271084,6.165950
2017-01-04,0.003707,1.476695,1.417245,6.182541
2017-01-05,0.000510,0.956216,1.232873,6.127799
2017-01-06,0.000000,1.962102,1.223897,6.133026
2017-01-07,0.000000,3.122040,1.214986,6.124686
2017-01-08,0.000385,3.306707,1.183544,6.133509
2017-01-09,0.000313,2.518801,1.177517,6.132129
2017-01-10,0.000316,3.309389,1.159701,6.135098
2017-01-11,0.000317,3.489822,1.143108,6.142387
2017-01-12,0.000321,2.356506,1.131513,6.101613
2017-01-13,0.000107,2.546440,1.119107,6.070732
2017-01-14,0.000000,3.021758,1.105785,6.114327
2017-01-15,0.008784,3.047969,1.093804,6.081022
2017-01-16,0.001323,1.450605,1.077545,6.078581
2017-01-17,0.000000,0.595095,1.059451,6.089166
2017-01-18,0.000000,0.524020,1.047995,6.045822
2017-01-19,0.000000,0.813082,1.033259,6.090725
2017-01-20,0.000000,2.491477,1.016900,6.086482
2017-01-21,0.000000,3.029518,1.003993,6.046454
2017-01-22,0.000000,3.142241,0.991818,6.045096
2017-01-23,0.000000,3.139827,1.079498,5.989742
2017-01-24,0.000000,3.124866,1.848400,6.109155
2017-01-25,0.000000,3.120470,0.959984,6.007274
2017-01-26,0.000000,3.118226,0.940246,6.021169
2017-01-27,0.000202,2.999243,0.921843,5.996265
2017-01-28,0.000282,2.806996,0.915407,5.937904
2017-01-29,0.000172,3.058406,0.900454,5.960670
2017-01-30,0.000000,3.212692,0.888294,5.899848
2017-01-31,0.000000,3.579208,0.912808,5.947591
2017-02-01,0.000000,3.817723,0.865856,5.953438
2017-02-02,0.000000,3.909193,0.854238,5.869925
2017-02-03,0.000000,3.874549,0.846936,5.950344
2017-02-04,0.000000,3.219398,0.873845,5.853431
2017-02-05,0.000000,2.120563,1.318275,5.904524
2017-02-06,0.000000,2.277069,0.845007,5.840219
2017-02-07,0.000000,2.303748,0.852350,5.941130
2017-02-08,0.000000,1.942218,0.880230,5.879238
2017-02-09,0.000000,1.787355,0.780371,5.803191
2017-02-10,0.000000,2.135784,0.848657,5.850679
2017-02-11,0.000000,2.396910,1.000512,5.868485
2017-02-12,0.000000,2.486041,1.686958,6.236560
2017-02-13,0.000000,2.525257,0.745996,5.816601
2017-02-14,0.000000,3.376396,0.738463,5.829172
2017-02-15,0.000000,4.978496,0.730392,5.725775
2017-02-16,0.000000,5.338418,0.723361,5.778699
2017-02-17,0.000000,5.363334,0.709113,5.723055
2017-02-18,0.000000,5.361185,0.711384,5.764415
2017-02-19,0.000000,4.719644,0.696995,5.684194
2017-02-20,0.000000,2.725566,0.688544,5.800361
2017-02-21,0.000000,2.559158,0.680497,5.676061
2017-02-22,0.000000,2.444511,0.675299,5.702769
2017-02-23,0.000000,2.402484,0.665656,5.695374
2017-02-24,0.000000,2.392838,0.660607,5.677212
2017-02-25,0.000000,2.479932,0.652948,5.666829
2017-02-26,0.000000,2.425825,0.641533,5.716552
2017-02-27,0.000000,2.463051,0.679753,5.681124
2017-02-28,0.000000,2.489057,0.819323,5.698284
2017-03-01,0.000000,2.494994,0.759705,5.710983
2017-03-02,0.000000,2.505317,0.722858,5.661514
2017-03-03,0.000000,2.485284,0.608684,5.718455
2017-03-04,0.000000,2.525960,0.599496,5.628303
2017-03-05,0.000000,2.584435,0.597530,5.691861
2017-03-06,0.000000,2.583379,0.586116,5.625125
2017-03-07,0.000000,2.593105,0.584608,5.666538
2017-03-08,0.000000,2.618386,0.572366,5.624887
2017-03-09,0.000000,2.621680,0.571243,5.569699
2017-03-10,0.000000,2.632967,0.561912,5.673054
2017-03-11,0.000000,2.614578,0.557821,5.638335
2017-03-12,0.000000,2.608817,0.551233,5.584456
2017-03-13,0.000000,2.610431,0.545230,5.606477
2017-03-14,0.000000,2.638554,0.537361,5.536854
2017-03-15,0.000000,2.673712,0.532900,5.514763
2017-03-16,0.000000,2.685047,0.529322,5.593580
2017-03-17,0.000000,2.673075,0.519424,5.507660
2017-03-18,0.000000,2.671255,0.511871,5.471901
2017-03-19,0.000000,2.635723,0.511003,5.569219
2017-03-20,0.000000,2.624998,0.505112,5.456100
2017-03-21,0.000000,2.619004,0.514998,5.501898
2017-03-22,0.000000,2.624906,0.535690,7.860815
2017-03-23,0.000000,2.633144,0.603130,5.540013
2017-03-24,0.000000,2.639495,0.480194,5.462659
2017-03-25,0.000000,2.634091,0.475880,5.550528
2017-03-26,0.000000,2.647240,0.468899,5.440232
2017-03-27,0.000000,2.652035,0.465739,5.461224
2017-03-28,0.000000,2.652295,0.456991,5.512725
2017-03-29,0.000000,2.638810,0.454426,5.442011
2017-03-30,0.000000,2.634742,0.449687,5.529252
2017-03-31,0.000000,2.630694,0.443113,5.462322
2017-04-01,0.000000,2.638128,0.438112,5.407677
2017-04-02,0.000000,2.627561,0.434542,5.509964
2017-04-03,0.000000,2.637197,0.452600,5.369134
2017-04-04,0.000000,2.645631,0.430683,5.453475
2017-04-05,0.000000,2.657569,0.422397,5.385296
2017-04-06,0.000000,2.655129,0.409572,5.300626
2017-04-07,0.000000,2.670010,0.409419,5.362506
2017-04-08,0.000000,2.668040,0.403880,5.330247
2017-04-09,0.000000,2.676319,0.402018,9.162333
2017-04-10,0.000000,2.666935,0.394924,6.733805
2017-04-11,0.000000,2.671634,0.427129,5.285129
2017-04-12,0.000000,2.676780,0.387921,5.334714
2017-04-13,0.000000,2.701867,0.379678,5.302705
2017-04-14,0.000000,2.723286,0.377621,5.278536
2017-04-15,0.000000,2.717967,0.374097,5.257200
2017-04-16,0.000000,2.719937,0.370275,5.253002
2017-04-17,0.000000,2.702587,0.437776,5.333351
2017-04-18,0.000000,2.714668,0.387122,5.232218
2017-04-19,0.000000,2.684310,0.359101,5.240224
2017-04-20,0.000000,2.695947,0.353692,5.219827
2017-04-21,0.000000,2.713143,0.351339,5.223778
2017-04-22,0.000000,2.727412,0.346679,5.215432
2017-04-23,0.000000,2.718152,0.344824,11.737249
2017-04-24,0.000000,2.716313,1.078760,9.596081
2017-04-25,0.000000,2.702600,7.389649,12.203152
2017-04-26,0.000000,2.707303,8.166327,11.531822
2017-04-27,0.000000,2.720366,0.342396,5.178825
2017-04-28,0.000000,2.736191,0.326963,5.154418
2017-04-29,0.000000,2.757370,0.561884,10.712672
2017-04-30,0.000000,2.773555,1.174323,11.476509
2017-05-01,0.000000,2.805051,3.089714,11.308790
2017-05-02,0.000000,2.817422,3.018787,12.086988
2017-05-03,2.768807,2.841951,20.265136,10.085919
2017-05-04,12.683134,2.928962,18.031758,10.790518
2017-05-05,18.098487,3.097606,14.734182,11.298241
2017-05-06,13.403424,3.260020,13.214483,15.915041
2017-05-07,17.892427,5.761894,10.886356,16.768894
2017-05-08,36.878375,15.842219,17.064729,14.878046
2017-05-09,123.103342,72.103431,27.240594,16.697689
2017-05-10,35.012022,72.135048,9.183706,20.724869
2017-05-11,20.965139,24.413310,9.632995,17.099303
2017-05-12,2.754356,12.325686,0.783706,12.980298
2017-05-13,2.427831,4.274209,4.223196,14.848579
2017-05-14,8.483925,3.934463,4.153932,14.868828
2017-05-15,41.893055,14.763696,11.197575,11.134038
2017-05-16,56.605657,32.662537,7.772547,19.963447
2017-05-17,56.143544,45.829702,6.950002,16.744834
2017-05-18,55.608068,53.169565,16.624895,28.997884
2017-05-19,85.424645,82.409862,10.697182,38.522058
2017-05-20,118.641096,118.556177,12.796643,77.154263
2017-05-21,166.968833,188.565026,16.497267,82.890297
2017-05-22,172.048634,221.164392,19.342016,72.188097
2017-05-23,135.768930,179.668730,17.009476,71.094110
2017-05-24,132.290792,163.297295,15.955204,60.063938
2017-05-25,106.544446,153.635852,18.042610,81.726493
2017-05-26,55.140037,89.303896,15.273890,100.270651
2017-05-27,21.375541,34.343125,9.948106,96.991219
2017-05-28,15.721338,12.437459,6.509755,57.905538
2017-05-29,51.608483,23.713280,8.387597,76.042001
2017-05-30,22.241542,29.375064,7.505695,52.479542
2017-05-31,6.216281,11.513195,6.116970,66.981714
2017-06-01,15.806074,8.374789,7.835414,93.033264
2017-06-02,72.186660,29.045319,11.576932,58.862369
2017-06-03,86.858074,70.579827,10.356067,93.175658
2017-06-04,83.830548,94.333732,9.264909,98.550445
2017-06-05,125.984620,137.289180,14.169061,107.465888
2017-06-06,98.277526,148.601314,16.047885,106.567434
2017-06-07,109.501404,159.597013,18.754175,133.491961
2017-06-08,102.484809,166.727122,19.434281,131.481955
2017-06-09,104.120972,164.499648,20.106427,128.948961
2017-06-10,91.662364,159.323258,22.097403,128.488695
2017-06-11,98.826453,175.020084,25.892201,137.438256
2017-06-12,101.747902,191.882952,27.954807,146.232102
2017-06-13,125.924687,202.673815,29.749629,131.290455
2017-06-14,180.789478,299.277369,32.962904,170.457993
2017-06-15,161.918238,297.377634,35.259813,186.983406
2017-06-16,148.726292,287.669474,36.898098,178.609545
2017-06-17,154.586357,292.105167,41.717240,231.418031
2017-06-18,135.935978,280.725277,40.043180,232.176357
2017-06-19,103.058456,243.234199,35.016176,190.897894
2017-06-20,201.223843,271.087676,36.841208,230.461844
2017-06-21,181.924656,379.487570,38.716268,242.148095
2017-06-22,155.880009,375.991087,34.829292,263.625169
2017-06-23,119.829062,342.281414,40.789248,247.412814
2017-06-24,139.866217,360.438123,41.335836,275.423337
2017-06-25,131.975030,405.876333,39.913066,269.567853
2017-06-26,93.806321,354.991329,43.847083,254.606067
2017-06-27,94.732844,345.517029,50.183128,239.475495
2017-06-28,104.250698,374.887888,49.153763,323.686857
2017-06-29,85.139355,402.833544,42.672573,297.745874
2017-06-30,85.854695,417.570872,41.877453,287.326223
2017-07-01,76.477363,374.970809,42.535805,303.801042
2017-07-02,91.526595,402.580032,44.159822,356.779675
2017-07-03,67.091764,386.820712,41.304541,296.883814
2017-07-04,21.551552,202.417391,26.091484,75.202274
2017-07-05,131.071993,67.137511,23.902876,108.519073
2017-07-06,315.757931,322.272347,39.852803,211.980352
2017-07-07,197.960228,487.279589,38.022481,321.854474
2017-07-08,70.922050,399.246310,31.673384,293.696687
2017-07-09,102.194050,438.327283,28.739829,354.322496
2017-07-10,71.316513,427.462299,28.106936,316.140163
2017-07-11,55.310714,367.107923,32.793371,304.611939
2017-07-12,62.694372,383.079203,29.755852,361.230946
2017-07-13,42.420757,333.121504,35.213183,289.977826
2017-07-14,194.610313,342.566883,35.727025,211.291154
2017-07-15,106.958146,473.641843,30.089423,308.719459
2017-07-16,64.949504,403.813313,25.785402,293.759538
2017-07-17,39.333828,299.469180,20.626509,255.598693
2017-07-18,43.907802,328.171936,25.828750,315.759587
2017-07-19,68.453359,365.442745,33.227984,377.527156
2017-07-20,84.491805,501.505865,32.732495,450.688176
2017-07-21,54.288790,451.099529,33.510419,345.895856
2017-07-22,55.339381,447.972434,27.836200,340.764107
2017-07-23,54.231275,463.000265,31.796339,347.204413
2017-07-24,160.321808,690.663654,46.738918,466.561992
2017-07-25,164.311549,1262.015239,42.485019,574.096613
2017-07-26,187.289207,1515.669444,79.521529,1013.891413
2017-07-27,84.948808,1263.213702,33.377817,519.356026
2017-07-28,61.712267,873.236820,37.113884,453.619743
2017-07-29,46.776523,689.056600,41.546423,462.871119
2017-07-30,49.194952,684.692777,39.787735,454.708437
2017-07-31,53.520500,663.183803,35.787099,438.638604
2017-08-01,47.056139,614.344909,34.019281,430.544539
2017-08-02,30.996531,585.159081,31.670977,411.281026
2017-08-03,32.719280,653.618197,30.550167,401.612429
2017-08-04,27.452233,636.151761,27.639251,357.471163
2017-08-05,20.889971,507.998043,26.058708,328.391728
2017-08-06,18.213252,434.950479,25.571193,328.300876
2017-08-07,133.140867,549.932588,29.897622,361.615782
2017-08-08,25.552002,517.375957,26.986552,499.983347
2017-08-09,22.115511,475.493602,23.979356,399.476653
2017-08-10,23.958211,454.053932,23.570163,444.119971
2017-08-11,16.490265,415.696302,18.250002,298.834054
2017-08-12,16.833865,372.923715,17.649662,266.056774
2017-08-13,25.545739,453.981090,20.279567,358.050346
2017-08-14,24.065177,547.138014,20.526504,384.164410
2017-08-15,17.702856,463.077201,19.116852,322.920505
2017-08-16,16.734863,411.178612,18.471906,327.067487
2017-08-17,15.494663,403.838671,16.690513,269.620467
2017-08-18,9.157182,280.107893,15.697201,145.006194
2017-08-19,12.660421,190.597167,18.763242,288.598311
2017-08-20,25.904241,223.925690,20.755884,262.849710
2017-08-21,38.684820,190.625411,28.406299,310.176370
2017-08-22,69.897376,207.149057,26.508975,227.004312
2017-08-23,46.605632,315.967876,22.870967,325.933491
2017-08-24,18.684232,321.616214,16.460330,308.491803
2017-08-25,12.792955,282.773628,13.520508,169.528680
2017-08-26,31.499847,378.664446,15.354329,242.460847
2017-08-27,29.709853,405.289068,19.220137,344.501175
2017-08-28,11.584433,279.073451,13.453490,212.756614
2017-08-29,38.255488,434.359068,18.015405,366.570405
2017-08-30,36.171845,797.589519,21.126532,428.813134
2017-08-31,29.566914,678.484324,16.795345,382.685307
2017-09-01,25.138943,574.489907,16.494343,313.145643
2017-09-02,11.081784,369.921276,14.636309,204.218477
2017-09-03,1.054891,219.475592,9.717322,151.228541
2017-09-04,0.172620,137.452548,8.338503,116.002042
2017-09-05,1.019447,115.812386,8.774558,114.981535
2017-09-06,2.333043,116.539926,13.768229,126.119441
2017-09-07,3.216159,135.618024,11.117611,118.234884
2017-09-08,1.107740,151.210601,9.937477,119.717142
2017-09-09,2.492517,115.637367,8.947411,104.590825
2017-09-10,1.106846,103.095072,8.110277,86.907340
2017-09-11,90.098002,82.146021,8.765904,78.960091
2017-09-12,112.446312,90.834205,8.274912,154.413448
2017-09-13,25.325877,28.727448,2.592466,97.000902
2017-09-14,52.043627,46.377426,12.616943,97.554440
2017-09-15,152.184744,378.101541,13.654422,157.546237
2017-09-16,31.115948,304.149465,15.970604,215.053674
2017-09-17,16.663042,181.470153,14.525666,161.408837
2017-09-18,5.327678,138.445400,3.801111,108.884004
2017-09-19,3.952858,107.744340,2.680395,75.016190
2017-09-20,3.083221,84.150104,3.673466,101.267565
2017-09-21,1.064303,54.772286,4.207734,56.989268
2017-09-22,0.600498,73.893521,2.111060,77.025430
2017-09-23,4.925462,52.764820,2.713649,43.864901
2017-09-24,2.538137,30.149898,1.951925,53.979320
2017-09-25,174.605602,81.858296,23.336387,102.218826
2017-09-26,242.579670,338.983052,16.954687,103.638384
2017-09-27,6.744807,109.438753,1.841596,28.183696
2017-09-28,6.137905,19.138984,1.709814,17.954291
2017-09-29,1.783335,7.838826,1.604365,13.676010
2017-09-30,1.499885,4.359060,1.605037,12.814584
2017-10-01,0.368246,3.559094,1.591584,12.386706
2017-10-02,0.456209,3.527172,1.606828,9.940606
2017-10-03,0.205658,4.073433,1.571105,16.148999
2017-10-04,0.033753,4.305595,1.573173,16.453774
2017-10-05,0.028376,4.334580,2.250636,19.413315
2017-10-06,4.314364,4.272726,3.376974,10.605000
2017-10-07,5.072653,3.212272,2.727189,10.399097
2017-10-08,2.017364,3.330357,1.883387,12.248904
2017-10-09,6.920030,3.722044,2.249035,11.613507
2017-10-10,3.154601,3.548901,2.356499,11.661493
2017-10-11,3.766419,3.248648,1.814167,10.325832
2017-10-12,13.400819,4.851535,3.503823,12.538211
2017-10-13,3.019175,3.810674,1.520069,7.571100
2017-10-14,0.089361,3.556810,1.499911,6.936035
2017-10-15,0.041159,3.557994,1.504268,6.901651
2017-10-16,21.731573,3.812193,3.832726,9.941168
2017-10-17,63.707025,29.485063,8.391723,20.601558
2017-10-18,0.875835,7.010664,2.187618,7.810329
2017-10-19,0.735470,3.277598,1.876747,7.847053
2017-10-20,0.584468,3.199313,1.903192,7.606362
2017-10-21,0.196480,3.121408,1.886719,7.796017
2017-10-22,0.083577,2.990945,1.855463,6.796350
2017-10-23,0.741578,2.832389,3.128300,8.350806
2017-10-24,0.139086,3.131745,1.888011,8.288388
2017-10-25,0.068177,2.368590,1.874662,6.809318
2017-10-26,2.675964,2.742533,14.901702,16.381444
2017-10-27,25.061257,21.679283,2.803085,11.996271
2017-10-28,2.067643,11.435470,1.870399,8.740451
2017-10-29,0.087878,3.114689,1.940684,9.286355
2017-10-30,0.291959,2.651646,1.910567,6.873522
2017-10-31,0.131827,2.561181,2.116754,6.709087
2017-11-01,0.128602,2.355627,2.772125,8.335205
2017-11-02,0.091310,2.402307,1.789330,6.707281
2017-11-03,0.075870,2.543066,1.777429,6.698737
2017-11-04,0.033512,2.398126,1.761883,6.644819
2017-11-05,0.017224,2.165788,1.849720,6.732866
2017-11-06,0.018863,2.012022,1.727407,6.607909
2017-11-07,0.027319,1.964141,1.709188,6.619904
2017-11-08,0.010077,1.933809,1.688313,6.611098
2017-11-09,0.009227,2.097894,1.668578,6.574453
2017-11-10,0.009763,2.350676,1.656880,6.566820
2017-11-11,0.008281,2.386988,1.629919,6.576455
2017-11-12,0.014302,2.359082,1.619884,6.585647
2017-11-13,0.010282,2.521424,1.590899,6.549341
2017-11-14,0.012188,2.456049,1.576569,6.547477
2017-11-15,0.010038,2.518065,1.554695,6.536622
2017-11-16,0.014595,2.233626,1.533144,6.476346
2017-11-17,0.010639,1.966845,1.514245,6.497576
2017-11-18,0.013302,1.924728,1.494519,6.471499
2017-11-19,0.009982,1.854934,1.471881,6.512078
2017-11-20,0.009611,1.857806,1.452373,6.512071
2017-11-21,0.012449,1.893241,1.432182,6.440396
2017-11-22,0.011436,1.907973,1.417134,6.431543
2017-11-23,0.010066,1.659990,1.391585,6.458724
2017-11-24,0.009642,1.263562,1.370288,6.453420
2017-11-25,0.011003,1.192948,2.432645,6.456726
2017-11-26,0.019190,1.186742,1.812508,6.378479
2017-11-27,0.019516,1.187844,1.312573,6.399435
2017-11-28,0.012353,1.271404,3.530085,6.480201
2017-11-29,0.012251,1.462388,9.458458,6.527900
2017-11-30,0.073666,1.534166,8.870206,6.403474
2017-12-01,0.055307,1.518895,1.689928,6.292018
2017-12-02,0.036252,1.510010,1.222756,6.323491
2017-12-03,0.027171,1.488066,1.204773,6.324416
2017-12-04,0.019656,1.409462,1.194023,6.307520
2017-12-05,0.014427,1.341598,1.177204,6.310318
2017-12-06,0.010780,1.349929,1.166226,6.286635
2017-12-07,0.014829,1.338592,1.152854,6.207522
2017-12-08,0.007163,1.329585,1.145825,6.242978
2017-12-09,0.005202,1.319055,1.447014,6.258065
2017-12-10,0.008166,1.331027,1.172431,6.295943
2017-12-11,0.009766,1.332733,1.114086,6.161107
2017-12-12,0.014136,1.319892,1.103791,6.157555
2017-12-13,0.011842,1.314166,1.074574,6.152162
2017-12-14,0.007459,1.303999,1.060671,6.148103
2017-12-15,0.011320,1.299976,1.051419,6.147619
2017-12-16,0.010696,1.260190,1.039691,6.098945
2017-12-17,0.009963,1.264664,1.032937,6.121951
2017-12-18,0.004975,1.282065,1.013216,6.084066
2017-12-19,0.003739,1.279732,1.002774,6.088062
2017-12-20,0.005062,1.266608,0.991903,6.053094
2017-12-21,0.006878,1.259327,0.982007,6.032421
2017-12-22,0.010998,1.265690,0.968423,6.021388
2017-12-23,0.006113,1.272781,0.956314,6.028145
2017-12-24,0.006583,1.138921,0.945903,6.015937
2017-12-25,0.005514,0.990811,0.936109,6.004965
2017-12-26,0.004712,0.986766,0.922027,5.994684
2017-12-27,0.004666,0.984469,0.915270,5.998128
2017-12-28,0.005389,0.986477,0.902424,5.977606
2017-12-29,0.005109,0.976228,0.892595,5.983337
2017-12-30,0.005162,3.366415,0.881404,5.969565
2017-12-31,0.004967,1.305600,0.872691,5.966992
2018-01-01,0.005105,0.497205,0.860467,5.962715
2018-01-02,0.001648,0.414727,0.848720,5.958468
2018-01-03,0.001003,0.327680,0.843724,5.964235
2018-01-04,0.000997,0.312125,0.830203,5.952442
2018-01-05,0.000949,0.303130,0.820815,5.921994
2018-01-06,0.000905,0.299348,0.812083,5.937950
2018-01-07,0.000972,0.299322,0.800306,5.921688
2018-01-08,0.001019,0.298759,0.798198,5.907882
2018-01-09,0.000931,0.298706,0.821053,5.893632
2018-01-10,0.000990,0.295015,0.993970,5.885361
2018-01-11,0.000949,0.279978,0.761990,5.889878
2018-01-12,0.003436,0.262628,0.755672,5.876607
2018-01-13,0.002878,0.233150,0.742283,5.855109
2018-01-14,0.000904,0.187727,0.736941,5.823241
2018-01-15,0.000925,0.188921,0.726598,5.834300
2018-01-16,0.000942,0.189070,0.718700,5.954192
2018-01-17,0.001004,0.189420,0.711280,5.981776
2018-01-18,0.000982,0.193265,0.699586,5.939563
2018-01-19,0.000977,0.304427,0.692190,5.923485
2018-01-20,0.000822,0.409385,0.684677,5.947335
2018-01-21,0.000419,0.467623,0.674617,5.918648
2018-01-22,0.000349,0.517229,0.667322,5.891401
2018-01-23,0.000378,0.919452,0.660048,5.903451
2018-01-24,0.000334,1.297890,0.651670,5.871245
2018-01-25,0.000119,1.484052,0.641196,5.884652
2018-01-26,0.000000,1.581752,0.637644,5.902072
2018-01-27,0.000000,1.832901,0.628803,5.887726
2018-01-28,0.000000,2.100061,0.619842,5.879642
2018-01-29,0.000000,2.839285,0.612018,5.879373
2018-01-30,0.001002,7.020601,0.607475,5.850403
2018-01-31,0.004446,4.977876,0.600878,5.842275
2018-02-01,0.000749,4.309776,0.727389,5.895691
2018-02-02,0.000393,3.657418,0.586976,5.836449
2018-02-03,0.000350,3.668709,0.577855,5.855852
2018-02-04,0.000413,3.680956,0.610119,5.857268
2018-02-05,0.000280,2.212082,0.564525,5.849463
2018-02-06,0.003445,1.925358,0.560370,5.848973
2018-02-07,0.004416,3.671402,0.552954,5.839969
2018-02-08,0.001584,4.130339,0.545079,5.840153
2018-02-09,0.000355,3.260140,0.541299,5.846520
2018-02-10,0.000328,4.276292,0.534404,5.787468
2018-02-11,0.000275,3.838632,0.524254,5.977504
2018-02-12,0.001611,4.136583,0.521942,5.792443
2018-02-13,0.004335,4.596020,0.513342,5.761926
2018-02-14,0.001098,4.260191,0.523661,5.783189
2018-02-15,0.001019,4.559891,0.498848,5.786881
2018-02-16,0.006058,4.618773,0.493598,5.762475
2018-02-17,0.004821,4.617334,0.486583,5.748668
2018-02-18,0.000000,4.619442,0.485115,5.759721
2018-02-19,0.000000,4.615131,0.475300,5.742669
2018-02-20,0.000000,3.984155,0.462155,5.720472
2018-02-21,0.000000,2.479315,0.465792,5.686648
2018-02-22,0.000000,4.302221,0.455346,5.720893
2018-02-23,0.000000,2.581937,0.449660,5.954623
2018-02-24,0.000000,2.962216,0.461169,5.695929
2018-02-25,0.000000,3.173050,0.436761,5.973163
2018-02-26,0.000000,2.794164,0.430886,5.666855
2018-02-27,0.000000,2.396581,0.425956,5.706214
2018-02-28,0.000000,2.509112,0.422811,7.642945
2018-03-01,0.000000,3.159557,0.417138,5.661285
2018-03-02,0.000000,3.436323,0.409173,5.658216
2018-03-03,0.000000,3.485678,0.404229,5.671426
2018-03-04,0.000000,3.542264,0.403064,7.101632
2018-03-05,0.000000,3.807593,0.391967,5.656001
2018-03-06,0.000000,4.031151,0.389037,5.638657
2018-03-07,0.000000,3.484802,0.384668,5.627258
2018-03-08,0.000000,3.269062,0.377431,5.609509
2018-03-09,0.000000,3.986222,0.373278,5.614836
2018-03-10,0.000000,4.199745,0.369874,5.584273
2018-03-11,0.000000,4.247991,0.363083,5.580253
2018-03-12,0.000000,4.264681,0.359596,5.582683
2018-03-13,0.000000,4.278153,0.353309,5.569544
2018-03-14,0.000000,4.280502,0.347797,5.566508
2018-03-15,0.000000,4.284263,0.341234,5.551925
2018-03-16,0.000000,4.100643,0.339623,5.542144
2018-03-17,0.000000,4.213579,2.066744,5.568250
2018-03-18,0.000000,3.876696,5.269194,7.283647
2018-03-19,0.000000,3.955463,5.433792,6.692625
2018-03-20,0.000000,3.896005,4.054801,7.522764
2018-03-21,0.000000,4.181929,0.772467,6.884628
2018-03-22,0.000000,4.308135,0.319614,5.469714
2018-03-23,0.000000,4.435073,0.309269,5.459041
2018-03-24,0.000000,4.841304,0.301388,5.464175
2018-03-25,0.000000,5.059468,0.305188,5.432027
2018-03-26,0.000000,5.135464,0.316051,5.423645
2018-03-27,0.000000,5.180261,0.290758,5.453955
2018-03-28,0.000000,5.212409,0.290223,5.402616
2018-03-29,0.000000,5.062433,0.288105,5.434329
2018-03-30,0.000000,3.923881,0.281603,5.401929
2018-03-31,0.000000,3.550102,0.280765,5.415321
2018-04-01,0.000000,3.545179,0.275610,5.410171
2018-04-02,0.000000,3.582026,0.275330,5.400637
2018-04-03,0.000000,3.597934,0.267435,5.393904
2018-04-04,0.000000,3.601642,0.267663,5.385197
2018-04-05,0.000000,3.628219,0.265075,5.378441
2018-04-06,0.000000,3.386598,0.259796,5.390039
2018-04-07,0.000000,3.137109,0.254772,5.388744
2018-04-08,0.000000,2.665722,0.282336,5.287086
2018-04-09,0.000000,2.473286,0.260846,5.281853
2018-04-10,0.000000,2.463815,0.248483,5.334266
2018-04-11,0.000000,2.468702,0.497289,5.275120
2018-04-12,0.000000,2.203812,0.542604,7.973162
2018-04-13,0.000000,2.127288,0.266621,6.122711
2018-04-14,0.000000,2.133011,0.253681,8.422434
2018-04-15,0.000000,2.157343,0.243637,5.366377
2018-04-16,0.000000,2.165813,9.698669,8.961215
2018-04-17,0.000000,2.255559,25.702385,9.039863
2018-04-18,7.023905,2.450100,15.157482,10.756637
2018-04-19,8.543684,2.541871,8.143589,12.694445
2018-04-20,15.146028,4.793337,12.673273,10.258478
2018-04-21,7.485482,6.054028,5.167799,14.320000
2018-04-22,8.510552,4.871683,3.374668,14.118235
2018-04-23,1.653187,3.691294,0.706741,8.312628
2018-04-24,3.376753,3.108706,1.151540,9.889421
2018-04-25,5.860036,3.242557,1.441314,14.217688
2018-04-26,1.429977,3.119231,0.701864,11.002317
2018-04-27,1.562766,3.022237,1.959452,13.249567
2018-04-28,0.981396,3.044289,1.000878,12.684765
2018-04-29,0.878315,3.191604,0.289845,8.514772
2018-04-30,0.825914,3.496869,0.484644,12.881365
2018-05-01,0.769520,3.636400,0.318748,5.192027
2018-05-02,0.709353,3.698212,0.328083,5.212123
2018-05-03,0.658630,3.736933,0.354243,5.319284
2018-05-04,0.620862,3.747380,0.353746,6.061614
2018-05-05,0.565286,3.745987,2.032466,6.772320
2018-05-06,0.550071,3.725227,1.286217,12.752462
2018-05-07,0.527538,3.707506,1.957865,11.966461
2018-05-08,0.504348,3.688887,2.728607,5.216748
2018-05-09,0.484590,3.679977,2.481034,5.203825
2018-05-10,0.473291,3.652148,2.263464,14.261968
2018-05-11,0.463829,3.635228,3.994600,12.144149
2018-05-12,0.577622,4.058988,1.554212,9.443065
2018-05-13,2.258449,4.456188,5.690586,10.806675
2018-05-14,4.157468,4.696448,0.737277,14.017037
2018-05-15,4.398045,5.112973,0.440832,11.705527
2018-05-16,1.302970,5.246492,0.507380,13.165194
2018-05-17,19.468394,7.980167,1.851835,12.900076
2018-05-18,7.608866,7.245748,0.488682,12.888806
2018-05-19,0.707765,6.526045,0.611912,10.198283
2018-05-20,0.631215,5.661962,0.546240,12.060908
2018-05-21,0.983837,5.678895,0.789811,9.441144
2018-05-22,0.809592,4.789803,1.571519,8.368053
2018-05-23,10.334300,3.835186,4.158943,14.027900
2018-05-24,12.392951,6.009209,3.042324,13.435732
2018-05-25,1.068923,5.229023,0.893786,12.466843
2018-05-26,15.011857,7.507922,2.952178,17.888435
2018-05-27,14.418144,9.916148,4.101259,12.994479
2018-05-28,8.299372,8.107211,3.083838,14.845396
2018-05-29,12.409329,6.959932,5.150968,16.134459
2018-05-30,28.688660,9.628926,11.059319,27.020573
2018-05-31,33.220973,13.802212,12.774135,26.359320
2018-06-01,17.071607,13.851159,26.540623,19.301924
2018-06-02,40.426438,23.815032,37.933656,22.111747
2018-06-03,52.887696,41.093039,33.669321,18.742930
2018-06-04,78.060160,75.197579,30.652913,50.110340
2018-06-05,101.626745,86.665148,45.020591,79.209352
2018-06-06,307.564700,302.717217,53.331029,151.837663
2018-06-07,137.515311,246.656413,25.601048,100.140063
2018-06-08,120.820651,162.931189,22.737184,84.980573
2018-06-09,145.389411,172.744381,28.250946,81.215476
2018-06-10,150.098961,183.531446,23.240652,83.658217
2018-06-11,114.132858,160.734433,25.982587,116.903561
2018-06-12,131.705170,135.542341,25.361243,110.396039
2018-06-13,123.014665,159.512103,23.966629,111.207709
2018-06-14,122.117913,152.326750,17.091066,82.693868
2018-06-15,125.771504,153.211039,24.336345,125.031121
2018-06-16,113.594762,155.080588,24.966448,108.407326
2018-06-17,104.926486,160.170085,28.466975,129.869302
2018-06-18,124.325832,187.583926,27.862375,129.516990
2018-06-19,134.758307,226.275115,31.022203,145.143789
2018-06-20,84.380021,188.285768,32.608013,110.897502
2018-06-21,166.753124,186.757818,27.126865,148.816304
2018-06-22,138.125138,214.344954,28.672335,147.861473
2018-06-23,174.819406,278.692770,25.253338,179.567572
2018-06-24,110.481693,230.857611,24.100206,129.309448
2018-06-25,144.097019,219.438778,28.641055,212.727831
2018-06-26,163.500199,282.709295,29.287805,199.378846
2018-06-27,128.154219,275.213442,29.349461,210.400424
2018-06-28,109.583094,182.336009,23.514561,141.636866
2018-06-29,203.875921,249.185346,23.238870,210.795889
2018-06-30,99.458042,214.510741,24.089420,192.164138
2018-07-01,188.744068,220.712716,25.943276,196.468961
2018-07-02,158.716499,241.662585,27.781210,212.950403
2018-07-03,133.433353,200.960750,24.395396,251.268664
2018-07-04,106.027697,210.940439,28.179727,177.561819
2018-07-05,131.533738,209.057312,26.133936,188.808220
2018-07-06,183.480907,316.362433,28.486667,218.057746
2018-07-07,120.465636,283.897934,30.182659,203.657373
2018-07-08,170.407785,290.381689,30.938234,223.113331
2018-07-09,156.934697,308.748162,26.452166,269.752534
2018-07-10,132.960291,309.088922,27.231844,271.900884
2018-07-11,142.589196,340.266698,30.982875,293.997453
2018-07-12,168.885683,469.570913,39.290321,379.305520
2018-07-13,263.007282,670.594092,34.324232,360.282426
2018-07-14,195.851528,683.401402,35.811005,458.038968
2018-07-15,330.663866,1243.715274,46.850071,598.201250
2018-07-16,115.160944,727.258524,44.822124,417.380932
2018-07-17,142.086218,681.283746,44.035696,441.621643
2018-07-18,142.256409,827.137259,43.092858,473.723844
2018-07-19,109.259344,560.545003,41.142605,334.626962
2018-07-20,125.043453,622.279429,33.611007,461.100819
2018-07-21,91.505201,594.286187,33.007864,374.587422
2018-07-22,88.133801,539.770886,31.595880,409.476530
2018-07-23,90.450565,541.850103,31.536825,463.175422
2018-07-24,54.532831,412.000323,29.361827,238.758706
2018-07-25,81.807442,385.365207,28.164705,353.917114
2018-07-26,51.761123,348.957859,26.897113,335.219611
2018-07-27,76.098410,413.659254,32.227685,431.051590
2018-07-28,81.244218,467.339400,38.383092,451.393291
2018-07-29,91.635821,579.339710,42.760461,526.605484
2018-07-30,134.322802,1254.444676,45.630121,669.083840
2018-07-31,81.369688,985.945490,42.038802,532.844884
2018-08-01,70.218783,764.360726,40.006617,487.289055
2018-08-02,58.489276,627.679742,29.588960,426.190416
2018-08-03,44.407240,606.938150,27.509821,451.722737
2018-08-04,33.606785,528.744040,26.635092,428.884243
2018-08-05,37.772770,498.525370,24.243896,362.850746
2018-08-06,44.215111,576.041209,25.305111,423.296052
2018-08-07,40.249395,604.230330,26.915267,399.861553
2018-08-08,50.294680,634.321228,29.648140,539.981484
2018-08-09,51.940983,717.276670,26.911977,502.993671
2018-08-10,49.114975,727.255936,23.879548,437.202411
2018-08-11,35.121716,601.251314,23.489213,394.430021
2018-08-12,132.412606,975.089476,26.083643,462.026657
2018-08-13,169.012604,1428.174672,50.354340,699.498920
2018-08-14,240.251679,1595.266514,50.498452,728.115974
2018-08-15,21.944814,824.700332,20.737987,362.574264
2018-08-16,30.448671,426.887178,21.887417,221.990595
2018-08-17,26.978802,455.355628,19.831254,374.587471
2018-08-18,14.229302,368.204610,20.156439,291.410427
2018-08-19,16.703000,325.948037,16.338665,240.404192
2018-08-20,12.971786,287.047198,13.886230,211.697428
2018-08-21,12.577867,215.832323,11.179757,98.690867
2018-08-22,8.130564,184.051088,12.546366,167.275466
2018-08-23,10.588565,273.220098,12.640963,198.792096
2018-08-24,1.060388,194.895047,14.430491,126.331732
2018-08-25,14.508475,102.753116,8.136053,107.788766
2018-08-26,7.388341,100.575415,6.767206,99.602480
2018-08-27,7.267649,159.485826,6.969342,135.439873
2018-08-28,0.578823,138.184762,5.367055,109.826415
2018-08-29,3.120820,85.353933,8.347341,71.814004
2018-08-30,118.113472,59.574294,23.984770,171.591374
2018-08-31,77.590690,96.091541,11.063454,168.761837
2018-09-01,31.078563,68.961682,5.815796,108.503613
2018-09-02,13.301493,47.667031,5.675592,97.360779
2018-09-03,24.392314,58.774020,7.671942,83.698952
2018-09-04,13.143161,72.709258,5.471939,85.179064
2018-09-05,103.831381,95.616857,14.920864,100.619580
2018-09-06,149.039558,139.860193,17.091270,133.867522
2018-09-07,63.610723,136.227456,15.469168,141.421611
2018-09-08,68.054434,145.177992,12.835658,145.992243
2018-09-09,21.165638,80.169013,9.300285,130.216287
2018-09-10,12.978926,55.897105,6.261105,110.325563
2018-09-11,6.771947,40.112452,5.195614,62.357176
2018-09-12,9.612984,45.251021,7.149578,32.659010
2018-09-13,12.261503,96.911142,5.180079,77.834927
2018-09-14,16.950863,71.266559,5.213975,33.763186
2018-09-15,12.403166,76.725933,6.779926,54.471529
2018-09-16,8.123354,58.162742,5.501241,46.829327
2018-09-17,65.755846,46.647313,7.176599,58.113797
2018-09-18,69.346925,87.832389,5.669591,70.795881
2018-09-19,9.553128,30.092481,3.191945,16.578393
2018-09-20,3.883873,10.219292,3.105256,13.471506
2018-09-21,0.176254,3.894422,3.025351,9.230200
2018-09-22,0.533278,1.868295,2.949239,12.781646
2018-09-23,28.083466,3.805899,3.188966,9.499983
2018-09-24,8.042320,7.557720,2.822580,9.623281
2018-09-25,2.991493,1.375104,2.711368,7.297958
2018-09-26,3.090608,1.465413,2.641092,7.749858
2018-09-27,0.630818,1.486150,2.790096,10.774884
2018-09-28,7.093928,1.583164,2.765205,12.522436
2018-09-29,5.422927,2.097489,2.449368,14.402109
2018-09-30,0.368042,1.831165,2.699299,9.099534
2018-10-01,0.487784,1.204068,2.335612,7.083858
2018-10-02,0.011904,1.184491,2.280612,7.073959
2018-10-03,0.029978,1.166717,2.234424,7.049218
2018-10-04,0.075485,1.183265,2.182317,7.045525
2018-10-05,0.034052,1.220264,2.133119,9.584028
2018-10-06,0.029889,1.219065,3.279761,7.106098
2018-10-07,0.491772,1.228757,2.157327,6.989293
2018-10-08,0.228860,1.261440,2.004549,6.959098
2018-10-09,0.202850,1.402741,1.961428,6.957537
2018-10-10,0.078883,1.260853,1.921177,10.466080
2018-10-11,0.030499,1.185690,1.888418,6.926594
2018-10-12,0.902800,1.178816,4.226478,8.277757
2018-10-13,2.495306,1.187498,2.372918,6.886792
2018-10-14,0.082333,1.201499,1.783396,6.859325
2018-10-15,0.061605,1.133532,1.754618,6.854501
2018-10-16,0.034830,1.442193,1.724051,6.840172
2018-10-17,0.029828,1.543707,1.701114,6.825617
2018-10-18,0.034856,1.481630,1.851391,6.777846
2018-10-19,0.004251,1.456794,1.765042,6.807057
2018-10-20,0.003411,1.612222,1.633179,7.228510
2018-10-21,0.003003,1.859517,1.599929,6.788004
2018-10-22,0.002703,1.877234,1.576698,8.144042
2018-10-23,0.004141,1.615122,1.551189,6.746022
2018-10-24,0.005173,1.434158,1.527711,6.727173
2018-10-25,0.010965,1.518678,1.509075,6.752782
2018-10-26,0.008730,1.647304,1.523657,8.062743
2018-10-27,0.008317,1.562538,3.851095,6.971167
2018-10-28,0.008610,1.511527,1.498064,6.750453
2018-10-29,0.008689,1.511524,1.409312,6.674412
2018-10-30,0.008351,1.649900,1.395419,6.715678
2018-10-31,0.009380,1.596667,1.373358,6.703059
2018-11-01,0.010551,1.535988,1.385235,6.744956
2018-11-02,0.009700,1.560585,1.329696,6.751829
2018-11-03,0.008733,1.809513,1.317601,6.713199
2018-11-04,0.010340,1.867883,1.291131,6.702756
2018-11-05,0.009159,1.603295,1.275428,6.682707
2018-11-06,0.014393,1.568226,1.255199,6.681187
2018-11-07,0.020220,1.557404,1.325049,6.668469
2018-11-08,0.019340,1.534591,4.428298,6.668898
2018-11-09,4.903259,1.583010,4.743210,7.047228
2018-11-10,0.997482,1.635197,1.227561,6.599061
2018-11-11,4.550297,1.633011,1.886983,6.588718
2018-11-12,0.200052,1.553110,1.280065,6.594443
2018-11-13,0.176131,1.515155,1.153112,6.550489
2018-11-14,0.164884,1.507665,1.147859,6.548759
2018-11-15,0.162730,1.503257,1.108960,6.513422
2018-11-16,0.150032,1.488783,1.094087,6.516524
2018-11-17,0.155641,1.481694,3.313823,6.689567
2018-11-18,0.148185,1.472802,1.479877,6.445786
2018-11-19,0.141814,1.465280,6.602568,6.720852
2018-11-20,5.748838,1.660167,23.210423,6.753313
2018-11-21,0.580177,1.682809,1.123785,6.436427
2018-11-22,0.315703,1.503893,1.337060,6.409145
2018-11-23,0.221623,1.465067,1.246774,6.410657
2018-11-24,0.173926,1.405651,1.703559,6.401780
2018-11-25,0.153254,1.322249,1.414065,6.394724
2018-11-26,0.136753,1.312825,1.276278,6.368465
2018-11-27,0.085518,1.304466,1.286349,6.358093
2018-11-28,0.069524,1.298041,1.286546,6.354766
2018-11-29,0.068346,1.288060,1.285016,6.328587
2018-11-30,0.065149,1.282781,1.277614,6.326486
2018-12-01,0.062077,1.270757,1.270905,6.299102
2018-12-02,0.056528,1.223932,1.264642,6.309374
2018-12-03,0.054658,1.221002,1.251775,6.276964
2018-12-04,0.052630,1.220093,1.246231,6.280051
2018-12-05,0.058883,1.217463,1.232902,6.290783
2018-12-06,0.059013,1.216139,1.220429,6.246064
2018-12-07,0.026105,1.216670,1.210989,6.252559
2018-12-08,0.022249,1.214149,1.200533,6.216070
2018-12-09,0.022269,1.213534,1.188200,6.252138
2018-12-10,0.013328,1.233414,1.176840,6.238368
2018-12-11,0.007718,1.261624,1.400089,6.220449
2018-12-12,0.006467,1.269588,2.989840,6.217076
2018-12-13,0.009053,1.265779,2.891201,6.211936
2018-12-14,0.009045,1.439609,1.792660,6.129042
2018-12-15,0.009992,1.640920,2.369380,6.135448
2018-12-16,0.009962,1.671975,1.361947,6.084560
2018-12-17,0.003946,1.686104,1.119393,6.093141
2018-12-18,0.010981,1.696236,1.402755,6.076777
2018-12-19,0.007526,1.690298,1.069142,6.150244
2018-12-20,0.011978,1.665474,1.064411,6.059804
2018-12-21,0.005718,1.657485,1.047178,6.053100
2018-12-22,0.005497,1.649699,1.059663,6.058059
2018-12-23,0.001689,1.636491,1.839465,6.045463
2018-12-24,0.002245,1.634288,1.293912,6.069435
2018-12-25,0.002224,1.630828,1.364044,6.022798
2018-12-26,0.002421,1.532085,1.029287,6.020761
2018-12-27,0.001827,1.507827,1.007827,6.005201
2018-12-28,0.001574,1.674375,0.976841,6.029415
2018-12-29,0.001381,1.633081,0.968568,5.960448
2018-12-30,0.001757,2.164506,0.957897,6.029422
2018-12-31,0.002097,1.417103,0.944835,5.930038
2019-01-01,0.005841,0.351600,0.965592,5.945794
2019-01-02,0.002063,0.590706,2.643264,5.937931
2019-01-03,0.003142,0.698158,2.073354,6.013587
2019-01-04,0.006881,0.727433,1.725364,5.946577
2019-01-05,0.001083,0.730662,0.909097,5.900487
2019-01-06,0.000860,0.561958,0.887105,6.029905
2019-01-07,0.000982,0.448876,0.878357,5.947301
2019-01-08,0.000908,0.424218,2.919455,5.880745
2019-01-09,0.001076,0.408993,1.684427,5.871668
2019-01-10,0.000749,0.399097,0.851508,5.931840
2019-01-11,0.000857,0.399072,0.836952,5.858465
2019-01-12,0.001063,0.411078,0.832432,5.929638
2019-01-13,0.004181,0.415318,0.820377,5.912210
2019-01-14,0.004236,0.419585,0.810310,5.909313
2019-01-15,0.001738,0.419496,0.807053,5.817742
2019-01-16,0.001764,0.419190,0.793901,5.927009
2019-01-17,0.001472,0.417704,0.786334,5.865756
2019-01-18,0.001573,0.420316,0.776846,5.811668
2019-01-19,0.001694,0.564860,0.764141,5.872947
2019-01-20,0.001660,0.987257,0.762931,5.929897
2019-01-21,0.001551,1.353702,0.749185,5.811305
2019-01-22,0.000742,1.450796,0.742280,5.861307
2019-01-23,0.000673,0.694709,0.734542,5.878959
2019-01-24,0.000639,0.410235,0.722974,5.778648
2019-01-25,0.000652,0.414011,0.718724,5.875396
2019-01-26,0.000635,0.413449,0.704974,5.843108
2019-01-27,0.007553,0.415605,0.706462,5.804990
2019-01-28,0.007632,0.416758,0.687867,5.802775
2019-01-29,0.001572,0.419007,0.680332,5.810868
2019-01-30,0.001547,0.413477,0.671258,5.770259
2019-01-31,0.001782,0.400756,0.662673,5.841595
2019-02-01,0.001670,0.334946,0.655359,5.842756
2019-02-02,0.001911,0.316306,0.671558,5.793104
2019-02-03,0.001547,0.308466,0.635944,5.833646
2019-02-04,0.001623,0.306864,0.627911,5.662486
2019-02-05,0.001598,0.306799,0.619605,5.767989
2019-02-06,0.001685,0.314118,0.609473,5.798620
2019-02-07,0.002438,0.317932,0.601580,5.769301
2019-02-08,0.003048,0.318815,0.594065,5.734200
2019-02-09,0.002030,0.319359,0.586512,5.743938
2019-02-10,0.009679,0.318539,0.578776,5.639837
2019-02-11,0.002255,0.317582,0.568024,5.724063
2019-02-12,0.000696,0.286943,0.562819,5.669814
2019-02-13,0.000703,0.275955,0.550425,5.569165
2019-02-14,0.000718,0.275992,0.549171,5.693287
2019-02-15,0.000728,0.291299,0.542100,5.691148
2019-02-16,0.000731,0.315757,0.531652,5.677200
2019-02-17,0.004990,0.329053,0.534965,5.677977
2019-02-18,0.008317,0.344395,0.515799,5.560404
2019-02-19,0.007101,0.344234,0.511306,5.672979
2019-02-20,0.007095,0.344180,0.505144,5.668915
2019-02-21,0.003395,0.344641,1.383176,5.657978
2019-02-22,0.000056,0.502539,1.119548,5.618731
2019-02-23,0.000090,0.638255,0.500218,5.623049
2019-02-24,0.000075,0.647882,0.475420,5.482201
2019-02-25,0.000109,0.640516,0.488750,5.614117
2019-02-26,0.000097,0.374400,0.470542,5.448803
2019-02-27,0.000082,0.348781,0.457142,5.510972
2019-02-28,0.000079,0.471102,0.686461,5.549994
2019-03-01,0.000099,0.771089,0.453074,5.550279
2019-03-02,0.000126,0.921285,0.441578,5.522875
2019-03-03,0.000086,1.309298,0.437903,5.384563
2019-03-04,0.000000,1.597183,0.432853,5.416616
2019-03-05,0.000000,1.738399,0.423641,5.378808
2019-03-06,0.006011,1.813284,0.424879,5.359343
2019-03-07,0.000000,1.863876,0.417093,5.487495
2019-03-08,0.000853,1.924837,0.413051,5.310154
2019-03-09,0.001197,1.947518,0.407873,5.364533
2019-03-10,0.000000,1.971931,0.402439,5.359336
2019-03-11,0.000000,1.975545,0.395263,5.356836
2019-03-12,0.000000,1.989341,0.397423,5.274977
2019-03-13,0.000000,2.025298,0.383534,5.363674
2019-03-14,0.000000,2.020984,0.383944,5.286464
2019-03-15,0.000000,2.027856,0.380129,5.342792
2019-03-16,0.000000,2.037841,0.367342,5.271434
2019-03-17,0.000000,2.049858,0.372164,5.306708
2019-03-18,0.000000,2.078592,0.361591,5.237016
2019-03-19,0.000000,2.014351,0.360535,5.275615
2019-03-20,0.000000,1.228058,0.352891,5.258535
2019-03-21,0.000000,1.093133,0.349425,5.278957
2019-03-22,0.000000,1.847338,0.345579,5.239424
2019-03-23,0.000000,1.926462,0.337345,5.263464
2019-03-24,0.000000,1.907964,0.348217,5.244596
2019-03-25,0.000000,1.980790,0.404969,5.228664
2019-03-26,0.000000,1.985674,0.356906,5.230986
2019-03-27,0.000000,1.971600,0.322497,5.236560
2019-03-28,0.000000,1.987622,0.315759,5.231407
2019-03-29,0.000000,1.986460,0.309369,5.209805
2019-03-30,0.000000,1.979977,0.307403,5.196227
2019-03-31,0.000000,1.931218,0.305035,5.219405
2019-04-01,0.000000,1.536765,0.300856,5.187722
2019-04-02,0.000000,1.004713,0.423920,8.052568
2019-04-03,0.000000,0.996632,1.005205,5.155641
2019-04-04,0.000000,1.002354,0.284084,5.132729
2019-04-05,0.000000,0.996883,0.278253,5.168472
2019-04-06,0.000000,0.999712,0.787610,7.735432
2019-04-07,0.000000,0.997608,7.190748,8.478389
2019-04-08,0.000000,1.027809,1.518835,8.530571
2019-04-09,0.000000,1.037796,1.465719,9.165211
2019-04-10,0.000000,1.047847,6.911725,6.835376
2019-04-11,0.000000,1.047531,4.172600,8.728720
2019-04-12,1.060885,0.755896,7.077919,7.471560
2019-04-13,3.850466,0.266585,11.633832,10.212415
2019-04-14,14.117437,0.374791,12.588632,7.337492
2019-04-15,12.666998,0.506038,2.081666,8.876251
2019-04-16,6.365582,0.412850,4.508145,10.053332
2019-04-17,2.528179,0.338951,2.296105,12.838834
2019-04-18,0.352716,0.589610,1.020127,9.184483
2019-04-19,4.388423,1.059253,2.755305,11.539835
2019-04-20,2.986538,1.176772,0.501513,10.513109
2019-04-21,1.535676,1.176163,0.727665,12.327369
2019-04-22,0.259559,1.157626,0.561030,4.995722
2019-04-23,0.241443,1.153104,0.398782,5.046997
2019-04-24,0.233531,1.148544,1.095844,13.315730
2019-04-25,0.230729,1.158984,0.623657,8.080488
2019-04-26,0.217618,1.148514,5.680567,8.637226
2019-04-27,7.595381,1.216218,16.618760,9.899619
2019-04-28,24.681586,1.415527,22.864147,11.097594
2019-04-29,32.431031,3.793788,23.984216,16.773418
2019-04-30,40.234578,6.426619,7.621248,17.126786
2019-05-01,33.728736,9.063724,11.646812,18.414221
2019-05-02,17.896950,11.079832,10.886703,19.326942
2019-05-03,2.346684,2.146135,1.910706,8.511298
2019-05-04,57.766673,8.737736,24.049639,34.288399
2019-05-05,160.378350,73.211592,27.163325,40.774532
2019-05-06,111.636792,88.277131,11.854497,29.306174
2019-05-07,70.326637,56.649287,8.661130,24.493728
2019-05-08,62.679794,52.435301,8.663114,23.064072
2019-05-09,40.134509,44.912794,6.684892,27.309231
2019-05-10,15.508215,22.831173,6.263246,14.050015
2019-05-11,30.319996,14.904707,6.556677,16.729542
2019-05-12,8.133119,10.686380,4.707073,11.456153
2019-05-13,4.094920,2.699288,3.759844,20.838140
2019-05-14,32.246474,4.905095,13.408826,41.137471
2019-05-15,67.599020,23.298074,16.533631,50.084728
2019-05-16,139.067741,91.705567,11.914865,46.361152
2019-05-17,105.750679,98.202418,15.481545,45.062034
2019-05-18,60.407589,78.150486,16.209382,56.069074
2019-05-19,66.456735,52.764693,11.092900,52.958324
2019-05-20,38.159424,44.374163,10.730531,51.856395
2019-05-21,48.337584,30.242156,12.297978,60.276477
2019-05-22,113.402093,67.829692,19.995032,66.643885
2019-05-23,137.854645,124.171498,20.452554,85.429682
2019-05-24,109.313631,121.328253,18.249510,65.746040
2019-05-25,118.525873,126.103377,22.967541,60.353033
2019-05-26,121.664588,137.535267,22.405722,75.962255
2019-05-27,95.033442,125.943653,22.397549,65.034002
2019-05-28,82.200799,104.102800,20.586032,61.054284
2019-05-29,92.195312,98.317797,25.193795,75.102553
2019-05-30,89.109667,105.865132,27.625195,83.243925
2019-05-31,80.003332,101.564340,26.532746,76.011899
2019-06-01,69.647577,88.230978,25.070022,72.128048
2019-06-02,83.264576,90.402571,29.264956,82.499339
2019-06-03,95.884251,110.670266,32.078871,89.988686
2019-06-04,97.160620,124.765271,33.975941,102.420740
2019-06-05,99.087478,126.124885,35.950229,102.795835
2019-06-06,64.942583,101.726851,37.341682,83.335825
2019-06-07,139.895057,136.952929,36.584643,129.158942
2019-06-08,124.720176,170.084386,38.038207,139.055428
2019-06-09,145.650839,192.873597,39.054453,135.742582
2019-06-10,118.180434,178.508042,41.702949,127.798531
2019-06-11,186.966757,173.818136,47.682942,190.700891
2019-06-12,184.695761,220.670212,34.051148,175.029402
2019-06-13,185.169142,256.991890,45.603429,234.537432
2019-06-14,216.205723,320.199571,37.271023,199.025929
2019-06-15,190.011093,370.394970,41.662001,199.027634
2019-06-16,235.777842,461.028518,45.174555,240.209260
2019-06-17,240.101031,544.687023,45.375716,258.732272
2019-06-18,178.021434,439.287570,41.154053,222.605832
2019-06-19,229.079740,493.246634,44.831728,241.011391
2019-06-20,160.383214,463.414851,40.839030,239.757379
2019-06-21,144.647290,409.899589,39.896495,232.537625
2019-06-22,132.519847,381.325685,38.754053,238.036628
2019-06-23,122.676813,362.238211,45.331815,239.214525
2019-06-24,140.211328,438.555128,47.564533,276.226600
2019-06-25,172.543724,498.369133,49.201048,323.691551
2019-06-26,137.529723,511.133531,54.783329,345.395213
2019-06-27,171.103843,534.216326,53.685177,386.882899
2019-06-28,151.593805,507.390379,46.844215,335.407170
2019-06-29,159.714299,464.000502,39.267620,267.664915
2019-06-30,120.439393,356.366479,33.857521,219.195904
2019-07-01,84.428173,276.587870,38.724428,296.762778
2019-07-02,190.928569,247.253608,35.293720,217.670373
2019-07-03,239.453944,484.646767,38.396217,390.442266
2019-07-04,118.282674,474.529119,38.585528,373.255008
2019-07-05,121.276198,504.795996,43.184448,360.381682
2019-07-06,106.388766,536.845889,43.487242,394.980971
2019-07-07,124.498043,529.739181,45.448957,389.807726
2019-07-08,133.031985,612.615458,42.479930,390.207253
2019-07-09,101.972742,547.329221,37.146337,362.427077
2019-07-10,93.258492,499.611321,37.582256,393.562114
2019-07-11,97.096895,522.557165,39.561979,388.647031
2019-07-12,87.431464,505.975863,36.775382,399.970917
2019-07-13,94.873267,504.953422,37.690586,414.563380
2019-07-14,114.465512,566.454467,50.248211,507.101430
2019-07-15,168.226484,804.221498,36.754164,477.974205
2019-07-16,123.204308,869.475290,36.088924,411.998247
2019-07-17,83.471500,690.104112,46.735901,488.880483
2019-07-18,87.732591,624.408394,43.033675,548.310833
2019-07-19,87.327555,758.686627,43.111955,567.905231
2019-07-20,68.216839,759.439249,45.618435,561.231929
2019-07-21,66.885668,720.121040,41.438447,546.215030
2019-07-22,72.274228,782.296894,42.500587,586.754220
2019-07-23,63.683601,794.037359,39.432648,502.225999
2019-07-24,56.440526,798.869025,37.027069,468.578165
2019-07-25,53.309543,673.777490,30.846284,280.995466
2019-07-26,44.582647,501.080476,28.585398,310.261712
2019-07-27,41.609466,439.362886,35.746192,514.403246
2019-07-28,45.126995,449.633709,35.057081,282.095422
2019-07-29,70.361825,686.603342,37.606591,504.460749
2019-07-30,332.970849,1569.160652,58.393655,764.447230
2019-07-31,167.221695,2097.552863,71.067396,1004.681366
2019-08-01,76.077553,1419.130087,25.631480,541.926407
2019-08-02,50.895006,909.481738,30.594125,513.545619
2019-08-03,49.499474,763.973953,29.062673,539.830881
2019-08-04,49.658159,756.264476,23.591035,461.932809
2019-08-05,50.558362,739.544566,22.234451,503.646176
2019-08-06,52.738322,708.171899,18.612183,350.246804
2019-08-07,31.819076,614.175219,22.865279,463.229099
2019-08-08,24.545669,540.919531,21.532638,462.116779
2019-08-09,23.342859,447.879595,22.591448,386.481296
2019-08-10,26.767706,443.092564,19.338312,372.823750
2019-08-11,27.929416,452.705287,19.044149,303.803387
2019-08-12,21.729890,435.239860,20.470093,367.931841
2019-08-13,21.287878,443.675628,20.659436,297.675593
2019-08-14,13.214534,349.475661,18.568023,257.659295
2019-08-15,12.970657,310.364312,18.562401,253.019378
2019-08-16,26.531413,420.023987,19.877142,284.587426
2019-08-17,18.394980,420.844474,19.971009,280.535529
2019-08-18,13.433334,330.122581,21.048791,218.338854
2019-08-19,22.727704,331.252064,18.659067,266.498301
2019-08-20,12.401365,288.461352,16.292101,207.304688
2019-08-21,8.924558,242.959619,14.865230,136.902596
2019-08-22,7.390652,206.923759,14.572286,121.584534
2019-08-23,6.833411,188.844510,14.454670,128.162305
2019-08-24,5.361589,177.606455,13.255165,82.378704
2019-08-25,24.206362,271.024152,21.566893,208.885805
2019-08-26,13.655581,332.788120,16.422501,235.328377
2019-08-27,6.507413,275.896652,13.161525,139.052501
2019-08-28,6.697207,226.232136,11.916413,117.301068
2019-08-29,2.437578,172.333845,10.554271,104.167461
2019-08-30,1.001257,118.215566,10.566783,104.381444
2019-08-31,0.228006,91.679218,9.804444,107.235786
2019-09-01,0.115456,65.822743,0.000000,0.000000
2019-09-02,0.417990,61.721194,0.000000,0.000000
2019-09-03,6.908203,105.829591,0.000000,0.000000
2019-09-04,45.147274,227.129268,0.000000,0.000000
2019-09-05,15.345708,268.494073,0.000000,0.000000
2019-09-06,13.434752,123.735845,0.000000,0.000000
2019-09-07,15.338237,115.266292,0.000000,0.000000
2019-09-08,0.070952,124.260857,0.000000,0.000000
2019-09-09,4.111295,85.545076,0.000000,0.000000
2019-09-10,3.620633,90.004689,0.000000,0.000000
2019-09-11,0.041830,63.837922,0.000000,0.000000
2019-09-12,0.036763,27.766063,0.000000,0.000000
2019-09-13,0.019000,16.886324,0.000000,0.000000
2019-09-14,0.031125,11.088478,0.000000,0.000000
2019-09-15,0.035000,10.479168,0.000000,0.000000
2019-09-16,0.029811,16.363278,0.000000,0.000000
2019-09-17,0.045031,12.271298,0.000000,0.000000
2019-09-18,0.072366,4.660772,0.000000,0.000000
2019-09-19,14.160940,6.228823,0.000000,0.000000
2019-09-20,31.258630,25.824210,0.000000,0.000000
2019-09-21,14.516791,50.003020,0.000000,0.000000
2019-09-22,82.107263,98.672696,0.000000,0.000000
2019-09-23,63.167538,174.813743,0.000000,0.000000
2019-09-24,13.409489,185.342748,0.000000,0.000000
2019-09-25,7.508446,192.072599,0.000000,0.000000
2019-09-26,33.664207,162.063909,0.000000,0.000000
2019-09-27,45.881586,317.560273,0.000000,0.000000
2019-09-28,8.072576,229.180158,0.000000,0.000000
2019-09-29,0.064107,114.413658,0.000000,0.000000
2019-09-30,0.108921,60.112490,0.000000,0.000000
2019-10-01,0.335430,35.094816,0.000000,0.000000
2019-10-02,46.494978,10.171152,0.000000,0.000000
2019-10-03,39.187021,18.682426,0.000000,0.000000
2019-10-04,68.613910,21.610415,0.000000,0.000000
2019-10-05,183.511391,98.956988,0.000000,0.000000
2019-10-06,193.437264,174.744487,0.000000,0.000000
2019-10-07,14.921611,87.439468,0.000000,0.000000
2019-10-08,6.334835,14.909193,0.000000,0.000000
2019-10-09,36.581041,27.077285,0.000000,0.000000
2019-10-10,3.499711,12.828620,0.000000,0.000000
2019-10-11,2.714966,3.632329,0.000000,0.000000
2019-10-12,2.073496,2.901781,0.000000,0.000000
2019-10-13,1.674425,2.869196,0.000000,0.000000
2019-10-14,3.307024,2.825024,0.000000,0.000000
2019-10-15,1.307893,2.989364,0.000000,0.000000
2019-10-16,1.180242,2.891043,0.000000,0.000000
2019-10-17,1.034266,2.513431,0.000000,0.000000
2019-10-18,0.299735,2.614223,0.000000,0.000000
2019-10-19,0.265299,2.641687,0.000000,0.000000
2019-10-20,0.158917,2.793080,0.000000,0.000000
2019-10-21,0.140304,2.709066,0.000000,0.000000
2019-10-22,0.063383,2.856957,0.000000,0.000000
2019-10-23,0.020441,2.438307,0.000000,0.000000
2019-10-24,0.015020,2.229942,0.000000,0.000000
2019-10-25,0.034353,2.316728,0.000000,0.000000
2019-10-26,0.019924,2.338514,0.000000,0.000000
2019-10-27,0.022025,2.148314,0.000000,0.000000
2019-10-28,0.272968,1.810792,0.000000,0.000000
2019-10-29,0.183868,1.786188,0.000000,0.000000
2019-10-30,0.035257,1.698190,0.000000,0.000000
2019-10-31,0.029394,1.666105,0.000000,0.000000
2019-11-01,0.048854,1.691062,0.000000,0.000000
2019-11-02,0.015883,1.885794,0.000000,0.000000
2019-11-03,0.011388,2.021293,0.000000,0.000000
2019-11-04,0.007137,1.879672,0.000000,0.000000
2019-11-05,0.005001,1.727969,0.000000,0.000000
2019-11-06,0.048921,1.717999,0.000000,0.000000
2019-11-07,0.012331,1.757004,0.000000,0.000000
2019-11-08,0.452837,1.936531,0.000000,0.000000
2019-11-09,6.182194,2.086812,0.000000,0.000000
2019-11-10,7.921452,2.631110,0.000000,0.000000
2019-11-11,12.806789,3.121759,0.000000,0.000000
2019-11-12,5.260447,3.145082,0.000000,0.000000
2019-11-13,16.524812,6.415922,0.000000,0.000000
2019-11-14,0.389832,3.101566,0.000000,0.000000
2019-11-15,0.280331,2.568415,0.000000,0.000000
2019-11-16,0.206809,2.674377,0.000000,0.000000
2019-11-17,0.158363,2.606248,0.000000,0.000000
2019-11-18,0.144342,2.397941,0.000000,0.000000
2019-11-19,0.162810,2.825275,0.000000,0.000000
2019-11-20,0.148862,2.773146,0.000000,0.000000
2019-11-21,0.138743,2.490508,0.000000,0.000000
2019-11-22,0.131548,2.451330,0.000000,0.000000
2019-11-23,0.134211,2.313163,0.000000,0.000000
2019-11-24,0.078875,2.244505,0.000000,0.000000
2019-11-25,0.058564,2.246740,0.000000,0.000000
2019-11-26,0.060438,2.289917,0.000000,0.000000
2019-11-27,0.067767,2.412408,0.000000,0.000000
2019-11-28,0.062758,2.406928,0.000000,0.000000
2019-11-29,0.060372,2.419498,0.000000,0.000000
2019-11-30,0.023454,2.876854,0.000000,0.000000
2019-12-01,0.006686,3.309938,0.000000,0.000000
2019-12-02,0.005782,3.557853,0.000000,0.000000
2019-12-03,0.001601,3.758881,0.000000,0.000000
2019-12-04,0.001890,3.780727,0.000000,0.000000
2019-12-05,0.002277,3.455272,0.000000,0.000000
2019-12-06,0.002670,3.218273,0.000000,0.000000
2019-12-07,0.001958,2.693408,0.000000,0.000000
2019-12-08,0.002274,2.398242,0.000000,0.000000
2019-12-09,0.003076,2.269536,0.000000,0.000000
2019-12-10,0.001925,2.212068,0.000000,0.000000
2019-12-11,0.002194,2.139952,0.000000,0.000000
2019-12-12,0.002250,2.130678,0.000000,0.000000
2019-12-13,0.003153,2.121449,0.000000,0.000000
2019-12-14,0.001971,2.112652,0.000000,0.000000
2019-12-15,0.002653,1.779625,0.000000,0.000000
2019-12-16,0.002699,1.214677,0.000000,0.000000
2019-12-17,0.002093,1.274982,0.000000,0.000000
2019-12-18,0.000916,1.389655,0.000000,0.000000
2019-12-19,0.000263,1.434785,0.000000,0.000000
2019-12-20,0.000246,1.413909,0.000000,0.000000
2019-12-21,0.000266,1.505895,0.000000,0.000000
2019-12-22,0.007958,1.557137,0.000000,0.000000
2019-12-23,0.007516,1.682882,0.000000,0.000000
2019-12-24,0.005603,1.821321,0.000000,0.000000
2019-12-25,0.005524,1.830070,0.000000,0.000000
2019-12-26,0.005700,1.781298,0.000000,0.000000
2019-12-27,0.005619,1.700110,0.000000,0.000000
2019-12-28,0.005523,1.580489,0.000000,0.000000
2019-12-29,0.005319,1.392540,0.000000,0.000000
2019-12-30,0.005987,3.673971,0.000000,0.000000
2019-12-31,0.005523,1.634908,0.000000,0.000000

