time,MAR_land,MAR_ice,RACMO_land,RACMO_ice
2015-01-01,9.408401,0.000000,0.966352,1.602739
2015-01-02,9.337131,0.000000,0.938079,1.592340
2015-01-03,9.260261,0.000010,0.920565,1.596941
2015-01-04,9.184038,0.000811,0.906160,1.606296
2015-01-05,9.107949,0.000002,0.897852,1.586282
2015-01-06,9.025897,0.000000,0.877839,1.590567
2015-01-07,8.957355,0.000000,0.872582,1.589095
2015-01-08,8.884185,0.000000,0.854783,1.598437
2015-01-09,8.812649,0.000000,0.843212,1.585475
2015-01-10,8.742225,0.000000,0.830544,1.569323
2015-01-11,8.667115,0.000000,0.814640,1.582907
2015-01-12,8.604911,0.000000,0.797743,1.515644
2015-01-13,8.537121,0.000000,0.795000,1.566174
2015-01-14,8.470019,0.000000,0.776288,1.587139
2015-01-15,8.403992,0.000000,0.774594,1.554264
2015-01-16,8.333154,0.000000,0.752976,1.527737
2015-01-17,8.274129,0.000000,0.880189,1.581692
2015-01-18,8.209907,0.000000,1.507204,1.566974
2015-01-19,8.146569,0.000000,0.867328,1.560927
2015-01-20,8.084503,0.000000,0.705602,1.581611
2015-01-21,8.017085,0.000000,0.700489,1.564151
2015-01-22,7.961697,0.000000,0.686761,1.572653
2015-01-23,7.901744,0.000000,0.676076,1.559405
2015-01-24,7.842524,0.000000,0.664079,1.564136
2015-01-25,7.783731,0.000000,0.656194,1.554219
2015-01-26,7.720366,0.000000,0.641907,1.550309
2015-01-27,7.668573,0.000000,0.637145,1.542565
2015-01-28,7.611472,0.000000,0.620646,1.529436
2015-01-29,7.553927,0.000000,0.613463,1.541273
2015-01-30,7.496739,0.000000,0.603896,1.548590
2015-01-31,7.440365,0.000000,0.593089,1.524728
2015-02-01,7.380278,0.000000,0.581170,1.538640
2015-02-02,7.331579,0.000000,0.575776,1.526388
2015-02-03,7.279714,0.000000,0.586554,2.748864
2015-02-04,7.229604,0.000000,0.691403,1.525251
2015-02-05,7.180025,0.000000,0.745004,1.521432
2015-02-06,7.126203,0.000252,0.537666,1.512136
2015-02-07,7.083873,0.000450,1.142823,1.633088
2015-02-08,7.037847,0.000000,0.902363,1.530095
2015-02-09,6.992533,0.000000,0.512040,1.520264
2015-02-10,6.947330,0.000000,0.504449,1.518707
2015-02-11,6.897463,0.000000,0.494354,1.531283
2015-02-12,6.857716,0.000000,0.494465,1.514235
2015-02-13,6.814029,0.000000,0.480108,1.483418
2015-02-14,6.770871,0.000000,0.473120,1.523967
2015-02-15,6.728233,0.000000,0.463431,1.495689
2015-02-16,6.681624,0.000000,0.457996,1.508712
2015-02-17,6.644650,0.000000,0.449087,1.519728
2015-02-18,6.603119,0.000000,0.440125,1.498241
2015-02-19,6.561553,0.000000,0.433421,1.502101
2015-02-20,6.521279,0.000000,0.423469,1.483944
2015-02-21,6.477963,0.000000,0.418714,1.510770
2015-02-22,6.444281,0.000000,0.410298,1.495073
2015-02-23,6.406946,0.000000,0.400263,1.492441
2015-02-24,6.369647,0.000000,0.395017,1.495605
2015-02-25,6.332834,0.000000,0.382058,1.425488
2015-02-26,6.291907,0.000000,0.375651,1.501821
2015-02-27,6.260162,0.000000,0.374619,1.483747
2015-02-28,6.224177,0.000000,0.363393,1.406846
2015-03-01,6.184139,0.000000,0.355005,1.477576
2015-03-02,6.152737,0.000000,0.347875,1.477574
2015-03-03,6.117434,0.000000,0.344066,1.415133
2015-03-04,6.082676,0.000000,0.334931,1.479564
2015-03-05,6.047956,0.000000,0.340046,1.451835
2015-03-06,6.009230,0.000000,0.323964,1.472109
2015-03-07,5.978864,0.000000,0.320861,1.474008
2015-03-08,5.944300,0.000000,0.309963,1.459387
2015-03-09,5.909578,0.000000,0.332293,1.422943
2015-03-10,5.874878,0.000000,0.301109,1.472180
2015-03-11,5.836706,0.000000,0.297099,1.396685
2015-03-12,5.807007,0.000000,0.290875,1.390589
2015-03-13,5.773530,0.000000,0.316232,1.391200
2015-03-14,5.740436,0.000000,0.279277,1.387445
2015-03-15,5.707721,0.000000,0.282684,1.375318
2015-03-16,5.671491,0.000000,0.279278,1.390243
2015-03-17,5.643190,0.000000,0.270805,1.388567
2015-03-18,5.610930,0.000000,0.266805,2.784882
2015-03-19,5.578799,0.000000,0.267173,1.383275
2015-03-20,5.546951,0.000000,0.262344,1.379279
2015-03-21,5.511189,0.000000,0.255137,1.369648
2015-03-22,5.483191,0.000000,0.250588,1.382748
2015-03-23,5.451400,0.000000,0.301841,1.384937
2015-03-24,5.420143,0.000000,0.292527,1.432779
2015-03-25,5.389678,0.000000,0.243980,1.379951
2015-03-26,5.356051,0.000000,0.242130,1.379011
2015-03-27,5.330786,0.000000,0.236233,1.374695
2015-03-28,5.302322,0.000000,0.236703,1.371981
2015-03-29,5.274319,0.000000,0.227394,1.378001
2015-03-30,5.246475,0.000000,0.230487,1.367564
2015-03-31,5.218774,0.000000,0.225928,1.375445
2015-04-01,5.187510,0.000000,0.222048,1.360404
2015-04-02,5.163818,0.000000,0.219768,1.376170
2015-04-03,5.136573,0.000000,0.217516,1.360831
2015-04-04,5.109577,0.000000,0.213840,1.386439
2015-04-05,5.082779,0.000000,0.212134,1.343651
2015-04-06,5.052905,0.000276,0.206271,1.382255
2015-04-07,5.030217,0.000265,0.205180,1.360118
2015-04-08,5.004252,0.000000,0.202440,5.749658
2015-04-09,4.978301,0.000000,0.199550,1.361312
2015-04-10,4.952676,0.000000,0.194284,1.370146
2015-04-11,4.924026,0.000000,0.196167,1.340357
2015-04-12,4.903018,0.000000,0.187507,1.356200
2015-04-13,4.878726,0.000000,0.261913,1.354320
2015-04-14,4.854617,0.000000,0.203364,3.821061
2015-04-15,4.830766,0.000000,0.977057,4.880656
2015-04-16,4.803857,0.000000,0.766361,4.983928
2015-04-17,4.783543,0.000000,0.281620,1.318906
2015-04-18,4.760132,0.000000,1.333314,2.598519
2015-04-19,4.737299,0.000000,6.378771,7.318366
2015-04-20,4.715243,0.000000,0.309988,1.316175
2015-04-21,4.690429,0.000000,0.174448,1.322203
2015-04-22,4.672256,0.000000,0.202660,6.951170
2015-04-23,4.651317,0.000000,6.195065,9.183607
2015-04-24,4.630676,0.000000,0.172682,9.850801
2015-04-25,4.610085,0.000000,0.163789,4.550881
2015-04-26,4.586162,0.000000,0.197872,1.300580
2015-04-27,4.568812,0.000000,0.235746,1.312468
2015-04-28,4.548876,0.000000,0.929711,1.289595
2015-04-29,4.529557,0.000000,5.861781,1.311155
2015-04-30,4.510359,0.000000,2.311116,1.284390
2015-05-01,4.488348,0.000000,0.866601,1.272158
2015-05-02,4.472817,0.000000,0.875379,1.247101
2015-05-03,4.454230,0.000000,1.690031,1.257571
2015-05-04,4.435534,0.000000,12.853511,9.792908
2015-05-05,4.416857,0.000000,4.075414,8.509021
2015-05-06,4.395310,0.000000,10.959635,5.457467
2015-05-07,4.380617,0.000000,14.384005,12.036642
2015-05-08,4.363103,0.000000,11.840653,9.760470
2015-05-09,4.345964,0.000000,20.171689,8.982370
2015-05-10,4.329060,0.000000,24.786967,12.004004
2015-05-11,4.309140,0.000000,3.534660,3.267817
2015-05-12,4.295038,0.000000,1.852772,5.592068
2015-05-13,4.277913,0.000000,0.299649,5.678304
2015-05-14,4.260969,0.000000,0.506890,7.050849
2015-05-15,4.244312,0.000000,7.240106,7.923400
2015-05-16,4.224863,0.000000,13.201702,9.961753
2015-05-17,4.211093,0.030148,31.545284,7.268219
2015-05-18,4.193545,0.001721,32.854452,5.901878
2015-05-19,4.183505,0.000001,4.925684,6.818815
2015-05-20,4.172961,0.000000,3.488083,1.794955
2015-05-21,4.157591,0.000000,10.841978,10.360875
2015-05-22,4.145292,0.000000,2.804654,3.502596
2015-05-23,4.117087,0.000000,10.626727,9.142505
2015-05-24,4.099227,0.000000,13.499223,7.089767
2015-05-25,4.067300,0.000000,9.953109,8.754989
2015-05-26,4.022016,0.000000,5.859144,7.091969
2015-05-27,3.975862,0.000000,8.943085,6.932575
2015-05-28,3.917682,0.000000,11.059840,10.739417
2015-05-29,3.841453,0.000000,3.470221,4.732300
2015-05-30,3.779249,0.000000,2.008418,1.224049
2015-05-31,3.755089,0.000000,6.659439,8.664891
2015-06-01,3.751552,0.000000,3.579070,8.846787
2015-06-02,3.770458,0.000000,9.174095,7.796623
2015-06-03,3.793411,0.000000,8.231983,7.421338
2015-06-04,3.813654,0.266540,11.330092,5.903625
2015-06-05,3.799197,2.910125,27.424125,6.047778
2015-06-06,3.757109,7.515613,37.158689,5.130766
2015-06-07,3.721100,9.665190,26.190333,9.606063
2015-06-08,3.726794,6.857746,23.998885,9.421119
2015-06-09,3.791437,11.305879,27.530860,8.060206
2015-06-10,3.933280,20.976233,30.949847,8.344465
2015-06-11,4.173119,19.330040,39.077194,8.659135
2015-06-12,4.508790,26.535258,39.959262,11.315061
2015-06-13,4.881269,23.453547,45.716801,14.889994
2015-06-14,5.380970,30.394085,61.058894,15.023223
2015-06-15,6.027564,26.777843,48.040595,13.293554
2015-06-16,6.766292,29.232464,62.287618,19.753706
2015-06-17,7.775650,56.253134,62.178959,21.728595
2015-06-18,9.730417,54.272754,57.678170,23.372177
2015-06-19,12.464603,88.497139,69.777335,28.784758
2015-06-20,15.235343,97.723961,70.743382,34.220153
2015-06-21,18.226281,93.091205,77.099535,36.296440
2015-06-22,21.657791,92.540155,89.223576,35.899819
2015-06-23,26.174875,92.972913,80.594804,41.613893
2015-06-24,29.642877,91.541180,83.008365,45.788868
2015-06-25,34.789154,90.892574,86.064826,44.901617
2015-06-26,40.472244,98.378435,89.068492,45.890454
2015-06-27,44.738741,160.099211,108.309418,54.203564
2015-06-28,53.572926,153.771734,104.749337,48.254472
2015-06-29,65.391164,139.114709,101.748067,48.773355
2015-06-30,72.015351,99.522096,97.307737,48.071837
2015-07-01,84.088556,100.124406,100.279632,51.770416
2015-07-02,90.116311,98.434198,106.741386,56.149331
2015-07-03,97.105623,115.012930,105.919673,69.452291
2015-07-04,99.317576,120.919741,85.324435,69.037367
2015-07-05,106.866736,160.680174,92.558783,79.343346
2015-07-06,104.556558,178.255181,103.263854,90.900352
2015-07-07,114.002170,186.451496,107.135649,100.549443
2015-07-08,120.071462,151.367986,102.974283,106.271242
2015-07-09,122.335553,139.134810,110.173992,107.693173
2015-07-10,117.435426,88.593398,65.403596,74.891946
2015-07-11,119.654214,95.977739,96.467294,117.585340
2015-07-12,111.834833,68.720766,69.797267,92.654760
2015-07-13,109.990023,88.329865,74.380839,100.791538
2015-07-14,115.004706,157.766472,102.488462,135.601882
2015-07-15,111.417609,145.195012,95.663931,130.566772
2015-07-16,112.350011,172.097704,98.593790,138.901537
2015-07-17,113.554444,190.073650,95.233317,148.753910
2015-07-18,110.747664,152.208654,99.713699,157.020255
2015-07-19,115.559420,156.307318,94.314962,144.622941
2015-07-20,111.718399,165.745854,86.416855,138.259479
2015-07-21,110.608948,147.986009,83.880403,125.977437
2015-07-22,108.027633,150.362990,83.053889,150.021129
2015-07-23,100.432599,111.218839,85.413221,156.447369
2015-07-24,96.216404,109.122984,69.325975,134.474796
2015-07-25,90.560578,88.253604,71.977122,154.971101
2015-07-26,88.640067,112.819416,78.595533,177.577366
2015-07-27,84.338759,82.347964,54.732293,104.566129
2015-07-28,79.211040,101.726039,61.781738,174.148114
2015-07-29,75.034001,86.073234,59.553643,154.944112
2015-07-30,71.760738,80.179977,58.796788,145.267881
2015-07-31,68.789934,81.106721,57.307688,133.925219
2015-08-01,67.302116,99.243754,60.164818,136.318231
2015-08-02,70.089416,150.334223,82.718121,170.913576
2015-08-03,71.530056,189.881477,73.627714,179.499446
2015-08-04,64.723838,160.787904,68.168938,168.977734
2015-08-05,63.170967,155.272902,69.796441,161.042247
2015-08-06,63.044137,143.294018,56.656112,148.269081
2015-08-07,54.889739,104.969620,51.557446,121.782134
2015-08-08,54.068255,118.316961,54.576547,151.638470
2015-08-09,65.869118,258.321517,80.342594,233.280980
2015-08-10,58.838629,260.730333,61.609220,177.184442
2015-08-11,52.213615,147.206037,57.344007,136.466906
2015-08-12,46.691661,85.410656,66.301353,103.768080
2015-08-13,42.504558,128.850435,33.838427,114.143787
2015-08-14,42.716093,102.784490,33.561369,108.333706
2015-08-15,42.956395,103.310487,33.088817,108.317848
2015-08-16,40.974206,92.274386,34.889834,103.483189
2015-08-17,40.521855,96.700376,39.455104,114.118968
2015-08-18,39.792498,93.174527,34.156685,107.285695
2015-08-19,38.244798,86.895327,47.290810,128.114550
2015-08-20,36.788674,95.791392,40.525303,123.678212
2015-08-21,34.305414,74.668763,34.976797,73.050213
2015-08-22,36.208443,110.045243,42.253000,133.193981
2015-08-23,33.271127,81.116406,37.059138,109.513697
2015-08-24,31.616885,72.715492,31.562882,65.039568
2015-08-25,30.751066,77.186631,32.582117,81.718840
2015-08-26,32.109807,118.471527,35.713513,89.659523
2015-08-27,28.437420,75.920113,29.204714,61.326541
2015-08-28,28.919379,49.682198,31.026679,41.380597
2015-08-29,39.035315,185.706655,59.825716,157.050046
2015-08-30,37.224928,178.930036,54.786840,111.483518
2015-08-31,30.313566,140.762881,54.624879,130.852437
2015-09-01,28.358702,59.048166,36.728777,98.938799
2015-09-02,27.184849,141.719591,40.493930,127.767222
2015-09-03,27.294715,67.024879,33.992854,105.984695
2015-09-04,38.656259,236.198419,97.546718,175.147011
2015-09-05,26.380688,74.112186,35.095991,123.330962
2015-09-06,34.195171,336.906028,134.873780,161.404956
2015-09-07,20.191261,216.896313,116.984519,111.751171
2015-09-08,19.627112,75.695133,6.632863,53.379054
2015-09-09,23.161892,94.743056,6.239279,55.168122
2015-09-10,27.224096,71.439940,11.687488,61.055836
2015-09-11,31.306499,48.850381,10.121187,35.514174
2015-09-12,33.113147,39.686532,9.862666,57.054312
2015-09-13,35.175236,17.059693,5.019056,50.809152
2015-09-14,36.789855,10.949377,4.806632,44.546385
2015-09-15,37.915327,17.893344,6.324122,40.776412
2015-09-16,38.572833,18.218862,11.677716,47.859850
2015-09-17,39.463446,9.972562,11.766382,28.034077
2015-09-18,38.932236,1.902919,14.209533,8.621809
2015-09-19,44.629682,0.201695,12.247320,18.135468
2015-09-20,41.836913,13.774260,11.311650,20.482412
2015-09-21,43.946824,3.094648,16.899621,15.780373
2015-09-22,41.857134,16.714120,12.153671,23.303568
2015-09-23,36.606982,5.144327,2.625546,12.516679
2015-09-24,36.984987,2.306384,7.342538,5.154105
2015-09-25,35.547434,0.401045,3.454587,4.282716
2015-09-26,35.044611,0.009487,6.288749,8.948603
2015-09-27,33.581078,0.000810,3.249294,7.263388
2015-09-28,34.373952,0.003810,3.415510,8.844796
2015-09-29,32.176940,0.006522,3.279107,3.056554
2015-09-30,30.971013,0.006711,2.552612,4.680059
2015-10-01,30.396676,0.004629,2.449846,1.852089
2015-10-02,29.687357,0.002836,2.431710,1.843641
2015-10-03,29.143211,0.004594,2.416408,1.833130
2015-10-04,28.660139,0.001445,2.409625,1.855083
2015-10-05,28.201811,0.001032,2.399959,1.828937
2015-10-06,27.866645,0.000002,2.384561,2.426435
2015-10-07,27.384659,0.000000,3.902117,2.444869
2015-10-08,26.922723,0.062961,3.128583,2.421416
2015-10-09,26.510416,0.056313,2.991294,1.818460
2015-10-10,27.102458,0.000135,4.964626,1.795690
2015-10-11,25.711811,0.004316,6.071422,2.412709
2015-10-12,25.336232,0.057363,6.510901,2.878903
2015-10-13,24.953787,0.940706,2.993623,1.786416
2015-10-14,24.190688,0.017883,2.721335,1.776356
2015-10-15,23.620533,0.058054,15.576987,4.015797
2015-10-16,23.236374,0.192043,8.997038,4.318093
2015-10-17,23.270936,0.066653,7.047363,2.275934
2015-10-18,22.689327,0.000034,2.258938,1.762000
2015-10-19,22.489051,0.000000,2.254046,1.761722
2015-10-20,22.337214,0.000000,2.245604,1.753108
2015-10-21,22.188938,0.000000,2.230947,1.752629
2015-10-22,22.059911,0.000000,2.221645,1.738910
2015-10-23,21.899327,0.000000,2.200753,1.755507
2015-10-24,21.722757,0.000000,2.182846,1.738125
2015-10-25,21.533072,0.000000,2.163420,1.735022
2015-10-26,21.320488,0.000000,2.181049,1.750775
2015-10-27,21.137669,0.000000,4.037317,1.942175
2015-10-28,20.904235,0.000000,2.580948,1.816023
2015-10-29,20.627346,0.000000,11.140355,2.645688
2015-10-30,20.381149,0.000000,11.715085,2.376215
2015-10-31,20.153825,0.000000,2.460799,1.727025
2015-11-01,19.908222,0.000000,3.046687,1.719426
2015-11-02,19.695294,0.000000,1.992047,1.706072
2015-11-03,19.469758,0.000000,1.969994,1.703123
2015-11-04,19.240901,0.000000,1.958079,1.688976
2015-11-05,19.013569,0.000000,2.441011,1.715071
2015-11-06,18.772680,0.000000,3.684107,1.690376
2015-11-07,18.552317,0.000000,1.952581,1.698340
2015-11-08,18.316026,0.000000,1.879978,1.683438
2015-11-09,18.081818,0.019035,1.867240,1.680171
2015-11-10,17.850547,0.241047,1.845862,1.680218
2015-11-11,17.607539,0.236437,1.827787,1.677246
2015-11-12,17.392768,0.011665,1.812072,1.670903
2015-11-13,17.167673,0.002757,1.790190,1.663500
2015-11-14,16.942514,0.002717,1.774107,1.664271
2015-11-15,16.723867,0.002715,1.754853,1.652910
2015-11-16,16.497555,0.002575,1.738497,1.657938
2015-11-17,16.296443,0.000633,1.718056,1.660279
2015-11-18,16.088623,0.000000,1.702421,1.656379
2015-11-19,15.881580,0.000000,1.682926,1.650283
2015-11-20,15.674384,0.000000,1.981325,1.780251
2015-11-21,15.459691,0.000000,2.057773,2.223033
2015-11-22,15.270011,0.000000,4.298358,1.721138
2015-11-23,15.070624,0.000000,1.613048,1.632544
2015-11-24,14.875108,0.000000,1.604155,1.643518
2015-11-25,14.689701,0.000000,1.644757,1.636925
2015-11-26,14.498678,0.000000,1.559415,1.643624
2015-11-27,14.331616,0.000000,1.546601,1.642131
2015-11-28,14.160327,0.000000,1.524708,1.626978
2015-11-29,13.992060,0.000000,1.513893,1.632928
2015-11-30,13.825863,0.000000,1.506483,1.628742
2015-12-01,13.652480,0.000000,1.506008,1.618818
2015-12-02,13.500277,0.000000,1.462989,1.625480
2015-12-03,13.340224,0.000000,1.460263,1.659388
2015-12-04,13.183584,0.000000,1.440961,1.606461
2015-12-05,13.029456,0.000000,1.412283,1.627322
2015-12-06,12.869545,0.000000,1.410153,1.615722
2015-12-07,12.731360,0.000000,1.392812,1.620777
2015-12-08,12.587076,0.000000,1.372764,1.689462
2015-12-09,12.444330,0.000000,1.474971,1.624488
2015-12-10,12.304720,0.000000,1.331935,1.602434
2015-12-11,12.160462,0.000000,1.318209,1.612223
2015-12-12,12.035383,0.000000,1.307489,1.569674
2015-12-13,11.904140,0.000000,1.285090,1.608277
2015-12-14,11.773932,0.000000,1.276403,1.611545
2015-12-15,11.647619,0.000000,1.256863,1.576968
2015-12-16,11.516841,0.000000,1.246742,1.583963
2015-12-17,11.403933,0.000000,1.247543,1.583653
2015-12-18,11.283928,0.000000,1.218042,1.573147
2015-12-19,11.166020,0.000000,1.201126,1.572375
2015-12-20,11.049425,0.000000,1.188084,1.565042
2015-12-21,10.928705,0.000000,1.177040,1.565477
2015-12-22,10.826786,0.000000,1.164787,1.566551
2015-12-23,10.717503,0.000000,1.147400,1.553443
2015-12-24,10.609028,0.000000,1.138541,1.541411
2015-12-25,10.502658,0.000000,1.121414,1.548610
2015-12-26,10.390433,0.052103,1.110904,1.544587
2015-12-27,10.295607,0.315863,1.112642,1.544130
2015-12-28,10.196711,0.287539,1.109029,1.531619
2015-12-29,10.100128,0.174514,1.091378,1.536658
2015-12-30,10.008153,0.212444,1.057955,1.551140
2015-12-31,9.917032,0.146028,1.047946,1.516457
2016-01-01,9.796022,0.003001,1.034686,1.531005
2016-01-02,9.715193,0.003003,1.024760,1.537951
2016-01-03,9.629724,0.003002,1.015253,1.520854
2016-01-04,9.545265,0.003133,0.999627,1.512074
2016-01-05,9.461758,0.003001,0.986549,1.507214
2016-01-06,9.372676,0.001558,0.987061,1.534156
2016-01-07,9.297665,0.000308,1.200454,1.512808
2016-01-08,9.216852,0.000722,0.962269,1.510196
2016-01-09,9.136434,0.000471,0.942895,1.502919
2016-01-10,9.057491,0.000223,0.928527,1.498167
2016-01-11,8.974185,0.000223,0.922095,1.499582
2016-01-12,8.905346,0.000223,0.904700,1.486129
2016-01-13,8.832481,0.000223,0.899415,1.490140
2016-01-14,8.760830,0.000223,0.886047,1.484390
2016-01-15,8.689489,0.000223,0.882393,1.483434
2016-01-16,8.613253,0.000223,0.999662,1.490690
2016-01-17,8.550126,0.000223,2.109484,1.478971
2016-01-18,8.482109,0.000330,2.591108,1.469186
2016-01-19,8.414295,0.000972,5.030740,1.496281
2016-01-20,8.346532,0.000243,9.411639,1.459092
2016-01-21,8.273201,0.000264,25.023192,1.471214
2016-01-22,8.212507,0.000284,7.058809,1.536271
2016-01-23,8.146432,0.000234,1.987078,1.453129
2016-01-24,8.081949,0.000233,0.801866,1.453002
2016-01-25,8.018914,0.000224,0.817385,1.457351
2016-01-26,7.950675,0.000861,0.868293,1.444225
2016-01-27,7.894670,0.000949,0.790242,1.448696
2016-01-28,7.833939,0.000846,0.785391,1.460354
2016-01-29,7.773681,0.001590,0.778586,1.462705
2016-01-30,7.714731,0.000378,0.770556,1.450894
2016-01-31,7.656381,0.000048,0.767478,1.452229
2016-02-01,7.593293,0.000045,0.767248,1.449349
2016-02-02,7.541022,0.000045,0.761203,1.439888
2016-02-03,7.484579,0.000045,0.756037,1.459482
2016-02-04,7.429066,0.000045,0.752413,1.423795
2016-02-05,7.374674,0.000045,0.746617,1.438585
2016-02-06,7.316497,0.000045,0.744057,1.426181
2016-02-07,7.269570,0.000045,0.726408,1.411193
2016-02-08,7.218257,0.000045,0.734521,1.390114
2016-02-09,7.167339,0.000045,0.732110,1.405689
2016-02-10,7.117366,0.000045,0.721000,1.388691
2016-02-11,7.063589,0.001476,0.713187,1.381067
2016-02-12,7.020442,0.000171,0.710114,1.385865
2016-02-13,6.972422,0.000045,0.698203,1.380256
2016-02-14,6.924232,0.000045,0.698892,1.384653
2016-02-15,6.876489,0.000045,0.711510,1.368313
2016-02-16,6.824748,0.000169,0.694609,1.369125
2016-02-17,6.783053,0.000108,0.669586,1.366501
2016-02-18,6.738659,0.000212,0.677304,1.391614
2016-02-19,6.696076,0.000051,0.669085,1.372462
2016-02-20,6.654208,0.000050,0.661402,1.365068
2016-02-21,6.608502,0.000048,0.658359,1.372657
2016-02-22,6.572849,0.000048,0.642473,1.370432
2016-02-23,6.532954,0.000048,0.717869,1.365773
2016-02-24,6.493218,0.000048,0.656659,1.368671
2016-02-25,6.453748,0.000048,0.643953,1.361955
2016-02-26,6.409837,0.000049,0.624427,1.367079
2016-02-27,6.374876,0.000049,0.623344,1.365956
2016-02-28,6.335556,0.000050,0.635789,1.368002
2016-02-29,6.297145,0.000049,0.606541,1.365121
2016-03-01,6.255093,0.000048,0.608708,1.356891
2016-03-02,6.222546,0.000048,0.592884,1.365905
2016-03-03,6.186431,0.000048,0.695786,1.346873
2016-03-04,6.150335,0.000048,0.858664,4.892711
2016-03-05,6.114546,0.000049,0.585887,2.072278
2016-03-06,6.074732,0.000304,0.580884,1.233139
2016-03-07,6.043541,0.000297,0.567483,1.232982
2016-03-08,6.008846,0.000229,0.565634,1.234676
2016-03-09,5.974245,0.000312,0.589589,1.258353
2016-03-10,5.939674,0.000363,0.596853,1.237089
2016-03-11,5.901273,0.000124,0.542475,1.214439
2016-03-12,5.871238,0.000051,0.549193,1.227977
2016-03-13,5.837037,0.000057,0.536759,1.241690
2016-03-14,5.803328,0.000069,0.533054,1.210321
2016-03-15,5.769620,0.000094,0.525870,1.209165
2016-03-16,5.732083,0.000049,0.537036,1.213810
2016-03-17,5.702748,0.000302,19.964888,3.854605
2016-03-18,5.669418,0.000484,16.717194,2.878636
2016-03-19,5.636480,0.000722,0.515743,1.299330
2016-03-20,5.603975,0.001276,0.593017,1.271138
2016-03-21,5.568139,0.000046,0.655630,1.272539
2016-03-22,5.540561,0.000045,0.491756,1.222261
2016-03-23,5.509167,0.000092,0.489957,1.269891
2016-03-24,5.477925,0.000740,0.487489,1.245748
2016-03-25,5.446674,0.000183,0.531094,1.212938
2016-03-26,5.411911,0.000062,0.475549,1.203525
2016-03-27,5.385028,0.000050,0.471858,1.210416
2016-03-28,5.354840,0.000047,0.466144,1.193508
2016-03-29,5.325139,0.000112,0.464006,1.199171
2016-03-30,5.296151,0.000150,0.462894,1.203282
2016-03-31,5.267318,0.000048,0.455463,1.181863
2016-04-01,5.235172,0.000251,0.451005,1.162229
2016-04-02,5.210449,0.000047,0.451477,1.230843
2016-04-03,5.182044,0.000047,0.495157,1.234407
2016-04-04,5.153546,0.000047,0.550202,1.183675
2016-04-05,5.125026,0.000047,1.187085,1.208747
2016-04-06,5.093113,0.000046,0.483638,1.241652
2016-04-07,5.069021,0.000047,0.554086,1.193244
2016-04-08,5.041758,0.000047,1.216752,4.112747
2016-04-09,5.015518,0.000047,0.429885,1.152819
2016-04-10,4.989760,0.000053,7.758835,15.323863
2016-04-11,4.961001,0.000064,12.417338,6.316549
2016-04-12,4.939480,0.000053,14.487692,4.985929
2016-04-13,4.914709,0.000046,9.701995,5.339466
2016-04-14,4.889829,0.000046,8.459753,5.551550
2016-04-15,4.864871,0.000046,15.787868,4.666223
2016-04-16,4.836663,0.000048,0.489926,5.800324
2016-04-17,4.815445,0.000047,0.461314,2.213553
2016-04-18,4.791101,0.000048,0.439298,1.105803
2016-04-19,4.766928,0.000046,0.452113,3.591197
2016-04-20,4.743149,0.000047,0.452194,1.114747
2016-04-21,4.716409,0.000046,0.485323,4.543163
2016-04-22,4.696825,0.000046,14.558292,10.297822
2016-04-23,4.674572,0.000046,15.076869,6.862695
2016-04-24,4.652572,0.000046,14.182738,5.750155
2016-04-25,4.630996,0.000046,15.349557,5.507655
2016-04-26,4.606649,0.000046,20.219646,5.546836
2016-04-27,4.588476,0.000150,18.721849,5.906776
2016-04-28,4.568052,0.000110,8.368645,11.103403
2016-04-29,4.549390,0.000047,14.431538,7.884309
2016-04-30,4.529840,0.000046,3.162054,7.343638
2016-05-01,4.505399,0.163201,7.821437,10.805410
2016-05-02,4.486448,3.439618,6.168733,9.639873
2016-05-03,4.479789,0.979752,4.618487,9.355582
2016-05-04,4.467545,0.329608,5.522344,9.596857
2016-05-05,4.447133,0.287048,8.864644,8.331301
2016-05-06,4.416989,1.371669,11.576418,8.153002
2016-05-07,4.390680,3.410747,24.882804,8.102383
2016-05-08,4.368948,5.725166,23.997548,7.885314
2016-05-09,4.346232,7.257008,29.435062,7.757742
2016-05-10,4.303749,8.543064,31.148596,8.192529
2016-05-11,4.225378,21.083530,37.110572,4.934330
2016-05-12,4.041818,20.812781,30.645324,4.610525
2016-05-13,3.854399,23.213598,37.561549,4.479257
2016-05-14,3.736886,35.769951,44.241382,4.831329
2016-05-15,3.685786,54.993015,49.650648,7.205395
2016-05-16,3.651346,52.205699,35.346838,8.953211
2016-05-17,3.770558,42.353889,42.792773,6.949735
2016-05-18,4.072570,28.026557,40.700703,9.012364
2016-05-19,4.470689,37.502018,47.407216,12.249529
2016-05-20,4.923392,21.518043,38.935923,12.183174
2016-05-21,5.364591,17.274251,11.724619,8.167364
2016-05-22,5.939406,6.620754,18.505984,15.275379
2016-05-23,6.636602,3.093349,15.866465,12.001157
2016-05-24,7.528152,5.001114,21.730365,11.797725
2016-05-25,8.253236,19.423499,28.794932,14.611353
2016-05-26,9.128045,4.610747,16.476488,8.973938
2016-05-27,10.196071,0.637817,17.337192,8.877073
2016-05-28,11.208103,0.280124,22.982188,10.211889
2016-05-29,12.321241,0.343625,23.376581,11.594927
2016-05-30,13.413356,0.516561,17.887011,18.104485
2016-05-31,14.449757,0.531713,10.646134,9.984826
2016-06-01,15.526065,7.886567,24.971171,15.853863
2016-06-02,16.878445,46.003613,64.623233,15.940112
2016-06-03,16.009397,196.864667,106.319342,16.070504
2016-06-04,17.266341,118.278224,55.431314,28.810594
2016-06-05,20.691257,107.307312,46.762235,22.594668
2016-06-06,29.398653,85.749930,47.202153,27.411550
2016-06-07,34.196259,86.203535,52.802308,29.194391
2016-06-08,40.169288,99.743546,54.814243,28.202067
2016-06-09,60.918708,280.154827,197.032833,62.965329
2016-06-10,68.371813,324.632018,196.956654,60.983191
2016-06-11,89.613897,215.320236,116.792552,44.732348
2016-06-12,116.265278,133.121837,72.701579,42.556710
2016-06-13,139.648799,126.897529,86.896619,64.469353
2016-06-14,148.239593,125.055363,76.492295,52.565300
2016-06-15,153.554750,115.103450,75.546165,56.809067
2016-06-16,153.433429,83.830113,77.999186,56.953405
2016-06-17,149.293489,39.979918,51.727786,43.619203
2016-06-18,149.458661,129.177496,135.142612,109.208165
2016-06-19,151.933710,179.204659,125.685493,137.777450
2016-06-20,182.331400,157.180714,78.132064,122.229897
2016-06-21,205.532756,130.646496,65.386385,103.275505
2016-06-22,211.857982,155.012934,87.479879,103.233573
2016-06-23,210.305048,225.846886,92.875128,134.802933
2016-06-24,203.649226,164.608983,71.709465,131.678914
2016-06-25,201.732278,150.941189,81.203497,136.947020
2016-06-26,195.377269,136.012564,83.559734,130.856047
2016-06-27,198.525871,183.714997,101.857765,149.819947
2016-06-28,184.799169,114.900859,88.021395,117.363407
2016-06-29,182.277833,105.304312,84.608532,117.640614
2016-06-30,177.914332,144.405773,89.294859,132.673811
2016-07-01,169.516862,130.454459,82.128955,134.099469
2016-07-02,163.663539,126.542123,86.653382,127.852399
2016-07-03,159.163196,142.560294,97.385484,137.949201
2016-07-04,152.378679,141.658280,86.623210,125.022256
2016-07-05,140.506811,98.034242,71.324011,86.670508
2016-07-06,143.658332,157.024668,112.723202,144.007841
2016-07-07,140.939406,183.057385,123.556124,163.977869
2016-07-08,137.382689,153.064481,122.384340,172.096923
2016-07-09,136.590956,148.915980,98.678313,149.552067
2016-07-10,135.578661,150.457683,102.990914,156.048390
2016-07-11,131.456109,148.727154,104.639985,138.337679
2016-07-12,126.857832,138.232995,106.854416,119.724935
2016-07-13,120.909034,124.061253,84.366377,115.743315
2016-07-14,113.449759,117.056924,76.499813,109.839074
2016-07-15,121.141578,188.450469,90.547680,141.910632
2016-07-16,123.702967,176.061396,82.414558,152.543927
2016-07-17,129.813077,154.522929,109.202823,186.117234
2016-07-18,128.644924,206.720182,92.944569,186.607118
2016-07-19,125.173192,227.283843,94.765847,196.871657
2016-07-20,118.859492,192.907061,91.876432,188.213086
2016-07-21,116.242336,184.357682,97.403849,173.587240
2016-07-22,111.791120,234.245083,97.242648,188.960246
2016-07-23,106.896526,221.384028,104.944208,204.705541
2016-07-24,103.404924,213.293041,106.444954,211.035278
2016-07-25,98.056367,184.288343,102.995204,198.653330
2016-07-26,94.589342,202.809894,99.642784,197.714707
2016-07-27,90.767022,186.732540,99.023128,196.484410
2016-07-28,88.547266,206.034490,101.368970,200.614938
2016-07-29,86.595798,193.779663,93.381972,183.173706
2016-07-30,81.829310,175.545035,85.810772,154.066641
2016-07-31,80.114002,147.235763,78.637680,140.426708
2016-08-01,76.453311,140.463326,80.151276,139.031169
2016-08-02,73.861070,156.877715,87.400002,169.648369
2016-08-03,72.655541,177.827401,80.791749,166.522828
2016-08-04,66.485463,117.634415,69.336793,127.216837
2016-08-05,65.029903,119.241048,72.023596,129.954532
2016-08-06,63.781973,153.004249,76.940422,141.950972
2016-08-07,67.538532,228.764660,82.565369,182.539247
2016-08-08,64.282134,222.225534,83.364304,174.010026
2016-08-09,59.483810,161.109236,74.794113,144.358886
2016-08-10,63.787945,197.385330,65.572204,139.249246
2016-08-11,58.560099,176.457316,74.225697,165.890407
2016-08-12,53.944471,115.712623,74.735929,144.425686
2016-08-13,53.953907,131.959287,60.107289,130.049475
2016-08-14,46.564443,113.948896,77.228721,134.947148
2016-08-15,55.289043,306.626158,93.186881,193.244851
2016-08-16,50.464972,226.961476,61.139950,152.893646
2016-08-17,50.278053,268.101965,60.958517,129.812981
2016-08-18,47.218602,149.096044,62.095370,137.610316
2016-08-19,44.374921,130.139510,73.151941,129.515167
2016-08-20,40.558741,87.236929,53.624456,112.262820
2016-08-21,41.901461,108.356768,44.972010,131.695180
2016-08-22,41.529929,130.475068,44.189319,123.035332
2016-08-23,40.853227,134.860958,50.524118,138.392589
2016-08-24,40.035574,142.755826,43.286542,133.673427
2016-08-25,37.963933,126.183010,45.443378,125.366353
2016-08-26,33.828389,77.871849,40.666665,85.338198
2016-08-27,33.461994,95.639366,41.653224,107.565171
2016-08-28,34.060705,83.632295,40.130378,120.044538
2016-08-29,30.824216,69.189953,32.988147,74.893116
2016-08-30,29.076253,67.301155,31.711540,52.181998
2016-08-31,28.718177,71.838461,32.153313,63.367707
2016-09-01,28.613826,76.037379,32.323108,62.571025
2016-09-02,28.441698,71.223652,30.848234,60.779749
2016-09-03,26.643617,53.940161,29.133389,56.891859
2016-09-04,27.591028,51.584924,44.277715,50.255675
2016-09-05,24.972636,34.274838,19.300104,64.703530
2016-09-06,26.924166,31.436918,27.386338,21.824856
2016-09-07,24.473481,47.581159,19.112696,44.833782
2016-09-08,23.661208,33.506351,15.162930,44.348462
2016-09-09,23.149466,58.246148,32.759054,64.576704
2016-09-10,22.839059,88.474766,36.586952,59.295911
2016-09-11,21.759357,56.437497,15.056900,46.074964
2016-09-12,21.243298,39.258019,13.232418,39.624903
2016-09-13,22.146910,37.664816,37.898090,29.175639
2016-09-14,21.748622,75.360172,76.269295,59.539970
2016-09-15,20.374047,51.029049,18.469657,55.058305
2016-09-16,20.643115,81.365587,14.679152,42.940671
2016-09-17,19.236217,19.862045,7.667204,36.579056
2016-09-18,19.519153,9.990852,8.383822,6.217783
2016-09-19,20.073826,22.995362,11.418046,18.692921
2016-09-20,18.154245,1.871354,3.289667,7.982580
2016-09-21,19.112511,0.719967,3.272224,10.674453
2016-09-22,17.225815,0.360177,2.880277,13.085068
2016-09-23,16.941805,0.559407,2.986730,10.184639
2016-09-24,17.100244,1.242599,3.429124,11.945281
2016-09-25,16.555480,2.323471,3.982944,14.049971
2016-09-26,16.393783,1.391284,2.996695,5.609278
2016-09-27,16.292651,1.142334,2.960676,4.551458
2016-09-28,16.204754,0.831599,2.775104,3.125442
2016-09-29,16.136804,1.240764,3.213958,3.380400
2016-09-30,16.056092,1.877887,2.848007,8.386985
2016-10-01,16.709078,0.258368,2.708951,1.994948
2016-10-02,15.893981,0.009119,6.775330,2.191285
2016-10-03,15.788786,0.556915,39.992435,16.777029
2016-10-04,16.362071,25.460171,57.775673,21.042017
2016-10-05,15.466239,5.186887,41.192579,29.278607
2016-10-06,15.037412,40.643911,27.957949,17.483015
2016-10-07,14.280520,48.173563,36.773488,21.129969
2016-10-08,14.069762,64.153336,37.258547,33.566205
2016-10-09,14.612946,1.584759,8.664921,7.759414
2016-10-10,16.367478,0.054499,11.840455,6.493942
2016-10-11,18.315771,0.188909,14.229272,6.184649
2016-10-12,20.192058,0.028112,4.536959,6.903401
2016-10-13,21.606265,0.001521,2.382872,2.828819
2016-10-14,22.196879,0.058267,3.482767,12.482240
2016-10-15,22.947468,0.143697,12.853719,6.107964
2016-10-16,23.819720,0.045020,17.945972,9.477881
2016-10-17,24.300558,0.175986,8.354110,4.520650
2016-10-18,24.390044,0.062412,3.732687,2.095090
2016-10-19,26.502437,0.043615,4.875727,2.567448
2016-10-20,25.585357,0.064129,2.719105,2.097315
2016-10-21,26.063072,0.005353,9.054727,2.656064
2016-10-22,26.427537,0.003562,2.867504,2.086803
2016-10-23,26.653751,0.003488,2.752393,2.076005
2016-10-24,26.823157,0.003543,2.740648,2.062949
2016-10-25,26.888079,0.003440,2.716637,2.085830
2016-10-26,26.821835,0.003547,2.671623,2.072599
2016-10-27,26.690382,0.003584,2.647140,2.064757
2016-10-28,26.458141,0.003541,2.621772,2.069545
2016-10-29,26.167079,0.003490,2.590161,2.058996
2016-10-30,25.828897,0.010255,2.557926,2.048650
2016-10-31,25.452610,0.012144,3.045952,2.860599
2016-11-01,25.033714,0.062641,3.777284,2.685019
2016-11-02,24.625705,0.078081,2.459712,2.057534
2016-11-03,24.197015,0.016626,2.494646,2.051215
2016-11-04,23.772032,0.011576,4.324711,2.047580
2016-11-05,23.351269,0.011564,10.424428,2.041358
2016-11-06,22.913411,0.011500,10.498952,5.500195
2016-11-07,22.513070,0.006048,2.285570,2.551311
2016-11-08,22.103453,0.003796,2.268353,2.021568
2016-11-09,21.704564,0.003549,2.246836,2.024919
2016-11-10,21.315213,0.003542,2.227702,2.021063
2016-11-11,20.919316,0.041991,2.201195,2.025910
2016-11-12,20.557954,0.053063,2.174479,2.014444
2016-11-13,20.188908,0.004140,2.151849,2.012338
2016-11-14,19.833124,0.003648,2.154396,2.004798
2016-11-15,19.486027,0.003612,2.106828,2.009660
2016-11-16,19.139798,0.003752,2.072506,1.996529
2016-11-17,18.833182,0.003688,2.052426,1.997519
2016-11-18,18.519683,0.003759,2.095630,2.009426
2016-11-19,18.213483,0.040455,1.997124,1.993438
2016-11-20,17.917512,0.044641,1.969205,1.998913
2016-11-21,17.619113,0.144711,2.026917,1.960170
2016-11-22,17.351742,0.071429,2.060611,1.967869
2016-11-23,17.078681,0.044559,2.268120,1.949326
2016-11-24,16.812673,0.139425,1.985396,1.949127
2016-11-25,16.550065,0.005523,1.842437,1.942607
2016-11-26,16.283056,0.000045,2.010348,1.941531
2016-11-27,16.046956,0.000043,1.920116,1.907323
2016-11-28,15.806862,0.000045,1.771766,1.932431
2016-11-29,15.570870,0.000045,1.754638,1.892374
2016-11-30,15.338356,0.000045,1.856240,1.897383
2016-12-01,15.101366,0.000045,1.707314,1.913110
2016-12-02,14.891219,0.000045,1.676374,1.907468
2016-12-03,14.679589,0.000045,1.648640,1.899414
2016-12-04,14.471152,0.000045,1.721411,1.942135
2016-12-05,14.268725,0.035715,8.553823,2.018847
2016-12-06,14.063644,0.255369,23.978417,2.011508
2016-12-07,13.894030,0.193209,17.095034,1.923184
2016-12-08,13.753041,0.001887,2.972487,2.298252
2016-12-09,13.555893,0.000045,1.548855,1.881055
2016-12-10,13.358187,0.000907,1.904050,1.889920
2016-12-11,13.161965,0.002359,3.272524,1.884657
2016-12-12,13.000308,0.000047,1.557334,1.875279
2016-12-13,12.832242,0.000045,1.550834,1.896528
2016-12-14,12.666949,0.000045,1.579752,1.861918
2016-12-15,12.517450,0.000058,1.565943,1.854018
2016-12-16,12.368480,0.000044,1.562528,1.844114
2016-12-17,12.243166,0.000056,1.577100,1.843106
2016-12-18,12.114301,0.000059,1.593317,1.840415
2016-12-19,11.989312,0.000044,1.560230,1.848016
2016-12-20,11.867772,0.000044,1.562002,1.847671
2016-12-21,11.742876,0.000044,1.549457,1.841196
2016-12-22,11.636169,0.000044,1.545178,1.839618
2016-12-23,11.522875,0.000044,1.531171,1.832313
2016-12-24,11.411117,0.000048,1.521992,1.847362
2016-12-25,11.300530,0.000054,1.507337,1.841712
2016-12-26,11.186136,0.014974,1.502879,1.835881
2016-12-27,11.090158,0.208068,1.480663,1.832062
2016-12-28,10.986806,0.216051,1.470553,1.833965
2016-12-29,10.883112,0.216316,1.457661,1.825651
2016-12-30,10.779943,0.216001,1.441850,1.821553
2016-12-31,10.678514,0.216255,1.427542,1.835073
2017-01-01,10.342161,0.115497,2.195034,1.877360
2017-01-02,10.252795,0.029727,2.117932,1.811665
2017-01-03,10.155727,0.112724,1.378580,1.820063
2017-01-04,10.060994,0.271748,1.411588,1.792190
2017-01-05,9.968059,0.346670,1.352964,1.798735
2017-01-06,9.868922,0.096609,1.338309,11.350097
2017-01-07,9.784328,0.097665,1.321890,1.784513
2017-01-08,9.694730,0.097841,1.310814,1.798401
2017-01-09,9.605978,0.097822,1.296668,1.769796
2017-01-10,9.520849,0.024125,1.277184,1.769480
2017-01-11,9.432728,0.000298,1.265049,1.767747
2017-01-12,9.357800,0.000286,1.252784,1.783142
2017-01-13,9.277898,0.000286,1.233873,1.774612
2017-01-14,9.198284,0.000286,1.220551,1.754666
2017-01-15,9.119209,0.000286,1.218672,1.729933
2017-01-16,9.035465,0.000972,1.188606,1.733646
2017-01-17,8.965567,0.000292,1.181546,1.751983
2017-01-18,8.890978,0.000286,1.164356,1.716838
2017-01-19,8.816822,0.000286,1.147905,1.735729
2017-01-20,8.742663,0.000286,1.135167,1.729433
2017-01-21,8.662963,0.000286,1.118765,1.735447
2017-01-22,8.596225,0.000286,1.102910,1.723879
2017-01-23,8.524653,0.000286,1.330288,1.815201
2017-01-24,8.454879,0.000286,2.640460,1.738108
2017-01-25,8.385985,0.000286,1.084400,1.716449
2017-01-26,8.311121,0.000286,1.046873,1.726539
2017-01-27,8.249076,0.000286,1.035022,1.734238
2017-01-28,8.182313,0.000286,1.015981,1.681673
2017-01-29,8.116963,0.000286,1.000716,1.721710
2017-01-30,8.052775,0.000286,1.011358,1.690370
2017-01-31,7.990640,0.000286,0.975587,1.719925
2017-02-01,7.923717,0.000286,0.962598,1.715548
2017-02-02,7.867555,0.000286,0.950618,1.698940
2017-02-03,7.806697,0.000286,0.942073,1.706619
2017-02-04,7.747214,0.000286,0.999919,1.753409
2017-02-05,7.688870,0.000286,1.166207,1.731720
2017-02-06,7.626275,0.000272,0.950758,1.719396
2017-02-07,7.574479,0.000269,1.063405,1.719693
2017-02-08,7.517719,0.000269,0.897236,1.699456
2017-02-09,7.461280,0.000269,0.877826,1.690914
2017-02-10,7.406018,0.000269,0.881719,1.697241
2017-02-11,7.346575,0.000269,1.224416,1.667230
2017-02-12,7.298344,0.000269,1.775341,1.878118
2017-02-13,7.244744,0.000269,0.832631,1.686738
2017-02-14,7.191524,0.000269,0.827025,1.667777
2017-02-15,7.138594,0.000269,0.806382,1.622053
2017-02-16,7.081516,0.000269,0.809693,1.677641
2017-02-17,7.035489,0.000269,0.830280,1.649198
2017-02-18,6.985227,0.000269,0.784800,2.101278
2017-02-19,6.935361,0.000269,0.776380,1.698181
2017-02-20,6.885634,0.000269,0.767179,1.647658
2017-02-21,6.831011,0.000269,0.758730,1.657985
2017-02-22,6.786761,0.000269,0.750437,1.652280
2017-02-23,6.739112,0.000269,0.756465,1.655350
2017-02-24,6.692070,0.000269,0.732194,1.640771
2017-02-25,6.645750,0.000269,0.723798,1.655780
2017-02-26,6.595780,0.000269,0.740644,1.647269
2017-02-27,6.554853,0.000269,0.804996,1.656972
2017-02-28,6.509860,0.007720,0.740291,1.650455
2017-03-01,6.462489,0.001326,0.713378,1.660109
2017-03-02,6.425181,0.000269,0.679806,1.622204
2017-03-03,6.384356,0.000269,0.675686,1.627711
2017-03-04,6.344766,0.000269,0.664741,1.623522
2017-03-05,6.305460,0.000269,0.659821,1.614550
2017-03-06,6.262446,0.000269,0.649240,1.601476
2017-03-07,6.227936,0.000269,0.646620,1.592792
2017-03-08,6.189318,0.000269,0.633738,1.596505
2017-03-09,6.151412,0.000269,0.630387,1.609217
2017-03-10,6.114091,0.000269,0.620978,1.604549
2017-03-11,6.072759,0.000269,0.791816,1.594739
2017-03-12,6.039783,0.000269,0.771140,1.601932
2017-03-13,6.002682,0.000269,0.609506,1.601459
2017-03-14,5.966529,0.000269,0.593814,1.582846
2017-03-15,5.931019,0.000269,0.582624,1.588980
2017-03-16,5.891805,0.000269,0.580234,1.587372
2017-03-17,5.860939,0.000269,0.565137,1.546554
2017-03-18,5.825807,0.000269,0.572534,1.565540
2017-03-19,5.790905,0.000269,0.557213,1.557252
2017-03-20,5.756830,0.000269,0.553030,1.564076
2017-03-21,5.718661,0.000269,0.543401,1.561098
2017-03-22,5.688993,0.000269,0.541824,5.048840
2017-03-23,5.656936,0.000269,0.539945,1.552458
2017-03-24,5.625760,0.000269,0.526566,1.572841
2017-03-25,5.594745,0.000269,0.521148,1.552895
2017-03-26,5.559914,0.000269,0.513550,1.558280
2017-03-27,5.532874,0.000269,0.511468,1.559349
2017-03-28,5.502445,0.000269,0.499773,3.730016
2017-03-29,5.472269,0.000269,0.498963,1.548157
2017-03-30,5.442026,0.000269,0.482764,1.539397
2017-03-31,5.411874,0.000269,0.487694,1.556484
2017-04-01,5.378248,0.000269,0.478872,1.520798
2017-04-02,5.352575,0.000269,0.477526,1.539674
2017-04-03,5.323340,0.000269,0.463920,1.549310
2017-04-04,5.294440,0.000269,0.466040,1.544786
2017-04-05,5.265745,0.000702,0.452544,1.520105
2017-04-06,5.233304,0.001024,0.475806,1.540034
2017-04-07,5.208074,0.000397,0.443647,1.536033
2017-04-08,5.179267,0.000277,0.445359,1.509186
2017-04-09,5.150529,0.001838,0.434581,6.210955
2017-04-10,5.122242,0.001408,0.431650,1.503448
2017-04-11,5.091013,0.000444,0.424684,3.663781
2017-04-12,5.067368,0.003692,0.422461,1.536956
2017-04-13,5.040997,0.004221,0.422001,1.506903
2017-04-14,5.014693,0.000669,0.411457,1.520581
2017-04-15,4.988693,0.001785,0.410696,1.518952
2017-04-16,4.959400,0.004398,0.445865,1.522782
2017-04-17,4.937031,0.004341,0.544658,1.504235
2017-04-18,4.911347,0.003974,0.452224,1.516094
2017-04-19,4.886010,0.000600,0.393456,1.492997
2017-04-20,4.860872,0.000269,0.390697,1.525126
2017-04-21,4.833058,0.000269,0.387241,1.490301
2017-04-22,4.812300,0.000269,0.407717,6.408576
2017-04-23,4.788491,0.000269,0.377081,6.830661
2017-04-24,4.764775,0.001227,0.500198,5.843864
2017-04-25,4.740893,0.004352,8.805763,10.425306
2017-04-26,4.713488,0.003176,2.876307,8.064874
2017-04-27,4.692849,0.002593,0.377527,1.507529
2017-04-28,4.669332,0.000621,0.360410,1.504134
2017-04-29,4.645970,0.000269,0.603764,1.895406
2017-04-30,4.622448,0.000269,2.094282,14.507039
2017-05-01,4.596007,0.001278,3.487611,5.589027
2017-05-02,4.576392,0.002470,5.995603,12.960017
2017-05-03,4.553845,0.014669,60.347824,8.367671
2017-05-04,4.530171,0.023994,55.947902,8.125553
2017-05-05,4.521741,0.024032,45.618096,7.107999
2017-05-06,4.527544,1.776781,15.796502,6.762497
2017-05-07,4.503440,9.367525,15.706991,5.952735
2017-05-08,4.453198,11.590670,24.137249,5.293226
2017-05-09,4.359954,75.685272,58.627195,4.121099
2017-05-10,4.109823,29.122969,18.970565,11.597787
2017-05-11,3.863158,7.199614,16.130686,8.631433
2017-05-12,3.790987,1.483428,0.880883,13.196491
2017-05-13,3.805768,0.027468,2.852031,18.974022
2017-05-14,3.890025,1.653075,12.971444,12.047214
2017-05-15,4.033961,11.716980,34.480756,8.756822
2017-05-16,4.115627,21.845581,28.047716,7.076662
2017-05-17,4.167680,32.206109,35.906898,5.375821
2017-05-18,4.273003,44.582339,48.924906,10.399469
2017-05-19,4.448407,56.525809,38.099107,14.170956
2017-05-20,4.667897,95.154401,44.356172,18.892451
2017-05-21,4.885045,115.563480,51.248197,19.375874
2017-05-22,5.328082,106.549301,39.505006,18.476757
2017-05-23,6.117087,76.050954,43.672412,24.151232
2017-05-24,7.468190,63.907487,46.597578,18.850685
2017-05-25,9.197326,59.057479,39.483918,32.556111
2017-05-26,11.051393,29.910496,42.031127,39.632053
2017-05-27,12.842432,9.303739,30.913580,39.828145
2017-05-28,14.981564,7.881722,28.593603,28.482215
2017-05-29,17.341557,24.473164,32.249463,38.813115
2017-05-30,19.425399,16.554079,39.320939,31.184089
2017-05-31,21.913594,5.731081,29.627372,23.797389
2017-06-01,24.749380,19.613788,33.184390,27.568150
2017-06-02,27.303875,20.906034,35.481930,28.594010
2017-06-03,30.200079,60.189274,42.777079,39.480218
2017-06-04,31.832670,56.633684,44.749285,30.993290
2017-06-05,35.005289,62.119574,51.022920,36.289832
2017-06-06,39.856659,68.437954,65.614853,41.812594
2017-06-07,41.368919,74.062992,73.669540,36.509215
2017-06-08,45.904532,70.557855,60.820952,37.703818
2017-06-09,48.090928,68.289813,67.081295,38.699596
2017-06-10,53.319771,62.291828,72.306838,45.744717
2017-06-11,61.796921,80.728743,79.246714,41.968708
2017-06-12,62.195399,85.211101,79.417358,40.242345
2017-06-13,63.416966,89.070844,78.615379,40.072532
2017-06-14,71.295852,133.583122,94.551422,64.154453
2017-06-15,73.687839,122.847983,93.308086,66.511000
2017-06-16,73.469333,125.695161,88.257243,62.610108
2017-06-17,79.712938,107.945023,98.191551,73.016286
2017-06-18,84.974646,99.259255,101.733880,68.477558
2017-06-19,84.895025,95.057906,88.141342,60.481379
2017-06-20,84.359393,96.042410,78.101203,82.661718
2017-06-21,87.104186,112.447474,87.892355,74.546700
2017-06-22,96.927062,130.249996,94.903664,100.003566
2017-06-23,99.824008,128.322371,108.445268,98.413458
2017-06-24,105.130975,131.824750,102.452984,119.740744
2017-06-25,106.356384,141.612792,103.617999,125.514774
2017-06-26,105.355379,120.605916,116.650662,119.887950
2017-06-27,104.188608,112.581990,88.883561,83.499762
2017-06-28,106.996726,125.541203,104.356236,127.497781
2017-06-29,108.944551,120.263852,96.078377,114.876197
2017-06-30,110.642060,122.017791,94.963672,106.355242
2017-07-01,110.631794,126.939911,99.756824,114.959037
2017-07-02,116.843918,160.333980,117.699161,146.787155
2017-07-03,104.576971,126.206409,103.208962,114.265795
2017-07-04,97.702811,37.049924,54.452301,40.806147
2017-07-05,97.344860,16.334789,47.378633,55.195817
2017-07-06,93.444804,131.900772,79.587838,111.372203
2017-07-07,91.252088,155.476343,57.033968,127.547119
2017-07-08,102.976892,123.027431,69.198032,110.983331
2017-07-09,107.091869,150.960110,62.579935,134.611126
2017-07-10,100.944890,131.261161,60.672128,130.661579
2017-07-11,98.126474,110.081692,71.873176,132.085995
2017-07-12,97.843894,128.933463,80.827057,170.035630
2017-07-13,84.478923,84.662948,88.767606,111.902697
2017-07-14,78.836791,130.220555,83.718290,138.427659
2017-07-15,82.150186,169.173294,46.520843,158.569232
2017-07-16,84.336024,116.697392,52.275923,162.391352
2017-07-17,74.444564,88.840511,52.878193,112.953822
2017-07-18,77.510931,100.458970,62.573019,147.516895
2017-07-19,83.156517,108.873073,73.859592,154.737575
2017-07-20,95.866153,191.533577,59.518811,208.399196
2017-07-21,78.695321,127.294299,71.285566,165.973164
2017-07-22,77.103923,137.609734,53.041358,164.857679
2017-07-23,79.196274,159.176702,69.474696,179.410167
2017-07-24,100.005199,290.098779,113.900680,169.784486
2017-07-25,104.348169,454.187984,51.158890,216.265072
2017-07-26,118.645739,491.080485,119.853172,271.183909
2017-07-27,102.173591,311.840183,51.317602,210.606136
2017-07-28,90.402046,213.912388,63.730603,190.401890
2017-07-29,87.263601,204.553801,54.757402,189.084871
2017-07-30,82.946370,200.625299,58.610925,187.534879
2017-07-31,79.386688,186.307178,51.852686,177.640334
2017-08-01,73.737665,182.943915,52.718248,175.917650
2017-08-02,71.794133,172.538527,52.623873,167.395540
2017-08-03,69.604915,201.290249,54.219492,168.923341
2017-08-04,65.992533,183.757216,53.951248,155.670730
2017-08-05,58.600704,152.742009,49.554894,160.258716
2017-08-06,58.167886,165.260865,60.738609,149.642769
2017-08-07,55.076812,141.983172,61.224481,161.487869
2017-08-08,61.895116,201.250915,55.070229,199.250930
2017-08-09,51.929429,154.071455,41.849990,143.700174
2017-08-10,51.587689,155.890168,52.109830,189.889375
2017-08-11,50.371785,188.389347,42.519934,132.940185
2017-08-12,46.077217,144.845222,38.023386,131.265378
2017-08-13,45.760373,147.839379,41.256174,141.022438
2017-08-14,44.308718,142.124123,42.177840,147.573428
2017-08-15,41.376330,121.823758,36.577242,129.425302
2017-08-16,39.875466,137.755046,39.030831,144.087830
2017-08-17,40.265103,148.978714,38.308897,133.175499
2017-08-18,29.482598,71.409434,32.308605,70.584293
2017-08-19,31.427620,78.017072,40.519071,134.413389
2017-08-20,35.851825,80.819878,40.137624,127.226243
2017-08-21,31.705799,76.321083,54.246163,117.988766
2017-08-22,27.529911,85.818652,63.616782,104.427770
2017-08-23,30.824793,103.020259,56.862834,147.735608
2017-08-24,36.361477,110.812034,36.641503,147.339538
2017-08-25,34.031910,113.081409,30.561049,106.699215
2017-08-26,33.440685,99.877533,29.345258,91.060509
2017-08-27,26.820682,93.239217,57.709840,148.367417
2017-08-28,24.009963,101.640560,27.755157,108.949724
2017-08-29,38.106708,206.957539,36.056213,114.112860
2017-08-30,48.718908,280.056794,44.223420,131.955481
2017-08-31,49.860986,284.382991,37.996831,141.498674
2017-09-01,39.564063,233.235651,38.647424,125.103001
2017-09-02,28.303103,125.644683,36.116308,92.388590
2017-09-03,19.412651,62.519740,21.582763,64.008017
2017-09-04,19.172253,39.818876,18.419071,49.325599
2017-09-05,18.935553,52.099949,21.705807,53.641528
2017-09-06,18.697498,42.695143,32.731512,57.678835
2017-09-07,18.501410,77.622549,24.865201,56.223024
2017-09-08,18.223592,44.413770,29.687997,49.477553
2017-09-09,21.987230,33.844992,22.325722,24.619196
2017-09-10,17.642437,48.905005,20.407613,31.771943
2017-09-11,19.822235,29.181051,32.800769,46.901782
2017-09-12,18.530786,23.410048,17.533035,57.088464
2017-09-13,17.075792,28.577547,8.240971,50.564839
2017-09-14,18.452481,77.109673,61.362183,53.566892
2017-09-15,52.412317,289.988999,98.385432,116.030353
2017-09-16,28.164712,114.168978,53.155190,150.878138
2017-09-17,16.634496,44.330897,24.632050,52.488964
2017-09-18,15.196591,26.796907,7.564084,43.174602
2017-09-19,14.496385,23.161462,3.734674,45.503771
2017-09-20,14.613587,32.323362,6.399560,35.218451
2017-09-21,14.612100,21.418285,4.708479,26.643016
2017-09-22,15.211182,30.941880,8.344979,35.644559
2017-09-23,15.956419,7.769066,5.891204,20.044374
2017-09-24,15.524608,0.731296,3.049084,16.014951
2017-09-25,15.034978,13.296943,25.350376,16.821144
2017-09-26,14.954484,26.855736,50.839255,18.207519
2017-09-27,14.321980,2.365377,3.926641,6.633819
2017-09-28,15.546820,0.046991,3.240256,5.352268
2017-09-29,16.062931,0.076108,2.387961,4.020266
2017-09-30,16.655563,0.142834,2.444465,2.180427
2017-10-01,17.515829,0.076995,2.453596,3.729361
2017-10-02,18.251186,0.006915,2.992994,3.734960
2017-10-03,18.952175,0.037109,2.513976,7.916428
2017-10-04,19.292576,0.115773,2.547712,8.834846
2017-10-05,19.688978,0.140010,6.069814,12.728118
2017-10-06,19.913021,0.065424,5.652775,2.933318
2017-10-07,20.952926,0.018740,4.347741,9.882728
2017-10-08,20.529473,0.018949,5.098177,7.950963
2017-10-09,20.278206,0.034092,3.759094,6.500255
2017-10-10,20.238379,0.103309,5.021613,5.299648
2017-10-11,20.151042,0.030383,3.320508,3.589032
2017-10-12,21.817498,0.018729,5.416500,2.131800
2017-10-13,20.536000,0.018643,3.066902,2.124705
2017-10-14,19.728689,0.028607,3.005981,2.093280
2017-10-15,19.531549,0.042385,3.134914,2.120848
2017-10-16,19.504104,0.033288,7.234704,2.895532
2017-10-17,19.353835,0.022361,14.486866,5.946870
2017-10-18,18.969543,0.008132,3.385894,2.859787
2017-10-19,18.631332,0.000502,3.522364,2.857701
2017-10-20,18.303904,0.000305,3.399330,2.920956
2017-10-21,18.080975,0.009365,3.660618,2.621370
2017-10-22,17.970895,0.000392,3.281377,2.068452
2017-10-23,17.867976,0.000305,3.314357,2.063116
2017-10-24,17.767250,0.000305,3.155889,2.047036
2017-10-25,17.659134,0.000430,3.122858,2.072444
2017-10-26,17.530308,15.552648,11.857433,5.400195
2017-10-27,21.465931,29.707280,5.301494,6.186716
2017-10-28,19.078298,6.857005,3.006528,2.063534
2017-10-29,17.100017,0.018593,2.963456,3.613419
2017-10-30,16.847059,0.031014,2.934590,2.025870
2017-10-31,16.641252,0.002698,2.991399,5.573912
2017-11-01,16.462488,0.000271,6.489871,3.763603
2017-11-02,16.752748,0.000269,2.790314,2.035799
2017-11-03,16.198943,0.000269,2.746522,2.022602
2017-11-04,16.073294,0.000269,2.706208,2.028457
2017-11-05,15.951152,0.000269,2.718269,2.033072
2017-11-06,15.817569,0.000269,2.628460,2.014653
2017-11-07,15.701774,0.000269,2.593927,2.024443
2017-11-08,15.570847,0.000269,2.558348,2.082968
2017-11-09,15.434617,0.000269,2.519044,2.016955
2017-11-10,15.296541,0.000269,2.484212,2.005355
2017-11-11,15.146322,0.000269,2.454473,2.022209
2017-11-12,15.016491,0.000269,2.475453,1.997925
2017-11-13,14.871891,0.000269,2.377263,2.001449
2017-11-14,14.727915,0.000269,2.360226,1.996111
2017-11-15,14.580318,0.000269,2.327300,2.019051
2017-11-16,14.426195,0.000269,2.293120,1.998168
2017-11-17,14.293906,0.000269,2.261712,1.972893
2017-11-18,14.148992,0.002276,2.235112,1.985206
2017-11-19,14.002148,0.003517,2.207084,1.999202
2017-11-20,13.853694,0.012678,2.175621,1.974066
2017-11-21,13.699107,0.063864,2.149274,1.975209
2017-11-22,13.566460,0.053664,2.137264,1.958601
2017-11-23,13.424139,0.036418,2.094862,1.952970
2017-11-24,13.280806,0.035378,2.068516,1.959846
2017-11-25,13.138568,0.035371,3.595341,1.945543
2017-11-26,12.988818,0.001151,2.104099,1.941493
2017-11-27,12.856831,0.000270,2.046838,2.222394
2017-11-28,12.716453,0.000269,6.229870,2.082519
2017-11-29,12.576614,0.034831,14.965326,2.101007
2017-11-30,12.437286,0.185331,13.814730,2.956543
2017-12-01,12.292352,0.160502,2.957470,1.922592
2017-12-02,12.164979,0.005669,1.900617,1.930651
2017-12-03,12.029988,0.000473,1.904455,1.927707
2017-12-04,11.899359,0.000443,1.893732,1.913942
2017-12-05,11.773874,0.000382,1.878678,1.914957
2017-12-06,11.641520,0.000377,1.878105,1.908595
2017-12-07,11.526258,0.000359,1.867949,1.905905
2017-12-08,11.404529,0.000618,1.862793,1.959122
2017-12-09,11.283433,0.003113,2.222727,1.883207
2017-12-10,11.164305,0.003323,2.045960,1.878237
2017-12-11,11.038623,0.001905,1.835566,1.932546
2017-12-12,10.928858,0.001488,1.808786,1.867878
2017-12-13,10.816082,0.000270,1.795654,1.869152
2017-12-14,10.707872,0.000269,1.783748,1.846747
2017-12-15,10.601324,0.001125,1.777025,1.863870
2017-12-16,10.490413,0.003319,1.766081,1.850280
2017-12-17,10.398193,0.002761,1.760148,1.848798
2017-12-18,10.300914,0.001322,1.739465,1.852258
2017-12-19,10.205615,0.000644,1.721781,1.838857
2017-12-20,10.111607,0.000282,1.711054,1.798983
2017-12-21,10.011697,0.000295,1.698608,1.799834
2017-12-22,9.926615,0.000298,1.680619,1.792173
2017-12-23,9.836430,0.000363,1.668834,1.790888
2017-12-24,9.748487,0.000333,1.656364,1.785296
2017-12-25,9.661369,0.000535,1.643296,1.775984
2017-12-26,9.569525,0.000654,1.629039,1.784528
2017-12-27,9.490838,0.001149,1.616486,1.869748
2017-12-28,9.405633,0.000872,1.601445,1.765461
2017-12-29,9.320727,0.001254,1.586141,1.746585
2017-12-30,9.235892,0.000346,1.569970,1.771254
2017-12-31,9.152104,0.000364,1.560202,1.746766
2018-01-01,9.704067,0.000305,1.542717,1.751676
2018-01-02,9.622970,0.000304,1.533729,1.755773
2018-01-03,9.535948,0.000304,1.515041,1.750748
2018-01-04,9.449959,0.000305,1.501625,1.699788
2018-01-05,9.365020,0.000305,1.488136,1.748785
2018-01-06,9.274043,0.000304,1.470636,1.740642
2018-01-07,9.196942,0.000304,1.458958,1.736075
2018-01-08,9.116211,0.000304,1.444936,1.754261
2018-01-09,9.037834,0.000304,1.603795,1.744227
2018-01-10,8.960584,0.000302,2.298516,1.730982
2018-01-11,8.877501,0.000304,1.541166,1.739454
2018-01-12,8.808046,0.000305,1.390722,1.736206
2018-01-13,8.733200,0.000305,1.374364,1.739969
2018-01-14,8.660239,0.000305,1.358531,1.738945
2018-01-15,8.587685,0.000305,1.347561,1.727166
2018-01-16,8.511275,0.000304,1.332941,1.741213
2018-01-17,8.448763,0.000305,1.318323,1.728777
2018-01-18,8.382077,0.000305,1.306613,1.719860
2018-01-19,8.317008,0.000305,1.291454,1.723990
2018-01-20,8.252776,0.000303,1.290518,1.722452
2018-01-21,8.183269,0.000301,1.261418,1.705908
2018-01-22,8.126848,0.000305,1.249003,1.713241
2018-01-23,8.065757,0.000305,1.238423,1.731117
2018-01-24,8.005286,0.000305,1.220726,1.697169
2018-01-25,7.945469,0.000305,1.211979,1.754704
2018-01-26,7.881000,0.000305,1.195073,1.709050
2018-01-27,7.827419,0.000305,1.187954,1.700390
2018-01-28,7.768389,0.000305,1.169809,1.703318
2018-01-29,7.709580,0.000305,1.159681,1.684711
2018-01-30,7.652324,0.000305,1.150228,1.700222
2018-01-31,7.595733,0.000305,1.142049,1.690665
2018-02-01,7.534159,0.000305,1.241880,1.754139
2018-02-02,7.484466,0.000305,1.114561,1.684336
2018-02-03,7.430649,0.000305,1.106430,1.855898
2018-02-04,7.376988,0.000306,1.124373,1.677157
2018-02-05,7.324119,0.000305,1.075137,1.687314
2018-02-06,7.267865,0.000305,1.066624,1.676652
2018-02-07,7.223128,0.000305,1.054593,1.637597
2018-02-08,7.174018,0.000305,1.041007,1.685910
2018-02-09,7.125101,0.000305,1.032288,1.657582
2018-02-10,7.076892,0.000305,1.019620,1.663832
2018-02-11,7.024688,0.000305,1.004323,1.669613
2018-02-12,6.982653,0.000305,0.999391,1.661975
2018-02-13,6.936461,0.000305,0.981631,1.654214
2018-02-14,6.891264,0.000305,0.975037,1.665573
2018-02-15,6.847017,0.000305,0.960009,1.650499
2018-02-16,6.798962,0.000305,0.949369,1.641919
2018-02-17,6.760441,0.000305,1.000295,1.652633
2018-02-18,6.717339,0.000347,0.924017,1.645793
2018-02-19,6.674196,0.000430,0.914397,1.645674
2018-02-20,6.631412,0.000308,0.896143,1.638197
2018-02-21,6.584098,0.000350,0.898163,1.631933
2018-02-22,6.546063,0.000385,0.872947,1.626813
2018-02-23,6.503656,0.000309,0.867284,1.634673
2018-02-24,6.462082,0.000516,0.920695,1.622489
2018-02-25,6.421285,0.000895,0.886352,1.612730
2018-02-26,6.376187,0.000336,0.837720,1.612038
2018-02-27,6.340896,0.000305,0.817482,1.629847
2018-02-28,6.302452,0.000305,0.830155,3.756849
2018-03-01,6.259998,0.000305,0.803553,1.619612
2018-03-02,6.226774,0.000305,0.794338,1.628016
2018-03-03,6.189163,0.000305,0.784508,1.615505
2018-03-04,6.151855,0.000305,0.771996,1.619142
2018-03-05,6.114622,0.000305,0.764619,1.612075
2018-03-06,6.073317,0.000324,0.753294,1.612763
2018-03-07,6.041288,0.000305,0.746680,1.603678
2018-03-08,6.005455,0.000305,0.735262,1.603653
2018-03-09,5.970107,0.000305,0.728004,1.595295
2018-03-10,5.935441,0.000305,0.721424,1.606673
2018-03-11,5.896840,0.000306,0.711805,1.593337
2018-03-12,5.867120,0.000305,0.702589,1.587577
2018-03-13,5.834018,0.000305,0.697929,1.592778
2018-03-14,5.800964,0.000305,0.683573,1.585186
2018-03-15,5.768051,0.000305,0.675009,1.573929
2018-03-16,5.731074,0.000305,0.676740,1.580763
2018-03-17,5.702286,0.000322,5.460859,2.889573
2018-03-18,5.670201,0.000394,9.597393,3.486712
2018-03-19,5.638674,0.000388,10.382614,3.465823
2018-03-20,5.607088,0.000395,2.801337,4.194774
2018-03-21,5.571642,0.000394,0.914251,1.560527
2018-03-22,5.543822,0.000309,0.635548,1.543583
2018-03-23,5.512423,0.000305,0.617335,1.555459
2018-03-24,5.481423,0.000305,0.616516,1.540083
2018-03-25,5.450595,0.000305,0.605844,1.541778
2018-03-26,5.416589,0.000305,0.613445,1.537940
2018-03-27,5.390855,0.000305,0.626942,1.541112
2018-03-28,5.362126,0.000305,0.589236,1.541224
2018-03-29,5.333961,0.000305,0.590123,1.534788
2018-03-30,5.305636,0.000305,0.575566,1.532168
2018-03-31,5.277382,0.000305,0.574034,1.528658
2018-04-01,5.245617,0.000305,0.575576,1.531881
2018-04-02,5.220893,0.000305,0.557541,1.529478
2018-04-03,5.192662,0.000305,0.551982,1.526864
2018-04-04,5.164827,0.000305,0.547169,1.528601
2018-04-05,5.137438,0.000305,0.580132,1.540654
2018-04-06,5.107013,0.000305,0.543445,1.516532
2018-04-07,5.083701,0.000305,0.540065,1.532347
2018-04-08,5.057127,0.000305,0.608708,1.564595
2018-04-09,5.030876,0.000305,0.549508,1.503518
2018-04-10,5.004698,0.000305,0.519021,1.561970
2018-04-11,4.974827,0.000305,0.566043,1.491259
2018-04-12,4.951720,0.000305,0.533468,2.857760
2018-04-13,4.925492,0.000305,0.615602,1.491452
2018-04-14,4.899800,0.000305,0.501886,1.929609
2018-04-15,4.873997,0.000305,0.505430,1.475403
2018-04-16,4.845054,0.000305,17.952182,3.897358
2018-04-17,4.823602,0.000305,38.371732,8.208682
2018-04-18,4.798711,0.000305,21.318617,7.304386
2018-04-19,4.776051,0.000305,16.149483,9.366148
2018-04-20,4.771971,0.000305,21.626077,7.204091
2018-04-21,4.761442,0.000309,14.368869,9.384066
2018-04-22,4.727841,0.000333,3.250137,9.380401
2018-04-23,4.675280,0.000308,0.967448,5.491201
2018-04-24,4.610412,0.000305,1.388667,9.181913
2018-04-25,4.558433,0.000305,1.338076,9.562253
2018-04-26,4.513691,0.000305,1.098186,8.341316
2018-04-27,4.476327,0.000305,1.863701,7.229208
2018-04-28,4.445221,0.000305,1.225166,10.212735
2018-04-29,4.421608,0.000305,0.795953,6.398575
2018-04-30,4.403683,0.000305,1.156902,10.443525
2018-05-01,4.387858,0.000134,0.667101,1.470637
2018-05-02,4.381865,0.000111,0.579308,1.466237
2018-05-03,4.375405,0.000111,1.131389,2.900832
2018-05-04,4.372352,0.000111,1.210101,1.475225
2018-05-05,4.371739,0.000111,5.261314,9.438898
2018-05-06,4.368894,0.000111,1.886921,11.089309
2018-05-07,4.372640,0.000111,2.816529,8.692729
2018-05-08,4.373805,0.000111,5.244297,1.475371
2018-05-09,4.375861,0.000111,3.076461,1.448739
2018-05-10,4.378479,0.000111,4.528785,10.758491
2018-05-11,4.378023,0.000111,9.785343,5.467101
2018-05-12,4.382904,0.000111,2.945206,5.552377
2018-05-13,4.383932,0.000111,5.828556,7.987860
2018-05-14,4.384658,0.000111,1.377333,9.498307
2018-05-15,4.384978,0.000111,1.672109,8.759672
2018-05-16,4.382292,0.000111,1.647085,8.961909
2018-05-17,4.390504,0.000111,1.939082,6.729595
2018-05-18,4.388163,0.000111,1.484393,6.326604
2018-05-19,4.376656,0.000111,3.848694,6.135356
2018-05-20,4.364699,0.000111,2.450411,10.293857
2018-05-21,4.353382,0.000111,2.665060,10.648178
2018-05-22,4.352894,0.000111,5.710242,9.096427
2018-05-23,4.349772,0.000111,12.020206,10.894444
2018-05-24,4.357410,0.000112,4.846669,11.166063
2018-05-25,4.362679,0.000111,2.171057,8.254979
2018-05-26,4.338331,0.000112,9.377070,12.271252
2018-05-27,4.329620,0.000112,8.800131,9.586535
2018-05-28,4.307602,0.000112,7.179568,9.419223
2018-05-29,4.275774,0.000272,12.987948,6.912227
2018-05-30,4.244612,0.000329,19.378186,9.124698
2018-05-31,4.220091,1.537389,27.444810,9.041590
2018-06-01,4.229474,8.645649,51.265690,9.055648
2018-06-02,4.291604,18.180992,73.172534,15.595611
2018-06-03,4.321996,22.014792,76.270532,11.385275
2018-06-04,4.310891,44.081591,77.081722,15.605619
2018-06-05,4.322212,36.597174,98.784499,16.843817
2018-06-06,4.515316,286.175280,143.957188,57.371609
2018-06-07,5.018809,95.491387,42.398494,61.482623
2018-06-08,6.651861,74.057387,30.315353,33.050627
2018-06-09,9.652279,85.959543,52.331221,40.702294
2018-06-10,14.640656,85.648058,40.482265,25.836291
2018-06-11,12.584227,64.003739,45.051114,51.186477
2018-06-12,15.107066,77.756354,42.281243,44.775818
2018-06-13,19.377321,73.468983,44.073790,42.397993
2018-06-14,21.734518,43.085316,31.173123,22.355960
2018-06-15,25.440028,63.505206,42.995285,49.623164
2018-06-16,28.656945,44.394280,38.581760,32.204932
2018-06-17,32.774397,58.045225,50.422583,33.613511
2018-06-18,37.298710,57.270951,52.316213,39.252465
2018-06-19,40.562174,68.196588,58.016735,40.464580
2018-06-20,44.015942,35.261449,49.234970,28.044922
2018-06-21,47.540854,56.298969,49.683192,59.892743
2018-06-22,50.437702,53.784993,43.801417,40.400670
2018-06-23,57.139553,86.514582,48.795008,58.664081
2018-06-24,58.012040,51.608057,40.339788,30.613588
2018-06-25,64.563855,77.218437,50.817178,58.433194
2018-06-26,70.929246,83.332433,50.736594,56.631279
2018-06-27,74.453989,70.948540,61.080086,53.555458
2018-06-28,77.098766,63.627240,56.280696,72.603444
2018-06-29,81.095716,101.282610,57.625846,83.022156
2018-06-30,89.066369,57.327588,45.036122,49.556416
2018-07-01,93.781788,76.782267,49.550515,77.123053
2018-07-02,95.393620,102.713501,45.173527,80.590940
2018-07-03,100.407005,71.980354,42.168888,106.421927
2018-07-04,105.979597,66.503029,41.193714,63.100682
2018-07-05,106.867060,65.029174,42.500139,71.167767
2018-07-06,115.785503,106.710660,55.591064,110.742564
2018-07-07,114.483002,95.290142,66.406077,95.043729
2018-07-08,109.691487,76.049945,44.724241,86.511523
2018-07-09,115.939090,104.434666,47.271520,105.760002
2018-07-10,116.642161,100.202585,47.202014,100.215781
2018-07-11,120.499391,134.912491,64.968020,108.392958
2018-07-12,127.950932,182.535338,74.467905,131.934515
2018-07-13,122.965814,159.652236,72.432370,125.685628
2018-07-14,128.277893,202.958850,79.069175,137.208059
2018-07-15,132.933569,376.730172,103.905249,150.795181
2018-07-16,131.008932,190.071307,96.515910,141.284131
2018-07-17,146.918158,281.308737,102.906810,154.789061
2018-07-18,148.131674,287.696247,101.168466,172.384009
2018-07-19,149.749059,278.235117,88.165350,107.762023
2018-07-20,147.581500,245.048712,74.540549,164.810968
2018-07-21,141.125931,197.970330,65.697572,131.804705
2018-07-22,141.769365,145.584168,69.811833,144.812955
2018-07-23,133.497838,161.061603,70.978337,148.041153
2018-07-24,123.469353,97.236007,73.041352,89.609404
2018-07-25,113.762035,135.721270,84.438832,165.827538
2018-07-26,111.619722,98.085122,62.784775,132.764255
2018-07-27,109.196691,137.857537,76.189462,171.445694
2018-07-28,101.740050,141.636634,85.282566,181.283619
2018-07-29,102.628471,215.516433,85.640002,177.979740
2018-07-30,108.701781,476.024246,107.138385,209.975558
2018-07-31,97.283756,245.419539,100.604625,208.942509
2018-08-01,98.817551,233.238948,90.287348,203.663044
2018-08-02,93.385148,195.525077,74.840689,170.863769
2018-08-03,89.054307,185.062718,75.097245,176.343345
2018-08-04,84.408353,178.610313,72.311017,173.377509
2018-08-05,80.165185,152.468449,78.484845,173.086341
2018-08-06,77.879418,192.183954,77.810240,180.196154
2018-08-07,75.978686,218.928942,76.495449,172.643268
2018-08-08,79.678867,323.548760,91.643079,214.957408
2018-08-09,73.776208,265.119088,84.965081,198.321785
2018-08-10,69.185622,215.543414,72.383899,170.859191
2018-08-11,68.079453,188.059796,74.747170,152.041794
2018-08-12,68.448406,269.423571,89.167105,148.235402
2018-08-13,72.829904,430.845706,129.010022,223.149605
2018-08-14,68.514492,391.306711,137.961400,219.275873
2018-08-15,60.092378,163.825535,65.324202,135.011755
2018-08-16,55.888238,112.103082,86.849555,76.683579
2018-08-17,56.916174,140.652928,53.567470,127.754239
2018-08-18,54.512977,112.205490,59.775537,108.555968
2018-08-19,50.920115,71.343256,45.481517,106.243052
2018-08-20,50.556895,92.659566,43.891037,89.697744
2018-08-21,49.223825,63.335046,40.736573,43.401319
2018-08-22,46.122223,68.854016,44.121887,67.207818
2018-08-23,43.683387,104.758354,42.384723,74.062473
2018-08-24,42.251024,52.188192,37.323082,40.289709
2018-08-25,45.608417,40.792343,36.749145,39.163207
2018-08-26,41.646080,25.863084,37.239784,45.778529
2018-08-27,37.707874,42.355801,28.164247,52.661487
2018-08-28,36.405300,29.713034,28.856385,62.296661
2018-08-29,37.073649,15.782393,34.695008,31.209275
2018-08-30,34.804451,4.067431,62.505101,69.064958
2018-08-31,35.520207,13.159661,16.936123,60.681567
2018-09-01,33.217903,8.128328,10.336579,40.088700
2018-09-02,31.228398,3.549128,22.276337,47.364589
2018-09-03,30.378759,11.422116,19.679870,34.799457
2018-09-04,29.353618,17.327182,13.777356,35.886829
2018-09-05,28.508691,40.825613,51.945890,34.126692
2018-09-06,28.414128,36.054148,46.822486,47.290869
2018-09-07,26.620925,51.725694,28.337211,45.141494
2018-09-08,27.065935,42.803825,27.968581,41.155995
2018-09-09,27.419278,19.283452,29.050354,46.105043
2018-09-10,29.648600,13.453464,9.919061,20.880890
2018-09-11,30.317266,6.535213,13.088175,17.585185
2018-09-12,32.106996,10.348670,9.334149,27.093729
2018-09-13,33.530464,12.879194,12.304292,23.656000
2018-09-14,35.984507,11.934300,21.202196,14.506253
2018-09-15,36.206748,9.967049,13.934513,20.412631
2018-09-16,37.727563,11.157621,13.324804,14.256184
2018-09-17,36.726248,10.408174,15.645225,15.075629
2018-09-18,36.810003,17.198947,15.445989,16.067734
2018-09-19,35.632028,5.515675,6.408393,13.285988
2018-09-20,34.822760,2.069959,6.313311,3.331484
2018-09-21,34.484029,0.327157,6.229904,2.952930
2018-09-22,34.324955,0.125861,6.103666,2.341673
2018-09-23,34.154535,0.108281,6.007529,4.849613
2018-09-24,33.950171,0.126941,5.869072,16.824083
2018-09-25,33.697850,0.102590,5.662982,2.282287
2018-09-26,33.305707,0.138749,5.518664,2.282038
2018-09-27,32.895279,0.176287,6.503326,2.264922
2018-09-28,32.411775,0.237222,5.418788,5.170494
2018-09-29,32.135645,0.142845,5.074063,4.932211
2018-09-30,31.387068,0.153425,10.414511,5.275228
2018-10-01,30.786759,0.167605,5.881608,2.248087
2018-10-02,30.241542,0.297551,4.658749,2.242941
2018-10-03,29.678624,0.419821,4.524872,2.239076
2018-10-04,29.117981,0.370331,4.401006,2.239427
2018-10-05,28.566080,0.266377,4.277772,5.592704
2018-10-06,28.005566,0.182391,6.467964,2.216480
2018-10-07,27.483497,0.152973,4.345620,2.203624
2018-10-08,26.953597,0.658782,3.943975,2.218665
2018-10-09,26.429076,1.059678,3.842779,2.209011
2018-10-10,25.915950,0.557596,3.742850,2.195644
2018-10-11,25.389788,0.534243,3.653917,2.190084
2018-10-12,24.911754,0.537856,12.491593,3.250854
2018-10-13,24.430211,0.574316,4.413831,2.180732
2018-10-14,23.970532,0.213599,3.397388,2.161418
2018-10-15,23.524346,0.117157,3.325156,2.166044
2018-10-16,23.079134,0.048400,3.245472,2.146472
2018-10-17,22.675175,0.043658,3.180917,2.160048
2018-10-18,22.269794,0.062436,3.115310,2.137212
2018-10-19,21.873888,0.033232,3.174910,2.149055
2018-10-20,21.484535,0.009052,2.978920,2.138325
2018-10-21,21.086774,0.013422,2.914374,2.131437
2018-10-22,20.727772,0.025590,2.852940,2.766198
2018-10-23,20.370907,0.057999,2.806221,2.140286
2018-10-24,20.021451,0.101804,2.733182,2.130688
2018-10-25,19.683391,0.050126,2.677486,2.136657
2018-10-26,19.339018,0.105725,2.630674,2.980736
2018-10-27,19.028972,0.162242,9.828775,2.141187
2018-10-28,18.716213,0.157318,2.513458,2.134644
2018-10-29,18.414021,0.117888,2.460457,2.109775
2018-10-30,18.119358,0.042358,2.415871,2.132146
2018-10-31,17.833597,0.059691,2.358967,2.105893
2018-11-01,17.543165,0.089232,2.331228,2.098847
2018-11-02,17.286309,0.097763,2.313706,2.086234
2018-11-03,17.032025,0.084226,2.230670,2.179421
2018-11-04,16.785139,0.028208,2.183626,2.074315
2018-11-05,16.542549,0.044213,2.143698,2.076641
2018-11-06,16.293692,0.010483,2.102384,2.074660
2018-11-07,16.074566,0.010126,2.249531,2.057018
2018-11-08,15.851191,0.028617,4.996722,2.061233
2018-11-09,15.633439,0.035731,8.372624,2.600929
2018-11-10,15.420108,0.002218,1.952199,2.036785
2018-11-11,15.199519,0.002234,2.404394,2.054933
2018-11-12,15.004434,0.037502,2.046101,2.057862
2018-11-13,14.803775,0.044799,2.046951,2.044725
2018-11-14,14.605165,0.056524,1.910272,2.050698
2018-11-15,14.412021,0.051809,1.787511,2.016734
2018-11-16,14.217089,0.006529,1.753886,2.100366
2018-11-17,14.045284,0.004743,11.400133,2.248271
2018-11-18,13.868914,0.004706,2.952963,2.022807
2018-11-19,13.695484,0.017727,12.430699,2.088207
2018-11-20,13.522822,0.008241,46.713469,2.326708
2018-11-21,13.353089,0.018603,1.754296,1.988260
2018-11-22,13.212148,0.027059,2.413832,1.989394
2018-11-23,13.058398,0.047026,1.949707,1.985826
2018-11-24,12.904670,0.048879,3.306123,1.986434
2018-11-25,12.753981,0.078511,2.795779,1.971512
2018-11-26,12.598801,0.046467,2.046163,1.985401
2018-11-27,12.466460,0.011774,2.064802,1.982668
2018-11-28,12.327933,0.058232,2.074274,1.967942
2018-11-29,12.190869,0.056346,2.075840,1.983362
2018-11-30,12.056117,0.063328,2.068749,1.974070
2018-12-01,11.915168,0.277357,2.063275,1.972497
2018-12-02,11.792677,0.417893,2.044267,1.968571
2018-12-03,11.663510,0.060525,2.035457,1.958891
2018-12-04,11.535999,0.001196,2.011430,1.949590
2018-12-05,11.411266,0.001163,1.992939,1.961672
2018-12-06,11.282709,0.001162,1.976023,1.943009
2018-12-07,11.172813,0.003709,1.950056,1.942503
2018-12-08,11.056644,0.001187,1.930962,1.961165
2018-12-09,10.941711,0.001191,1.912780,1.935640
2018-12-10,10.827945,0.001163,1.896649,1.912254
2018-12-11,10.710929,0.001162,3.071961,1.931405
2018-12-12,10.613005,0.001163,3.634979,1.943128
2018-12-13,10.509707,0.001168,5.734626,2.006252
2018-12-14,10.407177,0.001163,2.389238,1.915320
2018-12-15,10.306033,0.001162,4.658293,1.932707
2018-12-16,10.198840,0.001162,1.955143,1.897644
2018-12-17,10.108213,0.001163,1.788893,2.103628
2018-12-18,10.011246,0.001167,1.904309,1.903901
2018-12-19,9.916733,0.001164,1.697003,1.888411
2018-12-20,9.826076,0.001164,1.857731,1.894186
2018-12-21,9.731074,0.001163,1.649330,1.890445
2018-12-22,9.651400,0.004776,1.656669,1.950675
2018-12-23,9.565357,0.007828,2.012180,1.969701
2018-12-24,9.480137,0.001527,2.720157,1.880370
2018-12-25,9.398219,0.001525,1.750616,1.877985
2018-12-26,9.312214,0.001524,1.601970,1.872593
2018-12-27,9.241815,0.001525,1.627714,1.872837
2018-12-28,9.166237,0.001525,1.529110,1.857353
2018-12-29,9.091320,0.001525,1.503495,1.888140
2018-12-30,9.018481,0.001524,1.479780,1.871823
2018-12-31,8.947182,0.001525,1.476585,1.834681
2019-01-01,8.108479,0.002501,1.454463,1.865731
2019-01-02,8.050578,0.003381,1.731339,1.836781
2019-01-03,7.987388,0.002714,1.463661,1.847401
2019-01-04,7.924465,0.002207,1.554257,1.822643
2019-01-05,7.862389,0.002765,1.387603,1.839151
2019-01-06,7.795109,0.023195,1.364093,1.837165
2019-01-07,7.739156,0.003210,1.351781,1.836029
2019-01-08,7.678344,0.002205,5.256299,1.857988
2019-01-09,7.618108,0.002205,2.258458,1.822450
2019-01-10,7.558302,0.002205,1.303724,1.805188
2019-01-11,7.493512,0.002203,1.287559,1.820566
2019-01-12,7.439285,0.002204,1.269754,1.807278
2019-01-13,7.380746,0.002204,1.255225,1.820401
2019-01-14,7.323762,0.002205,1.243166,1.794381
2019-01-15,7.267534,0.002204,1.231085,1.800220
2019-01-16,7.206494,0.002203,1.213425,1.810088
2019-01-17,7.155370,0.002204,1.191810,1.790253
2019-01-18,7.099960,0.002204,1.192513,1.890334
2019-01-19,7.045343,0.002254,1.166080,1.869729
2019-01-20,6.991817,0.002388,1.149427,1.813783
2019-01-21,6.934732,0.002390,1.135525,1.781357
2019-01-22,6.887749,0.002386,1.127607,1.793876
2019-01-23,6.835948,0.002389,1.116090,1.780425
2019-01-24,6.784645,0.002579,1.094465,1.774501
2019-01-25,6.734088,0.002431,1.086136,1.794178
2019-01-26,6.680187,0.002157,1.071492,1.755869
2019-01-27,6.636512,0.001954,1.161909,1.788372
2019-01-28,6.588126,0.001954,1.042186,1.781279
2019-01-29,6.540352,0.001954,1.029666,1.751711
2019-01-30,6.493146,0.001954,1.012745,1.745736
2019-01-31,6.446020,0.001954,1.000891,1.830739
2019-02-01,6.394819,0.001953,0.986888,1.751362
2019-02-02,6.354308,0.001954,0.983882,1.753303
2019-02-03,6.310216,0.001954,0.958376,1.772068
2019-02-04,6.266502,0.001954,0.950435,1.794682
2019-02-05,6.223435,0.001954,0.939395,1.905252
2019-02-06,6.176997,0.001953,0.922417,1.739528
2019-02-07,6.139941,0.001954,0.913953,1.730517
2019-02-08,6.099385,0.001954,0.901695,1.761746
2019-02-09,6.060644,0.001954,0.891337,1.740502
2019-02-10,6.022277,0.001954,0.876654,1.746537
2019-02-11,5.979792,0.001953,0.866624,1.719843
2019-02-12,5.946181,0.001960,0.858016,1.729942
2019-02-13,5.909308,0.001959,0.841638,1.732834
2019-02-14,5.873398,0.002371,0.835613,1.727819
2019-02-15,5.838595,0.002145,0.821576,1.719352
2019-02-16,5.799977,0.001953,0.815874,1.730891
2019-02-17,5.769971,0.001954,0.805265,1.733380
2019-02-18,5.736998,0.001954,0.793113,1.715390
2019-02-19,5.704176,0.001954,0.781492,1.705033
2019-02-20,5.671530,0.001954,0.820770,1.710153
2019-02-21,5.635426,0.001953,2.872125,1.760923
2019-02-22,5.607380,0.001954,1.982223,1.765247
2019-02-23,5.575686,0.001954,0.741396,1.673690
2019-02-24,5.544264,0.001954,0.734514,1.672943
2019-02-25,5.512886,0.001954,0.746529,1.674444
2019-02-26,5.477756,0.001953,0.711541,1.674764
2019-02-27,5.450511,0.001961,0.709539,1.687089
2019-02-28,5.420081,0.001962,1.677295,1.714040
2019-03-01,5.385717,0.001957,0.793248,1.668083
2019-03-02,5.358863,0.001956,0.683815,1.667762
2019-03-03,5.328269,0.001955,0.676435,1.670463
2019-03-04,5.297929,0.001954,0.666995,1.664983
2019-03-05,5.267836,0.001954,0.663642,1.651912
2019-03-06,5.234537,0.001953,0.652296,1.655777
2019-03-07,5.208336,0.001954,0.643313,1.663848
2019-03-08,5.178795,0.001954,0.663543,1.664271
2019-03-09,5.149389,0.001954,0.630133,1.656563
2019-03-10,5.120041,0.001954,0.625528,1.637734
2019-03-11,5.087297,0.001953,0.618977,1.630472
2019-03-12,5.061571,0.001954,0.607317,1.663672
2019-03-13,5.032297,0.001954,0.609987,1.599687
2019-03-14,5.003174,0.001954,0.598094,1.635715
2019-03-15,4.974295,0.001954,0.591174,1.628521
2019-03-16,4.942176,0.001953,0.590536,6.899937
2019-03-17,4.917112,0.001954,0.577952,1.620452
2019-03-18,4.888721,0.001954,0.572276,1.609627
2019-03-19,4.860716,0.001954,0.569890,1.614994
2019-03-20,4.832832,0.001954,0.557579,1.600096
2019-03-21,4.802208,0.001953,0.556619,1.620663
2019-03-22,4.778560,0.001954,0.550517,1.602880
2019-03-23,4.751510,0.001955,0.540256,1.609102
2019-03-24,4.724483,0.001954,0.538398,5.764048
2019-03-25,4.697789,0.001954,0.544149,1.604632
2019-03-26,4.668296,0.001953,0.526576,1.602224
2019-03-27,4.645773,0.001954,0.518391,1.602770
2019-03-28,4.620030,0.001954,0.513132,1.608089
2019-03-29,4.594537,0.001954,0.504255,1.596514
2019-03-30,4.569831,0.001958,0.502121,1.594545
2019-03-31,4.545663,0.001959,0.493592,1.588800
2019-04-01,4.518952,0.001964,0.490257,1.602141
2019-04-02,4.498727,0.001957,0.483164,6.955712
2019-04-03,4.475525,0.001957,0.518289,1.625604
2019-04-04,4.452586,0.001957,0.473382,1.581470
2019-04-05,4.429929,0.001957,0.523867,1.592065
2019-04-06,4.404368,0.001953,0.497813,3.471351
2019-04-07,4.385435,0.001954,5.552922,6.774788
2019-04-08,4.363537,0.001954,5.729434,7.380103
2019-04-09,4.341561,0.001954,8.460356,5.152373
2019-04-10,4.319728,0.001954,25.431718,3.766825
2019-04-11,4.295328,0.001953,7.296124,10.700342
2019-04-12,4.277079,0.001954,16.540922,5.425353
2019-04-13,4.255476,0.001954,15.044052,4.613446
2019-04-14,4.237371,0.001953,32.201367,4.681552
2019-04-15,4.226851,0.001948,3.136058,3.061240
2019-04-16,4.181518,0.001952,1.011624,7.934432
2019-04-17,4.146112,0.001954,1.196065,4.006109
2019-04-18,4.114592,0.001954,1.350130,5.939551
2019-04-19,4.088787,0.001954,4.336615,8.565782
2019-04-20,4.069890,0.001954,0.899554,10.713541
2019-04-21,4.051048,0.001953,0.974166,8.419507
2019-04-22,4.039481,0.001954,1.027318,1.488877
2019-04-23,4.024883,0.001954,1.005910,1.492342
2019-04-24,4.012188,0.001954,1.454922,10.358467
2019-04-25,4.001979,0.001954,1.169757,1.553224
2019-04-26,3.990961,0.001953,7.170833,9.153034
2019-04-27,3.985342,0.001954,27.198370,8.004666
2019-04-28,4.005699,0.001969,21.442273,8.017986
2019-04-29,3.947483,0.001955,63.185109,5.157784
2019-04-30,3.763179,0.001943,22.731356,8.062784
2019-05-01,3.682819,0.001947,33.315211,9.311338
2019-05-02,3.793433,5.893766,50.890477,8.228119
2019-05-03,4.024445,0.253162,8.309502,10.333634
2019-05-04,4.388229,14.090876,56.830069,7.557279
2019-05-05,4.576915,45.877440,62.555065,13.727668
2019-05-06,5.018240,34.396559,52.119999,10.680302
2019-05-07,6.588622,13.998637,24.420664,9.774855
2019-05-08,8.586703,14.061384,19.732852,11.143294
2019-05-09,10.354571,7.428494,11.875066,11.573465
2019-05-10,11.807733,1.518508,11.660772,10.920479
2019-05-11,13.157182,0.544221,11.420442,13.780571
2019-05-12,14.394374,0.102787,8.908674,7.644035
2019-05-13,15.282079,0.002439,8.756214,11.351050
2019-05-14,16.038669,0.069836,35.450090,9.699472
2019-05-15,16.516029,13.626715,41.969007,8.935984
2019-05-16,16.230522,32.632657,32.850145,12.433235
2019-05-17,17.549108,25.174623,29.142347,12.875674
2019-05-18,19.930908,21.569189,33.325232,12.496716
2019-05-19,22.199303,31.466101,30.395655,13.624761
2019-05-20,24.176890,19.341739,29.931727,12.519797
2019-05-21,26.623103,15.130115,29.570025,13.797377
2019-05-22,28.639722,27.377702,39.905655,13.151841
2019-05-23,30.639667,42.519332,50.698957,14.869057
2019-05-24,33.074874,34.941300,42.942747,12.035718
2019-05-25,35.486423,50.050213,41.809692,17.667127
2019-05-26,37.136461,56.149246,48.220234,20.850128
2019-05-27,38.879353,49.213877,44.719216,15.840207
2019-05-28,41.879558,35.119678,37.083803,16.614719
2019-05-29,44.463007,33.220936,46.211889,13.912227
2019-05-30,46.507924,34.631314,51.335186,19.294697
2019-05-31,48.179134,37.033293,45.401053,17.050130
2019-06-01,49.557899,38.098904,38.776094,13.808917
2019-06-02,50.887886,39.801822,50.733539,19.702868
2019-06-03,52.136039,61.552311,59.558709,26.607108
2019-06-04,53.287658,64.769779,60.564665,29.908095
2019-06-05,54.754357,61.050318,68.129277,29.046556
2019-06-06,58.236238,65.998550,51.713082,16.793246
2019-06-07,60.155424,110.399115,66.436722,36.869973
2019-06-08,63.122335,88.846163,81.853881,40.547341
2019-06-09,69.689981,96.627912,67.785524,45.756581
2019-06-10,74.575862,58.431460,61.703857,33.663629
2019-06-11,79.084723,97.069308,87.182538,61.767138
2019-06-12,84.520602,96.401107,71.341932,62.867369
2019-06-13,97.637731,111.728402,60.130485,73.240991
2019-06-14,107.509840,136.334030,63.043781,58.670291
2019-06-15,111.268264,141.488457,59.967059,53.102849
2019-06-16,117.751854,170.971443,75.263264,58.734644
2019-06-17,128.497594,189.642121,80.094268,75.039657
2019-06-18,141.952467,121.608923,73.859100,68.494446
2019-06-19,148.425973,155.951721,87.703274,81.311257
2019-06-20,148.170837,121.680343,79.462139,84.065442
2019-06-21,148.890485,130.733525,78.403870,80.378817
2019-06-22,147.979161,131.472762,76.434551,94.762923
2019-06-23,146.864126,130.514607,98.155708,95.229122
2019-06-24,149.841394,152.705378,84.897181,85.214837
2019-06-25,149.357950,172.417359,108.127392,119.130148
2019-06-26,148.508134,161.350580,121.626168,123.345735
2019-06-27,154.896163,167.914514,102.973180,139.603142
2019-06-28,155.817424,158.828356,84.032874,120.129035
2019-06-29,147.806714,118.822502,82.449501,115.552084
2019-06-30,143.351945,90.669055,80.741493,87.906444
2019-07-01,139.495048,79.863281,84.630482,86.961000
2019-07-02,131.568073,85.705035,71.753413,85.657227
2019-07-03,133.475767,172.986687,73.599590,128.402315
2019-07-04,137.826020,138.438408,80.018147,114.393394
2019-07-05,142.787226,170.879737,91.824444,121.690478
2019-07-06,147.011508,175.959829,93.322144,126.733770
2019-07-07,142.936107,157.613726,98.321394,134.333608
2019-07-08,145.559999,162.630617,113.639164,141.307415
2019-07-09,142.085957,159.322209,98.354339,134.977680
2019-07-10,140.678759,159.329385,89.139303,132.486699
2019-07-11,140.102113,167.283518,102.097105,129.502302
2019-07-12,135.464532,152.978489,95.506592,140.416235
2019-07-13,132.605173,154.944835,99.356570,149.966263
2019-07-14,134.147519,163.639140,119.087794,159.616370
2019-07-15,135.610176,217.268172,103.582708,128.707993
2019-07-16,127.824030,186.831313,94.733455,138.231847
2019-07-17,132.391181,213.594223,99.371541,130.585798
2019-07-18,128.906931,218.145756,108.074342,174.059975
2019-07-19,127.483857,225.160448,105.770610,182.212535
2019-07-20,125.147829,232.554798,118.205703,198.398188
2019-07-21,122.061281,221.497744,109.540499,201.891565
2019-07-22,123.639704,268.704425,109.097734,218.281932
2019-07-23,119.363609,250.838405,100.489536,203.207196
2019-07-24,114.415372,192.349631,100.518741,183.387857
2019-07-25,104.685087,153.077078,83.565864,125.888417
2019-07-26,94.824028,133.112399,81.107259,124.307771
2019-07-27,90.283073,137.916277,86.009332,178.434000
2019-07-28,79.127665,138.430018,75.569009,117.570234
2019-07-29,84.833950,214.209985,92.618197,178.047707
2019-07-30,124.159507,564.358118,129.148543,251.218926
2019-07-31,117.746479,695.025300,94.819906,238.706444
2019-08-01,99.654041,346.255207,70.347056,222.722773
2019-08-02,94.953469,208.754223,77.647282,203.749541
2019-08-03,95.520576,234.829275,77.886531,209.822969
2019-08-04,92.510578,246.849248,83.037716,214.825380
2019-08-05,87.859362,245.217862,83.755829,215.660432
2019-08-06,77.614593,170.263533,74.329072,178.905174
2019-08-07,74.559944,187.146537,84.091779,185.632294
2019-08-08,72.833988,179.557754,72.875104,165.587642
2019-08-09,69.503464,151.638481,74.040466,133.357716
2019-08-10,68.071302,152.106194,72.082189,156.302219
2019-08-11,60.549600,125.445485,66.225988,114.781629
2019-08-12,54.198483,105.330337,64.085775,110.858977
2019-08-13,47.355497,114.192056,79.114986,151.538916
2019-08-14,45.721984,100.769948,61.288702,117.266062
2019-08-15,44.311966,97.184060,59.873851,116.994118
2019-08-16,48.677588,124.324971,60.748827,109.917905
2019-08-17,44.644756,119.044304,60.814666,106.987794
2019-08-18,37.050963,51.888678,52.363282,75.698457
2019-08-19,38.600598,85.736603,59.140720,139.384281
2019-08-20,35.550973,85.078856,54.591739,81.684798
2019-08-21,33.367167,74.574840,51.449460,61.221443
2019-08-22,31.787760,69.196628,47.326531,45.706762
2019-08-23,30.249926,66.799621,43.181294,43.604057
2019-08-24,28.460563,62.690214,35.194651,33.855907
2019-08-25,28.304401,132.082573,39.844291,50.852295
2019-08-26,27.491900,102.012723,36.708787,67.114594
2019-08-27,26.662164,74.107872,36.702169,45.042486
2019-08-28,24.978357,63.307750,28.594084,36.140541
2019-08-29,24.253964,55.321984,26.745868,31.947143
2019-08-30,23.554534,49.170357,32.949574,45.586804
2019-08-31,22.905630,50.891755,26.788800,44.731004
2019-09-01,23.229749,31.016489,35.489819,25.628566
2019-09-02,24.343150,37.596343,35.099122,57.696511
2019-09-03,21.160385,62.746420,34.401358,42.612825
2019-09-04,20.628898,76.144105,40.851393,60.711703
2019-09-05,20.761041,64.055656,24.377646,49.100509
2019-09-06,21.921891,38.910125,54.976559,37.238219
2019-09-07,20.368340,41.225650,29.930246,46.373362
2019-09-08,18.878007,44.128958,14.921208,38.150638
2019-09-09,18.482387,26.600752,14.984957,27.047044
2019-09-10,18.010012,43.088480,13.688150,37.659583
2019-09-11,17.587497,14.074141,10.796394,39.542270
2019-09-12,17.206465,5.844322,6.788033,29.127079
2019-09-13,16.838687,4.015759,6.519620,29.662257
2019-09-14,16.495474,5.301752,8.068991,25.668120
2019-09-15,16.169804,2.221082,6.218030,20.935012
2019-09-16,15.848752,3.591200,8.658454,25.929160
2019-09-17,15.567559,0.673095,7.594892,12.771475
2019-09-18,16.795892,0.060762,9.906487,9.760757
2019-09-19,16.829875,8.116680,11.998138,12.054510
2019-09-20,15.985797,28.676702,18.550676,20.671082
2019-09-21,15.273333,36.187170,25.147068,19.084160
2019-09-22,14.494704,60.014752,67.131638,21.643348
2019-09-23,14.813432,108.686037,80.158365,46.417912
2019-09-24,14.934855,80.959298,41.184139,36.408140
2019-09-25,13.740910,51.398288,9.797020,27.104354
2019-09-26,13.395614,48.663214,4.889509,20.841725
2019-09-27,15.138582,159.681791,64.815181,39.061333
2019-09-28,13.992952,83.075889,29.102923,43.625362
2019-09-29,12.482775,29.097519,8.750270,30.952906
2019-09-30,12.294377,14.495230,4.931335,30.465896
2019-10-01,12.532920,3.109188,18.825134,10.026449
2019-10-02,12.135245,0.488465,30.064255,8.232967
2019-10-03,12.561125,0.171616,28.626468,6.637068
2019-10-04,12.139303,2.344118,66.798122,20.914357
2019-10-05,11.956332,14.712233,48.654694,20.368058
2019-10-06,11.151978,62.519633,55.071316,26.201866
2019-10-07,11.510549,8.168528,2.685933,9.597589
2019-10-08,11.521864,0.094053,2.441183,8.068995
2019-10-09,12.365555,0.605154,4.942624,3.956742
2019-10-10,13.262138,0.136318,2.924658,3.256259
2019-10-11,14.005566,0.036128,3.298082,2.997700
2019-10-12,14.671323,0.042685,3.269796,2.417348
2019-10-13,15.259626,0.041501,3.328546,2.444050
2019-10-14,16.469131,0.092221,3.469000,2.398711
2019-10-15,16.163658,0.063847,3.277953,2.442849
2019-10-16,16.473899,0.048699,3.204053,2.412840
2019-10-17,16.723055,0.088108,3.113429,4.702627
2019-10-18,16.895717,0.044445,3.071234,4.015926
2019-10-19,17.012087,0.036217,4.873920,3.464450
2019-10-20,19.149565,0.015292,3.424135,2.458027
2019-10-21,17.092197,0.000913,2.735660,2.380765
2019-10-22,17.094102,0.000887,2.650234,2.384100
2019-10-23,17.051487,0.000888,2.569948,2.360865
2019-10-24,16.979113,0.000887,2.487481,2.366159
2019-10-25,16.886520,0.000887,2.412386,2.340490
2019-10-26,16.763778,0.000706,2.336485,2.350365
2019-10-27,16.647792,0.000563,2.266704,2.343197
2019-10-28,16.569960,0.000563,6.706552,2.373343
2019-10-29,16.781220,0.000562,3.861030,2.357391
2019-10-30,16.199431,0.000562,2.079393,2.324800
2019-10-31,16.037537,0.000562,2.023273,2.374309
2019-11-01,15.854619,0.000562,2.091286,2.311519
2019-11-02,15.687389,0.000562,1.985948,2.327610
2019-11-03,15.503978,0.000563,1.871281,2.295176
2019-11-04,15.318634,0.000562,1.825232,2.295060
2019-11-05,15.133320,0.000562,1.823309,2.284505
2019-11-06,14.933403,0.000562,1.757413,2.281012
2019-11-07,14.752074,0.016490,2.182403,5.398930
2019-11-08,14.562811,0.057376,7.475194,2.274707
2019-11-09,14.382595,0.022865,1.954023,2.275904
2019-11-10,14.206122,0.000580,10.845330,2.248410
2019-11-11,14.026144,0.000562,6.563318,2.485268
2019-11-12,13.866696,0.000562,2.030423,3.763329
2019-11-13,13.698258,0.000563,4.844399,2.256606
2019-11-14,13.536347,0.036352,5.380746,2.544878
2019-11-15,13.369556,0.099569,1.601901,2.220615
2019-11-16,13.194348,0.145637,1.637982,2.224286
2019-11-17,13.038493,0.121245,1.742260,2.226365
2019-11-18,12.875103,0.101702,3.809213,2.223702
2019-11-19,12.717806,0.093857,1.873863,2.207061
2019-11-20,12.561071,0.023797,1.780723,2.206674
2019-11-21,12.397834,0.045315,1.866723,2.207286
2019-11-22,12.257750,0.064125,1.790929,2.192905
2019-11-23,12.112311,0.102866,1.797519,2.201711
2019-11-24,11.970990,0.076388,1.806120,2.172275
2019-11-25,11.834083,0.072544,1.804080,2.178035
2019-11-26,11.690365,0.102292,1.801897,2.161487
2019-11-27,11.565593,0.054502,1.797619,2.143645
2019-11-28,11.436580,0.033420,1.786663,2.151925
2019-11-29,11.310085,0.033374,1.779195,2.149550
2019-11-30,11.184972,0.033389,1.845220,2.438440
2019-12-01,11.054881,0.044956,3.454299,2.225978
2019-12-02,10.944402,0.068145,3.693856,2.143624
2019-12-03,10.829254,0.179828,1.784539,2.138105
2019-12-04,10.717925,0.100306,1.708266,2.128989
2019-12-05,10.608897,0.006784,1.696870,2.130278
2019-12-06,10.493522,0.010362,1.682740,2.120463
2019-12-07,10.393450,0.023419,1.671500,2.125674
2019-12-08,10.287004,0.091815,1.648975,2.136868
2019-12-09,10.183642,0.093720,1.638654,2.122920
2019-12-10,10.081770,0.093629,1.623274,2.135312
2019-12-11,9.973454,0.093603,1.600671,2.115677
2019-12-12,9.880354,0.018701,1.590793,2.108884
2019-12-13,9.780721,0.008428,1.583157,2.087626
2019-12-14,9.682573,0.057007,1.556572,2.100335
2019-12-15,9.587296,0.093543,1.539130,2.098068
2019-12-16,9.486738,0.057413,1.522375,2.092923
2019-12-17,9.399493,0.006036,1.501995,2.099525
2019-12-18,9.308245,0.005623,1.488041,2.095661
2019-12-19,9.219767,0.008334,1.470128,2.083800
2019-12-20,9.132845,0.017404,1.453652,2.088647
2019-12-21,9.040499,0.089318,1.433671,2.079060
2019-12-22,8.961481,0.093666,1.417370,2.104258
2019-12-23,8.877745,0.093591,1.399197,2.085247
2019-12-24,8.796085,0.093728,1.384454,2.106230
2019-12-25,8.715188,0.093586,1.364350,2.090031
2019-12-26,8.629161,0.093581,1.339095,2.077564
2019-12-27,8.557031,0.093592,1.332864,2.084363
2019-12-28,8.480073,0.076256,1.311559,2.092860
2019-12-29,8.404390,0.002431,1.301430,2.082575
2019-12-30,8.329940,0.000978,1.282467,2.073800
2019-12-31,8.256056,0.000977,1.264906,2.090220

