time,MAR_land,MAR_ice,RACMO_land,RACMO_ice
2015-01-01,0.000000,0.118131,1.291953,0.901235
2015-01-02,0.000000,0.074938,1.266000,0.895955
2015-01-03,0.000000,0.058729,1.245407,0.881259
2015-01-04,0.000000,0.070563,1.228100,0.890019
2015-01-05,0.000000,0.082954,1.197190,0.888680
2015-01-06,0.000000,0.140520,1.180901,0.881055
2015-01-07,0.000000,0.966178,1.199833,0.907920
2015-01-08,0.000000,1.405120,1.138667,0.854939
2015-01-09,0.000000,1.390399,1.137835,0.921295
2015-01-10,0.000000,0.667546,1.100934,0.895694
2015-01-11,0.000000,1.375825,1.081433,0.853352
2015-01-12,0.000000,1.506797,1.061612,0.882839
2015-01-13,0.000000,1.511005,1.043057,0.895968
2015-01-14,0.000039,0.771229,1.021989,0.863733
2015-01-15,0.000044,1.444134,1.006098,0.900763
2015-01-16,0.000002,2.262366,0.984206,0.922860
2015-01-17,0.000239,2.983233,0.967554,0.784748
2015-01-18,0.000028,3.497201,0.948696,0.896659
2015-01-19,0.000110,3.733217,0.955867,0.917082
2015-01-20,0.000569,3.792545,1.216231,0.860654
2015-01-21,0.000141,3.798618,0.970332,0.930494
2015-01-22,0.000000,2.366709,0.924596,0.899277
2015-01-23,0.000000,1.565263,0.858606,0.865238
2015-01-24,0.000000,0.982765,0.842250,0.885026
2015-01-25,0.000000,0.544848,0.825532,0.880260
2015-01-26,0.000000,0.382567,0.809957,0.850277
2015-01-27,0.000000,1.546889,0.796297,0.891530
2015-01-28,0.000000,2.520880,0.779224,1.022439
2015-01-29,0.000002,3.405651,0.768056,0.831437
2015-01-30,0.000001,3.435376,0.755095,0.880988
2015-01-31,0.000000,3.322284,0.740923,0.840026
2015-02-01,0.000002,2.711285,0.724796,0.870396
2015-02-02,0.000002,2.273924,0.711206,0.994138
2015-02-03,0.000000,2.766839,1.397266,0.829116
2015-02-04,0.000000,1.509043,0.670482,0.871801
2015-02-05,0.000000,1.684289,0.963273,0.886408
2015-02-06,0.000000,1.618989,0.711574,0.883198
2015-02-07,0.000000,0.911163,0.681274,0.820555
2015-02-08,0.000000,1.470307,2.945491,0.856925
2015-02-09,0.000000,1.206664,0.622167,0.866104
2015-02-10,0.000000,0.093925,0.600893,0.828190
2015-02-11,0.000000,0.032224,0.586223,0.860003
2015-02-12,0.000000,0.030945,0.573604,0.871370
2015-02-13,0.000000,0.031760,0.568439,0.739780
2015-02-14,0.000000,0.029068,0.550349,0.877361
2015-02-15,0.000000,0.713999,0.537973,0.862383
2015-02-16,0.000000,0.985855,0.527246,0.854206
2015-02-17,0.000000,0.068201,0.518263,0.833140
2015-02-18,0.000000,0.029943,0.504140,0.827171
2015-02-19,0.000000,0.356447,0.493109,0.858015
2015-02-20,0.000000,0.241838,0.482522,1.830834
2015-02-21,0.000000,0.030455,0.471312,0.817666
2015-02-22,0.000000,0.031389,0.457642,0.820859
2015-02-23,0.000000,0.030897,0.450447,0.820780
2015-02-24,0.000000,0.080230,0.432481,0.852382
2015-02-25,0.000000,0.057063,0.426322,0.835404
2015-02-26,0.000000,0.427841,0.418580,0.821291
2015-02-27,0.000000,2.176929,0.405487,0.848978
2015-02-28,0.000000,2.338573,0.389456,0.825611
2015-03-01,0.000000,2.226439,0.383815,0.813843
2015-03-02,0.000000,2.142666,0.367560,0.853087
2015-03-03,0.000000,3.078034,0.362487,0.803124
2015-03-04,0.000000,3.488649,0.351723,0.862164
2015-03-05,0.000000,3.637790,0.337911,0.850670
2015-03-06,0.000000,3.640191,0.343617,0.797176
2015-03-07,0.000000,3.799761,0.321394,0.791296
2015-03-08,0.000000,3.834720,0.309059,0.816335
2015-03-09,0.000000,2.334957,0.321646,0.822028
2015-03-10,0.000000,1.734472,0.293459,1.111046
2015-03-11,0.000000,1.412264,0.294440,0.793273
2015-03-12,0.000000,1.557612,0.272894,0.865439
2015-03-13,0.000000,1.584152,0.473978,0.860727
2015-03-14,0.000000,1.597195,1.794874,0.827041
2015-03-15,0.000000,1.611490,0.274902,0.770685
2015-03-16,0.000000,1.608923,0.297934,0.791438
2015-03-17,0.000000,1.574160,0.242558,0.786608
2015-03-18,0.000000,2.041827,0.234181,0.794629
2015-03-19,0.000000,3.343414,0.226044,0.785955
2015-03-20,0.000000,3.612511,0.222398,0.808815
2015-03-21,0.000000,1.733163,0.241756,0.775741
2015-03-22,0.000000,1.579101,0.211428,0.770887
2015-03-23,0.000000,1.590902,0.204356,0.827991
2015-03-24,0.000000,1.204762,0.214285,0.782990
2015-03-25,0.000000,1.527460,0.194182,0.793967
2015-03-26,0.000000,1.623145,0.233712,0.764440
2015-03-27,0.000000,1.615565,0.183269,0.778310
2015-03-28,0.000000,1.541833,0.182254,0.768887
2015-03-29,0.000000,0.318993,0.176556,0.898655
2015-03-30,0.000000,0.790684,0.171675,0.773136
2015-03-31,0.000000,2.198229,0.164869,0.771045
2015-04-01,0.000000,3.435458,0.162429,0.779300
2015-04-02,0.000000,3.027172,0.159626,0.765697
2015-04-03,0.000000,3.517600,0.153029,0.831460
2015-04-04,0.000000,1.575445,0.148024,0.772488
2015-04-05,0.000000,1.565786,0.219893,0.775992
2015-04-06,0.000000,1.574274,0.202659,0.811770
2015-04-07,0.000000,1.589870,0.139215,0.837370
2015-04-08,0.000000,1.591804,0.133630,0.775477
2015-04-09,0.000000,1.651886,0.131051,0.821097
2015-04-10,0.000000,1.649226,0.124753,0.798367
2015-04-11,0.000000,1.562897,0.125934,1.018048
2015-04-12,0.000000,0.555795,0.123925,0.749675
2015-04-13,0.000000,1.351682,0.242047,0.816931
2015-04-14,0.000000,1.603066,0.123276,0.997178
2015-04-15,0.000000,1.585492,0.117780,3.363018
2015-04-16,0.000000,1.593203,3.041604,4.228396
2015-04-17,0.003639,2.017641,6.415539,2.757020
2015-04-18,0.000000,1.784098,5.851236,3.033935
2015-04-19,4.348722,2.445981,22.696904,3.259573
2015-04-20,34.178495,20.614927,18.311754,3.830909
2015-04-21,0.455919,6.270872,0.285291,0.760326
2015-04-22,0.438498,2.184727,0.101905,0.785829
2015-04-23,0.295344,2.326521,0.099729,2.428632
2015-04-24,0.150687,2.205837,0.099487,0.796442
2015-04-25,0.033798,1.628819,0.097368,2.405000
2015-04-26,0.004372,1.810723,0.093815,0.768424
2015-04-27,0.000000,3.277084,0.696004,0.775481
2015-04-28,0.000000,3.730054,0.092641,0.761986
2015-04-29,0.000000,3.835785,0.157349,0.785841
2015-04-30,0.000000,3.828560,0.099280,0.781419
2015-05-01,0.000000,3.797628,0.087536,0.754877
2015-05-02,0.000000,3.836230,0.085609,0.779911
2015-05-03,0.000000,3.887125,0.083263,0.769854
2015-05-04,0.000000,3.932568,0.086407,0.816386
2015-05-05,0.000000,3.912510,0.082498,4.765380
2015-05-06,0.000000,3.889933,0.098232,3.397284
2015-05-07,0.000000,3.907654,0.101414,3.365003
2015-05-08,0.000000,3.922871,1.789586,4.238462
2015-05-09,0.000000,3.936829,1.063933,4.565301
2015-05-10,0.000000,3.954211,1.903795,5.934161
2015-05-11,0.000000,3.968821,1.386429,3.469260
2015-05-12,0.000000,3.944337,2.683885,3.106511
2015-05-13,0.000000,3.966322,9.460013,5.237587
2015-05-14,0.000000,4.046369,15.435721,3.639525
2015-05-15,2.107656,4.211808,9.480868,6.201595
2015-05-16,4.013208,7.093559,16.493456,4.233954
2015-05-17,3.786604,8.973931,12.618203,7.760731
2015-05-18,3.200384,8.510703,10.292648,4.869708
2015-05-19,2.764752,7.846496,13.708705,6.232739
2015-05-20,18.439758,15.685179,9.435696,4.535146
2015-05-21,11.604179,16.866572,5.011517,15.034816
2015-05-22,4.910635,12.370720,8.200596,13.207882
2015-05-23,18.462923,13.543615,7.070323,14.821786
2015-05-24,28.056857,16.244647,10.844509,13.436520
2015-05-25,21.126907,14.000640,8.739508,18.717084
2015-05-26,26.818408,17.170642,17.643366,16.134724
2015-05-27,24.348140,23.234055,15.701802,13.979311
2015-05-28,3.674381,17.384113,16.472468,16.907654
2015-05-29,2.725439,16.243437,16.580980,16.486867
2015-05-30,2.420338,16.624496,11.318864,16.850446
2015-05-31,7.379760,18.148271,13.692668,15.412767
2015-06-01,6.017362,17.104569,13.380604,21.507735
2015-06-02,13.997568,19.603419,29.265647,14.182646
2015-06-03,20.093710,23.605062,28.631969,22.773868
2015-06-04,28.236729,30.515385,31.739807,24.605413
2015-06-05,26.421879,33.490214,34.998110,31.197221
2015-06-06,28.480171,34.344034,28.621439,30.691097
2015-06-07,23.309656,33.266396,36.489557,36.421485
2015-06-08,47.596468,41.562229,19.856159,43.711456
2015-06-09,56.496981,53.622248,22.682382,49.453388
2015-06-10,50.964852,54.641477,21.965863,56.745967
2015-06-11,49.905280,55.523006,22.905317,48.671301
2015-06-12,35.282547,49.368078,19.849953,44.901286
2015-06-13,47.487582,49.376423,27.233821,42.330613
2015-06-14,39.620108,51.462575,29.450969,32.449677
2015-06-15,37.086534,48.264243,50.094438,48.202113
2015-06-16,70.318381,62.928909,38.722043,38.398655
2015-06-17,178.779784,146.375028,54.910071,46.092724
2015-06-18,117.011471,163.691560,60.231178,76.480954
2015-06-19,105.314237,135.773029,59.314140,95.030682
2015-06-20,114.444829,141.916516,66.201141,126.712121
2015-06-21,131.637342,149.625312,68.121364,198.919433
2015-06-22,144.420808,188.551182,57.733568,254.129730
2015-06-23,139.154795,231.264634,55.483967,300.789428
2015-06-24,157.913834,294.482369,59.012095,388.338919
2015-06-25,183.910095,399.211831,63.436973,416.996989
2015-06-26,190.386200,460.945934,64.497141,554.027530
2015-06-27,184.022868,473.195526,67.281025,734.866528
2015-06-28,161.486038,451.830796,66.126070,783.264290
2015-06-29,141.276808,440.377878,59.983144,639.938609
2015-06-30,147.993535,454.003800,57.118158,614.712570
2015-07-01,139.225389,496.704937,66.701955,680.549994
2015-07-02,162.664740,572.816989,66.556246,889.585779
2015-07-03,170.863335,632.608064,64.104043,883.312111
2015-07-04,181.962414,647.619585,65.674155,858.540153
2015-07-05,203.971669,727.059050,58.545340,1020.796034
2015-07-06,184.249196,725.936626,58.399125,1025.203412
2015-07-07,154.834758,680.813120,56.973055,1054.040200
2015-07-08,155.041270,676.268670,57.196467,1005.215618
2015-07-09,137.619395,640.779949,52.807361,929.359899
2015-07-10,109.968581,566.890015,42.151604,805.728295
2015-07-11,129.203346,553.378862,29.813305,628.785988
2015-07-12,107.904046,532.512573,30.992434,683.523685
2015-07-13,120.555063,589.608765,36.849972,974.122179
2015-07-14,165.645321,823.417093,38.330171,1125.506131
2015-07-15,157.448734,932.263677,41.848473,1241.667624
2015-07-16,174.303366,1079.969861,44.975534,1252.306576
2015-07-17,142.946054,1023.886480,52.388488,1281.340343
2015-07-18,142.608557,910.071057,50.387181,1259.869005
2015-07-19,127.859156,1012.121439,49.557229,1249.553327
2015-07-20,97.691356,930.366305,38.902833,1067.527942
2015-07-21,82.662415,787.687445,39.203560,1027.035186
2015-07-22,74.726315,709.843338,38.293439,902.610256
2015-07-23,66.308131,618.218232,36.837909,762.460906
2015-07-24,52.704631,452.642820,35.445171,588.234624
2015-07-25,36.796411,308.573209,35.768285,654.629348
2015-07-26,45.172592,298.330853,38.868785,690.826322
2015-07-27,38.859715,309.386542,38.603881,777.164702
2015-07-28,44.066324,297.973826,35.196138,673.775633
2015-07-29,45.380497,321.563960,35.317871,624.030621
2015-07-30,50.968408,366.547462,36.459932,642.906656
2015-07-31,66.955432,509.239266,37.754322,626.869226
2015-08-01,111.550871,863.365136,50.738702,1243.806288
2015-08-02,93.128902,972.670934,32.447932,1113.272839
2015-08-03,66.247788,785.949331,35.636461,1044.787730
2015-08-04,82.220677,787.648483,30.381106,961.478722
2015-08-05,52.519756,666.396484,28.834920,721.059223
2015-08-06,40.445354,548.717194,28.034768,619.017949
2015-08-07,46.992549,545.985548,23.874735,395.248259
2015-08-08,22.150554,471.822747,26.502623,467.380403
2015-08-09,21.992341,374.244082,21.597643,281.530077
2015-08-10,30.781170,376.449244,22.839257,372.460347
2015-08-11,30.523333,404.896647,22.975163,404.943650
2015-08-12,14.170893,350.617262,28.195564,430.310642
2015-08-13,23.880594,399.680116,30.358733,519.347213
2015-08-14,29.015017,400.939411,26.570230,418.805143
2015-08-15,23.050714,324.270358,26.485278,483.677070
2015-08-16,56.286026,311.812405,25.912259,483.594694
2015-08-17,54.803954,280.744406,17.273376,231.183394
2015-08-18,8.720329,156.674122,15.924620,249.611444
2015-08-19,1.149546,129.059302,12.163385,112.924260
2015-08-20,1.327618,121.659952,12.315454,131.145052
2015-08-21,6.767125,124.765948,13.533264,157.314726
2015-08-22,12.633535,201.799594,20.687275,343.693816
2015-08-23,8.305796,214.087234,16.860332,241.804946
2015-08-24,20.718050,208.913627,18.611381,234.926701
2015-08-25,91.862343,386.667934,40.910575,387.383467
2015-08-26,193.494776,551.782971,30.012919,390.700515
2015-08-27,119.428149,785.169656,10.898711,451.258972
2015-08-28,1.556373,287.312933,5.135185,175.517028
2015-08-29,6.017169,159.956546,6.762411,199.229144
2015-08-30,7.199504,149.558849,9.879978,266.904798
2015-08-31,19.658970,192.104831,13.154366,259.705850
2015-09-01,5.810045,195.817843,7.200570,213.829295
2015-09-02,46.685811,125.589610,16.296500,194.888728
2015-09-03,3.138927,81.925916,5.918773,98.148070
2015-09-04,20.830629,51.896226,10.679367,95.364767
2015-09-05,4.750041,78.749850,7.715234,162.593533
2015-09-06,16.441531,83.783547,12.549636,92.216038
2015-09-07,104.304698,263.929096,47.465849,275.834996
2015-09-08,321.992963,580.087526,68.159757,381.244572
2015-09-09,420.206353,1183.173385,121.015418,695.995383
2015-09-10,197.645301,821.847126,69.695820,488.991929
2015-09-11,26.210075,394.385148,16.598220,145.519969
2015-09-12,31.112090,123.297222,7.994683,46.312699
2015-09-13,6.506291,71.980348,7.490488,56.881449
2015-09-14,0.181080,47.172315,7.247797,40.862030
2015-09-15,0.004262,35.064119,6.589827,50.699376
2015-09-16,0.007621,31.892107,5.588425,39.743223
2015-09-17,0.005450,27.324181,5.151443,32.410124
2015-09-18,0.007063,23.953504,4.811414,30.670403
2015-09-19,131.351157,73.005359,15.159710,36.608297
2015-09-20,350.100903,654.944807,62.318804,212.031869
2015-09-21,17.890615,253.551656,20.647869,111.969580
2015-09-22,22.980873,76.682439,11.142886,97.531798
2015-09-23,2.589286,62.995130,10.378584,85.489538
2015-09-24,2.172963,50.438710,5.961385,37.659521
2015-09-25,1.994413,31.307836,6.891704,26.511261
2015-09-26,12.008115,38.310588,13.748786,97.746627
2015-09-27,59.030992,133.942916,8.034925,39.411183
2015-09-28,17.971701,36.938647,6.020844,7.788186
2015-09-29,0.590004,21.501715,4.928004,1.361374
2015-09-30,0.813775,16.528798,4.470243,4.246870
2015-10-01,0.010491,10.161035,4.363957,2.394122
2015-10-02,0.000900,6.423426,4.316219,1.459707
2015-10-03,0.001551,5.306055,4.268920,1.431404
2015-10-04,0.129518,5.306110,4.343919,1.461248
2015-10-05,6.465419,5.308969,5.161433,7.014535
2015-10-06,99.509741,48.493350,23.409700,44.336610
2015-10-07,39.046281,106.804154,7.705785,20.484295
2015-10-08,39.356348,45.320017,7.595684,8.294796
2015-10-09,0.785158,16.363142,4.145222,1.412359
2015-10-10,0.011575,6.260404,4.157352,1.437953
2015-10-11,0.000307,4.642039,4.167784,2.024250
2015-10-12,0.005526,4.382585,4.251926,1.733673
2015-10-13,0.000055,4.333660,4.203295,3.071345
2015-10-14,0.000040,4.300277,4.119822,1.422374
2015-10-15,0.002161,4.305285,4.234301,1.741009
2015-10-16,0.372040,4.294247,4.276753,1.388233
2015-10-17,78.759152,34.896267,23.932503,20.331744
2015-10-18,3.728709,16.984066,4.037930,1.285827
2015-10-19,0.000012,4.062383,3.846726,1.171703
2015-10-20,0.000000,4.001852,3.792401,1.211301
2015-10-21,0.000000,3.194460,3.742533,1.185725
2015-10-22,0.000000,2.516320,3.687726,1.197827
2015-10-23,0.000000,2.516236,3.629797,1.181690
2015-10-24,0.000000,1.969820,3.569205,1.186420
2015-10-25,0.000000,0.817669,3.506716,1.184196
2015-10-26,0.000000,0.734689,3.436687,1.182236
2015-10-27,0.000005,0.753529,3.401940,1.174943
2015-10-28,54.912637,7.679378,21.255390,19.709971
2015-10-29,62.521623,186.958952,48.505140,87.228080
2015-10-30,34.465397,144.417276,9.495229,23.855008
2015-10-31,0.000328,12.594834,3.307029,0.931470
2015-11-01,0.000026,1.730704,3.360764,0.917677
2015-11-02,0.068441,0.843629,3.416725,0.958351
2015-11-03,0.000007,0.734815,3.408303,0.888257
2015-11-04,0.000006,0.728780,3.389383,0.955368
2015-11-05,0.034225,0.728614,3.605115,0.895770
2015-11-06,8.379190,2.669912,5.259738,4.263356
2015-11-07,52.046201,12.646915,6.469840,0.907448
2015-11-08,0.236933,5.215842,3.283464,0.913320
2015-11-09,0.000000,0.987248,3.241538,0.905954
2015-11-10,0.000000,0.764144,3.207691,0.886944
2015-11-11,0.000002,0.732367,3.164279,0.904295
2015-11-12,0.000003,0.728288,3.130861,0.895588
2015-11-13,0.000002,0.727461,3.082348,0.906574
2015-11-14,0.005722,0.727351,3.033206,0.881110
2015-11-15,0.002559,0.727959,2.991935,0.892538
2015-11-16,0.009103,0.727022,2.938655,0.896563
2015-11-17,0.006741,0.726962,2.886443,0.888199
2015-11-18,0.000000,0.726977,2.837590,0.862548
2015-11-19,0.001301,0.726859,2.785037,0.879426
2015-11-20,0.004640,0.726748,2.732627,0.880503
2015-11-21,0.657971,0.726286,2.674344,0.864445
2015-11-22,0.521822,0.726572,3.085035,0.873182
2015-11-23,0.001014,0.726398,2.706622,0.863438
2015-11-24,0.000244,0.726970,2.507506,1.137048
2015-11-25,0.000000,0.726813,2.459660,1.120927
2015-11-26,0.000000,0.725711,2.404959,0.860286
2015-11-27,0.000000,0.726017,2.351635,1.374153
2015-11-28,0.000000,0.725809,2.306207,1.107127
2015-11-29,0.000000,0.725812,2.258731,0.860625
2015-11-30,0.000000,0.721466,2.212172,1.082027
2015-12-01,0.000000,0.631509,2.162463,1.106357
2015-12-02,0.000000,0.626421,2.116963,0.846701
2015-12-03,0.000000,0.626240,2.071471,0.845886
2015-12-04,0.000000,0.625167,2.019989,1.100303
2015-12-05,0.000000,0.625125,1.978445,0.850466
2015-12-06,0.000000,0.624769,1.927748,1.098655
2015-12-07,0.000000,0.625178,1.890734,0.832981
2015-12-08,0.000000,0.625416,1.857266,0.814420
2015-12-09,0.000000,0.625172,1.834500,1.075789
2015-12-10,0.000000,0.625154,1.760970,0.813220
2015-12-11,0.000000,0.624843,1.717503,0.822881
2015-12-12,0.000000,0.625084,1.673787,1.079599
2015-12-13,0.000000,0.624969,1.640689,1.103544
2015-12-14,0.000000,0.624934,1.593498,8.941317
2015-12-15,0.000000,0.624864,1.556114,1.221225
2015-12-16,0.000000,0.624490,1.519208,0.982906
2015-12-17,0.000000,0.624720,1.482794,1.230175
2015-12-18,0.000000,0.624903,1.443877,1.229697
2015-12-19,0.000000,0.624593,1.415507,1.231446
2015-12-20,0.000000,0.624513,1.380861,1.219448
2015-12-21,0.000000,0.624140,1.345867,1.229280
2015-12-22,0.000000,0.624420,1.312233,0.924412
2015-12-23,0.000000,0.624346,1.291108,1.278594
2015-12-24,0.000000,0.624347,1.258244,1.203094
2015-12-25,0.000000,0.624181,1.223159,1.213372
2015-12-26,0.000000,0.623767,1.204385,1.216211
2015-12-27,0.000000,0.623973,1.258982,1.205226
2015-12-28,0.000000,0.623862,2.013180,0.905812
2015-12-29,0.000000,0.623874,1.142420,1.187219
2015-12-30,0.000000,0.624963,1.345231,1.194393
2015-12-31,0.000000,0.624960,1.214988,1.221118
2016-01-01,0.000000,3.759124,1.083135,1.190997
2016-01-02,0.000000,3.761468,1.061168,1.183253
2016-01-03,0.000000,3.761032,1.000061,1.187976
2016-01-04,0.000000,3.760650,0.981875,1.181210
2016-01-05,0.000000,3.760170,0.962807,1.181927
2016-01-06,0.000000,3.758760,0.933603,1.168763
2016-01-07,0.000000,3.762342,0.959877,1.235360
2016-01-08,0.000000,3.761418,0.900639,1.166151
2016-01-09,0.000000,3.758882,0.882638,1.168798
2016-01-10,0.000000,3.703128,0.864078,1.167037
2016-01-11,0.000000,3.676775,0.846994,1.164110
2016-01-12,0.000000,3.679821,0.829749,1.169407
2016-01-13,0.000000,3.675869,0.810103,1.156771
2016-01-14,0.000000,3.674209,0.795874,1.151609
2016-01-15,0.000000,3.675167,0.766376,1.216940
2016-01-16,0.000000,3.676029,0.750558,3.261402
2016-01-17,0.000000,3.677765,0.736566,1.200059
2016-01-18,0.000000,3.681542,0.712264,1.142992
2016-01-19,0.000000,3.682535,0.693947,1.146101
2016-01-20,0.000000,3.697525,0.680165,0.853680
2016-01-21,0.000000,4.232349,1.044334,1.124394
2016-01-22,0.000000,4.278930,0.820768,1.175718
2016-01-23,0.000000,4.533331,1.336359,1.144079
2016-01-24,0.000000,4.800184,1.337601,1.135651
2016-01-25,0.000000,4.943900,1.715133,1.130419
2016-01-26,0.000000,5.071571,0.584757,1.112383
2016-01-27,0.000000,5.163230,0.562368,1.125154
2016-01-28,0.000000,5.204628,0.536912,1.083156
2016-01-29,0.000000,5.308438,0.527621,1.114917
2016-01-30,0.000000,4.651361,0.515058,1.102287
2016-01-31,0.000000,3.078796,0.503808,1.079043
2016-02-01,0.000000,3.060881,0.489174,1.090577
2016-02-02,0.000000,2.959694,0.476324,1.085011
2016-02-03,0.000000,2.930553,0.463545,1.086318
2016-02-04,0.000000,2.929614,0.452806,1.779817
2016-02-05,0.000000,3.266309,0.439527,1.069788
2016-02-06,0.000000,4.405152,0.429991,1.060870
2016-02-07,0.000000,4.732993,0.416102,1.121687
2016-02-08,0.000000,4.849282,0.398993,1.118839
2016-02-09,0.000000,4.964492,0.394297,1.109128
2016-02-10,0.000000,5.853905,0.380010,1.094478
2016-02-11,0.000000,6.596228,0.367922,1.137062
2016-02-12,0.000000,4.356665,0.355538,1.083105
2016-02-13,0.000000,3.894777,0.346213,1.115700
2016-02-14,0.000000,3.681845,0.334003,1.113599
2016-02-15,0.000000,5.017131,0.341676,1.049190
2016-02-16,0.000000,6.130665,0.418926,1.107128
2016-02-17,0.000000,6.993714,0.308948,1.067027
2016-02-18,0.000000,7.221459,0.291824,1.070877
2016-02-19,0.000000,6.232086,0.290390,1.115624
2016-02-20,0.000000,7.175318,0.273576,1.069355
2016-02-21,0.000000,7.358104,0.273543,1.080393
2016-02-22,0.000000,7.138489,0.258201,1.101413
2016-02-23,0.000001,5.844916,0.257311,1.077174
2016-02-24,0.000001,5.302562,0.245314,1.071679
2016-02-25,0.000001,5.302674,0.242514,1.071153
2016-02-26,0.000001,5.300346,0.236467,1.063544
2016-02-27,0.000002,5.296993,0.229157,1.061104
2016-02-28,0.000001,5.299826,0.224158,1.074153
2016-02-29,0.000001,5.316641,0.217778,1.075745
2016-03-01,0.000000,5.322377,0.211938,1.065189
2016-03-02,0.000000,5.314359,0.209249,1.051570
2016-03-03,0.000000,5.321990,0.199561,1.080550
2016-03-04,0.000000,5.328622,0.195853,1.055911
2016-03-05,0.000000,5.330593,0.190983,1.456532
2016-03-06,0.000000,4.020531,0.194783,1.058113
2016-03-07,0.000000,3.634062,0.179895,1.056084
2016-03-08,0.000000,3.896968,0.329236,1.073781
2016-03-09,0.000000,5.035538,0.573490,1.015222
2016-03-10,0.000000,2.873418,0.391652,1.056952
2016-03-11,0.000000,2.626447,0.227574,1.041382
2016-03-12,0.000000,2.626614,0.196188,1.053252
2016-03-13,0.000000,2.631543,0.681153,1.056636
2016-03-14,3.181157,2.804881,1.917122,1.042475
2016-03-15,0.000000,2.631825,0.159699,1.043879
2016-03-16,0.000000,2.630330,1.179532,0.762868
2016-03-17,0.000000,2.628115,0.143028,2.665698
2016-03-18,0.000000,2.613777,0.469438,2.476826
2016-03-19,0.000000,2.613549,3.515897,1.002798
2016-03-20,0.000000,2.613202,0.671438,0.975038
2016-03-21,0.000000,2.611089,0.133036,1.016555
2016-03-22,0.000000,2.611206,0.128404,1.010994
2016-03-23,0.000000,2.896717,0.128260,1.001897
2016-03-24,0.000000,3.056073,0.132137,0.985498
2016-03-25,0.000000,3.020196,0.122280,0.732210
2016-03-26,0.000000,2.600167,0.119804,1.016248
2016-03-27,0.000000,2.601011,0.120869,1.003765
2016-03-28,0.000000,2.601694,0.116229,1.013766
2016-03-29,0.000000,2.601025,0.117210,1.013274
2016-03-30,0.000000,2.600781,0.111159,0.997553
2016-03-31,0.000000,2.601868,0.109904,1.015236
2016-04-01,0.000000,2.607549,0.108566,0.720832
2016-04-02,0.000000,3.966280,0.105107,0.997471
2016-04-03,0.000000,5.051987,0.206828,0.987127
2016-04-04,0.000000,5.902009,0.103329,1.721451
2016-04-05,0.000000,5.711305,0.098456,0.967617
2016-04-06,0.000000,5.682197,0.094001,0.984119
2016-04-07,0.000000,5.664904,0.093892,1.020246
2016-04-08,0.000000,7.461320,0.092778,2.687139
2016-04-09,0.000000,6.325149,0.162260,1.000146
2016-04-10,0.000000,6.967196,3.372833,5.028133
2016-04-11,0.000000,7.980927,14.711070,5.341266
2016-04-12,0.000000,15.168058,18.788146,4.408023
2016-04-13,0.161651,12.899112,22.268333,3.695935
2016-04-14,0.000000,6.534789,5.068126,2.020210
2016-04-15,0.000000,5.853119,8.065859,3.665752
2016-04-16,0.000000,5.741305,1.416917,1.904889
2016-04-17,0.000000,5.579651,0.253231,0.974146
2016-04-18,0.000000,3.751173,0.112649,0.976181
2016-04-19,0.000000,3.393852,1.634982,3.840073
2016-04-20,0.000000,5.050032,1.513402,0.976571
2016-04-21,0.000000,3.918965,1.954023,0.975058
2016-04-22,0.000000,4.201925,7.090091,3.916057
2016-04-23,0.015728,5.172156,28.379184,13.952593
2016-04-24,0.548382,5.603710,15.517853,5.618399
2016-04-25,0.000000,6.218323,12.733983,4.505497
2016-04-26,0.008795,6.460952,16.439026,6.392780
2016-04-27,0.000000,5.973715,9.451331,5.046531
2016-04-28,0.000000,5.551250,21.809976,16.882078
2016-04-29,0.494515,5.490739,20.359986,4.580321
2016-04-30,0.331703,5.472687,17.556734,6.094074
2016-05-01,1.313137,5.509116,20.582837,6.467799
2016-05-02,2.411714,5.558857,20.796253,6.658882
2016-05-03,5.351459,6.632943,28.611799,7.246053
2016-05-04,6.128520,7.563979,32.538134,7.701189
2016-05-05,9.953893,7.671006,30.926923,6.582362
2016-05-06,10.907387,7.873560,28.148896,7.006224
2016-05-07,2.833596,6.101035,25.503263,4.321166
2016-05-08,0.000204,4.670715,24.419936,7.448448
2016-05-09,0.323293,5.688265,40.700134,7.844364
2016-05-10,10.670556,13.888789,47.370316,2.823089
2016-05-11,6.370310,20.468623,28.435206,8.709205
2016-05-12,9.784087,24.939345,43.267135,4.025452
2016-05-13,12.011952,34.107866,43.118004,4.344228
2016-05-14,24.472828,44.267919,45.570418,4.825454
2016-05-15,55.846843,81.628419,48.085259,16.526400
2016-05-16,3.834213,38.643424,20.377783,7.672213
2016-05-17,1.533511,13.054326,26.012128,11.761922
2016-05-18,1.043582,9.220253,26.504720,3.550086
2016-05-19,1.073754,12.139953,32.382735,12.660784
2016-05-20,0.861472,16.484992,34.449267,9.807582
2016-05-21,0.524395,14.763695,29.355660,8.613325
2016-05-22,2.118536,12.249148,33.754020,14.836334
2016-05-23,1.363503,12.483588,37.498580,16.790462
2016-05-24,82.949536,22.729966,11.082966,28.304708
2016-05-25,97.723355,97.946804,8.033892,36.447273
2016-05-26,14.573756,29.760500,3.321384,29.650074
2016-05-27,5.310021,15.396721,3.583396,14.380021
2016-05-28,71.068313,37.479352,10.869962,19.011440
2016-05-29,176.146657,150.107281,31.707969,72.202261
2016-05-30,35.289655,71.093018,3.212510,53.150331
2016-05-31,29.371520,31.395331,5.603105,29.412335
2016-06-01,79.720169,91.392496,8.083949,75.076290
2016-06-02,47.399364,76.183397,19.825708,39.440396
2016-06-03,147.170289,167.832420,23.880366,69.603872
2016-06-04,110.884304,199.225662,22.528577,50.386558
2016-06-05,55.413687,135.057085,22.467524,38.970773
2016-06-06,105.003212,151.381532,24.805543,80.752423
2016-06-07,71.183289,143.132867,24.600431,52.315761
2016-06-08,93.757547,163.122851,30.839784,66.925532
2016-06-09,106.070497,216.468473,42.378192,130.773000
2016-06-10,131.924317,262.446057,49.913656,160.646863
2016-06-11,153.712859,311.668518,46.598601,156.745003
2016-06-12,127.813753,344.008011,41.409506,218.357284
2016-06-13,103.124086,331.139498,42.072729,303.623081
2016-06-14,102.660572,364.212463,39.232342,275.214288
2016-06-15,52.167130,251.726571,16.206917,105.652659
2016-06-16,63.014517,167.323540,13.900967,184.786390
2016-06-17,66.625534,196.471318,14.855071,320.035269
2016-06-18,87.091951,271.503344,14.083358,362.472203
2016-06-19,81.562252,345.133636,17.010376,418.379041
2016-06-20,79.320113,424.410940,28.570356,530.702911
2016-06-21,86.936417,494.435049,19.413812,551.405911
2016-06-22,90.203862,506.908458,22.289184,572.945663
2016-06-23,109.186844,534.130223,32.257248,794.896606
2016-06-24,144.526622,684.087911,26.512464,727.530095
2016-06-25,92.263501,648.699677,28.830791,869.268180
2016-06-26,99.164166,672.102635,36.840182,1077.634497
2016-06-27,102.654373,798.869175,46.570080,1197.726625
2016-06-28,107.163175,818.188911,37.027931,1361.053834
2016-06-29,86.275359,801.016775,30.065510,1133.427665
2016-06-30,92.706053,721.405323,30.350163,1100.563596
2016-07-01,76.181400,719.566410,28.170024,1102.312257
2016-07-02,64.983177,771.342177,30.257812,1205.640718
2016-07-03,63.061097,774.449278,29.809750,1161.527915
2016-07-04,76.468850,838.259940,28.308215,1104.881026
2016-07-05,60.494214,844.379183,28.856491,1083.530459
2016-07-06,51.927264,809.698604,31.821956,1135.353414
2016-07-07,52.445029,800.887777,29.682610,1142.013627
2016-07-08,55.557356,688.063504,33.870888,1119.710076
2016-07-09,27.275028,660.435645,31.094938,1118.894476
2016-07-10,52.230233,784.909990,30.951984,1198.117012
2016-07-11,68.095069,899.445163,39.072008,1413.413955
2016-07-12,77.538117,878.053686,34.251303,1269.739652
2016-07-13,66.036268,849.514300,32.377632,1178.857382
2016-07-14,36.890718,763.010408,34.631746,1161.756912
2016-07-15,38.256427,781.813797,31.526380,1216.476585
2016-07-16,39.777114,862.927502,29.985816,1081.838651
2016-07-17,45.888966,898.744234,30.730180,1108.554981
2016-07-18,47.130800,960.769065,30.541927,1170.918591
2016-07-19,43.815307,956.132613,32.839403,1136.537375
2016-07-20,40.749451,934.695448,30.507182,1135.446499
2016-07-21,73.898017,1148.246474,32.706616,1433.451208
2016-07-22,71.691985,1262.625353,33.848350,1448.040011
2016-07-23,70.123315,1227.671643,37.074436,1433.618940
2016-07-24,76.559726,1080.877929,28.774900,1114.376288
2016-07-25,75.543254,1066.654151,33.616926,1230.337914
2016-07-26,67.212708,996.469394,34.441968,1225.044066
2016-07-27,63.920971,986.615648,30.503129,1201.649432
2016-07-28,57.933275,935.948385,30.221871,1141.033716
2016-07-29,46.326764,821.564494,26.657815,985.777393
2016-07-30,51.089591,741.456114,29.485193,810.284610
2016-07-31,22.328750,612.950145,20.974352,545.497583
2016-08-01,12.400649,563.741816,20.893014,601.382580
2016-08-02,8.977284,480.145122,22.972440,590.467228
2016-08-03,13.349064,456.394079,21.462929,564.393024
2016-08-04,12.447719,506.429562,23.032884,683.076056
2016-08-05,11.747824,546.154540,21.395269,606.046333
2016-08-06,23.521348,692.965597,25.521758,819.911772
2016-08-07,16.788118,701.049488,24.674115,804.440677
2016-08-08,13.242619,588.771145,20.788655,468.868624
2016-08-09,8.738649,504.710310,20.353221,431.162245
2016-08-10,19.068810,535.540649,23.554313,638.935252
2016-08-11,17.515652,559.777192,19.579627,450.303672
2016-08-12,6.733027,519.028362,26.447782,737.628056
2016-08-13,9.007187,496.467573,20.557100,619.692946
2016-08-14,53.900887,466.945410,17.336510,448.890861
2016-08-15,270.005932,911.419129,36.491751,389.806121
2016-08-16,175.040105,1095.990915,42.292465,521.767550
2016-08-17,60.734496,866.810309,28.206676,755.181806
2016-08-18,32.212264,512.104434,17.197230,380.177916
2016-08-19,19.997049,458.096156,10.706759,487.310706
2016-08-20,7.944023,377.934250,10.551534,434.804753
2016-08-21,7.579786,360.594249,15.477837,548.262165
2016-08-22,7.324971,378.334859,13.878959,547.817943
2016-08-23,6.697799,374.165661,12.227647,476.575124
2016-08-24,7.438016,376.404482,15.866657,502.281939
2016-08-25,4.092745,311.466899,16.715138,510.879493
2016-08-26,23.865896,275.079388,11.519830,326.995174
2016-08-27,17.210949,213.630736,10.851968,160.780676
2016-08-28,0.105013,143.442829,8.117548,212.069404
2016-08-29,0.481654,156.654991,10.785940,242.934592
2016-08-30,42.948218,256.944099,12.476063,198.511796
2016-08-31,0.534903,149.885778,7.390135,127.608734
2016-09-01,0.300950,139.486972,8.199226,142.692304
2016-09-02,0.045960,112.277548,4.616990,89.039158
2016-09-03,0.012840,71.433145,3.880829,75.031787
2016-09-04,7.126282,68.337949,5.029116,72.151989
2016-09-05,5.705358,83.126189,10.118574,88.361696
2016-09-06,0.050298,65.702753,6.670389,84.939864
2016-09-07,10.743145,52.391958,7.584142,45.598223
2016-09-08,12.801037,72.939451,11.437088,111.170122
2016-09-09,0.940021,165.506735,15.902183,102.151936
2016-09-10,0.281048,146.147381,9.209254,123.377256
2016-09-11,1.065575,146.448119,7.635600,160.344737
2016-09-12,1.014848,152.294050,5.558008,104.880860
2016-09-13,0.649291,102.476737,3.252009,102.426452
2016-09-14,0.033499,57.213931,6.666324,100.443742
2016-09-15,26.119109,54.599713,19.636891,40.176767
2016-09-16,102.984581,148.673093,16.868889,83.593201
2016-09-17,51.535577,112.923291,8.313213,58.674668
2016-09-18,3.531831,51.801778,2.424618,32.433249
2016-09-19,1.484527,28.450481,2.373005,31.724262
2016-09-20,2.428377,22.146231,1.960010,18.946992
2016-09-21,1.153972,19.883786,1.138827,23.202678
2016-09-22,1.262321,21.402346,1.762887,7.345994
2016-09-23,10.774117,51.266697,4.194797,24.316677
2016-09-24,0.183269,49.565239,2.580818,18.150740
2016-09-25,0.003702,28.782240,1.039701,11.814432
2016-09-26,0.308286,27.062721,1.029149,14.625155
2016-09-27,0.004867,25.655648,1.013194,11.582683
2016-09-28,0.022600,20.375114,0.997855,3.429367
2016-09-29,0.016890,18.059935,1.104126,4.823994
2016-09-30,2.732651,16.148735,0.996070,1.607719
2016-10-01,0.080674,15.115304,0.956608,1.317902
2016-10-02,0.058891,14.893882,1.535320,1.850312
2016-10-03,121.310497,87.493428,23.435440,39.498819
2016-10-04,32.842884,146.804418,6.049502,13.027079
2016-10-05,220.591904,151.293455,27.403707,76.782092
2016-10-06,94.524179,322.538389,22.188724,72.058536
2016-10-07,17.291929,153.061771,19.729420,73.566804
2016-10-08,25.509946,87.028560,10.785524,27.183389
2016-10-09,25.073718,89.617524,5.383096,34.055422
2016-10-10,0.086027,30.201041,1.046346,4.448021
2016-10-11,50.626459,30.148735,5.491482,9.468767
2016-10-12,146.764906,197.299703,18.188866,64.478282
2016-10-13,153.416409,406.459439,28.722371,118.136712
2016-10-14,1.494180,101.667327,1.045944,1.912647
2016-10-15,0.283526,27.167356,1.032031,1.841939
2016-10-16,0.123880,17.429218,1.259220,1.450701
2016-10-17,8.508980,15.294089,2.365293,1.801494
2016-10-18,5.473821,15.677406,1.351233,1.477233
2016-10-19,157.526354,49.683081,20.659993,35.388575
2016-10-20,109.351325,189.539330,10.519229,35.757609
2016-10-21,64.436308,49.238613,5.636613,10.909027
2016-10-22,98.886332,147.143018,15.152194,55.422037
2016-10-23,7.266070,63.851417,2.285929,3.888728
2016-10-24,3.659680,22.048864,2.299098,2.661748
2016-10-25,0.472387,10.860519,2.001086,1.580608
2016-10-26,0.416859,9.849871,2.382813,1.290400
2016-10-27,0.246622,9.746188,2.329947,1.255996
2016-10-28,0.234554,9.710401,2.263052,1.254965
2016-10-29,0.324066,9.662326,2.834773,1.289492
2016-10-30,0.102198,9.558498,3.746640,1.369548
2016-10-31,0.052860,9.159266,2.330944,1.508179
2016-11-01,0.051390,6.953203,2.387337,4.114304
2016-11-02,20.765471,10.932159,4.050949,1.234522
2016-11-03,4.274728,14.886049,3.281891,1.225377
2016-11-04,0.045958,7.708069,2.369142,2.153501
2016-11-05,0.046764,6.847550,2.337227,1.361926
2016-11-06,9.994743,6.997853,12.349061,7.462930
2016-11-07,9.547478,9.974657,3.458638,4.178800
2016-11-08,53.280687,32.577464,3.252594,4.995004
2016-11-09,0.034210,14.110476,2.514564,1.193470
2016-11-10,0.137166,6.917761,2.484479,1.198790
2016-11-11,1.387597,6.636076,3.171548,5.199354
2016-11-12,2.045888,7.596994,2.750224,1.450445
2016-11-13,0.178219,6.611201,2.558619,1.244486
2016-11-14,0.140835,5.925145,2.543378,1.191154
2016-11-15,0.104233,5.281119,2.562247,1.186519
2016-11-16,0.092832,3.434500,2.576675,1.184543
2016-11-17,0.053187,1.867507,2.579170,1.195688
2016-11-18,0.016940,1.775150,2.584486,1.196480
2016-11-19,0.000076,1.774050,2.580495,1.173354
2016-11-20,0.000022,1.773093,2.576619,1.190971
2016-11-21,0.000027,1.772484,2.562861,1.175875
2016-11-22,0.000041,1.773505,2.558076,1.202629
2016-11-23,0.000069,1.775585,2.533081,1.207321
2016-11-24,0.000022,1.541552,2.539320,1.257817
2016-11-25,0.000004,1.443912,2.503281,1.178746
2016-11-26,0.000014,1.441578,2.477459,1.177805
2016-11-27,1.535107,1.442728,2.730239,1.163186
2016-11-28,0.000057,1.449941,2.468215,1.192538
2016-11-29,0.000144,1.555256,2.413532,1.214548
2016-11-30,0.000149,1.441727,2.394907,1.130749
2016-12-01,0.000141,1.425298,2.371530,1.144260
2016-12-02,0.000139,1.432893,2.344827,1.181224
2016-12-03,0.000139,1.514100,2.365103,1.145814
2016-12-04,0.000134,1.580530,2.300113,1.186400
2016-12-05,0.000139,1.530766,2.329709,1.147545
2016-12-06,0.000134,1.426238,2.250808,1.135991
2016-12-07,0.000135,1.489705,2.228599,1.134556
2016-12-08,0.000136,2.145049,2.204109,1.135066
2016-12-09,0.000136,2.638856,2.178741,1.154297
2016-12-10,0.000121,2.743049,2.187519,1.186301
2016-12-11,0.000116,2.782883,2.482135,1.135050
2016-12-12,0.000113,2.879868,2.175915,1.130817
2016-12-13,0.000115,2.403313,2.126793,1.134094
2016-12-14,0.000111,2.671953,2.272564,1.117547
2016-12-15,0.000116,2.904157,2.161327,1.147943
2016-12-16,0.000110,2.872238,2.851735,1.191937
2016-12-17,0.000116,2.912374,2.021099,1.106139
2016-12-18,0.000054,2.911741,2.080329,1.143344
2016-12-19,0.000091,2.650080,1.944066,1.117821
2016-12-20,0.000132,1.804296,1.938160,1.137762
2016-12-21,0.000134,1.714797,1.901342,1.109815
2016-12-22,0.000122,1.679176,1.893989,1.147053
2016-12-23,0.000103,1.658391,1.871510,1.116279
2016-12-24,0.000098,1.910567,1.847896,1.092227
2016-12-25,0.000111,2.649856,1.826960,1.081695
2016-12-26,0.000112,2.664705,1.810216,1.105975
2016-12-27,0.000189,2.844961,1.839592,1.196620
2016-12-28,0.000192,2.680454,1.819481,1.104339
2016-12-29,0.000193,1.821400,1.749623,1.137643
2016-12-30,0.000174,2.313151,1.735726,1.145868
2016-12-31,0.000171,2.321477,1.713640,1.147952
2017-01-01,0.000000,3.239393,1.694983,1.147023
2017-01-02,0.000000,4.086358,1.678963,1.179502
2017-01-03,0.000000,2.793168,1.661982,1.125145
2017-01-04,0.000000,3.806264,1.647338,1.069975
2017-01-05,0.000000,4.105542,1.664496,1.145042
2017-01-06,0.000000,2.648205,1.605477,1.150885
2017-01-07,0.000000,2.297432,1.587583,1.090687
2017-01-08,0.000000,1.876931,1.568683,1.079403
2017-01-09,0.000000,1.556900,1.558806,1.141135
2017-01-10,0.000000,1.448717,1.534262,1.109216
2017-01-11,0.000000,0.837349,1.523073,1.098717
2017-01-12,0.000000,0.830691,1.501945,1.131056
2017-01-13,0.000000,0.851155,1.486980,1.058132
2017-01-14,0.000000,1.092972,1.466861,1.152325
2017-01-15,0.000000,2.134708,1.459544,1.105300
2017-01-16,0.000000,2.122974,1.451151,1.088042
2017-01-17,0.000000,1.006079,1.417988,1.108591
2017-01-18,0.000000,0.829811,1.401735,1.075713
2017-01-19,0.000000,1.415097,1.392515,1.088815
2017-01-20,0.000000,2.246421,1.381716,1.057291
2017-01-21,0.000000,2.273654,1.357158,1.087427
2017-01-22,0.000000,2.282848,1.341286,1.076778
2017-01-23,0.000000,2.314226,1.488384,1.084428
2017-01-24,0.000000,2.297441,1.542533,1.609190
2017-01-25,0.000000,2.347924,1.298218,1.037927
2017-01-26,0.000000,3.304416,1.284554,1.061287
2017-01-27,0.000000,3.236522,1.270812,1.068014
2017-01-28,0.000000,1.106007,1.249597,1.130065
2017-01-29,0.000000,2.104052,1.239647,1.058356
2017-01-30,0.000000,2.035681,1.232092,1.086578
2017-01-31,0.000000,2.192870,1.209448,1.080635
2017-02-01,0.000000,2.356234,1.200340,1.061526
2017-02-02,0.000000,3.648059,1.217935,0.999891
2017-02-03,0.000000,4.801392,1.179463,1.071745
2017-02-04,0.000000,5.408049,1.169032,1.096790
2017-02-05,0.000000,6.493075,1.170205,1.071993
2017-02-06,0.000000,6.441161,1.170406,1.073825
2017-02-07,0.000000,6.571927,2.763277,1.027399
2017-02-08,0.000000,6.895388,3.028904,1.088553
2017-02-09,0.736708,7.558909,1.260776,1.077974
2017-02-10,0.000000,8.502427,1.115228,1.055647
2017-02-11,0.000000,8.816017,1.177449,1.010509
2017-02-12,0.866060,7.373917,2.560405,1.255876
2017-02-13,0.000000,7.078460,1.134024,1.002461
2017-02-14,0.000000,8.570167,1.250727,1.034012
2017-02-15,0.000000,9.710161,1.068552,1.061902
2017-02-16,0.000000,8.684578,1.033805,0.980459
2017-02-17,0.000000,3.930574,1.023357,1.086432
2017-02-18,0.000000,4.817623,1.019739,1.056952
2017-02-19,0.000000,6.223362,1.009259,1.049549
2017-02-20,0.000000,5.198762,1.009735,3.089820
2017-02-21,0.000000,4.025186,1.000596,1.060036
2017-02-22,0.000000,6.496801,0.994128,1.065612
2017-02-23,0.000000,7.295344,0.995755,1.047848
2017-02-24,0.000000,6.804852,0.983849,1.089662
2017-02-25,0.000000,6.912283,0.984861,1.036953
2017-02-26,0.000000,7.041966,0.967021,1.033426
2017-02-27,0.000000,6.324537,0.966771,1.031476
2017-02-28,0.000000,5.669229,0.953099,1.032193
2017-03-01,0.000000,6.724102,0.949139,1.033328
2017-03-02,0.000000,6.809331,0.943642,1.018604
2017-03-03,0.000000,1.954819,0.937323,1.039377
2017-03-04,0.000000,1.239718,0.929396,0.996269
2017-03-05,0.000000,2.574160,0.924193,0.979292
2017-03-06,0.000000,3.260381,0.914544,0.991905
2017-03-07,0.000000,3.334924,0.906398,1.000333
2017-03-08,0.000000,4.992137,0.905890,0.976725
2017-03-09,0.000000,3.583178,0.897444,0.958859
2017-03-10,0.000000,3.142608,0.891323,0.994822
2017-03-11,0.000000,5.208098,0.882650,0.979708
2017-03-12,0.000000,6.299345,0.874987,0.981924
2017-03-13,0.000000,4.936127,0.868179,0.980859
2017-03-14,0.000000,6.918048,0.864905,0.950487
2017-03-15,0.000000,7.537927,0.856275,0.991382
2017-03-16,0.000000,7.868389,0.847947,0.974026
2017-03-17,0.000000,1.405187,0.845481,0.994853
2017-03-18,0.000000,1.338470,0.836071,1.040932
2017-03-19,0.000000,0.776180,0.830123,1.917076
2017-03-20,0.000000,1.123733,0.822764,0.993431
2017-03-21,0.000000,0.839485,0.819521,0.963137
2017-03-22,0.000000,1.922837,0.810394,2.746759
2017-03-23,0.000000,2.578244,0.868830,0.956316
2017-03-24,0.000000,3.561110,0.799498,0.972440
2017-03-25,0.000000,3.899909,0.789999,0.995029
2017-03-26,0.000000,3.279714,0.785966,0.932102
2017-03-27,0.000000,3.099077,0.774782,0.966373
2017-03-28,0.000000,5.955764,0.771453,1.006918
2017-03-29,0.000000,7.720114,0.763635,0.979566
2017-03-30,0.000000,8.298436,0.760255,0.977399
2017-03-31,0.000000,8.568206,0.747779,1.068076
2017-04-01,0.000000,8.762748,0.744358,0.975514
2017-04-02,0.000000,8.849814,0.739295,1.778014
2017-04-03,0.000000,7.075522,0.732561,0.990983
2017-04-04,0.000000,6.918152,0.728555,0.938799
2017-04-05,0.000000,7.020951,0.721835,0.955032
2017-04-06,0.000000,7.093766,0.714379,0.960496
2017-04-07,0.000000,7.091816,0.706918,0.944230
2017-04-08,0.000000,7.075470,0.698537,0.958447
2017-04-09,0.000000,5.222208,0.697771,4.307008
2017-04-10,0.000000,4.855408,0.689416,3.091273
2017-04-11,0.000000,6.526940,0.683521,0.959226
2017-04-12,0.000000,4.709648,0.688323,0.952654
2017-04-13,0.000000,3.564730,0.669864,0.997161
2017-04-14,0.000000,5.505687,0.667201,0.986765
2017-04-15,0.000000,6.111670,0.660494,0.941973
2017-04-16,0.000000,3.745352,0.657531,0.996644
2017-04-17,0.000000,3.919024,0.648458,0.963693
2017-04-18,0.000000,4.474694,0.687778,0.919152
2017-04-19,0.000000,4.562552,0.657019,0.935498
2017-04-20,0.000000,4.570471,0.633660,0.960849
2017-04-21,0.000000,4.586567,0.629965,0.929615
2017-04-22,0.000000,3.262807,0.621470,0.944741
2017-04-23,0.000000,4.669147,0.621218,5.082423
2017-04-24,0.000000,5.733115,0.608930,3.292631
2017-04-25,0.000000,5.870183,2.983663,7.414110
2017-04-26,0.000000,5.880844,1.766064,6.630732
2017-04-27,0.000000,3.537271,2.052211,4.733211
2017-04-28,0.000000,2.826659,1.639465,0.988125
2017-04-29,1.031988,5.064893,3.390413,6.109012
2017-04-30,6.897178,6.057759,7.819200,4.252355
2017-05-01,5.183299,6.478917,14.401871,4.652028
2017-05-02,15.770630,11.438941,23.041778,17.510570
2017-05-03,37.068833,23.618554,72.244161,15.777975
2017-05-04,39.902648,39.202863,69.578203,53.591303
2017-05-05,34.043786,35.790813,9.364416,31.676997
2017-05-06,43.077703,43.767986,12.157477,33.825386
2017-05-07,65.391225,55.393916,13.842697,36.611403
2017-05-08,49.760685,62.122161,11.680446,8.666993
2017-05-09,61.120460,89.025068,7.660759,21.420300
2017-05-10,7.047662,38.783598,3.408713,8.919535
2017-05-11,5.625025,10.336015,2.712863,7.707285
2017-05-12,4.856108,8.722524,2.911886,5.870942
2017-05-13,4.236612,8.358858,2.978252,4.793192
2017-05-14,4.573381,8.136781,4.897122,8.509795
2017-05-15,55.813218,29.604314,5.248463,10.145657
2017-05-16,44.186636,35.322577,10.912363,8.577914
2017-05-17,44.013082,34.435221,8.698551,38.782855
2017-05-18,36.376490,33.631070,9.807590,29.606988
2017-05-19,55.720714,45.337270,26.438213,44.601369
2017-05-20,153.168584,141.524453,26.790250,52.017705
2017-05-21,172.917441,254.419725,28.366276,56.630111
2017-05-22,81.470513,210.727525,18.741390,16.461075
2017-05-23,84.933842,160.067551,24.615661,36.418979
2017-05-24,57.019258,115.146419,22.891191,33.234040
2017-05-25,46.445912,74.479728,21.566191,19.573531
2017-05-26,44.862317,67.971870,26.828538,22.957923
2017-05-27,43.829626,68.277511,28.075021,51.440609
2017-05-28,23.974123,40.381694,20.146690,30.552212
2017-05-29,36.190148,43.287378,29.272291,70.416805
2017-05-30,5.294533,30.946630,15.786029,119.235132
2017-05-31,4.313453,9.843230,13.754187,36.653123
2017-06-01,4.478067,8.851561,12.522512,39.782619
2017-06-02,28.641908,22.859111,18.304075,64.323521
2017-06-03,52.914528,41.540840,20.130914,54.945396
2017-06-04,78.623583,89.999598,24.318875,65.096356
2017-06-05,76.036328,122.101781,22.431542,113.711487
2017-06-06,101.184138,148.866834,41.631193,176.871094
2017-06-07,104.274528,205.500643,35.300494,205.636416
2017-06-08,104.266830,176.898826,35.021378,227.825097
2017-06-09,87.310633,153.545000,31.436017,185.474478
2017-06-10,84.234347,150.723706,33.668429,201.036431
2017-06-11,88.549099,157.548497,36.011177,227.053245
2017-06-12,107.136836,179.489328,38.815317,248.872490
2017-06-13,117.764325,215.249265,43.505206,290.716385
2017-06-14,121.006676,237.742747,49.330296,315.452298
2017-06-15,130.486210,276.436875,47.573217,330.913079
2017-06-16,127.200498,258.135141,52.656134,314.584844
2017-06-17,203.518071,386.666894,52.100009,404.641273
2017-06-18,151.712333,330.169783,47.561921,435.212604
2017-06-19,159.802659,349.368115,46.992607,464.935015
2017-06-20,86.045765,282.454591,54.935433,513.219816
2017-06-21,127.230300,255.801940,47.481113,461.584664
2017-06-22,106.276892,232.626701,51.085319,575.474630
2017-06-23,133.629650,254.396135,43.908806,497.728770
2017-06-24,137.375893,306.752764,50.905020,507.514549
2017-06-25,142.945901,380.524969,47.118869,537.964117
2017-06-26,139.008588,440.213539,48.209394,509.499908
2017-06-27,141.162304,481.437735,51.806339,554.088132
2017-06-28,136.602621,476.265494,50.282197,504.605269
2017-06-29,127.535917,457.064386,49.527184,494.500541
2017-06-30,104.881859,369.374480,48.165865,405.779326
2017-07-01,136.217637,305.007608,44.681590,375.323300
2017-07-02,62.824515,156.199526,38.085375,346.298201
2017-07-03,32.861318,72.632279,20.955517,54.593494
2017-07-04,16.940822,50.847849,21.381209,179.780150
2017-07-05,41.362523,68.495377,25.510168,220.574973
2017-07-06,94.032844,128.408342,28.974643,385.595371
2017-07-07,82.100504,182.548362,28.392977,414.886366
2017-07-08,105.158078,228.292562,29.690788,446.013433
2017-07-09,116.016695,273.387703,31.908193,498.198548
2017-07-10,115.622578,305.615467,34.099664,486.178430
2017-07-11,100.011523,304.955494,29.792481,410.035423
2017-07-12,102.426843,291.779892,32.682690,444.689958
2017-07-13,92.930238,293.487502,34.841584,465.077787
2017-07-14,79.375049,263.944112,37.320646,483.182223
2017-07-15,87.114536,273.181396,43.818188,503.546504
2017-07-16,116.269631,360.758537,44.084020,550.591826
2017-07-17,106.996425,375.563707,35.543222,334.413712
2017-07-18,112.778080,337.855848,57.302197,470.890114
2017-07-19,194.875940,594.624687,37.634765,555.580584
2017-07-20,195.477784,705.143475,47.150306,694.106286
2017-07-21,123.739151,658.013031,41.501332,641.380870
2017-07-22,533.770007,879.071843,68.132393,543.186762
2017-07-23,271.487178,1299.273374,57.735281,896.610251
2017-07-24,126.102516,723.610954,42.738207,681.598571
2017-07-25,142.133432,657.341229,49.855102,659.930149
2017-07-26,162.965822,769.682995,48.074542,816.759952
2017-07-27,146.599280,779.635507,45.310675,749.306254
2017-07-28,154.821719,787.257966,51.983911,869.589371
2017-07-29,140.760673,839.842824,52.976943,906.702836
2017-07-30,119.034026,796.415677,49.130391,815.467206
2017-07-31,102.769779,726.626897,49.499858,758.725169
2017-08-01,97.157383,681.668843,46.295485,729.679289
2017-08-02,94.609688,677.097207,46.735243,720.858164
2017-08-03,87.846470,638.541087,44.344377,673.655839
2017-08-04,68.513905,560.681501,38.314731,526.941343
2017-08-05,44.556447,424.541560,34.420944,423.402409
2017-08-06,40.335904,329.768677,35.459561,576.053128
2017-08-07,30.804432,299.423038,32.098281,410.334131
2017-08-08,34.381703,207.236431,31.408812,323.752193
2017-08-09,16.950440,204.052571,27.927131,277.600522
2017-08-10,13.757615,227.771475,32.606847,323.963908
2017-08-11,19.209853,252.508623,29.092651,343.893781
2017-08-12,24.326144,281.866711,28.741626,350.842429
2017-08-13,20.751316,274.879165,30.785741,405.121371
2017-08-14,25.904139,303.835613,28.645359,419.227338
2017-08-15,26.593201,316.700935,33.258377,425.942396
2017-08-16,29.401073,311.276848,28.379219,484.455531
2017-08-17,13.738068,245.865784,20.714109,162.325037
2017-08-18,6.149874,212.875055,22.712756,198.694698
2017-08-19,3.149279,207.566759,24.619677,232.503186
2017-08-20,8.744555,162.476065,24.500518,327.709107
2017-08-21,9.855935,111.912480,19.442589,218.994560
2017-08-22,4.295515,143.974058,24.118417,207.401516
2017-08-23,14.380454,218.497492,18.329196,227.148178
2017-08-24,16.324879,247.988164,18.321254,210.472726
2017-08-25,86.029378,221.101996,36.724500,205.558016
2017-08-26,239.546073,434.123654,58.875356,338.193887
2017-08-27,37.088679,328.945941,21.360088,302.320038
2017-08-28,11.191666,179.143107,14.207850,175.480049
2017-08-29,11.662905,161.992541,14.162604,179.028420
2017-08-30,7.575073,151.718192,15.928367,172.027703
2017-08-31,23.261444,204.443769,16.570527,258.907061
2017-09-01,26.357476,249.147536,23.939155,326.070431
2017-09-02,8.845171,184.196783,11.820229,125.596382
2017-09-03,131.682808,115.643338,14.126065,101.150605
2017-09-04,223.500209,326.856866,31.148380,185.504894
2017-09-05,183.527310,406.081425,20.323246,254.596138
2017-09-06,29.566120,222.763814,16.212628,165.461303
2017-09-07,1.634282,99.043052,5.983426,80.185276
2017-09-08,11.899172,60.210137,7.000336,112.930096
2017-09-09,9.086815,57.195713,6.558640,112.806397
2017-09-10,0.130567,41.768545,5.189598,60.536676
2017-09-11,0.397227,30.359061,5.874354,87.933970
2017-09-12,0.186077,29.286999,4.196691,88.959700
2017-09-13,0.013847,30.305049,3.692590,74.503115
2017-09-14,1.297026,29.785878,7.816498,74.768707
2017-09-15,99.503374,124.110195,34.542536,83.842447
2017-09-16,268.115853,615.305198,55.002475,308.387690
2017-09-17,339.627668,1783.169534,82.886695,504.197539
2017-09-18,4.313697,445.933804,5.249580,116.264522
2017-09-19,143.898076,167.169324,8.796845,38.669459
2017-09-20,54.387642,108.837625,8.367414,37.692564
2017-09-21,27.387012,146.105557,19.094902,94.894448
2017-09-22,27.548440,115.411946,8.728412,44.256440
2017-09-23,9.027609,64.774395,7.160772,32.709639
2017-09-24,151.622803,339.271450,64.167733,315.649735
2017-09-25,13.534996,218.772548,7.851822,61.977600
2017-09-26,3.013623,83.718124,21.342496,91.841796
2017-09-27,154.831699,367.766419,73.490530,370.103611
2017-09-28,1.495243,216.007652,5.293614,8.229932
2017-09-29,1.739238,46.560803,3.602930,10.365695
2017-09-30,92.024897,76.866143,15.188326,15.612385
2017-10-01,53.081332,139.629173,3.734988,17.605258
2017-10-02,12.598539,69.723030,3.742928,17.438035
2017-10-03,5.867332,37.731997,3.086119,8.033536
2017-10-04,0.015011,21.613102,3.075807,4.226889
2017-10-05,0.004218,17.919707,3.104659,9.941936
2017-10-06,0.012768,17.358684,3.097520,6.080214
2017-10-07,18.127550,20.649846,3.878222,4.129254
2017-10-08,23.208892,49.856515,6.603711,7.989378
2017-10-09,12.087721,39.101038,7.684764,5.225119
2017-10-10,35.286569,63.997003,8.793675,8.880904
2017-10-11,15.141228,97.682001,8.462236,22.984394
2017-10-12,0.004324,36.322302,2.958258,2.359910
2017-10-13,0.004207,23.548352,2.939045,1.662237
2017-10-14,0.003936,19.499196,3.090384,1.453444
2017-10-15,0.004148,16.392365,3.064218,1.313229
2017-10-16,0.004442,15.089890,2.870446,1.606709
2017-10-17,0.004506,14.031237,3.137869,1.502170
2017-10-18,1.424111,14.251533,5.845149,23.799151
2017-10-19,0.012619,17.241655,5.910262,9.318663
2017-10-20,32.863223,95.805155,22.999462,38.591301
2017-10-21,15.844524,103.554728,4.609196,9.935854
2017-10-22,0.015550,20.067139,2.782716,1.247977
2017-10-23,7.746620,14.254508,3.231224,1.430018
2017-10-24,0.000049,13.810459,2.806118,1.730039
2017-10-25,0.000361,13.753534,2.808057,1.264603
2017-10-26,6.236416,14.315855,3.914893,1.240667
2017-10-27,0.354179,15.420658,2.802618,4.064057
2017-10-28,0.000135,12.066799,2.788882,1.240307
2017-10-29,0.000052,9.313501,2.773517,1.259964
2017-10-30,0.003830,9.286548,2.795769,1.219918
2017-10-31,0.000025,8.696292,3.028171,1.240395
2017-11-01,0.000183,3.681909,2.709816,1.300527
2017-11-02,0.000000,3.623131,2.681486,1.228029
2017-11-03,0.000000,3.628762,2.658556,1.204153
2017-11-04,0.000000,3.481762,2.626137,1.199667
2017-11-05,0.000425,1.631319,2.604481,1.195741
2017-11-06,0.000084,1.623883,2.579411,1.202896
2017-11-07,0.000000,1.624725,2.539291,1.189271
2017-11-08,0.000000,1.624709,2.514161,1.182109
2017-11-09,0.000010,1.624722,2.478119,1.203985
2017-11-10,0.000000,1.624723,2.451548,1.163178
2017-11-11,0.000000,1.623358,2.424591,1.153014
2017-11-12,0.000000,1.622686,2.385504,1.156575
2017-11-13,0.000441,1.623240,2.363188,1.170280
2017-11-14,0.000390,1.624480,2.322318,1.165681
2017-11-15,0.000243,1.624491,2.290335,1.164671
2017-11-16,0.000115,1.623587,2.257796,1.153583
2017-11-17,0.000075,1.624426,2.223991,1.138369
2017-11-18,0.000060,1.624410,2.193293,1.139746
2017-11-19,0.000000,1.624401,2.161915,1.150136
2017-11-20,0.000189,1.624430,2.131820,1.376136
2017-11-21,0.000414,1.623554,2.097649,1.349118
2017-11-22,0.000601,1.624394,2.065170,1.116621
2017-11-23,0.000430,1.624375,2.033872,1.342239
2017-11-24,0.000395,1.624385,2.004049,1.365018
2017-11-25,0.000409,1.624129,1.975565,1.087021
2017-11-26,0.000410,1.623138,1.941940,1.411724
2017-11-27,0.000304,1.623988,1.908529,1.389197
2017-11-28,0.000410,1.623963,1.876655,1.274931
2017-11-29,0.000119,1.623976,2.498100,1.086537
2017-11-30,1.473632,1.580463,5.142423,1.400740
2017-12-01,0.277830,1.561087,1.949422,1.371053
2017-12-02,0.000000,1.561890,1.748151,1.059165
2017-12-03,0.000000,1.561521,1.716387,1.356451
2017-12-04,0.000000,1.561543,1.681076,1.247229
2017-12-05,0.000000,1.561576,1.655229,1.337210
2017-12-06,0.000000,1.560708,1.624085,1.047688
2017-12-07,0.000000,1.561499,1.587356,1.230822
2017-12-08,0.000000,1.556594,1.558297,1.040068
2017-12-09,0.000000,1.548683,1.527095,1.333380
2017-12-10,0.000000,1.548717,1.490017,1.336956
2017-12-11,0.000000,1.547865,1.456753,1.568418
2017-12-12,0.000185,1.548670,1.429158,1.207511
2017-12-13,0.000033,1.547211,1.395556,1.321401
2017-12-14,0.000000,1.546787,1.365534,1.208181
2017-12-15,0.000000,1.546819,1.331837,1.309393
2017-12-16,0.000000,1.545868,1.301032,1.168608
2017-12-17,0.000000,1.539924,1.276238,1.306954
2017-12-18,0.000000,1.531191,1.468158,1.292303
2017-12-19,0.000000,1.530009,1.225072,1.172654
2017-12-20,0.000000,1.530041,1.192395,1.304124
2017-12-21,0.000000,1.529173,1.166511,1.163253
2017-12-22,0.000000,1.529979,1.140558,1.281216
2017-12-23,0.000000,1.529987,1.119033,1.138582
2017-12-24,0.000000,1.529863,1.095384,1.294058
2017-12-25,0.000000,1.529412,1.071127,1.298254
2017-12-26,0.000000,1.528535,1.049866,3.510603
2017-12-27,0.000000,1.529330,1.025910,1.260168
2017-12-28,0.000000,1.529051,1.001768,1.143233
2017-12-29,0.000000,1.529211,0.977908,1.293359
2017-12-30,0.000000,1.526897,0.955262,1.282540
2017-12-31,0.000000,1.522333,0.932680,1.192250
2018-01-01,0.000000,1.188373,0.908160,1.278462
2018-01-02,0.000000,1.188076,0.889788,1.262493
2018-01-03,0.000000,1.186022,0.860690,1.181039
2018-01-04,0.000000,1.184952,0.845215,1.149865
2018-01-05,0.000000,1.186766,0.816033,1.254398
2018-01-06,0.000000,1.185134,0.794551,1.265869
2018-01-07,0.000000,1.179366,0.773959,1.229149
2018-01-08,0.000000,1.183102,0.752894,1.254241
2018-01-09,0.000000,1.182838,1.951188,1.318587
2018-01-10,1.894730,1.183623,4.603483,1.285659
2018-01-11,0.000000,1.181886,0.778138,1.111580
2018-01-12,1.479868,1.181230,2.545460,1.220288
2018-01-13,0.000000,1.179927,0.689267,1.215326
2018-01-14,0.000000,1.179807,0.977698,1.173550
2018-01-15,0.000000,1.179788,0.625889,1.195441
2018-01-16,0.000000,1.179475,0.613398,1.074573
2018-01-17,0.000000,1.884610,0.599741,1.195304
2018-01-18,0.000000,2.738159,0.594191,1.192263
2018-01-19,0.000000,3.152091,0.572336,1.201328
2018-01-20,0.000000,3.349997,0.560213,1.188095
2018-01-21,0.000000,3.379624,0.549971,1.186231
2018-01-22,0.000000,3.436375,0.535828,1.178057
2018-01-23,0.000000,3.482159,0.526283,1.189720
2018-01-24,0.000000,3.598575,0.512040,1.166376
2018-01-25,0.000000,3.263492,0.501436,1.170642
2018-01-26,0.000000,3.095518,0.491234,1.054623
2018-01-27,0.000000,3.262827,0.478579,1.165916
2018-01-28,0.000000,3.166799,0.603069,1.150513
2018-01-29,0.000000,3.537313,0.459773,1.148310
2018-01-30,0.000000,3.786779,0.443664,1.135763
2018-01-31,0.000000,3.827551,0.435982,1.028319
2018-02-01,0.000000,3.839749,0.424493,1.130328
2018-02-02,0.000000,3.813469,0.523547,1.176720
2018-02-03,0.000000,3.925570,0.407877,1.843111
2018-02-04,0.000000,4.128572,0.556149,1.163404
2018-02-05,0.000000,3.618988,0.390750,1.120084
2018-02-06,0.000000,2.867139,0.384622,1.108943
2018-02-07,0.000000,2.945909,0.369323,1.168070
2018-02-08,0.000000,3.600654,0.368821,1.159948
2018-02-09,0.000000,3.566039,0.355456,1.106117
2018-02-10,0.000000,3.063619,0.346634,1.124805
2018-02-11,0.000000,3.683819,0.343060,1.144458
2018-02-12,0.000000,3.833659,0.333245,1.152876
2018-02-13,0.000000,3.898520,0.325573,1.147720
2018-02-14,0.000000,3.997197,0.321174,1.149326
2018-02-15,0.000000,3.513696,1.127731,1.136959
2018-02-16,0.000000,3.019261,0.916924,1.143222
2018-02-17,0.000000,3.257313,0.309744,1.132911
2018-02-18,0.000000,4.272325,0.315732,1.089923
2018-02-19,0.000000,5.179304,0.858889,1.061160
2018-02-20,0.000000,5.742403,0.498208,1.072592
2018-02-21,0.000000,4.659559,0.300689,1.104359
2018-02-22,0.000000,6.378067,0.305546,1.062424
2018-02-23,0.000000,6.901135,0.380587,1.078517
2018-02-24,0.000000,6.932118,6.087649,1.048801
2018-02-25,0.000000,6.961229,1.394502,2.551631
2018-02-26,7.522878,8.320413,12.706623,1.086639
2018-02-27,0.000000,8.167349,0.289496,1.029988
2018-02-28,0.000000,6.185724,0.250523,1.084247
2018-03-01,0.000000,4.449078,0.252074,1.081675
2018-03-02,0.000000,5.218154,0.242719,1.042100
2018-03-03,0.000000,3.385938,0.244833,1.084208
2018-03-04,0.000000,1.965018,0.238734,1.044664
2018-03-05,0.000000,1.946017,0.232489,1.031419
2018-03-06,0.000000,2.722071,0.235097,1.060924
2018-03-07,0.000000,3.023140,0.227385,1.077969
2018-03-08,0.000000,3.100982,0.224417,1.024961
2018-03-09,0.000000,3.112699,0.220102,1.104795
2018-03-10,0.000000,3.067723,0.216310,1.132857
2018-03-11,0.000000,2.916570,0.215300,1.056888
2018-03-12,0.000000,3.024782,0.211621,1.085278
2018-03-13,0.000000,2.779775,0.205789,1.095487
2018-03-14,0.000000,2.383463,0.203328,1.103506
2018-03-15,0.000000,2.900088,0.199294,1.066832
2018-03-16,0.000000,3.006662,0.193235,1.039166
2018-03-17,0.000000,3.044007,0.194653,1.117358
2018-03-18,0.000000,3.068354,0.217747,2.176773
2018-03-19,0.000000,3.110891,0.194865,2.286834
2018-03-20,0.000000,2.066953,0.183078,2.009342
2018-03-21,0.000000,1.807864,0.177061,1.092539
2018-03-22,0.000000,1.815546,0.178975,1.126664
2018-03-23,0.000000,1.822014,0.171895,1.092330
2018-03-24,0.000000,2.870503,0.168150,1.109198
2018-03-25,0.000000,3.900390,0.166252,1.105523
2018-03-26,0.000000,4.065082,0.184489,1.148998
2018-03-27,0.000000,4.134297,0.217960,1.041060
2018-03-28,0.000000,4.162819,0.159146,1.076299
2018-03-29,0.000000,4.166727,0.153194,1.069265
2018-03-30,0.000000,1.840888,0.155414,1.065970
2018-03-31,0.000000,1.795842,0.150596,1.067352
2018-04-01,0.000000,1.788545,0.148228,1.073992
2018-04-02,0.000000,1.779521,0.148691,1.095313
2018-04-03,0.000000,1.779353,0.142903,1.071405
2018-04-04,0.000000,1.794453,0.141437,1.066170
2018-04-05,0.000000,1.799058,0.137849,1.066040
2018-04-06,0.000000,1.798742,0.138370,1.096902
2018-04-07,0.000000,1.793409,0.134382,1.077586
2018-04-08,0.000000,1.934334,0.538958,1.042451
2018-04-09,0.000000,2.853424,3.276451,1.048860
2018-04-10,0.000000,4.772638,1.976695,1.052684
2018-04-11,0.661246,5.072430,7.636369,3.115168
2018-04-12,0.000000,5.084174,1.348246,4.187740
2018-04-13,2.983188,5.087511,4.826054,3.358384
2018-04-14,10.045215,7.107634,9.001517,4.976234
2018-04-15,4.811400,8.421354,4.534424,3.977412
2018-04-16,2.746004,8.574580,5.728536,6.097137
2018-04-17,6.548336,8.938304,7.983780,4.531279
2018-04-18,18.142831,10.771583,11.288074,4.764497
2018-04-19,8.340767,12.489802,3.608013,5.796593
2018-04-20,1.409691,8.635307,1.943036,6.209807
2018-04-21,0.003748,6.543142,1.644802,2.775584
2018-04-22,0.000177,5.706407,1.567495,4.169972
2018-04-23,0.000014,6.541229,1.645522,3.302261
2018-04-24,0.000011,6.173886,2.584315,2.985208
2018-04-25,0.000009,5.730513,1.833407,1.028974
2018-04-26,0.000007,5.968246,2.739044,3.855197
2018-04-27,0.000004,6.821446,3.591808,2.460053
2018-04-28,0.000004,3.595494,5.930310,1.028980
2018-04-29,0.000001,6.907078,4.692524,5.180855
2018-04-30,0.000000,7.752369,0.721575,4.572069
2018-05-01,0.000000,7.431675,0.541371,1.038513
2018-05-02,0.000000,7.745861,0.103662,2.147948
2018-05-03,0.000000,8.247815,0.099820,1.024761
2018-05-04,0.000000,9.776048,0.113206,1.085952
2018-05-05,0.000000,9.283585,0.106202,1.042838
2018-05-06,0.000000,4.982727,0.095621,5.190423
2018-05-07,0.000000,7.043017,0.095487,4.605257
2018-05-08,0.000000,7.684319,0.097865,2.179498
2018-05-09,0.000000,7.688679,0.809192,1.030360
2018-05-10,0.000000,7.687662,2.187181,6.992507
2018-05-11,1.432877,7.716030,1.614161,6.175099
2018-05-12,1.344648,7.112553,3.372764,7.021435
2018-05-13,2.375094,8.122983,5.688502,6.260874
2018-05-14,4.106128,9.685755,9.848150,6.486750
2018-05-15,6.708336,11.375789,1.481007,4.771665
2018-05-16,2.778352,8.393140,1.414789,11.013879
2018-05-17,15.148490,8.880791,10.769502,4.913650
2018-05-18,27.647693,18.547136,7.139899,8.092894
2018-05-19,7.962604,8.026438,1.569872,5.562444
2018-05-20,3.888948,9.426084,5.893693,5.225732
2018-05-21,6.259572,10.433847,4.525476,5.375382
2018-05-22,11.104090,13.713159,10.398555,5.414797
2018-05-23,40.373868,31.336738,8.598701,21.073939
2018-05-24,5.033722,20.955258,3.309912,17.962243
2018-05-25,1.511455,15.508996,2.510940,7.771292
2018-05-26,41.789102,23.946266,5.928295,16.011923
2018-05-27,10.529203,21.621915,4.855074,17.564777
2018-05-28,4.954669,17.631108,4.487006,18.949613
2018-05-29,35.535193,19.664457,14.395686,33.122508
2018-05-30,73.733051,53.631722,29.051899,64.242458
2018-05-31,39.162223,43.127073,21.357748,44.162636
2018-06-01,43.379793,40.957705,21.983144,45.965869
2018-06-02,66.263769,57.725032,30.946531,45.261252
2018-06-03,72.762987,77.749287,28.258511,46.691330
2018-06-04,73.375617,82.735960,47.902760,51.279738
2018-06-05,88.245684,93.058691,37.232647,46.386377
2018-06-06,130.791780,142.612325,44.908557,60.492493
2018-06-07,143.761337,195.117220,45.437438,48.969929
2018-06-08,124.856424,282.089231,39.603130,85.852683
2018-06-09,117.761431,234.797999,35.068267,38.487619
2018-06-10,96.653221,235.248064,20.309461,48.751431
2018-06-11,100.665061,215.328708,24.610746,60.462689
2018-06-12,97.506917,228.617606,27.714921,89.613067
2018-06-13,101.567798,214.123179,31.783070,80.081211
2018-06-14,78.582842,184.759346,29.744049,76.794227
2018-06-15,70.017401,156.655906,32.038160,70.611272
2018-06-16,37.910392,104.980214,20.758094,50.524002
2018-06-17,35.070599,67.584845,30.563686,89.310902
2018-06-18,45.534699,72.514687,32.236517,100.241885
2018-06-19,38.799655,86.785502,38.328425,105.468439
2018-06-20,58.900283,110.948908,46.404103,153.637282
2018-06-21,107.115263,139.664954,40.092496,150.355282
2018-06-22,151.299474,299.551536,54.406101,299.984377
2018-06-23,169.561997,283.341617,53.415975,224.054862
2018-06-24,193.848360,430.989910,30.959306,239.525441
2018-06-25,83.395675,262.764746,35.559119,278.652978
2018-06-26,109.284168,269.921489,38.918451,307.778183
2018-06-27,107.153264,303.332737,39.367515,322.007890
2018-06-28,107.045181,300.303849,54.006607,390.159484
2018-06-29,211.921389,492.200663,55.770876,468.641557
2018-06-30,131.326825,452.580907,34.771469,392.060783
2018-07-01,114.886303,390.843219,36.097879,444.471471
2018-07-02,277.959196,492.446790,44.607608,378.829971
2018-07-03,101.966962,377.703687,30.233731,417.717696
2018-07-04,66.492758,216.794687,27.661957,517.063761
2018-07-05,74.708462,197.907287,35.670663,474.808075
2018-07-06,114.576611,299.208128,40.292385,630.621454
2018-07-07,81.302339,345.863545,37.210052,580.606130
2018-07-08,86.483133,305.647399,38.264289,397.878767
2018-07-09,132.041991,340.512063,33.953583,336.847099
2018-07-10,55.553627,260.056702,30.540369,331.748430
2018-07-11,71.286709,308.608020,32.145481,468.139979
2018-07-12,82.497329,377.077969,42.941378,595.767568
2018-07-13,107.571800,483.465115,50.258697,762.925630
2018-07-14,85.469976,501.006555,52.960921,723.543378
2018-07-15,88.866849,521.216983,50.380529,657.907921
2018-07-16,68.493399,480.791860,46.672953,607.661153
2018-07-17,88.839372,590.083040,47.575199,820.187573
2018-07-18,67.974644,534.416159,42.035073,722.490914
2018-07-19,69.222654,512.499578,41.344960,734.621591
2018-07-20,49.801126,431.052884,38.594520,658.199538
2018-07-21,63.221628,478.523293,35.253205,726.636730
2018-07-22,47.922636,424.748742,38.461905,779.083158
2018-07-23,35.357354,410.854786,33.596027,611.422216
2018-07-24,30.393632,410.616388,33.880828,626.141113
2018-07-25,18.988945,357.436577,32.275272,569.785546
2018-07-26,17.722140,331.063615,32.428605,563.092694
2018-07-27,29.299879,398.998082,30.877924,599.258648
2018-07-28,42.590517,483.552079,30.766176,644.449147
2018-07-29,294.928965,1529.660245,65.717236,1474.243904
2018-07-30,203.684046,2043.768820,41.062167,1447.965109
2018-07-31,122.285906,1492.486359,38.722631,1091.840294
2018-08-01,49.152132,854.677219,29.185797,883.460570
2018-08-02,64.537286,754.124107,26.015016,859.990219
2018-08-03,42.403797,627.807893,23.153727,639.953964
2018-08-04,38.577356,645.056531,23.491341,647.412402
2018-08-05,41.030436,657.255267,22.928689,664.696588
2018-08-06,29.421128,581.259337,22.664224,567.951712
2018-08-07,30.232228,572.156761,21.523696,535.183914
2018-08-08,29.026957,594.154498,26.591757,645.198940
2018-08-09,28.850743,575.258339,29.524828,724.518482
2018-08-10,37.613182,588.823672,27.665893,719.545809
2018-08-11,43.951897,616.999490,30.013737,808.636767
2018-08-12,50.650101,632.883330,32.558003,892.413511
2018-08-13,37.498975,581.776215,27.116346,760.717299
2018-08-14,30.342195,522.385746,25.121297,693.439117
2018-08-15,27.970972,511.746565,21.069470,444.382384
2018-08-16,31.225141,518.615445,20.220015,474.311702
2018-08-17,20.821096,452.846793,17.909651,342.994028
2018-08-18,17.108714,399.112956,16.800702,302.673354
2018-08-19,15.707614,340.616604,17.542737,280.635833
2018-08-20,15.629486,263.076917,15.583013,223.949766
2018-08-21,91.683935,266.897126,15.900244,245.010578
2018-08-22,28.658474,213.108575,15.764873,282.789947
2018-08-23,5.256471,136.675295,10.172440,170.775447
2018-08-24,1.647497,105.382658,8.716615,85.673366
2018-08-25,2.216787,87.130555,6.096972,123.174479
2018-08-26,7.974893,69.409902,6.908991,148.466471
2018-08-27,16.424073,64.219414,6.459121,62.094445
2018-08-28,0.099270,51.029021,4.597435,82.075628
2018-08-29,0.123366,41.310016,5.611995,94.032119
2018-08-30,69.765003,41.639774,10.578631,38.817745
2018-08-31,164.388926,259.372984,39.455815,178.930869
2018-09-01,59.881337,241.163868,7.845910,174.190177
2018-09-02,2.060927,102.399556,4.260104,122.373397
2018-09-03,0.614130,57.171299,2.038364,62.552250
2018-09-04,0.120739,44.471084,2.337771,64.336521
2018-09-05,0.304725,48.989414,3.515135,69.819431
2018-09-06,0.122938,46.805244,4.548853,50.259868
2018-09-07,108.103105,198.108218,36.963987,160.699396
2018-09-08,10.673000,144.949410,15.048362,150.126988
2018-09-09,180.198216,326.919876,45.655112,248.965270
2018-09-10,104.237829,351.766397,34.300236,239.340568
2018-09-11,56.437657,235.455612,12.899983,190.074256
2018-09-12,41.759441,158.373527,7.431618,110.159029
2018-09-13,20.420769,99.324638,6.905063,135.644752
2018-09-14,10.146515,67.735760,3.958931,81.082242
2018-09-15,23.075497,42.360925,2.679472,8.689344
2018-09-16,2.008630,26.261742,3.417013,13.186278
2018-09-17,0.222142,30.418623,5.827174,39.096420
2018-09-18,0.006302,24.716596,1.781271,19.943673
2018-09-19,0.116457,17.825918,1.724719,3.784397
2018-09-20,2.468391,14.953011,1.735564,1.885789
2018-09-21,0.074067,14.380609,1.734803,1.443642
2018-09-22,4.150073,12.762677,1.739366,1.999864
2018-09-23,0.827346,7.878045,1.733898,2.236041
2018-09-24,0.088893,7.681104,1.853192,2.728628
2018-09-25,2.075966,7.680483,1.720687,2.920094
2018-09-26,5.342837,7.679403,1.706162,1.252168
2018-09-27,0.777843,6.201676,1.700265,1.288910
2018-09-28,7.544459,4.211152,1.709515,1.231419
2018-09-29,0.123647,3.522857,1.666706,2.301108
2018-09-30,0.002228,3.527519,1.646071,1.945844
2018-10-01,1.364852,3.527566,1.630649,1.206146
2018-10-02,0.383834,3.523506,1.610116,1.200202
2018-10-03,1.120315,3.519418,1.612471,1.192376
2018-10-04,0.081220,3.514210,1.565034,1.203334
2018-10-05,0.001980,3.498903,1.541767,1.567112
2018-10-06,0.006772,3.361473,1.529120,1.178665
2018-10-07,0.008925,3.364028,1.506545,1.172660
2018-10-08,0.005280,3.363818,1.477816,1.169630
2018-10-09,0.006487,3.363432,1.457635,1.142280
2018-10-10,0.009810,3.368103,1.430961,1.174474
2018-10-11,1.861126,3.370043,1.962821,1.151920
2018-10-12,51.911383,19.849340,3.415235,2.756685
2018-10-13,0.302596,6.831712,1.366676,1.137375
2018-10-14,0.010833,3.829262,1.346144,1.150408
2018-10-15,0.007693,3.432689,1.343289,1.129471
2018-10-16,0.996593,3.376744,1.388531,1.134808
2018-10-17,0.999397,3.372134,1.444718,1.122168
2018-10-18,3.733582,3.735426,1.514046,1.138425
2018-10-19,17.311863,7.545622,1.930851,1.100366
2018-10-20,0.008496,4.070353,1.248182,1.121458
2018-10-21,0.001397,3.319381,1.185191,1.118826
2018-10-22,0.002968,2.554009,1.173009,1.323775
2018-10-23,0.002403,2.521979,1.150830,1.107847
2018-10-24,0.002279,2.520459,1.130191,1.099678
2018-10-25,0.002614,2.520295,1.112208,1.163121
2018-10-26,0.003452,2.518844,1.101254,1.296398
2018-10-27,0.001421,2.520239,1.073534,1.103176
2018-10-28,0.004254,2.520277,1.138197,1.103381
2018-10-29,0.003427,2.518934,1.043263,1.085891
2018-10-30,0.001422,2.518672,1.020308,1.075031
2018-10-31,0.004497,2.509775,1.037437,1.151687
2018-11-01,0.003343,2.506122,0.989318,1.128304
2018-11-02,0.004876,2.506892,0.968927,1.122922
2018-11-03,0.004192,2.506682,0.956471,1.066534
2018-11-04,0.009596,2.506160,0.938588,1.103768
2018-11-05,0.001816,2.506170,0.925371,1.092512
2018-11-06,0.006593,2.504092,0.904303,1.052207
2018-11-07,0.021826,2.504636,0.991391,1.051456
2018-11-08,25.195260,8.571163,3.926419,1.046299
2018-11-09,14.101353,17.505862,1.724493,1.103542
2018-11-10,0.005116,4.421488,0.859196,1.041141
2018-11-11,0.006712,2.765498,0.834818,1.096433
2018-11-12,0.004761,2.519304,0.816533,1.034028
2018-11-13,0.004402,2.508203,0.806696,1.028691
2018-11-14,0.004356,2.505161,0.789107,1.038814
2018-11-15,0.004371,2.504305,0.777670,1.072111
2018-11-16,0.004362,2.502807,0.767375,1.030523
2018-11-17,32.984680,10.539382,63.503990,21.483197
2018-11-18,56.934516,35.433906,31.170873,18.469771
2018-11-19,2.318765,3.898181,4.830175,1.049857
2018-11-20,1.126894,2.606751,12.798619,1.110563
2018-11-21,3.705791,2.915703,5.745383,1.056385
2018-11-22,0.003329,2.523483,0.677452,1.047175
2018-11-23,0.004578,2.487232,0.669704,1.040392
2018-11-24,0.006241,2.483901,0.654611,1.039048
2018-11-25,0.003892,2.483105,0.646977,1.037913
2018-11-26,0.004214,2.480659,0.631998,1.033921
2018-11-27,0.004104,2.481781,0.623174,1.038115
2018-11-28,0.004455,2.483909,0.609493,1.032998
2018-11-29,0.004576,2.493235,0.597252,1.036038
2018-11-30,0.003901,2.481984,0.586142,1.021385
2018-12-01,0.004411,2.478327,0.573440,1.025927
2018-12-02,0.003937,2.490851,0.562628,1.018175
2018-12-03,0.004103,2.494619,0.545690,1.014341
2018-12-04,0.003876,2.494483,0.533283,1.005626
2018-12-05,0.003717,2.494509,0.518719,1.011328
2018-12-06,0.003805,2.493165,0.504945,1.007443
2018-12-07,0.004019,2.494530,0.491926,1.009526
2018-12-08,0.004463,2.494589,0.470004,1.005584
2018-12-09,0.003932,2.494151,0.466396,0.995950
2018-12-10,0.003864,2.484876,0.444545,0.999559
2018-12-11,3.145697,2.492167,2.583552,0.993016
2018-12-12,0.788078,2.496856,1.280110,0.995032
2018-12-13,0.732424,2.480614,1.320274,0.995297
2018-12-14,8.026804,3.077555,4.006472,0.987332
2018-12-15,0.439574,2.665451,1.576620,1.280473
2018-12-16,0.005590,2.480186,0.364408,1.003226
2018-12-17,0.537023,2.480121,0.500869,0.962341
2018-12-18,0.016135,2.480058,0.393069,0.983650
2018-12-19,3.638900,3.798216,1.476351,0.976075
2018-12-20,0.002136,2.711208,0.337263,0.956262
2018-12-21,0.000149,2.522213,0.318818,0.970646
2018-12-22,0.000269,2.494326,0.307857,0.958476
2018-12-23,0.002493,2.487917,0.301658,0.961649
2018-12-24,0.004304,2.486959,0.299255,0.947435
2018-12-25,0.000184,2.486824,0.287415,0.959084
2018-12-26,0.001097,2.485249,0.279599,0.949293
2018-12-27,0.003299,2.486607,0.380256,0.960741
2018-12-28,0.002304,2.482880,0.287879,1.189467
2018-12-29,0.003223,2.480385,0.266078,0.967453
2018-12-30,0.002931,2.158683,0.254875,0.962284
2018-12-31,0.000000,2.154877,0.257141,0.956196
2019-01-01,0.000000,3.694403,0.325792,0.971599
2019-01-02,0.000000,3.696571,4.818422,0.943621
2019-01-03,38.799868,12.474229,20.306442,1.245068
2019-01-04,7.488909,8.059174,12.265741,0.939137
2019-01-05,2.213108,5.736211,3.295982,0.947016
2019-01-06,0.000000,3.602438,0.223519,1.156083
2019-01-07,0.000000,3.485154,0.220101,0.929543
2019-01-08,0.000000,3.587612,0.900970,1.227517
2019-01-09,1.557476,3.645824,4.954796,0.937276
2019-01-10,0.000000,3.385939,0.208442,0.912685
2019-01-11,0.000000,3.556497,0.204309,0.922231
2019-01-12,0.000000,3.401650,0.198371,0.926485
2019-01-13,0.000000,3.267795,0.195041,0.903454
2019-01-14,0.000000,3.219262,0.191608,0.909654
2019-01-15,0.000000,3.197219,0.191399,0.900073
2019-01-16,0.000000,3.212587,0.183209,0.909155
2019-01-17,0.000000,3.398028,0.175508,0.907887
2019-01-18,0.000000,3.477706,0.178281,0.917765
2019-01-19,0.000000,3.560095,0.176436,0.890407
2019-01-20,0.000000,3.294297,0.170611,0.911239
2019-01-21,0.000000,3.210225,0.160173,0.881335
2019-01-22,0.000000,3.212453,0.162785,0.904479
2019-01-23,0.000000,3.210961,0.176779,0.902471
2019-01-24,0.000000,3.211059,0.150145,0.888121
2019-01-25,0.000000,3.209354,0.148582,1.158864
2019-01-26,0.000000,3.199800,0.145876,0.900994
2019-01-27,0.000000,3.008042,0.138957,0.890670
2019-01-28,0.000000,2.902820,0.136735,0.871568
2019-01-29,0.000000,2.897194,0.136837,1.121519
2019-01-30,0.000000,2.892218,0.126900,0.877309
2019-01-31,0.000000,2.896106,0.131827,1.117619
2019-02-01,0.000000,2.883038,0.123518,0.877209
2019-02-02,0.000000,2.879177,0.124572,1.122131
2019-02-03,0.000000,2.891761,0.121193,1.117266
2019-02-04,0.000000,2.894923,0.115062,0.872946
2019-02-05,0.000000,2.887439,0.112944,0.883472
2019-02-06,0.000000,2.891903,0.110142,0.864122
2019-02-07,0.000000,2.896578,0.106960,1.100375
2019-02-08,0.000000,2.896478,0.104488,1.115492
2019-02-09,0.000000,2.894047,0.100902,0.871069
2019-02-10,0.000000,2.894881,0.099767,1.100491
2019-02-11,0.000000,2.887410,0.097366,0.873010
2019-02-12,0.000000,2.890213,0.091798,1.107894
2019-02-13,0.000000,2.895150,0.088981,0.863509
2019-02-14,0.000000,2.895520,0.089393,1.081508
2019-02-15,0.000000,2.894195,0.084587,1.107305
2019-02-16,0.000000,2.884354,0.086699,1.086083
2019-02-17,0.000000,2.875667,0.081132,1.098504
2019-02-18,0.000000,2.873899,0.078729,0.852179
2019-02-19,0.000000,2.875250,0.076408,1.072890
2019-02-20,0.000000,2.875392,0.219039,1.079228
2019-02-21,0.744042,2.869341,2.451661,1.095681
2019-02-22,2.224204,2.881986,1.112915,1.085419
2019-02-23,3.832036,2.905525,1.951265,0.854533
2019-02-24,0.000000,2.868462,0.149184,1.073054
2019-02-25,0.000000,2.867466,0.474592,1.085015
2019-02-26,0.000000,2.857155,1.184260,1.072268
2019-02-27,0.000000,2.852388,0.128361,1.083003
2019-02-28,0.000000,2.851195,0.059296,0.824656
2019-03-01,0.000000,2.847801,0.059296,1.075179
2019-03-02,0.000000,2.845294,0.054798,1.060710
2019-03-03,0.000000,2.841847,0.058242,1.052337
2019-03-04,0.000000,2.841286,0.053590,1.067194
2019-03-05,0.000000,2.840649,0.057175,1.065864
2019-03-06,0.000000,2.838151,0.050338,1.050875
2019-03-07,0.000000,2.840403,0.050261,1.060261
2019-03-08,0.000000,2.839497,0.051397,1.059817
2019-03-09,0.000000,2.839158,0.048062,1.091082
2019-03-10,0.000000,2.839852,0.046880,1.072201
2019-03-11,0.000000,2.839575,0.048062,1.079390
2019-03-12,0.000000,2.835223,0.045820,1.100041
2019-03-13,0.000000,2.831542,0.043344,1.059062
2019-03-14,0.000000,2.832095,0.045865,1.086423
2019-03-15,0.000000,2.832199,0.041225,0.837147
2019-03-16,0.000000,2.830992,0.041225,1.072766
2019-03-17,0.000000,2.829857,0.038950,1.055091
2019-03-18,0.000000,2.831781,0.110824,1.071905
2019-03-19,0.000000,2.832098,0.038950,1.034963
2019-03-20,0.000000,2.828325,0.034307,1.068296
2019-03-21,0.000000,2.825822,0.038950,1.077852
2019-03-22,0.000000,2.829935,0.037425,1.110158
2019-03-23,0.000000,2.826953,0.037813,1.062963
2019-03-24,0.000000,2.821988,0.036629,1.079721
2019-03-25,0.000000,2.825529,0.113943,1.083210
2019-03-26,0.000000,3.086942,0.059675,1.031622
2019-03-27,0.000000,3.854344,0.035491,1.063966
2019-03-28,0.000000,3.971273,0.032034,1.049108
2019-03-29,0.000000,3.968828,0.032033,1.061432
2019-03-30,0.000000,3.953791,0.030897,1.046477
2019-03-31,0.000000,3.364935,0.030895,1.034207
2019-04-01,0.000000,2.973877,0.030895,1.051950
2019-04-02,0.000000,2.874315,0.028577,2.905409
2019-04-03,0.000000,2.872949,1.137036,1.056447
2019-04-04,0.000000,2.866411,0.996368,1.035329
2019-04-05,0.000000,3.154691,0.027438,1.041235
2019-04-06,0.000000,3.383743,0.027438,4.096119
2019-04-07,0.000000,3.762789,0.026301,1.535543
2019-04-08,0.000000,4.086339,0.027439,2.855779
2019-04-09,0.000000,3.977964,0.025112,3.763487
2019-04-10,0.000000,4.081238,0.098316,2.878246
2019-04-11,0.000000,4.171531,2.918024,3.495462
2019-04-12,3.714444,3.684738,27.342086,4.038425
2019-04-13,36.756429,10.951940,64.933996,2.235817
2019-04-14,41.923965,17.767542,43.956612,7.037487
2019-04-15,58.479430,28.149996,26.426050,23.644923
2019-04-16,55.213863,20.524025,15.929313,9.275219
2019-04-17,116.439476,80.794862,28.260181,15.765319
2019-04-18,9.952013,20.569935,6.346731,17.548253
2019-04-19,92.238785,28.542915,21.220860,19.399144
2019-04-20,36.711489,51.658012,8.211304,12.893535
2019-04-21,1.243846,12.173941,0.811115,3.642260
2019-04-22,0.642739,5.801261,0.022862,0.970365
2019-04-23,0.424435,5.177573,0.028504,0.985156
2019-04-24,3.218655,7.462696,4.990431,5.064473
2019-04-25,23.889455,18.874973,41.957114,12.759939
2019-04-26,48.750599,29.499637,9.925101,9.494285
2019-04-27,130.402153,67.267989,84.656839,82.457355
2019-04-28,97.763114,72.413506,41.272486,50.682122
2019-04-29,73.802317,65.877719,24.145317,35.543543
2019-04-30,78.016037,125.176075,29.340169,37.743299
2019-05-01,44.322101,91.739967,23.616299,25.179098
2019-05-02,0.939469,38.284673,4.230540,0.955479
2019-05-03,0.446176,11.026371,7.673827,7.309964
2019-05-04,0.282655,13.584788,16.831441,8.111842
2019-05-05,0.342244,14.205538,10.202689,11.388385
2019-05-06,10.398614,16.948840,20.731427,10.522126
2019-05-07,22.779058,25.749676,21.185009,10.495851
2019-05-08,2.995363,17.681055,7.585270,3.947355
2019-05-09,2.982752,7.876394,3.427094,3.297680
2019-05-10,2.061860,6.242863,4.873892,3.151820
2019-05-11,1.320666,7.080450,6.657594,2.697487
2019-05-12,0.656529,8.171952,9.116228,7.583985
2019-05-13,0.372552,8.267074,17.387320,5.853241
2019-05-14,5.086515,12.336274,17.504347,6.078535
2019-05-15,47.053233,24.396599,66.496676,13.790365
2019-05-16,88.356642,58.930415,66.466153,29.933344
2019-05-17,67.156822,103.008898,32.046341,59.371269
2019-05-18,85.158412,141.320875,21.253935,54.431321
2019-05-19,52.741161,123.752437,23.959360,41.022484
2019-05-20,60.919957,115.675492,23.351282,39.049054
2019-05-21,56.362419,103.679910,15.044850,33.274889
2019-05-22,59.983265,101.887105,32.184651,81.801256
2019-05-23,55.643683,93.958311,28.227579,48.313458
2019-05-24,65.474427,103.899660,33.080295,70.619044
2019-05-25,72.710174,121.755212,37.287911,77.384499
2019-05-26,51.794168,106.352247,33.697240,69.459955
2019-05-27,38.925407,82.220935,23.762356,18.983290
2019-05-28,28.849273,71.809484,32.115581,58.872106
2019-05-29,36.775212,82.965262,43.780202,93.964475
2019-05-30,30.365624,85.846573,44.152012,100.698833
2019-05-31,9.843064,52.103911,32.772970,23.391084
2019-06-01,14.728324,39.682399,43.895967,78.370870
2019-06-02,37.739386,68.465645,40.858355,121.622713
2019-06-03,35.672356,88.123839,42.101946,131.220320
2019-06-04,50.925322,115.664654,46.644464,157.184780
2019-06-05,58.720346,129.013782,45.394182,154.553786
2019-06-06,53.847911,126.931025,51.125091,187.085990
2019-06-07,67.121599,154.842769,57.037560,229.206495
2019-06-08,80.309470,200.677401,53.051788,231.632979
2019-06-09,82.300109,230.417209,53.860262,236.046672
2019-06-10,87.252987,286.763276,55.712870,265.704641
2019-06-11,103.553138,353.818849,69.083218,337.013260
2019-06-12,249.451504,611.427602,81.313221,546.410514
2019-06-13,257.857183,880.799003,74.553010,700.458963
2019-06-14,176.873269,787.259979,58.775583,692.392382
2019-06-15,165.075438,743.750886,54.306503,697.102298
2019-06-16,171.018772,783.598692,54.182260,785.621094
2019-06-17,139.573606,740.719201,40.240510,607.500242
2019-06-18,134.960640,679.232699,30.623198,527.308643
2019-06-19,86.721820,577.825648,29.088322,558.628491
2019-06-20,90.463006,541.796030,30.136139,633.960799
2019-06-21,74.680988,540.917158,31.997000,661.605876
2019-06-22,90.225942,587.295111,32.376645,784.037004
2019-06-23,107.585352,695.329327,32.239170,839.188728
2019-06-24,83.329474,660.810214,32.189548,842.357874
2019-06-25,119.892524,775.996641,38.121960,1106.581038
2019-06-26,92.091496,871.998090,38.578099,1101.704532
2019-06-27,147.905236,793.348420,34.921212,968.636159
2019-06-28,166.449779,945.038928,30.850202,955.599885
2019-06-29,63.244705,642.382544,27.655316,967.057249
2019-06-30,128.451541,641.001019,27.292212,985.828590
2019-07-01,71.811576,675.674526,28.414266,1011.362788
2019-07-02,47.870019,644.976451,29.509974,1073.342890
2019-07-03,87.819315,561.222661,36.979172,1229.438774
2019-07-04,94.913402,847.076552,30.834730,1365.400144
2019-07-05,86.037125,915.451656,27.895596,1186.668086
2019-07-06,90.181401,929.449608,29.195641,1199.458690
2019-07-07,81.398175,977.602271,28.709856,1231.019171
2019-07-08,93.186107,1114.349757,25.200850,1089.107932
2019-07-09,101.216060,1025.928997,24.255969,1015.995636
2019-07-10,40.792363,776.439888,26.585764,1073.164641
2019-07-11,39.597404,771.200273,27.135551,1160.747064
2019-07-12,44.374327,788.656959,27.986030,1213.625118
2019-07-13,70.624975,900.447540,34.606392,1340.215234
2019-07-14,70.152027,949.495921,29.746842,1295.692343
2019-07-15,61.386451,886.676116,40.473310,1500.625663
2019-07-16,92.019407,1059.231259,37.863821,1475.270924
2019-07-17,75.531406,1016.835322,32.647321,1361.348093
2019-07-18,65.142151,942.322694,29.246787,1282.024919
2019-07-19,59.828738,910.293534,29.457255,1241.968366
2019-07-20,88.404865,1026.336485,35.674753,1463.708293
2019-07-21,80.237860,1106.900129,32.396884,1342.001092
2019-07-22,87.153031,1180.061679,31.964110,1398.410474
2019-07-23,66.678799,999.166218,27.950184,1107.974226
2019-07-24,55.752661,866.490342,29.106599,1008.926187
2019-07-25,58.848436,796.222766,30.113118,1125.014012
2019-07-26,77.457264,728.577297,28.851197,762.587126
2019-07-27,102.485086,661.980218,37.271415,759.208775
2019-07-28,360.739154,1242.174368,83.262099,1676.946535
2019-07-29,430.519136,2509.772332,149.990307,2416.926433
2019-07-30,210.648861,2638.232785,24.532913,2050.714136
2019-07-31,95.143575,1844.085874,16.528219,1481.076982
2019-08-01,86.158445,1351.894591,14.986697,1323.647667
2019-08-02,77.833126,1212.995809,16.458347,1266.104288
2019-08-03,78.003769,1156.548579,18.574790,1288.247442
2019-08-04,64.768264,1120.183535,20.464816,1240.357833
2019-08-05,70.344321,1079.740565,19.010527,1071.462056
2019-08-06,51.444057,961.197298,18.651309,1020.611010
2019-08-07,37.094931,746.574894,17.889997,902.680944
2019-08-08,41.674550,743.777414,17.940588,856.193322
2019-08-09,22.223655,653.812600,16.841930,768.687848
2019-08-10,23.658431,600.604942,24.476036,690.279323
2019-08-11,21.311833,622.333640,15.929529,686.597701
2019-08-12,13.664917,541.808084,13.484567,573.146269
2019-08-13,11.501417,461.997449,12.385884,515.966018
2019-08-14,16.464023,476.790677,15.928690,531.158621
2019-08-15,17.958762,530.380451,21.569826,726.364013
2019-08-16,12.067589,461.947754,14.321483,551.255831
2019-08-17,15.498464,433.240146,13.883129,499.829791
2019-08-18,14.446018,422.110268,13.122333,419.664179
2019-08-19,12.916362,370.551806,11.798776,325.567032
2019-08-20,10.284403,306.460694,10.617686,276.322165
2019-08-21,12.958962,296.762134,10.652658,223.098291
2019-08-22,6.401610,236.140222,11.308969,221.582960
2019-08-23,283.008333,399.726731,42.272134,258.094657
2019-08-24,123.402283,538.356175,30.103497,304.401056
2019-08-25,6.459049,278.359064,5.597507,265.068490
2019-08-26,4.688306,175.551333,8.506724,319.029871
2019-08-27,7.232995,177.297399,5.026990,232.382376
2019-08-28,7.014502,170.102946,4.268860,180.686597
2019-08-29,4.140905,138.511546,3.760074,158.165493
2019-08-30,3.910254,123.337988,3.665070,158.446672
2019-08-31,2.977070,117.529653,4.997457,215.116098
2019-09-01,3.841675,116.216601,0.000000,0.000000
2019-09-02,2.442313,100.403552,0.000000,0.000000
2019-09-03,2.105352,81.187690,0.000000,0.000000
2019-09-04,1.602695,66.890966,0.000000,0.000000
2019-09-05,1.882174,63.362730,0.000000,0.000000
2019-09-06,0.709732,59.321881,0.000000,0.000000
2019-09-07,173.380319,220.456642,0.000000,0.000000
2019-09-08,57.062220,327.225222,0.000000,0.000000
2019-09-09,16.502004,125.004487,0.000000,0.000000
2019-09-10,1.883149,47.312237,0.000000,0.000000
2019-09-11,0.864748,28.830859,0.000000,0.000000
2019-09-12,5.622577,25.183083,0.000000,0.000000
2019-09-13,2.458943,19.879756,0.000000,0.000000
2019-09-14,0.020889,15.380200,0.000000,0.000000
2019-09-15,0.107756,9.287217,0.000000,0.000000
2019-09-16,0.864622,8.543832,0.000000,0.000000
2019-09-17,0.001664,8.849997,0.000000,0.000000
2019-09-18,0.001309,8.452306,0.000000,0.000000
2019-09-19,0.239758,8.252225,0.000000,0.000000
2019-09-20,8.500902,9.954995,0.000000,0.000000
2019-09-21,67.919131,24.722818,0.000000,0.000000
2019-09-22,195.201613,293.924567,0.000000,0.000000
2019-09-23,194.906622,788.063232,0.000000,0.000000
2019-09-24,442.617899,1065.700408,0.000000,0.000000
2019-09-25,131.761092,1086.388314,0.000000,0.000000
2019-09-26,96.237250,494.392293,0.000000,0.000000
2019-09-27,3.132051,148.975346,0.000000,0.000000
2019-09-28,0.660418,46.167311,0.000000,0.000000
2019-09-29,1.333380,37.546959,0.000000,0.000000
2019-09-30,0.108765,31.568919,0.000000,0.000000
2019-10-01,0.958517,24.082969,0.000000,0.000000
2019-10-02,0.091804,22.591885,0.000000,0.000000
2019-10-03,3.730996,23.535117,0.000000,0.000000
2019-10-04,25.629893,40.313629,0.000000,0.000000
2019-10-05,29.489830,65.484895,0.000000,0.000000
2019-10-06,139.306264,286.180453,0.000000,0.000000
2019-10-07,2.338768,122.872905,0.000000,0.000000
2019-10-08,0.028756,42.657868,0.000000,0.000000
2019-10-09,0.175755,21.558770,0.000000,0.000000
2019-10-10,0.007458,13.074963,0.000000,0.000000
2019-10-11,0.012176,12.516024,0.000000,0.000000
2019-10-12,0.011863,15.150495,0.000000,0.000000
2019-10-13,0.013242,13.511694,0.000000,0.000000
2019-10-14,0.008904,11.445892,0.000000,0.000000
2019-10-15,0.000759,11.378016,0.000000,0.000000
2019-10-16,0.003535,9.764042,0.000000,0.000000
2019-10-17,0.000280,8.794836,0.000000,0.000000
2019-10-18,0.000290,8.923107,0.000000,0.000000
2019-10-19,0.000807,12.203858,0.000000,0.000000
2019-10-20,0.000353,11.886271,0.000000,0.000000
2019-10-21,0.000261,9.737994,0.000000,0.000000
2019-10-22,0.002876,7.915673,0.000000,0.000000
2019-10-23,0.002351,7.236120,0.000000,0.000000
2019-10-24,0.000000,8.424948,0.000000,0.000000
2019-10-25,0.000000,10.492669,0.000000,0.000000
2019-10-26,0.002163,10.909660,0.000000,0.000000
2019-10-27,0.001913,10.965081,0.000000,0.000000
2019-10-28,0.002729,11.008397,0.000000,0.000000
2019-10-29,0.002764,10.981625,0.000000,0.000000
2019-10-30,0.002670,11.055598,0.000000,0.000000
2019-10-31,0.000073,10.795957,0.000000,0.000000
2019-11-01,0.000109,10.258001,0.000000,0.000000
2019-11-02,0.000051,10.821902,0.000000,0.000000
2019-11-03,0.000061,10.559760,0.000000,0.000000
2019-11-04,0.000000,10.213647,0.000000,0.000000
2019-11-05,0.000000,8.693283,0.000000,0.000000
2019-11-06,0.000000,10.181146,0.000000,0.000000
2019-11-07,0.000000,10.781302,0.000000,0.000000
2019-11-08,0.000013,10.874183,0.000000,0.000000
2019-11-09,0.000022,10.887275,0.000000,0.000000
2019-11-10,0.000337,10.013065,0.000000,0.000000
2019-11-11,0.000067,10.704692,0.000000,0.000000
2019-11-12,0.000115,10.019490,0.000000,0.000000
2019-11-13,0.000010,9.424049,0.000000,0.000000
2019-11-14,0.000001,10.693116,0.000000,0.000000
2019-11-15,0.000153,4.894130,0.000000,0.000000
2019-11-16,0.000000,2.297913,0.000000,0.000000
2019-11-17,0.000000,2.316044,0.000000,0.000000
2019-11-18,0.000000,3.037324,0.000000,0.000000
2019-11-19,0.000000,4.135491,0.000000,0.000000
2019-11-20,0.000000,2.264148,0.000000,0.000000
2019-11-21,0.000000,2.193746,0.000000,0.000000
2019-11-22,0.000000,2.191677,0.000000,0.000000
2019-11-23,0.000000,2.190012,0.000000,0.000000
2019-11-24,0.000000,2.196446,0.000000,0.000000
2019-11-25,0.000000,2.199602,0.000000,0.000000
2019-11-26,0.000000,2.367731,0.000000,0.000000
2019-11-27,0.000000,4.250879,0.000000,0.000000
2019-11-28,0.000000,4.859769,0.000000,0.000000
2019-11-29,0.000000,4.948412,0.000000,0.000000
2019-11-30,0.000000,4.961459,0.000000,0.000000
2019-12-01,0.000000,4.586819,0.000000,0.000000
2019-12-02,12.888744,3.256323,0.000000,0.000000
2019-12-03,29.474476,11.185412,0.000000,0.000000
2019-12-04,0.000000,2.100651,0.000000,0.000000
2019-12-05,0.000000,2.046235,0.000000,0.000000
2019-12-06,0.000000,2.045324,0.000000,0.000000
2019-12-07,0.000000,2.046357,0.000000,0.000000
2019-12-08,0.000000,2.046518,0.000000,0.000000
2019-12-09,0.000000,2.046154,0.000000,0.000000
2019-12-10,0.000000,2.045938,0.000000,0.000000
2019-12-11,0.000000,2.044629,0.000000,0.000000
2019-12-12,0.000000,2.043224,0.000000,0.000000
2019-12-13,0.000000,2.043866,0.000000,0.000000
2019-12-14,0.000000,2.044761,0.000000,0.000000
2019-12-15,0.000000,2.044707,0.000000,0.000000
2019-12-16,0.000000,2.043752,0.000000,0.000000
2019-12-17,0.000000,2.044775,0.000000,0.000000
2019-12-18,0.000000,2.043714,0.000000,0.000000
2019-12-19,0.000000,2.045903,0.000000,0.000000
2019-12-20,0.000000,2.046380,0.000000,0.000000
2019-12-21,0.000000,2.042402,0.000000,0.000000
2019-12-22,0.000000,2.043420,0.000000,0.000000
2019-12-23,0.000000,2.043325,0.000000,0.000000
2019-12-24,0.000000,2.043355,0.000000,0.000000
2019-12-25,0.000000,2.043312,0.000000,0.000000
2019-12-26,0.000000,2.042335,0.000000,0.000000
2019-12-27,0.000000,2.043405,0.000000,0.000000
2019-12-28,0.000000,2.043324,0.000000,0.000000
2019-12-29,0.000000,2.042864,0.000000,0.000000
2019-12-30,0.000000,2.759020,0.000000,0.000000
2019-12-31,0.000000,3.222399,0.000000,0.000000

