time,MAR_land,MAR_ice,RACMO_land,RACMO_ice
2015-01-01,0.032740,3.969329,0.112277,8.770867
2015-01-02,0.010955,3.385237,0.107172,8.764863
2015-01-03,0.009644,1.587746,0.107154,8.765894
2015-01-04,0.011597,1.460392,0.107154,8.766811
2015-01-05,0.020359,1.460413,0.103487,8.736243
2015-01-06,0.013552,1.433081,0.104596,8.739265
2015-01-07,0.006220,1.422618,0.100923,8.697212
2015-01-08,0.006470,1.424170,0.102371,8.716888
2015-01-09,0.007857,1.423633,0.099807,8.693310
2015-01-10,0.007873,1.420802,0.098359,8.697007
2015-01-11,0.007033,1.419634,0.096134,8.682051
2015-01-12,0.009881,1.420480,0.097243,8.676981
2015-01-13,0.011204,1.562583,0.091788,8.611716
2015-01-14,0.012623,2.430325,0.092454,8.658632
2015-01-15,0.016565,2.725194,0.092466,8.617212
2015-01-16,0.018660,2.842886,0.089551,8.611536
2015-01-17,0.019476,2.881984,0.088447,8.606484
2015-01-18,0.009867,2.896723,0.801054,8.629536
2015-01-19,0.005511,2.872152,0.128183,8.547832
2015-01-20,0.001871,2.650114,0.084768,8.552386
2015-01-21,0.001995,2.887580,0.083319,8.531008
2015-01-22,0.002125,2.924879,0.083658,8.513116
2015-01-23,0.001878,2.267513,0.081094,8.505705
2015-01-24,0.001478,2.670239,0.079646,8.502122
2015-01-25,0.001500,2.832520,0.079646,8.478178
2015-01-26,0.003988,2.762564,0.078530,8.500755
2015-01-27,0.006030,2.802096,0.077421,8.464356
2015-01-28,0.008785,1.880986,0.075972,8.440584
2015-01-29,0.007418,2.579362,0.073408,8.497598
2015-01-30,0.002147,2.842508,0.074857,8.479929
2015-01-31,0.002478,2.837732,0.072293,8.448937
2015-02-01,0.002191,2.350823,0.084221,8.442735
2015-02-02,0.000598,1.751211,0.072293,8.927428
2015-02-03,0.000445,1.800585,0.134495,9.393163
2015-02-04,0.000468,1.827472,0.083183,8.357394
2015-02-05,0.001622,1.823339,0.069723,8.361130
2015-02-06,0.012002,1.635505,0.067504,8.339817
2015-02-07,0.009489,1.574896,1.646103,8.477004
2015-02-08,0.004094,1.571912,0.099064,8.374393
2015-02-09,0.001954,1.570531,0.063497,8.364812
2015-02-10,0.004498,1.569266,0.062382,8.358720
2015-02-11,0.008815,1.568060,0.063491,8.341637
2015-02-12,0.008295,1.567750,0.059311,8.324357
2015-02-13,0.003374,1.546735,0.062376,8.326297
2015-02-14,0.002062,1.510367,0.058887,8.314559
2015-02-15,0.002232,1.510605,0.059818,8.276315
2015-02-16,0.005190,1.542411,0.057254,8.278623
2015-02-17,0.008058,1.555823,0.057259,8.247799
2015-02-18,0.003575,1.428543,0.054695,8.258063
2015-02-19,0.002143,1.407277,0.056138,8.260341
2015-02-20,0.002101,1.407324,0.053580,8.232488
2015-02-21,0.003740,1.406223,0.052131,8.209771
2015-02-22,0.001799,1.458493,0.053580,8.206030
2015-02-23,0.001597,1.529351,0.051016,8.188171
2015-02-24,0.009656,1.513051,0.048290,8.192056
2015-02-25,0.006865,1.531249,0.047003,8.131804
2015-02-26,0.001368,1.540147,0.049901,8.149524
2015-02-27,0.001040,1.541946,0.046900,8.165237
2015-02-28,0.001090,1.542061,0.047003,8.141019
2015-03-01,0.014751,1.542387,0.044778,8.166036
2015-03-02,0.070270,1.546436,0.044778,8.095575
2015-03-03,0.023455,1.551967,0.042220,8.107862
2015-03-04,0.017662,1.554991,0.043669,8.087685
2015-03-05,0.010347,1.554842,0.043308,8.045707
2015-03-06,0.010232,1.553585,0.039656,8.050196
2015-03-07,0.006474,1.557625,0.039673,8.020155
2015-03-08,0.008372,1.560681,0.052859,8.010078
2015-03-09,0.006521,1.562242,0.039656,8.024833
2015-03-10,0.005522,1.562896,0.037630,7.970739
2015-03-11,0.010451,1.562356,0.038541,7.985456
2015-03-12,0.006372,1.563794,0.037086,7.971755
2015-03-13,0.008084,1.563145,0.035778,7.984270
2015-03-14,0.009552,1.565615,0.036181,7.959214
2015-03-15,0.007160,1.565959,0.035496,7.940371
2015-03-16,0.005165,1.564767,0.035206,7.965530
2015-03-17,0.008324,1.564572,0.035066,7.936316
2015-03-18,0.010770,1.562352,0.032303,7.955904
2015-03-19,0.009639,1.561576,0.032303,7.889152
2015-03-20,0.008768,1.561784,0.030855,7.893971
2015-03-21,0.008043,1.562893,0.032298,7.885692
2015-03-22,0.012075,1.639919,0.029745,7.869847
2015-03-23,0.016935,1.863692,0.040546,7.854178
2015-03-24,0.012683,2.013044,0.029747,7.843791
2015-03-25,0.005838,2.111309,0.029739,7.810434
2015-03-26,0.008839,2.164639,0.028630,7.826470
2015-03-27,0.011532,2.200244,0.027175,7.806544
2015-03-28,0.012970,2.226345,0.028630,7.788984
2015-03-29,0.015608,2.213326,0.027175,7.782043
2015-03-30,0.015449,1.870885,0.027175,7.779018
2015-03-31,0.007071,2.118993,0.026066,7.784384
2015-04-01,0.006913,2.090198,0.026066,7.764672
2015-04-02,0.008379,2.102216,0.024611,7.762744
2015-04-03,0.007688,2.105107,0.023508,7.707993
2015-04-04,0.007569,2.105257,0.024950,7.750662
2015-04-05,0.020758,2.108374,0.022053,7.708637
2015-04-06,0.006920,2.108338,0.023496,7.718080
2015-04-07,0.008032,2.110117,0.022392,7.716417
2015-04-08,0.009014,2.113045,0.020938,7.701286
2015-04-09,0.012854,2.113677,0.022053,7.676249
2015-04-10,0.009569,2.117868,0.019822,7.676123
2015-04-11,0.004676,2.117004,0.019834,7.650478
2015-04-12,0.007624,2.120915,0.019822,7.666936
2015-04-13,0.006483,1.718057,0.020938,7.621111
2015-04-14,0.003977,1.402126,0.198015,17.658988
2015-04-15,0.009334,1.397249,0.914305,14.838825
2015-04-16,0.007432,1.396176,0.103110,13.029764
2015-04-17,0.009003,1.396818,0.031785,7.582163
2015-04-18,0.008049,1.396297,0.432737,12.029989
2015-04-19,0.010731,1.396196,1.851490,8.824437
2015-04-20,0.009683,1.396214,0.076457,15.006156
2015-04-21,0.023005,1.394924,0.017258,7.567083
2015-04-22,0.028586,1.395570,0.102364,19.967219
2015-04-23,0.012383,1.395579,1.709455,21.162482
2015-04-24,0.019516,1.395963,0.014700,13.030745
2015-04-25,0.009467,1.395987,0.026289,9.773253
2015-04-26,0.007180,1.394945,0.016149,7.488278
2015-04-27,0.006518,1.395727,0.014700,7.487966
2015-04-28,0.004630,1.395794,0.112241,7.477103
2015-04-29,0.007886,1.396523,3.073954,7.461619
2015-04-30,0.008289,1.395910,1.091797,10.664357
2015-05-01,0.008868,1.393812,0.024686,7.439588
2015-05-02,0.008256,1.394018,0.135303,7.443015
2015-05-03,0.007619,1.395317,0.804421,16.451658
2015-05-04,0.004875,1.395765,2.694451,21.253866
2015-05-05,0.008925,1.395570,1.780416,19.363289
2015-05-06,0.007224,1.392665,5.855790,17.660114
2015-05-07,0.006612,1.393138,6.423568,21.686357
2015-05-08,0.005502,1.486080,4.529513,23.248199
2015-05-09,0.004634,1.735227,9.472126,23.117781
2015-05-10,0.003093,3.103956,8.936341,18.615445
2015-05-11,0.002466,3.622325,0.580605,11.534473
2015-05-12,0.001199,3.863831,0.431904,14.559372
2015-05-13,0.000492,3.959170,0.356437,14.589450
2015-05-14,0.000181,3.981496,1.047722,19.440164
2015-05-15,0.057218,3.981667,4.148895,21.531044
2015-05-16,0.055215,3.985410,6.881990,16.358297
2015-05-17,0.000110,3.984010,8.317497,14.049812
2015-05-18,0.927285,4.332263,15.878451,12.026018
2015-05-19,0.273285,4.211595,1.333290,20.253985
2015-05-20,0.415062,3.982312,5.835963,19.269526
2015-05-21,2.049931,4.647791,10.971165,15.683737
2015-05-22,0.647789,4.671447,1.804828,8.630432
2015-05-23,7.553995,5.581968,5.111247,16.469604
2015-05-24,11.633181,8.376111,7.534922,14.942637
2015-05-25,22.974772,10.411213,5.317127,19.094999
2015-05-26,17.888083,11.611870,5.412057,14.163266
2015-05-27,28.020074,15.040520,6.753535,14.614801
2015-05-28,8.701679,13.506945,8.846878,18.463603
2015-05-29,3.031655,7.008177,3.598082,17.828576
2015-05-30,2.233376,4.276894,5.778520,19.529494
2015-05-31,4.256201,4.150393,4.544337,16.012630
2015-06-01,15.538447,5.959341,1.795941,21.888569
2015-06-02,30.808125,14.472284,3.162072,18.059783
2015-06-03,32.485903,21.704652,3.781901,15.877317
2015-06-04,37.476178,26.343085,5.097660,15.253313
2015-06-05,25.115814,24.647790,8.417225,16.302322
2015-06-06,38.094992,27.836006,14.139139,16.434982
2015-06-07,36.314553,31.421966,11.968315,17.681121
2015-06-08,42.640232,33.042998,11.634418,15.081582
2015-06-09,55.552815,45.670540,13.686749,14.498081
2015-06-10,49.964521,48.958633,14.802870,15.040318
2015-06-11,36.696022,43.161399,19.319889,14.250812
2015-06-12,67.226292,53.513625,15.680995,14.245551
2015-06-13,51.632746,63.346133,17.227234,16.434998
2015-06-14,51.319230,55.344923,25.181128,15.071582
2015-06-15,56.083646,55.134001,20.496793,15.020037
2015-06-16,140.615433,123.562857,24.526066,14.589684
2015-06-17,95.996721,131.045466,22.132576,14.082036
2015-06-18,75.275517,112.437041,19.807448,17.531676
2015-06-19,76.137380,107.773230,19.670124,16.690881
2015-06-20,77.801034,113.400081,25.149205,50.099119
2015-06-21,91.052454,125.429278,26.816119,56.828727
2015-06-22,97.584839,141.646889,30.718320,58.520606
2015-06-23,98.723607,151.342843,27.079391,61.948770
2015-06-24,103.287396,156.467355,25.748291,52.834158
2015-06-25,103.476539,166.545486,26.808817,96.709080
2015-06-26,107.208263,171.969303,28.499240,88.505741
2015-06-27,130.105482,200.136175,30.825454,134.807258
2015-06-28,137.063971,229.790514,28.236867,140.798821
2015-06-29,132.227882,236.382116,27.442941,145.387404
2015-06-30,117.975247,224.690767,24.609294,141.783134
2015-07-01,121.422631,240.624542,26.697366,163.320692
2015-07-02,115.242181,247.792849,26.581728,197.606023
2015-07-03,113.412642,255.907865,24.824774,201.940343
2015-07-04,131.465798,282.020736,17.321043,163.485741
2015-07-05,142.586996,345.972975,35.687962,256.085056
2015-07-06,118.460252,364.086342,24.078221,224.744692
2015-07-07,141.867609,451.472572,25.667428,314.879563
2015-07-08,94.410272,363.868702,24.001000,337.005049
2015-07-09,86.160355,343.901763,23.520068,325.949740
2015-07-10,53.931502,284.929962,13.356600,185.116235
2015-07-11,72.200660,289.428249,19.028983,300.522244
2015-07-12,58.297319,266.658227,17.776290,283.266672
2015-07-13,57.434052,268.693280,20.094060,352.574030
2015-07-14,75.096528,345.050111,23.266687,424.854376
2015-07-15,58.611158,388.070508,23.752675,422.156520
2015-07-16,73.936879,457.825680,26.664897,451.261087
2015-07-17,72.938945,503.066337,25.060069,414.234870
2015-07-18,53.992286,431.880363,26.071838,427.816347
2015-07-19,60.057568,413.755545,26.591255,436.609740
2015-07-20,62.429153,441.248960,24.784017,461.458914
2015-07-21,40.742177,390.797001,23.269266,389.398571
2015-07-22,50.250875,380.852637,22.271479,416.841159
2015-07-23,42.214628,371.246409,22.781097,416.772717
2015-07-24,40.740589,346.931463,16.724681,360.857242
2015-07-25,43.628259,327.734231,22.388584,460.208264
2015-07-26,28.547146,293.033387,21.687571,428.018117
2015-07-27,34.619832,287.591712,19.965909,279.210980
2015-07-28,41.211300,306.393232,20.073494,390.916628
2015-07-29,30.040264,282.998278,18.127722,374.551149
2015-07-30,29.651372,261.228120,18.142363,357.715884
2015-07-31,25.940877,247.367425,17.505377,330.042882
2015-08-01,29.037249,262.945705,17.504189,323.327965
2015-08-02,53.299463,428.649318,22.394069,413.951648
2015-08-03,77.929515,598.584066,19.382571,410.956242
2015-08-04,38.021134,465.674907,19.935216,431.128649
2015-08-05,33.851749,395.570990,18.862325,395.014698
2015-08-06,27.928802,345.864168,18.962664,333.214567
2015-08-07,25.153169,298.092698,16.984104,296.878481
2015-08-08,36.267013,322.667993,17.624364,323.597379
2015-08-09,119.549844,877.306680,25.253340,650.984793
2015-08-10,81.903883,988.948015,20.721789,468.788969
2015-08-11,35.211601,687.728113,18.432069,390.627146
2015-08-12,70.848510,377.071727,26.936927,310.940615
2015-08-13,23.432941,256.329607,16.829506,277.956299
2015-08-14,31.375871,327.693384,16.298996,268.584129
2015-08-15,21.447386,275.514170,15.623619,264.983930
2015-08-16,16.678594,230.053611,16.219403,286.641283
2015-08-17,14.826859,199.292630,12.511575,204.924139
2015-08-18,14.711386,171.096556,14.262138,210.909067
2015-08-19,12.650481,160.202551,16.628354,281.989176
2015-08-20,20.944958,202.396252,15.877481,331.443842
2015-08-21,14.199331,201.962123,13.476777,188.214264
2015-08-22,24.034120,231.433941,15.472002,323.971072
2015-08-23,18.118998,242.265954,15.556515,355.509727
2015-08-24,15.816031,220.837085,12.439926,192.748599
2015-08-25,13.260610,191.524437,12.564874,185.890672
2015-08-26,16.950441,197.897144,12.499446,158.812611
2015-08-27,10.477743,184.352340,11.004119,106.159753
2015-08-28,11.741685,132.533939,14.296347,140.567611
2015-08-29,50.539461,328.785557,15.592264,412.882188
2015-08-30,53.639740,382.692043,21.675414,296.956099
2015-08-31,62.528862,407.496746,18.681387,266.869248
2015-09-01,45.268973,194.909241,18.040539,190.364537
2015-09-02,73.493722,189.773493,17.056037,252.200020
2015-09-03,16.570881,132.954453,20.248940,408.645428
2015-09-04,111.013370,405.350802,29.886721,413.341348
2015-09-05,37.208832,195.852958,18.520160,258.265492
2015-09-06,283.662786,685.842249,42.475051,299.644160
2015-09-07,267.554601,654.545284,51.110730,239.552022
2015-09-08,18.643288,304.616010,3.234020,123.136417
2015-09-09,22.411204,116.193972,1.608760,39.447430
2015-09-10,9.493066,119.323101,2.551720,66.656352
2015-09-11,25.108395,80.241007,2.458437,26.880251
2015-09-12,20.425267,138.529849,2.037735,35.563965
2015-09-13,0.214864,67.627741,1.938585,39.713133
2015-09-14,0.144199,35.739971,1.357239,36.314157
2015-09-15,0.132888,33.051115,1.829185,39.537201
2015-09-16,0.161066,27.547148,6.001767,32.442669
2015-09-17,3.705455,24.038684,4.400755,18.727686
2015-09-18,14.117223,19.833279,9.219641,47.462752
2015-09-19,29.089449,17.786552,5.600191,72.332329
2015-09-20,25.508862,15.069471,1.171278,31.989365
2015-09-21,10.293181,10.093186,8.922790,21.700873
2015-09-22,47.393120,38.048063,4.633381,55.352197
2015-09-23,2.902183,21.874956,0.467961,17.494337
2015-09-24,34.363420,19.123427,6.086635,20.610129
2015-09-25,10.373843,15.793910,0.704618,16.348769
2015-09-26,9.406635,10.647259,0.684291,17.098054
2015-09-27,3.524413,8.200371,0.738463,18.676449
2015-09-28,9.061219,7.973789,1.875018,15.785986
2015-09-29,12.797506,6.696731,0.986704,15.418782
2015-09-30,0.406193,5.931164,0.835752,9.868657
2015-10-01,0.503577,7.374236,0.442782,14.858056
2015-10-02,0.600570,7.630145,0.435073,9.803750
2015-10-03,0.094200,6.132415,0.430284,9.774137
2015-10-04,0.085863,5.827506,0.426265,9.756217
2015-10-05,0.062664,6.013643,0.423362,9.715749
2015-10-06,0.759386,6.118403,0.422428,13.064535
2015-10-07,5.323488,6.683691,0.460323,11.052532
2015-10-08,0.058154,6.883760,0.915299,11.406383
2015-10-09,1.063564,6.383232,1.897139,9.585730
2015-10-10,9.416253,6.538410,4.384475,9.546117
2015-10-11,34.055211,10.475658,10.781658,10.463617
2015-10-12,40.819277,26.781305,7.818469,11.519649
2015-10-13,16.718468,18.189588,1.657823,9.470606
2015-10-14,0.768839,6.883665,2.071023,9.389695
2015-10-15,9.600143,7.199659,4.905058,13.951074
2015-10-16,3.519020,6.932677,2.954718,14.473561
2015-10-17,0.362840,6.132015,1.653751,9.330029
2015-10-18,0.401270,5.797841,0.369616,9.359487
2015-10-19,0.146831,5.657131,0.367392,9.308520
2015-10-20,0.062745,5.558683,0.364488,9.306801
2015-10-21,0.043958,5.439577,0.359360,9.293954
2015-10-22,0.035991,5.178640,0.357912,9.288677
2015-10-23,0.053307,5.121395,0.354233,9.247437
2015-10-24,0.043726,5.092049,0.351674,9.236057
2015-10-25,0.039441,4.701136,0.347656,9.228295
2015-10-26,0.040350,4.776615,0.507481,9.203209
2015-10-27,0.124467,4.857467,1.285854,9.179937
2015-10-28,0.039381,5.096712,0.364953,9.175226
2015-10-29,0.038583,4.955843,4.182600,10.230581
2015-10-30,3.495737,4.917258,3.934050,10.019962
2015-10-31,1.798251,4.968980,2.701395,9.127397
2015-11-01,1.050009,4.877030,1.690633,9.084737
2015-11-02,0.035904,4.808690,0.326398,9.080488
2015-11-03,0.052876,4.885460,0.314729,9.037098
2015-11-04,0.068704,4.943886,0.320869,9.033255
2015-11-05,0.078275,5.024482,0.327568,8.997170
2015-11-06,0.093005,4.792184,0.955239,8.949939
2015-11-07,0.088165,4.948109,0.318441,8.943083
2015-11-08,0.056423,5.126871,0.304424,8.912798
2015-11-09,0.031810,5.108050,0.309957,8.904947
2015-11-10,0.031721,6.418707,0.297179,8.893266
2015-11-11,0.027413,6.725383,0.295968,8.876554
2015-11-12,0.025784,6.693577,0.293070,8.854255
2015-11-13,0.028084,6.755600,0.287942,8.851409
2015-11-14,0.028850,6.768418,0.292409,8.823263
2015-11-15,0.029517,6.708917,0.283159,8.817538
2015-11-16,0.029216,5.894456,0.280595,8.796241
2015-11-17,0.037573,5.660377,0.279486,8.798616
2015-11-18,0.030639,4.509787,0.275467,8.763294
2015-11-19,0.029417,4.476088,0.273248,8.761805
2015-11-20,0.033023,4.467645,5.060861,8.907665
2015-11-21,0.029916,4.471178,0.424234,9.554899
2015-11-22,0.029636,4.470587,0.297385,8.724915
2015-11-23,0.032383,4.471412,0.259330,8.716255
2015-11-24,0.025077,4.468484,0.454603,8.691105
2015-11-25,0.026729,4.469813,0.447190,8.675695
2015-11-26,0.025166,4.465109,0.250534,8.655528
2015-11-27,0.026544,4.358052,0.249413,8.638596
2015-11-28,0.027577,4.171521,0.245745,8.641485
2015-11-29,0.025883,4.164211,0.243187,8.630919
2015-11-30,0.023238,4.094354,0.238129,8.620063
2015-12-01,0.019946,3.814386,0.235834,8.611757
2015-12-02,0.033320,3.815770,0.232943,8.547330
2015-12-03,0.034760,3.815611,0.231946,8.567266
2015-12-04,0.020308,3.816227,0.227044,8.553471
2015-12-05,0.033805,3.814120,0.223031,8.515357
2015-12-06,0.027892,3.810447,0.223514,8.535112
2015-12-07,0.030472,3.812840,0.218242,8.511922
2015-12-08,0.030761,3.811174,0.217781,8.473081
2015-12-09,0.025306,3.811301,0.513465,8.508360
2015-12-10,0.017814,3.810615,0.207998,8.452585
2015-12-11,0.031594,3.807433,0.205762,8.436318
2015-12-12,0.027905,3.800281,0.200651,8.413716
2015-12-13,0.025221,3.870281,0.200651,8.395621
2015-12-14,0.008951,3.937781,0.196978,8.410693
2015-12-15,0.006830,3.966762,0.191861,8.409736
2015-12-16,0.008637,3.956638,0.199490,8.349429
2015-12-17,0.007261,3.954389,0.354624,8.366077
2015-12-18,0.009792,3.960664,0.184508,8.334927
2015-12-19,0.009216,3.951828,0.180840,8.341378
2015-12-20,0.010894,3.957910,0.180834,8.330622
2015-12-21,0.025375,3.964685,0.175718,8.313279
2015-12-22,0.011317,3.966610,0.172411,8.274134
2015-12-23,0.008426,3.963813,0.171274,8.292813
2015-12-24,0.009392,3.992406,0.168365,8.241097
2015-12-25,0.017097,3.804290,0.168365,8.257738
2015-12-26,0.021585,3.748814,0.161029,8.260971
2015-12-27,0.036717,3.748864,0.164660,8.229038
2015-12-28,0.016872,3.750297,0.228330,8.212881
2015-12-29,0.009100,3.748099,0.155890,8.161659
2015-12-30,0.020455,3.989151,0.153682,8.185000
2015-12-31,0.008715,4.513902,0.153670,8.150858
2016-01-01,0.000194,1.627329,0.148554,8.133098
2016-01-02,0.000198,2.202169,0.148887,8.110015
2016-01-03,0.000125,2.221160,0.147789,8.109879
2016-01-04,0.000000,2.442430,0.143771,8.114360
2016-01-05,0.000000,3.937539,0.141547,8.047478
2016-01-06,0.000000,2.647839,0.138988,8.019676
2016-01-07,0.000000,1.966361,0.644521,7.997633
2016-01-08,0.000000,2.927413,0.198030,8.019025
2016-01-09,0.000000,3.184568,0.132744,7.909839
2016-01-10,0.000000,3.234740,0.131629,7.914591
2016-01-11,0.000000,3.270194,0.129071,7.916897
2016-01-12,0.000000,3.455905,0.126513,7.896832
2016-01-13,0.000000,3.683422,0.126846,7.853393
2016-01-14,0.000000,3.758569,0.122216,7.870126
2016-01-15,0.000000,3.824681,0.124282,7.900666
2016-01-16,0.000000,3.874670,0.499059,7.823909
2016-01-17,0.000000,3.919322,0.435860,7.844871
2016-01-18,0.000000,3.955506,1.020740,7.877027
2016-01-19,0.000000,3.967012,3.612179,7.838553
2016-01-20,0.000000,3.939157,11.508490,7.907532
2016-01-21,0.000000,3.887112,16.333736,7.970779
2016-01-22,0.000000,4.040688,6.543221,7.986545
2016-01-23,0.469054,3.838405,0.128789,7.687947
2016-01-24,0.310370,3.781494,0.157580,7.729218
2016-01-25,0.241809,3.802737,0.136004,7.699076
2016-01-26,0.195492,3.816074,0.117311,7.696404
2016-01-27,0.154418,4.299126,0.105914,7.669806
2016-01-28,0.123403,5.272273,0.104798,7.688260
2016-01-29,0.099926,5.819191,0.103365,7.642537
2016-01-30,0.082803,6.032092,0.102234,7.627953
2016-01-31,0.072848,5.949837,0.100792,7.618046
2016-02-01,0.064782,6.369134,0.099676,7.615250
2016-02-02,0.058025,6.152934,0.098561,7.602406
2016-02-03,0.054030,5.652767,0.096008,7.553038
2016-02-04,0.046608,5.536943,0.098555,7.582177
2016-02-05,0.070008,5.549288,0.094893,7.543415
2016-02-06,0.079488,5.561865,0.093439,7.537964
2016-02-07,0.078133,5.576083,0.094881,7.486280
2016-02-08,0.081368,5.586199,0.089771,7.504759
2016-02-09,0.084903,5.616709,0.091214,7.493402
2016-02-10,0.085423,5.726427,0.089759,7.461102
2016-02-11,0.056697,5.736756,0.088655,7.497309
2016-02-12,0.037251,5.759217,0.092338,7.472357
2016-02-13,0.037004,5.769238,0.086086,7.457185
2016-02-14,0.037738,5.780655,0.084976,7.489565
2016-02-15,0.040059,4.231569,0.082424,7.524963
2016-02-16,0.040216,3.905643,0.084626,7.431657
2016-02-17,0.040710,3.898622,0.080199,7.405224
2016-02-18,0.044057,3.869191,0.204225,7.393457
2016-02-19,0.043927,3.824637,0.077301,7.391039
2016-02-20,0.043826,3.822219,0.080187,7.365737
2016-02-21,0.043637,3.816399,0.077290,7.372742
2016-02-22,0.043451,3.815386,0.075022,7.367688
2016-02-23,0.043328,3.812052,0.076514,7.332558
2016-02-24,0.004848,3.400110,0.084563,7.365868
2016-02-25,0.000000,3.099725,0.105222,7.298688
2016-02-26,0.000000,3.117381,0.072507,7.309907
2016-02-27,0.000000,3.597638,0.071399,7.305108
2016-02-28,0.000380,3.774855,0.772241,7.229865
2016-02-29,0.004319,3.796436,0.298992,7.170279
2016-03-01,0.000792,3.666822,0.068827,7.168683
2016-03-02,0.004448,3.565233,0.068827,7.229347
2016-03-03,0.004476,3.561604,0.584281,7.124498
2016-03-04,0.004460,3.662595,0.174213,8.954902
2016-03-05,0.004433,3.849473,0.078405,7.103125
2016-03-06,0.000626,3.924080,0.061036,7.111166
2016-03-07,0.000359,3.870246,0.067712,7.086862
2016-03-08,0.000364,3.739183,0.064143,7.050516
2016-03-09,0.000370,3.734017,0.062976,7.092128
2016-03-10,0.000363,3.722246,0.070068,7.059055
2016-03-11,0.000359,3.699736,0.061474,7.068047
2016-03-12,0.002996,3.697034,0.058916,7.051667
2016-03-13,0.004421,3.690233,0.077743,7.065753
2016-03-14,0.000655,3.540197,0.057807,7.047916
2016-03-15,0.000000,3.548043,0.058910,7.034223
2016-03-16,0.000000,3.455169,0.056352,7.027866
2016-03-17,0.000000,2.913235,10.207096,9.637555
2016-03-18,0.000000,2.860312,13.182698,9.881338
2016-03-19,0.000000,2.850311,0.158397,6.988991
2016-03-20,0.000000,2.850645,0.097549,6.930521
2016-03-21,0.000000,2.849334,0.184926,6.972811
2016-03-22,0.000000,2.850108,0.055237,6.916341
2016-03-23,0.000000,2.850597,0.050120,6.890835
2016-03-24,0.000000,2.850345,0.051675,6.953746
2016-03-25,0.000000,2.850763,0.173809,6.911951
2016-03-26,0.000000,2.848997,0.049005,6.913874
2016-03-27,0.000725,2.850436,0.049005,6.881371
2016-03-28,0.000360,2.852664,0.047890,6.886179
2016-03-29,0.000357,2.855566,0.048999,6.892595
2016-03-30,0.000352,2.855276,0.049457,6.882691
2016-03-31,0.000349,3.229751,0.045948,6.880152
2016-04-01,0.000359,4.429203,0.045331,6.871208
2016-04-02,0.000358,4.661095,0.059720,6.838530
2016-04-03,0.000365,4.734338,0.617499,6.915979
2016-04-04,0.000364,4.766772,0.505952,9.416107
2016-04-05,0.000363,4.784470,1.748869,8.419300
2016-04-06,0.000360,4.787215,0.216222,6.795182
2016-04-07,0.000007,4.797649,0.754493,7.135088
2016-04-08,0.000000,4.802719,2.227336,11.011226
2016-04-09,0.000000,4.801333,0.074724,15.159218
2016-04-10,0.000000,4.818359,1.521685,20.332052
2016-04-11,0.000000,4.812949,3.605064,12.516144
2016-04-12,0.000203,4.817991,5.817333,11.663178
2016-04-13,0.000367,4.832368,3.314106,12.621131
2016-04-14,0.000365,4.853388,3.690765,12.752369
2016-04-15,0.013318,4.846448,6.142205,12.002423
2016-04-16,0.005536,4.847424,1.509091,15.939560
2016-04-17,0.002732,4.263027,0.065725,10.365806
2016-04-18,0.002183,3.755124,0.039088,6.674179
2016-04-19,0.002121,3.984151,0.354810,15.363663
2016-04-20,0.001905,4.034405,0.037973,6.666805
2016-04-21,0.001749,4.044349,0.193461,15.250882
2016-04-22,0.001544,4.043344,4.126209,20.257516
2016-04-23,0.009161,4.059927,6.734976,13.240968
2016-04-24,0.052617,4.131766,5.976580,12.202410
2016-04-25,0.026597,4.230932,5.766778,12.678666
2016-04-26,0.035791,4.287119,6.394066,12.562500
2016-04-27,0.034811,4.345859,5.091816,18.269906
2016-04-28,0.013276,4.265709,5.424630,17.172746
2016-04-29,0.004936,4.156169,3.269099,12.451368
2016-04-30,0.002374,4.079144,0.881933,15.301219
2016-05-01,0.458653,4.175285,2.176152,17.367562
2016-05-02,1.543058,4.015140,1.012646,16.045039
2016-05-03,2.445576,4.143436,0.783723,14.936575
2016-05-04,1.881610,5.147624,1.126706,14.939724
2016-05-05,5.707214,5.969293,2.300982,14.963195
2016-05-06,8.512982,6.025245,3.348032,62.740901
2016-05-07,7.993334,7.039278,8.536879,13.829594
2016-05-08,10.002122,10.076273,9.982593,24.565555
2016-05-09,9.207098,11.001376,12.364132,12.752664
2016-05-10,15.009041,12.189639,6.408356,13.173013
2016-05-11,35.782351,21.045575,7.032793,11.234754
2016-05-12,37.020309,26.579515,5.579771,11.902760
2016-05-13,29.862976,25.181725,7.970174,11.492557
2016-05-14,45.134974,32.955557,10.883822,10.864208
2016-05-15,56.083917,49.838906,12.561340,11.842363
2016-05-16,27.506017,40.485260,1.709851,14.143122
2016-05-17,39.855850,34.048528,7.962971,14.366214
2016-05-18,30.781947,31.944662,8.065635,14.955663
2016-05-19,45.465599,34.190757,10.888148,14.376532
2016-05-20,30.648187,33.408092,10.452122,16.671978
2016-05-21,42.556472,34.757450,7.755919,21.623362
2016-05-22,42.826296,37.418695,8.948751,14.392497
2016-05-23,35.426064,34.369240,9.823887,19.120931
2016-05-24,31.621773,30.761747,9.125507,18.477017
2016-05-25,44.615587,33.567624,12.928793,15.179300
2016-05-26,34.348348,33.980101,10.243679,14.190659
2016-05-27,24.182302,22.882020,8.360938,14.546649
2016-05-28,33.316659,20.619135,10.696299,15.059833
2016-05-29,27.906675,21.432601,11.920601,13.898374
2016-05-30,19.680556,17.686520,10.168770,13.561852
2016-05-31,37.306338,21.931285,4.677928,23.406315
2016-06-01,35.629622,29.092411,7.180236,19.933632
2016-06-02,77.587003,48.086053,20.664770,13.285528
2016-06-03,191.092751,190.195081,30.544001,11.399628
2016-06-04,101.292685,157.542726,17.459443,17.590315
2016-06-05,84.111130,118.724006,13.508662,14.373425
2016-06-06,91.921022,131.165461,15.832122,19.446097
2016-06-07,88.522212,132.200004,15.624040,19.535613
2016-06-08,95.518125,134.409949,16.539390,20.843443
2016-06-09,456.484189,463.417975,60.703141,21.445951
2016-06-10,559.969687,1032.455039,79.612629,61.604792
2016-06-11,208.691306,821.207215,28.457689,73.168625
2016-06-12,193.920631,565.497663,27.223323,61.434420
2016-06-13,134.621297,409.124573,27.401003,81.865384
2016-06-14,129.121528,330.884671,24.889928,93.569619
2016-06-15,123.476331,317.543324,23.850127,79.003768
2016-06-16,84.066404,245.543936,24.511373,109.552752
2016-06-17,67.072912,141.673841,14.650327,115.952298
2016-06-18,337.890740,449.662670,43.834101,204.070225
2016-06-19,247.802856,645.102648,50.783776,186.376991
2016-06-20,226.693188,701.985457,31.185748,224.436914
2016-06-21,141.764021,447.346107,26.730310,232.678823
2016-06-22,138.750235,375.828392,28.931859,236.206170
2016-06-23,171.271506,493.410465,32.090337,313.292572
2016-06-24,139.497336,416.440932,26.358227,267.607284
2016-06-25,127.974983,407.327100,30.903534,263.369069
2016-06-26,135.024824,399.831651,26.718605,245.853270
2016-06-27,186.206905,484.827103,32.496617,303.992591
2016-06-28,161.669737,498.640152,25.983962,241.922390
2016-06-29,151.623085,426.842189,29.068604,281.361184
2016-06-30,140.891937,411.570566,34.525522,378.578983
2016-07-01,128.620436,376.776162,27.385391,320.305292
2016-07-02,124.617101,390.907297,28.302855,321.981117
2016-07-03,127.793055,423.320893,27.218916,324.511066
2016-07-04,108.677110,397.106168,28.051319,325.696722
2016-07-05,92.293152,352.383017,22.509390,230.622026
2016-07-06,110.121213,383.012455,33.878698,373.609325
2016-07-07,100.750333,388.094068,38.491182,408.325633
2016-07-08,103.306939,382.450914,36.227006,378.982718
2016-07-09,78.925842,330.748956,31.927161,273.394227
2016-07-10,97.159764,313.307790,34.659970,331.031192
2016-07-11,88.112459,385.706804,37.441641,336.957717
2016-07-12,114.917023,412.942005,29.759501,331.973552
2016-07-13,98.419298,402.452237,24.161194,249.157582
2016-07-14,176.737257,382.598949,21.997118,294.443648
2016-07-15,163.904983,599.431932,22.987285,308.266410
2016-07-16,93.450253,610.774311,22.910810,310.631817
2016-07-17,67.622156,536.575684,35.250813,524.383916
2016-07-18,73.865368,537.796410,28.644570,458.781814
2016-07-19,84.238037,635.652741,27.640791,434.733493
2016-07-20,75.675804,644.856013,26.646180,434.139717
2016-07-21,67.845731,592.102350,27.307471,416.587167
2016-07-22,64.360662,564.748253,28.070898,463.044972
2016-07-23,77.359982,603.272420,30.738823,533.692670
2016-07-24,68.562845,616.596795,29.432036,424.199374
2016-07-25,67.651617,579.464320,30.502654,456.754695
2016-07-26,63.563163,560.227380,28.498794,454.727867
2016-07-27,63.833403,537.915979,27.252514,450.478316
2016-07-28,71.008232,574.140151,26.806198,466.368004
2016-07-29,66.790684,575.706927,24.573406,430.431823
2016-07-30,42.314652,471.360843,20.915397,365.239185
2016-07-31,45.237349,437.453674,19.977275,343.897913
2016-08-01,37.818095,404.760977,20.746751,315.705482
2016-08-02,35.317498,377.787469,23.678211,380.050723
2016-08-03,38.646329,407.313018,23.896512,370.905781
2016-08-04,30.047829,364.491475,18.858958,311.281090
2016-08-05,30.067912,315.072151,18.747873,312.231291
2016-08-06,40.128280,356.410978,19.011809,328.153117
2016-08-07,60.542626,519.641055,21.076141,426.287489
2016-08-08,41.557695,519.974634,22.194586,401.762562
2016-08-09,101.610038,474.523102,23.020383,403.088197
2016-08-10,54.659413,533.833163,17.192985,427.835426
2016-08-11,44.236474,499.886101,15.680897,451.974455
2016-08-12,43.109237,421.194217,16.220341,379.275984
2016-08-13,52.306259,346.239503,13.788977,300.274364
2016-08-14,64.754795,361.941801,18.906206,322.665282
2016-08-15,120.962344,721.460390,25.195926,500.816724
2016-08-16,57.406978,518.243456,17.103180,361.365367
2016-08-17,129.718926,491.273272,14.741187,329.951431
2016-08-18,103.831744,594.971721,16.184947,373.259725
2016-08-19,72.156882,562.373109,18.581746,359.880969
2016-08-20,22.939264,315.664095,17.568803,361.154312
2016-08-21,32.233115,286.961762,15.164041,341.472382
2016-08-22,31.973512,321.360764,14.624124,324.926732
2016-08-23,35.981498,361.048697,16.023690,361.121740
2016-08-24,23.109493,341.160637,14.305723,333.636045
2016-08-25,19.861665,300.335496,14.979795,254.396370
2016-08-26,21.031452,237.887366,12.547497,181.959026
2016-08-27,31.813674,235.106807,13.955188,269.266011
2016-08-28,14.936062,197.368817,11.745636,190.856740
2016-08-29,7.605412,164.677843,10.697706,130.387235
2016-08-30,8.346845,126.327993,9.897113,68.428625
2016-08-31,9.977227,139.009666,9.846172,90.973066
2016-09-01,9.586399,149.115598,9.991164,89.504481
2016-09-02,8.943619,146.256509,10.309806,75.577422
2016-09-03,10.115258,120.035395,10.397864,85.320540
2016-09-04,66.341381,172.894013,16.062085,153.038218
2016-09-05,6.857660,84.549138,10.526574,94.023598
2016-09-06,9.820726,65.826305,8.937142,83.806866
2016-09-07,3.863207,79.245507,8.873459,104.247535
2016-09-08,0.662387,67.533595,8.579503,87.935452
2016-09-09,41.471896,143.514006,13.301594,125.835656
2016-09-10,34.000175,148.283935,11.201078,166.810515
2016-09-11,6.713038,190.912972,7.752033,58.219505
2016-09-12,0.574048,102.996709,7.043010,31.196781
2016-09-13,74.368142,102.642343,17.180183,73.314018
2016-09-14,118.347289,372.019050,32.255270,188.910739
2016-09-15,10.700161,255.192871,9.367357,148.369713
2016-09-16,8.445401,134.728833,6.028243,44.407468
2016-09-17,2.149729,59.619755,5.187700,27.136174
2016-09-18,66.537276,61.908619,5.105912,36.853097
2016-09-19,21.810537,65.458603,1.382057,40.229524
2016-09-20,5.388383,36.623685,0.556360,15.130733
2016-09-21,3.136052,25.966145,0.403041,21.489149
2016-09-22,1.428552,17.519936,0.409489,11.090013
2016-09-23,3.087688,13.925936,0.336425,15.747990
2016-09-24,3.085374,14.848052,0.374050,11.082570
2016-09-25,0.085559,15.690688,1.028137,17.312750
2016-09-26,0.071491,15.344633,0.383724,19.411584
2016-09-27,0.508528,18.538513,0.329001,19.137462
2016-09-28,0.024240,17.503317,0.310815,10.620209
2016-09-29,0.071087,14.615369,0.420211,10.869345
2016-09-30,1.007419,14.670720,0.285771,18.030707
2016-10-01,0.787244,12.132944,0.459584,10.445833
2016-10-02,0.530591,9.824126,3.477922,10.669676
2016-10-03,42.200113,37.684324,37.177148,48.382235
2016-10-04,51.678882,132.607174,46.155119,67.373403
2016-10-05,5.821017,97.345600,24.921856,93.448978
2016-10-06,37.989128,110.861017,18.856413,82.316905
2016-10-07,110.139387,198.339343,19.775445,73.461057
2016-10-08,71.510275,268.234657,18.688377,85.287432
2016-10-09,11.296791,85.344458,5.154439,23.668856
2016-10-10,35.409497,29.779992,4.438372,18.911604
2016-10-11,38.533696,36.345861,0.241621,14.204175
2016-10-12,5.482001,13.640813,0.289975,15.217229
2016-10-13,1.579574,8.938882,0.230829,13.781588
2016-10-14,0.629324,7.904100,0.337195,14.643476
2016-10-15,5.053274,7.818728,9.706175,12.871025
2016-10-16,30.114283,15.980460,9.205080,26.140843
2016-10-17,8.549632,15.289036,1.077071,13.195122
2016-10-18,0.081873,7.500125,0.780769,10.155619
2016-10-19,0.117614,6.882792,0.966805,11.319124
2016-10-20,0.049031,6.482483,0.209317,10.117779
2016-10-21,6.283521,5.982617,0.967709,10.108212
2016-10-22,0.969262,6.024055,0.466819,10.076935
2016-10-23,0.022491,5.966695,0.202729,10.057791
2016-10-24,0.021966,6.112804,0.213297,10.028712
2016-10-25,0.394989,6.249899,0.336655,10.001093
2016-10-26,0.013534,6.085574,0.195043,10.002032
2016-10-27,0.016117,6.136021,0.195031,9.951942
2016-10-28,0.022051,6.048999,0.193583,9.964219
2016-10-29,0.016402,5.777224,0.189909,9.955591
2016-10-30,0.027035,5.489377,0.188455,9.932382
2016-10-31,0.020475,5.379143,0.473151,10.941562
2016-11-01,0.444441,5.383690,1.547610,10.605414
2016-11-02,0.013438,5.357309,0.182414,9.870770
2016-11-03,0.013013,5.268889,0.179112,9.837432
2016-11-04,0.015749,5.121955,1.315796,9.833494
2016-11-05,0.019600,5.106122,5.960214,10.831799
2016-11-06,0.019891,5.042276,1.983511,10.201361
2016-11-07,0.011319,5.033153,0.173206,9.772255
2016-11-08,0.021303,5.019531,0.170507,9.750380
2016-11-09,0.005615,5.037908,0.168917,9.723116
2016-11-10,0.011791,3.692478,0.166488,9.894122
2016-11-11,0.013264,3.425399,0.163591,9.781733
2016-11-12,0.006088,3.554636,0.164258,9.810311
2016-11-13,0.002842,3.972851,0.159277,9.780805
2016-11-14,0.003064,4.084779,0.160248,9.744575
2016-11-15,0.002746,3.888123,0.156238,9.702469
2016-11-16,0.002913,3.916163,0.156232,9.719166
2016-11-17,0.002752,3.936609,0.152559,9.670911
2016-11-18,0.003094,3.970186,0.178621,9.696121
2016-11-19,0.004239,4.003972,0.148546,9.645130
2016-11-20,0.002587,4.016132,0.148540,9.635315
2016-11-21,0.002654,4.042816,0.447008,9.633340
2016-11-22,0.002783,4.056560,0.567537,9.874116
2016-11-23,0.002238,4.061005,0.427283,10.122606
2016-11-24,0.002062,4.057473,0.221362,9.566746
2016-11-25,0.002617,4.011088,0.137951,9.560457
2016-11-26,0.003024,4.030257,0.720860,9.494937
2016-11-27,0.003423,4.053570,2.766527,9.554286
2016-11-28,0.002152,4.040637,0.141314,9.556516
2016-11-29,0.002394,4.038505,0.132823,9.537866
2016-11-30,0.009393,4.025645,0.130592,9.514650
2016-12-01,0.004294,4.044706,0.127695,9.514377
2016-12-02,0.004619,4.045400,0.126930,9.455000
2016-12-03,0.007520,4.016614,0.124022,9.482153
2016-12-04,0.005208,3.994496,0.189090,9.417582
2016-12-05,0.007450,4.011615,5.890732,9.579132
2016-12-06,14.283787,4.723001,16.621042,9.538241
2016-12-07,63.419453,28.808721,10.933350,9.453611
2016-12-08,2.500016,13.069392,1.484960,9.342647
2016-12-09,0.855990,4.410853,0.132566,9.359477
2016-12-10,0.839578,3.888183,0.221105,9.407910
2016-12-11,0.799679,3.884326,0.858256,9.354566
2016-12-12,0.826924,3.890531,0.108020,9.284478
2016-12-13,0.775621,4.027366,0.111215,9.269513
2016-12-14,0.583269,4.394464,0.108747,9.261480
2016-12-15,0.494167,4.007419,0.107195,9.239316
2016-12-16,0.391017,3.932001,0.107189,9.209752
2016-12-17,0.336392,3.927559,0.106074,9.212031
2016-12-18,0.317720,3.939050,0.103617,9.187521
2016-12-19,0.289342,3.938016,0.104271,9.173065
2016-12-20,0.240787,3.950490,0.102067,9.154229
2016-12-21,0.203036,3.972953,0.102055,9.134049
2016-12-22,0.183155,3.740291,0.099848,9.143561
2016-12-23,0.145651,3.229639,0.099158,9.083944
2016-12-24,0.141228,3.213680,0.099836,9.085228
2016-12-25,0.126693,3.201785,0.096939,9.068859
2016-12-26,0.094727,3.173953,0.091816,9.061120
2016-12-27,0.062263,3.172769,0.095065,8.994873
2016-12-28,0.000697,3.156530,0.092920,8.994298
2016-12-29,0.000743,2.999632,0.093259,8.949739
2016-12-30,0.013577,3.105813,0.089253,8.965186
2016-12-31,0.033796,2.489362,0.117264,8.962897
2017-01-01,0.000092,2.887914,1.091603,8.935831
2017-01-02,0.000091,4.727490,0.097313,8.930461
2017-01-03,0.000091,2.707469,0.085579,8.986698
2017-01-04,0.000361,2.577193,0.087770,8.900240
2017-01-05,0.000288,2.134595,0.082676,8.896662
2017-01-06,0.000604,1.608695,0.084136,8.878903
2017-01-07,0.000440,1.256314,0.078986,8.867768
2017-01-08,0.000873,1.237767,0.081555,8.843304
2017-01-09,0.000936,1.737667,0.081571,8.811928
2017-01-10,0.002653,2.048829,0.079010,8.803477
2017-01-11,0.002528,2.084378,0.077881,8.788766
2017-01-12,0.003327,1.988011,0.076433,8.768833
2017-01-13,0.005486,2.070128,0.076433,8.774336
2017-01-14,0.002523,1.732600,0.075298,8.757768
2017-01-15,0.000554,1.554362,0.071322,8.795671
2017-01-16,0.000323,1.512023,0.073518,8.719464
2017-01-17,0.000773,1.209984,0.074208,8.653039
2017-01-18,0.000718,1.119735,0.069091,8.714494
2017-01-19,0.000000,1.119279,0.068402,8.684835
2017-01-20,0.000180,1.120092,0.069110,8.707866
2017-01-21,0.002774,1.114762,0.068741,8.716971
2017-01-22,0.003746,1.109123,0.066521,8.713017
2017-01-23,0.000584,1.091685,0.399449,8.687877
2017-01-24,0.000875,1.048105,2.000783,8.616416
2017-01-25,0.000156,1.042849,0.072382,8.675775
2017-01-26,0.005367,1.052056,0.063957,8.656334
2017-01-27,0.003798,1.043822,0.060886,8.633255
2017-01-28,0.000402,1.154160,0.063952,8.625379
2017-01-29,0.000397,1.276459,0.058835,8.616480
2017-01-30,0.000379,1.343352,0.065415,8.625068
2017-01-31,0.001563,1.378574,0.104917,8.570653
2017-02-01,0.001376,1.406834,0.058829,8.576020
2017-02-02,0.000409,1.434817,0.056271,8.559925
2017-02-03,0.004382,1.464221,0.056265,8.538773
2017-02-04,0.004279,1.491379,0.058791,8.549791
2017-02-05,0.000562,1.510655,0.148979,8.506881
2017-02-06,0.010373,1.448707,0.053707,8.506727
2017-02-07,0.016237,1.376938,0.100488,8.515149
2017-02-08,0.006094,1.309675,0.088995,8.510860
2017-02-09,0.006634,1.314635,0.050928,8.447475
2017-02-10,0.010803,1.314356,0.052592,8.440120
2017-02-11,0.008671,1.313421,0.255405,8.446772
2017-02-12,0.008852,1.318409,0.157863,9.294518
2017-02-13,0.023949,1.316752,0.167257,8.394681
2017-02-14,0.010505,1.255037,0.048918,8.406445
2017-02-15,0.049973,0.775917,0.048579,8.379939
2017-02-16,0.031526,0.755304,0.048027,8.378223
2017-02-17,0.031340,0.755248,0.061049,8.367760
2017-02-18,0.005001,0.753944,0.048579,9.116020
2017-02-19,0.000000,0.753306,0.046360,8.332967
2017-02-20,0.000000,0.752448,0.046348,8.362664
2017-02-21,0.000000,0.751311,0.043451,8.287213
2017-02-22,0.000000,0.751039,0.044129,8.289958
2017-02-23,0.000022,0.749721,0.046348,8.278639
2017-02-24,0.000049,0.746248,0.043451,8.234963
2017-02-25,0.000048,0.743972,0.044129,8.265768
2017-02-26,0.000304,0.742533,0.041232,8.202891
2017-02-27,0.000285,0.740372,0.041232,8.239888
2017-02-28,0.000070,0.738630,0.205742,7.951642
2017-03-01,0.000076,0.737582,0.064989,7.848823
2017-03-02,0.000044,0.737056,0.041238,7.831197
2017-03-03,0.000000,0.737907,0.040142,7.857484
2017-03-04,0.000021,0.744803,0.039751,7.834209
2017-03-05,0.000149,0.748629,0.036464,7.819488
2017-03-06,0.000587,0.750156,0.037553,7.786800
2017-03-07,0.000267,0.751955,0.037193,7.794439
2017-03-08,0.000232,0.752604,0.038990,7.797647
2017-03-09,0.000021,0.751131,0.056385,7.733601
2017-03-10,0.000018,0.749506,0.048053,7.781587
2017-03-11,0.000095,0.747446,0.081230,7.735726
2017-03-12,0.000028,0.747371,0.070478,7.741565
2017-03-13,0.000023,0.747454,0.050039,7.721086
2017-03-14,0.000023,0.747033,0.034983,7.719319
2017-03-15,0.000017,0.746767,0.032430,7.732042
2017-03-16,0.000024,0.746542,0.033494,7.700791
2017-03-17,0.000024,0.743292,0.033873,7.715615
2017-03-18,0.000026,0.742920,0.030976,7.652650
2017-03-19,0.000027,0.748321,0.031654,7.661056
2017-03-20,0.000023,0.750187,0.030965,7.645956
2017-03-21,0.000009,0.749835,0.030584,7.645167
2017-03-22,0.000019,0.750259,0.048823,10.566643
2017-03-23,0.000031,0.750069,0.249214,7.657915
2017-03-24,0.000032,0.750309,0.030200,7.600629
2017-03-25,0.000025,0.750496,0.028751,26.859874
2017-03-26,0.000018,0.750385,0.027636,7.591702
2017-03-27,0.000026,0.748905,0.027636,7.607973
2017-03-28,0.000026,0.882346,0.031669,7.593495
2017-03-29,0.000027,1.087527,0.027636,7.590691
2017-03-30,0.000227,1.196033,0.026526,7.552918
2017-03-31,0.000028,1.250522,0.026181,7.566115
2017-04-01,0.000026,1.286655,0.026526,7.564471
2017-04-02,0.000026,1.306919,0.023623,7.612435
2017-04-03,0.000027,1.322243,0.025072,7.503726
2017-04-04,0.000028,1.341599,0.025109,7.509868
2017-04-05,0.000035,1.352178,0.029461,7.521399
2017-04-06,0.000026,1.358641,0.021398,7.463700
2017-04-07,0.000024,1.369750,0.022509,7.500790
2017-04-08,0.000027,1.377312,0.025415,7.480115
2017-04-09,0.000030,1.378602,0.038782,12.343419
2017-04-10,0.000026,1.377761,0.023791,11.770717
2017-04-11,0.000022,1.379927,0.175054,7.485841
2017-04-12,0.000023,1.387668,0.317955,7.507825
2017-04-13,0.000029,1.427908,0.025769,7.481095
2017-04-14,0.000004,1.548667,0.018834,7.474614
2017-04-15,0.000000,1.576294,0.019955,7.492742
2017-04-16,0.000000,1.587108,0.023395,7.466380
2017-04-17,0.000000,1.592209,0.018834,7.455826
2017-04-18,0.000000,1.593402,0.018834,7.416631
2017-04-19,0.000000,1.592034,0.018828,7.390241
2017-04-20,0.000062,1.592543,0.017725,7.398628
2017-04-21,0.000289,1.610251,0.018834,7.386313
2017-04-22,0.000045,1.622816,0.023748,7.402392
2017-04-23,0.000019,1.621811,0.016270,18.721871
2017-04-24,0.000027,1.621614,0.600563,12.431425
2017-04-25,0.000023,1.562135,3.068088,17.196841
2017-04-26,0.000031,1.536089,2.457408,15.675385
2017-04-27,0.000030,1.471373,0.055229,7.636334
2017-04-28,0.000030,1.443973,0.016270,7.634523
2017-04-29,0.000019,1.440755,0.031476,20.786274
2017-04-30,0.000019,1.439386,2.542593,15.118503
2017-05-01,0.000022,1.441246,2.915213,17.316081
2017-05-02,0.000026,1.477345,5.380590,22.217945
2017-05-03,0.010880,1.672967,16.978525,15.055187
2017-05-04,21.592911,3.735300,26.776331,14.383451
2017-05-05,52.289467,21.232737,23.327582,13.229373
2017-05-06,47.202786,27.306671,16.723232,14.321252
2017-05-07,41.835265,28.913427,11.430675,14.430648
2017-05-08,44.517759,31.935661,13.914756,13.632362
2017-05-09,80.472404,56.726218,24.654057,12.819785
2017-05-10,37.353934,52.931839,11.573475,19.013850
2017-05-11,28.009987,28.415128,11.198572,16.901390
2017-05-12,2.561931,13.835414,0.472533,20.948017
2017-05-13,3.422178,3.136253,3.810240,17.091449
2017-05-14,17.875952,5.472203,5.892188,20.222012
2017-05-15,55.055967,27.730528,10.182598,14.156116
2017-05-16,45.600552,35.716432,11.416660,14.143379
2017-05-17,43.184005,36.311056,13.107407,13.834492
2017-05-18,40.253537,35.292112,15.873069,16.076270
2017-05-19,56.908254,46.931141,9.574762,17.093421
2017-05-20,75.235149,57.989854,11.174615,14.798540
2017-05-21,98.952313,89.602368,14.282313,13.750369
2017-05-22,69.538356,95.997105,11.487195,17.995415
2017-05-23,68.347343,77.656378,13.895642,15.389143
2017-05-24,58.210834,75.117071,12.735716,15.266679
2017-05-25,62.833247,72.654297,9.092108,16.266409
2017-05-26,58.830476,61.089165,11.166910,18.393482
2017-05-27,46.650376,50.183037,8.351452,21.187678
2017-05-28,41.000268,33.659055,9.603932,20.835653
2017-05-29,75.426192,51.661951,10.688474,16.772805
2017-05-30,47.897459,47.988979,12.761524,44.566198
2017-05-31,21.864316,28.139861,9.768779,64.205419
2017-06-01,63.460722,35.848446,13.515853,69.893919
2017-06-02,48.706644,43.089264,9.450956,33.005173
2017-06-03,81.317938,66.971823,16.557723,74.776276
2017-06-04,75.217433,76.830405,16.496825,69.858276
2017-06-05,66.942985,74.945250,19.379314,77.681985
2017-06-06,75.519209,82.591848,23.631019,83.190019
2017-06-07,85.268217,103.318684,25.308666,101.709192
2017-06-08,77.084618,111.611075,20.465148,95.797435
2017-06-09,71.023166,103.898169,20.694968,93.379372
2017-06-10,61.574411,90.348314,21.313553,102.871493
2017-06-11,70.749964,88.097239,23.043150,117.019599
2017-06-12,85.872544,107.239431,23.816975,123.390061
2017-06-13,84.850145,116.530014,18.904430,75.620069
2017-06-14,126.751819,162.085207,24.714721,118.816572
2017-06-15,107.727331,162.679547,20.643263,152.576013
2017-06-16,117.451563,174.196947,28.164736,209.913779
2017-06-17,94.717645,157.265586,29.438692,197.939134
2017-06-18,103.581238,161.904600,29.591397,207.975753
2017-06-19,79.857972,140.188893,21.411991,196.488602
2017-06-20,101.427065,145.492840,22.532277,220.306539
2017-06-21,103.888956,183.466534,22.765717,209.075588
2017-06-22,111.748902,222.370189,26.022094,263.085039
2017-06-23,99.374734,233.852517,25.197492,274.698812
2017-06-24,114.782831,265.989997,26.965638,291.571718
2017-06-25,114.426507,311.116193,26.939162,295.851804
2017-06-26,88.794238,263.401087,28.063211,273.589231
2017-06-27,113.831056,282.173073,25.338042,317.181148
2017-06-28,99.317823,306.672873,25.934147,355.139550
2017-06-29,76.109846,287.944345,23.356157,320.698586
2017-06-30,79.040301,280.280290,23.185368,305.044672
2017-07-01,61.506277,266.227860,26.738410,330.905282
2017-07-02,73.493701,318.815693,29.119432,429.611529
2017-07-03,46.971179,305.933199,26.795002,363.666147
2017-07-04,86.776254,197.771940,18.650166,171.616025
2017-07-05,122.464672,170.040891,19.927369,284.318008
2017-07-06,213.209848,432.031459,11.654324,296.858261
2017-07-07,114.419397,541.261981,13.930928,296.800436
2017-07-08,56.353881,377.369032,18.745848,382.943244
2017-07-09,70.420974,371.246726,16.299992,417.245564
2017-07-10,45.571105,346.491794,15.364787,363.624637
2017-07-11,31.466315,259.568199,13.742523,242.924442
2017-07-12,55.549327,301.085974,18.268017,423.845811
2017-07-13,62.944714,266.084304,22.230227,165.303125
2017-07-14,186.628248,340.231967,24.276965,342.645669
2017-07-15,110.650010,488.589900,12.053123,398.547334
2017-07-16,55.701538,352.437791,17.037808,411.178651
2017-07-17,30.647292,262.193937,13.853093,309.256749
2017-07-18,37.577444,246.859560,16.169744,365.359818
2017-07-19,83.408912,291.359639,19.227563,428.448127
2017-07-20,69.543758,401.949521,14.761327,476.242047
2017-07-21,39.728997,334.734834,18.932078,417.827538
2017-07-22,41.544929,290.701100,14.734092,386.410726
2017-07-23,43.555689,309.325031,18.548000,391.616468
2017-07-24,316.414181,637.370865,30.960303,374.498752
2017-07-25,118.263970,784.692675,17.008139,473.731470
2017-07-26,340.422156,1221.243268,46.895649,637.765707
2017-07-27,116.623298,1088.570573,20.165303,559.697000
2017-07-28,67.503456,665.332096,16.473812,448.698954
2017-07-29,64.944647,530.362630,17.545900,471.446219
2017-07-30,67.948771,540.091560,18.918333,445.801054
2017-07-31,51.000880,493.941039,16.674362,428.104133
2017-08-01,49.175525,477.189433,16.669381,425.356883
2017-08-02,49.499572,465.077267,17.490513,404.610991
2017-08-03,56.980014,518.062898,17.497834,391.908825
2017-08-04,41.605001,476.930968,16.296764,349.559396
2017-08-05,33.882415,366.665725,15.307954,339.375712
2017-08-06,36.085418,341.606194,19.974139,334.711879
2017-08-07,40.259208,332.081265,18.660594,437.396309
2017-08-08,37.947923,393.611418,18.002791,642.560811
2017-08-09,33.722089,366.052202,11.223023,363.844394
2017-08-10,34.417453,341.283212,14.229965,443.133018
2017-08-11,36.913266,384.323696,12.482305,387.487001
2017-08-12,30.178777,342.725016,11.033600,285.280119
2017-08-13,37.973781,352.158096,11.526179,309.901332
2017-08-14,38.913840,414.903285,12.934225,356.937530
2017-08-15,25.621184,359.638699,13.160183,272.914842
2017-08-16,27.298413,326.893143,12.769893,300.500781
2017-08-17,27.151438,336.667043,13.246998,262.328270
2017-08-18,13.492321,231.625987,13.330251,242.996714
2017-08-19,15.699253,181.601386,12.415244,235.440570
2017-08-20,12.109753,192.698377,13.284303,309.836015
2017-08-21,22.189020,177.594454,16.277878,231.044709
2017-08-22,78.410234,189.099328,30.370887,215.708309
2017-08-23,50.577092,238.672867,17.294253,294.327395
2017-08-24,31.001534,271.230167,13.095845,287.848645
2017-08-25,23.104261,269.212919,13.013627,248.009258
2017-08-26,34.525958,287.455715,12.594406,301.087867
2017-08-27,49.931753,303.799978,17.331616,324.399669
2017-08-28,21.063246,234.206229,10.745559,203.032194
2017-08-29,36.593306,322.621862,13.141404,284.423052
2017-08-30,90.114272,840.408534,17.700811,468.760729
2017-08-31,66.591359,1053.305748,13.683767,406.811100
2017-09-01,47.426664,836.843922,15.062907,365.843103
2017-09-02,19.527347,433.633125,13.468775,249.801910
2017-09-03,8.952701,274.514679,9.303499,114.802717
2017-09-04,1.939109,146.081288,7.932275,42.305445
2017-09-05,3.607939,90.738978,10.114847,58.784073
2017-09-06,6.822313,85.136177,10.700137,130.874863
2017-09-07,10.638671,116.001099,10.042550,148.154221
2017-09-08,3.940923,117.505107,13.365905,100.015079
2017-09-09,33.295064,78.111162,11.219946,111.935794
2017-09-10,0.721352,42.859777,8.661459,37.206749
2017-09-11,58.289905,68.963757,13.470759,81.294420
2017-09-12,9.806194,113.982613,8.454082,88.047954
2017-09-13,1.072345,57.204268,6.506060,33.758699
2017-09-14,139.578368,192.306196,20.005443,155.437546
2017-09-15,142.440987,560.564995,20.690627,197.481368
2017-09-16,5.416728,179.101641,11.107499,209.673480
2017-09-17,38.355606,119.657231,10.596916,144.634299
2017-09-18,15.765785,104.799378,2.806408,91.544677
2017-09-19,0.257876,56.226087,0.505521,29.807665
2017-09-20,1.339470,44.650947,1.273352,27.510594
2017-09-21,0.206053,33.564011,0.694406,25.902158
2017-09-22,5.918962,47.590492,1.300115,25.542145
2017-09-23,2.494627,37.255432,1.288495,15.213455
2017-09-24,0.868424,19.746299,0.768806,16.295749
2017-09-25,71.289879,16.055282,7.253506,15.076883
2017-09-26,140.918124,209.762644,41.138138,18.726892
2017-09-27,9.322735,83.244286,2.647481,14.570708
2017-09-28,4.961967,19.984591,0.792877,13.050342
2017-09-29,0.162041,10.983510,0.319480,12.853853
2017-09-30,0.137810,8.077880,0.316911,9.600151
2017-10-01,0.111990,6.909692,0.313243,9.558038
2017-10-02,10.759861,6.684053,0.774643,12.091342
2017-10-03,6.620366,7.628776,0.305900,12.439876
2017-10-04,0.362286,6.809706,0.317578,13.197827
2017-10-05,0.199339,6.739475,1.875351,12.328039
2017-10-06,13.852342,7.945072,7.312326,11.864410
2017-10-07,26.119780,18.473255,3.026399,13.354610
2017-10-08,7.164862,8.310965,1.671990,11.294246
2017-10-09,2.901717,6.148474,0.331376,11.943299
2017-10-10,4.227998,5.721290,0.501087,10.169693
2017-10-11,11.817495,8.144167,0.543068,9.399784
2017-10-12,13.187296,10.865491,3.804909,9.764736
2017-10-13,0.096921,8.672276,0.280462,9.359029
2017-10-14,0.040615,6.753405,0.276692,9.334646
2017-10-15,0.038420,5.826443,0.305687,9.349247
2017-10-16,16.973826,7.045757,2.418756,10.897487
2017-10-17,32.318500,25.620132,6.275684,10.496399
2017-10-18,1.083171,9.770595,0.810805,10.666052
2017-10-19,0.031943,5.991508,0.325172,10.607792
2017-10-20,0.024224,5.772146,0.261331,10.700941
2017-10-21,0.030985,5.609871,0.352044,9.719367
2017-10-22,2.296371,5.508984,0.422559,9.241021
2017-10-23,4.514033,5.836827,0.260169,10.588078
2017-10-24,2.084060,6.214077,0.377376,11.073721
2017-10-25,0.854190,5.401619,0.252196,9.230989
2017-10-26,32.679722,16.016228,9.858183,10.469868
2017-10-27,67.910238,172.055253,8.368596,13.458833
2017-10-28,3.326371,84.607958,0.496606,9.350291
2017-10-29,0.660349,16.430648,0.247294,9.624235
2017-10-30,0.499411,7.479199,0.267776,9.177054
2017-10-31,0.335452,6.699385,0.296527,9.151516
2017-11-01,0.437973,5.926999,1.967307,9.136825
2017-11-02,2.084075,5.358387,0.247752,9.156861
2017-11-03,0.207742,5.501852,0.233152,9.101606
2017-11-04,0.115409,5.745429,0.237598,9.113276
2017-11-05,0.074498,5.673228,0.435610,9.112390
2017-11-06,0.078237,5.535261,0.291942,9.089451
2017-11-07,0.064827,5.493863,0.231707,9.058112
2017-11-08,0.123168,5.713219,0.227695,9.068699
2017-11-09,0.166757,5.846444,0.228110,9.041126
2017-11-10,0.139961,5.540804,0.225470,9.028673
2017-11-11,0.046578,5.451066,0.224792,9.058366
2017-11-12,0.081130,5.278850,0.222573,9.047459
2017-11-13,0.027151,5.474494,0.215604,9.027176
2017-11-14,0.076456,6.031109,0.218566,9.025963
2017-11-15,0.035661,5.333848,0.216002,9.007550
2017-11-16,0.088730,4.969046,0.214892,8.987948
2017-11-17,0.069528,4.783786,0.213444,8.989154
2017-11-18,0.065076,4.640369,0.210885,8.976856
2017-11-19,0.024000,4.494720,0.210885,8.953825
2017-11-20,0.038466,4.042804,0.209770,8.937979
2017-11-21,0.027960,3.988438,0.204314,8.932615
2017-11-22,0.051446,4.106639,0.204314,8.914325
2017-11-23,0.020965,4.253695,0.203199,8.875917
2017-11-24,0.030787,4.271411,0.199192,8.887138
2017-11-25,0.050153,4.231294,4.033945,8.979517
2017-11-26,0.066638,4.022360,1.500448,8.830163
2017-11-27,0.044958,4.277071,0.552502,8.817456
2017-11-28,0.029788,4.385755,4.705881,8.969344
2017-11-29,0.669612,4.627606,7.087905,8.980233
2017-11-30,0.913532,4.649301,3.643958,9.722065
2017-12-01,0.199862,4.626518,0.187502,8.686031
2017-12-02,0.130258,4.504042,0.186384,8.666042
2017-12-03,0.090891,4.383359,0.184941,8.650170
2017-12-04,0.114146,4.332870,0.184935,8.626030
2017-12-05,0.037148,4.401960,0.179819,8.630988
2017-12-06,0.037697,4.356203,0.180923,8.622709
2017-12-07,0.054198,4.198869,0.179813,8.688333
2017-12-08,0.021587,4.079918,0.177261,8.646617
2017-12-09,0.024217,4.040071,2.388531,8.665101
2017-12-10,0.058242,3.924643,0.554301,8.586842
2017-12-11,0.030042,3.890298,0.187443,8.563076
2017-12-12,0.041752,3.905414,0.247658,8.508166
2017-12-13,0.030376,4.041702,0.170678,8.484268
2017-12-14,0.025509,4.034517,0.170684,8.484831
2017-12-15,0.025265,3.933592,0.166677,8.457598
2017-12-16,0.064346,3.924787,0.167010,8.528999
2017-12-17,0.037196,3.948005,0.166671,8.503753
2017-12-18,0.030782,3.971499,0.163004,8.523175
2017-12-19,0.027168,3.983765,0.164113,8.500362
2017-12-20,0.017548,3.982245,0.161549,8.511005
2017-12-21,0.004387,3.982705,0.160445,8.511935
2017-12-22,0.011911,4.008054,0.158991,8.458605
2017-12-23,0.044113,4.028682,0.158991,8.469380
2017-12-24,0.012661,3.772427,0.157881,8.459606
2017-12-25,0.009048,3.138074,0.154978,8.459651
2017-12-26,0.011558,3.182673,0.156427,8.488703
2017-12-27,0.020616,3.200005,0.159742,8.509151
2017-12-28,0.015896,3.189017,0.151305,8.449563
2017-12-29,0.011068,3.206582,0.152420,8.480557
2017-12-30,0.013824,14.019043,0.151310,8.510997
2017-12-31,0.011582,4.171842,0.148747,8.423366
2018-01-01,0.001204,2.349084,0.147298,8.442257
2018-01-02,0.012721,2.349824,0.147298,8.445070
2018-01-03,0.009177,2.919710,0.146188,8.417693
2018-01-04,0.012413,3.014481,0.146188,8.499885
2018-01-05,0.007896,5.005221,0.143279,8.361237
2018-01-06,0.006272,3.354768,0.143732,8.366680
2018-01-07,0.004908,2.708882,0.142622,8.367729
2018-01-08,0.022455,2.696385,0.139171,8.294480
2018-01-09,0.006354,2.688897,0.140064,8.291741
2018-01-10,0.015541,2.685091,0.994766,8.300082
2018-01-11,0.004200,2.682004,0.156934,8.328353
2018-01-12,0.006703,2.680954,0.135605,8.278854
2018-01-13,0.012528,2.674286,0.135599,8.245919
2018-01-14,0.019222,2.669716,0.134495,8.256842
2018-01-15,0.006581,2.667060,0.131931,8.274593
2018-01-16,0.042904,2.664583,0.133035,8.253046
2018-01-17,0.020170,2.662360,0.130822,8.239609
2018-01-18,0.007129,2.658808,0.130483,8.223400
2018-01-19,0.005598,2.611301,0.127919,8.230310
2018-01-20,0.005428,2.507694,0.129139,8.260244
2018-01-21,0.008526,2.504937,0.126809,8.253145
2018-01-22,0.009833,2.506199,0.125355,8.162554
2018-01-23,0.008795,2.509710,0.125355,8.175342
2018-01-24,0.003295,2.511586,0.124251,8.135492
2018-01-25,0.003249,2.511525,0.122791,8.165379
2018-01-26,0.008533,2.511086,0.122796,8.154102
2018-01-27,0.017478,2.513576,0.120238,8.087117
2018-01-28,0.006552,2.510654,0.119123,8.112081
2018-01-29,0.004612,2.513322,0.118784,8.115035
2018-01-30,0.001890,2.515157,0.119123,8.109483
2018-01-31,0.003619,2.514219,0.116220,8.080113
2018-02-01,0.002286,2.513224,0.122142,8.065002
2018-02-02,0.009393,2.658713,0.115110,8.025867
2018-02-03,0.001162,2.871305,0.115110,8.007027
2018-02-04,0.000925,2.951864,0.112552,8.035630
2018-02-05,0.011573,2.701481,0.112546,7.990601
2018-02-06,0.018133,2.733116,0.112552,7.973268
2018-02-07,0.002470,2.762822,0.106224,8.006055
2018-02-08,0.004205,2.771384,0.108539,7.965436
2018-02-09,0.003880,2.772097,0.111437,7.986101
2018-02-10,0.004606,2.770179,0.108624,7.981292
2018-02-11,0.004420,2.761934,0.107424,8.009553
2018-02-12,0.006288,2.759818,0.105975,7.915134
2018-02-13,0.004734,2.768226,0.104866,7.910103
2018-02-14,0.010888,2.771050,0.103768,7.945310
2018-02-15,0.039065,2.769783,0.103417,7.924810
2018-02-16,0.035308,2.762346,0.102302,7.921968
2018-02-17,0.008562,2.754672,0.103894,7.891637
2018-02-18,0.015237,2.758664,0.099744,7.848613
2018-02-19,0.002572,2.763743,0.098289,7.795944
2018-02-20,0.002207,2.763168,0.100552,7.751087
2018-02-21,0.003023,2.762613,0.095386,7.763034
2018-02-22,0.002730,2.767553,0.094146,7.782286
2018-02-23,0.003848,2.766217,0.095731,7.989098
2018-02-24,0.002950,2.766279,0.143498,7.737421
2018-02-25,0.002855,2.759851,0.123288,8.067258
2018-02-26,0.001993,2.752679,0.093179,7.712129
2018-02-27,0.003806,2.744011,0.090948,7.753729
2018-02-28,0.034720,2.735234,0.090258,9.482500
2018-03-01,0.002509,2.726615,0.088045,8.202326
2018-03-02,0.007493,2.721529,0.088045,7.656379
2018-03-03,0.006378,2.721168,0.094419,7.697523
2018-03-04,0.005932,2.723654,0.086957,7.670985
2018-03-05,0.004865,2.727287,0.088039,7.739357
2018-03-06,0.003603,2.734545,0.080337,7.657111
2018-03-07,0.002926,2.740335,0.082917,7.638307
2018-03-08,0.003497,2.746629,0.082923,7.758910
2018-03-09,0.003075,2.750091,0.080359,7.690273
2018-03-10,0.002643,2.749427,0.080353,7.704687
2018-03-11,0.005550,2.744178,0.079249,7.772133
2018-03-12,0.007339,2.742271,0.078904,7.733953
2018-03-13,0.002778,2.739866,0.076685,7.738853
2018-03-14,0.002352,2.738905,0.076346,7.803811
2018-03-15,0.002885,2.740724,0.078155,7.697140
2018-03-16,0.003629,2.742572,0.074897,7.646313
2018-03-17,0.001295,2.743418,4.881553,7.744007
2018-03-18,0.002418,2.764184,4.761215,9.379906
2018-03-19,0.004343,2.765334,5.114985,9.296232
2018-03-20,0.001158,2.353089,0.796432,10.882761
2018-03-21,0.001367,2.149634,0.165399,7.621105
2018-03-22,0.002786,2.143244,0.067550,7.669429
2018-03-23,0.033095,2.142180,0.068278,7.612415
2018-03-24,0.018419,2.142130,0.067544,7.652107
2018-03-25,0.006456,2.221899,0.071590,7.627982
2018-03-26,0.006041,2.697208,0.067052,7.577847
2018-03-27,0.004132,2.821629,0.066429,7.634999
2018-03-28,0.021313,2.830888,0.068301,7.629790
2018-03-29,0.035277,2.825664,0.063871,7.583686
2018-03-30,0.021043,2.818454,0.063871,7.618491
2018-03-31,0.003371,2.813052,0.062422,7.580246
2018-04-01,0.007066,2.811913,0.062422,7.612576
2018-04-02,0.007078,2.814372,0.062422,7.516481
2018-04-03,0.004347,2.810478,0.060191,7.548186
2018-04-04,0.004533,2.812458,0.059858,7.572462
2018-04-05,0.004536,2.810508,0.059858,7.529107
2018-04-06,0.009622,2.810106,0.060197,7.546128
2018-04-07,0.033605,2.813216,0.057300,7.701289
2018-04-08,0.001582,2.809005,0.086503,7.511805
2018-04-09,0.004638,2.810936,0.057636,7.617206
2018-04-10,0.005412,2.804336,0.053316,7.552110
2018-04-11,0.002590,2.805189,0.149792,7.492730
2018-04-12,0.002103,2.800581,0.118343,10.572610
2018-04-13,0.002711,2.804679,0.060655,8.213209
2018-04-14,0.002649,2.801953,0.052178,10.223386
2018-04-15,0.004745,2.812812,0.057616,7.136384
2018-04-16,0.002986,2.843875,8.585672,11.541344
2018-04-17,0.003267,3.072404,24.167077,12.332489
2018-04-18,0.002316,3.664125,6.503681,13.396020
2018-04-19,2.821689,7.776281,5.919858,14.135943
2018-04-20,23.525166,12.203967,5.663566,13.503737
2018-04-21,19.691381,11.085952,4.998840,16.634217
2018-04-22,15.649214,9.032621,1.728579,13.453000
2018-04-23,6.250190,5.283894,0.346053,15.237651
2018-04-24,5.295274,4.367432,0.616495,13.560084
2018-04-25,3.613523,3.943032,0.093653,17.472595
2018-04-26,2.658596,3.207764,0.092215,14.745661
2018-04-27,1.810588,3.098873,1.508992,14.214153
2018-04-28,1.775444,3.137138,2.061248,17.386228
2018-04-29,1.783066,3.330321,0.528735,13.976418
2018-04-30,1.414515,3.254822,1.127223,19.147889
2018-05-01,1.280722,3.054519,0.047383,6.972219
2018-05-02,1.142207,3.009306,0.045929,6.920951
2018-05-03,1.054051,2.985614,0.127534,10.759104
2018-05-04,0.972684,2.969898,0.124710,11.861635
2018-05-05,0.912123,2.963141,4.406993,16.720498
2018-05-06,0.844404,2.970973,1.535721,17.218921
2018-05-07,0.812322,2.981994,2.033582,15.830985
2018-05-08,0.802205,2.963354,4.470332,8.642817
2018-05-09,0.749051,2.968437,2.383817,6.887680
2018-05-10,0.727054,2.965751,6.344208,22.363931
2018-05-11,0.698352,2.952161,5.464715,13.211118
2018-05-12,0.692145,2.923797,1.122355,12.103406
2018-05-13,0.714963,2.976827,3.478355,15.482552
2018-05-14,2.263952,3.017661,0.301584,16.378960
2018-05-15,2.870681,3.026256,0.041970,14.390101
2018-05-16,4.953094,2.981307,0.124239,12.702373
2018-05-17,14.145547,4.354290,0.209331,16.614774
2018-05-18,6.543509,4.818297,0.046716,19.995285
2018-05-19,5.053478,4.771132,0.354896,16.362832
2018-05-20,7.402854,5.050854,0.082778,15.704075
2018-05-21,0.747439,4.452193,0.150804,12.966106
2018-05-22,2.106184,3.108836,4.215156,12.518355
2018-05-23,19.178746,7.249868,3.504058,13.067294
2018-05-24,20.118835,10.396862,4.617320,16.315613
2018-05-25,0.769067,6.979491,1.007357,14.151885
2018-05-26,23.097774,7.117591,4.136415,17.170605
2018-05-27,25.616560,12.406537,5.102379,16.378396
2018-05-28,20.804074,14.284262,3.106977,15.372745
2018-05-29,36.610275,17.208343,5.005218,14.454375
2018-05-30,34.169535,21.335355,6.881141,13.454491
2018-05-31,46.620470,28.950697,11.205571,19.254425
2018-06-01,29.705752,27.817802,21.634878,19.797720
2018-06-02,53.197301,35.420020,34.599357,29.970944
2018-06-03,58.541924,44.650406,27.704713,22.522936
2018-06-04,59.961355,61.900203,20.118717,22.884024
2018-06-05,235.620700,105.567195,30.659447,34.161703
2018-06-06,295.105575,328.737141,37.322872,33.670918
2018-06-07,82.580243,137.841894,9.076826,37.029026
2018-06-08,79.016519,93.864785,6.357949,19.960856
2018-06-09,82.215706,99.782838,13.843137,22.009381
2018-06-10,83.916354,104.295089,10.678383,19.716943
2018-06-11,95.935079,110.635996,15.006570,30.627370
2018-06-12,104.791203,114.190270,11.918077,31.407411
2018-06-13,86.728317,112.071903,12.920603,31.489276
2018-06-14,67.538320,101.051737,5.541237,44.761762
2018-06-15,90.749262,109.346939,11.258740,84.923915
2018-06-16,61.948174,97.541026,11.082913,76.865941
2018-06-17,72.487544,98.006084,12.334064,67.638555
2018-06-18,88.349057,125.933867,13.621457,72.650628
2018-06-19,93.175974,149.171814,15.855813,74.991116
2018-06-20,51.754888,99.102477,10.103081,69.906555
2018-06-21,118.840647,113.094899,18.706025,118.246992
2018-06-22,61.071131,102.384414,8.895333,76.668828
2018-06-23,110.393036,145.921020,10.026539,116.880054
2018-06-24,67.920785,122.940020,9.619297,77.723644
2018-06-25,89.486198,122.284878,13.531543,126.277874
2018-06-26,115.111305,170.319531,14.961897,117.149953
2018-06-27,89.466443,166.217602,18.126337,88.350774
2018-06-28,143.960217,175.269537,18.339456,183.554808
2018-06-29,133.864785,211.476534,14.832701,145.915680
2018-06-30,53.556552,138.398829,12.770457,102.703796
2018-07-01,90.820671,125.535336,18.137533,147.562711
2018-07-02,91.346200,159.508119,18.186162,171.135372
2018-07-03,93.734376,169.322721,18.835177,187.685344
2018-07-04,48.922281,126.382534,13.149892,83.700619
2018-07-05,109.265211,126.302882,16.686029,164.552499
2018-07-06,127.400114,239.322280,18.879490,202.125759
2018-07-07,77.989971,198.633157,20.768989,181.672402
2018-07-08,111.758162,180.387673,18.148955,198.571242
2018-07-09,110.514190,213.951387,18.939302,213.289687
2018-07-10,81.729347,234.067350,25.870548,233.887622
2018-07-11,100.723064,301.008831,24.843525,245.550033
2018-07-12,124.697140,422.962534,27.153685,290.797684
2018-07-13,105.372149,452.440094,25.502557,267.648049
2018-07-14,90.033146,447.531779,29.452479,302.246246
2018-07-15,134.064891,707.148436,36.951921,377.613191
2018-07-16,65.501937,493.465758,31.836902,340.460178
2018-07-17,141.175732,670.373922,34.822557,467.070231
2018-07-18,118.318657,876.676385,35.441007,472.781047
2018-07-19,68.260633,570.207397,23.336144,253.378664
2018-07-20,64.967626,441.605157,27.729763,402.004541
2018-07-21,70.712840,533.072204,25.380516,360.357108
2018-07-22,57.104340,475.683851,29.060932,402.651286
2018-07-23,60.312951,467.662699,31.348147,410.434172
2018-07-24,53.434911,392.701732,24.745131,164.718746
2018-07-25,45.125438,362.674033,22.986278,336.710425
2018-07-26,35.450522,311.541742,16.254112,317.504990
2018-07-27,34.845518,292.060413,19.307625,415.046652
2018-07-28,63.906686,327.554359,22.058966,325.542550
2018-07-29,61.646846,382.808552,22.988896,424.038357
2018-07-30,105.149700,766.890605,29.124613,533.845954
2018-07-31,82.027610,693.129521,25.633265,511.513313
2018-08-01,62.903937,605.481159,25.800128,474.732694
2018-08-02,64.384974,542.856237,23.898810,457.818432
2018-08-03,55.830238,470.059391,21.412340,422.060718
2018-08-04,43.410852,431.412320,22.626962,413.562088
2018-08-05,41.510705,387.608189,22.804966,406.501087
2018-08-06,51.371341,429.082399,21.833485,413.415100
2018-08-07,44.165711,469.322256,21.537678,390.321524
2018-08-08,54.205717,502.231118,23.525263,465.127830
2018-08-09,60.893825,605.788495,24.683614,492.489526
2018-08-10,46.182000,499.414882,19.181948,375.971977
2018-08-11,33.946372,434.167068,22.193961,375.367276
2018-08-12,147.288661,606.635263,24.452582,451.828586
2018-08-13,287.400889,1269.641965,34.773037,597.906398
2018-08-14,273.746540,1499.963497,35.932631,550.269394
2018-08-15,37.312820,776.321182,18.675453,430.153221
2018-08-16,119.744578,421.564259,25.313305,169.879467
2018-08-17,37.407662,354.374801,9.380001,268.312320
2018-08-18,26.552187,298.960632,12.394828,256.342573
2018-08-19,24.810259,265.710665,10.770813,252.466380
2018-08-20,21.701483,236.623681,8.612328,209.138938
2018-08-21,32.159347,251.362440,10.185426,234.251038
2018-08-22,14.228794,197.576765,10.941676,170.348798
2018-08-23,22.595750,216.399474,10.823923,184.702082
2018-08-24,8.654147,159.232279,10.105752,81.140913
2018-08-25,41.993037,123.446303,9.983438,126.255785
2018-08-26,29.690994,103.035829,11.695583,127.394159
2018-08-27,15.363321,118.548020,6.641264,117.276893
2018-08-28,0.541899,84.756433,6.911962,57.885492
2018-08-29,26.198224,58.067363,14.600961,79.538280
2018-08-30,124.408078,130.135275,20.175555,198.285374
2018-08-31,10.776899,133.176036,7.061366,147.457745
2018-09-01,8.682299,104.523007,3.019002,73.285718
2018-09-02,0.919253,64.942272,7.618430,70.412191
2018-09-03,11.565110,55.468522,4.766611,103.164108
2018-09-04,0.606623,59.842487,5.220914,73.708026
2018-09-05,144.193780,104.408583,23.810104,77.093089
2018-09-06,100.963245,123.010483,27.384798,167.761636
2018-09-07,82.741960,157.161529,17.895229,165.969112
2018-09-08,29.141646,90.346134,9.471593,95.629297
2018-09-09,11.247235,74.926525,9.783849,120.624974
2018-09-10,3.820115,48.967928,4.141567,45.074275
2018-09-11,1.362421,33.356957,3.158582,29.507103
2018-09-12,1.157114,31.383944,3.018024,29.435475
2018-09-13,8.530521,55.968962,4.210887,44.714381
2018-09-14,51.324419,73.798643,9.478690,42.198344
2018-09-15,32.495876,73.346045,5.827340,54.355570
2018-09-16,31.802784,71.439026,6.385237,52.810545
2018-09-17,52.736732,53.367795,8.254035,45.990203
2018-09-18,21.960800,92.797856,9.604519,39.957555
2018-09-19,2.178655,50.791442,0.597207,11.112946
2018-09-20,0.515732,26.641119,0.580440,11.260138
2018-09-21,0.371618,16.914685,0.575289,10.787632
2018-09-22,0.242352,12.066628,0.574166,13.868849
2018-09-23,31.533705,13.357531,2.730138,13.195483
2018-09-24,3.877910,12.458048,0.829370,13.588402
2018-09-25,2.310346,8.849933,0.545159,10.421508
2018-09-26,0.127489,8.666798,0.537473,10.412698
2018-09-27,0.094440,8.300340,1.197304,12.603803
2018-09-28,5.068033,8.505698,1.857633,19.659204
2018-09-29,0.455731,8.369119,0.512516,15.711191
2018-09-30,4.046374,8.251037,3.962914,13.749266
2018-10-01,0.581004,8.136941,0.511379,10.198824
2018-10-02,0.201953,8.272668,0.489021,10.262364
2018-10-03,0.117455,8.607250,0.481334,10.144886
2018-10-04,0.046425,8.653861,0.474594,10.230656
2018-10-05,0.054032,7.807833,0.474766,12.638809
2018-10-06,0.044488,7.362947,1.421643,10.113303
2018-10-07,0.034964,7.313905,1.057279,10.063832
2018-10-08,0.058131,7.647304,0.491299,10.140251
2018-10-09,0.083484,8.070584,0.436156,10.099361
2018-10-10,0.102113,8.121691,0.429226,10.088074
2018-10-11,0.083180,8.073303,0.419648,10.038222
2018-10-12,0.110982,7.710406,8.647088,11.399008
2018-10-13,0.556475,7.793482,1.785892,10.029307
2018-10-14,0.092019,8.045578,0.398383,10.007171
2018-10-15,0.064724,7.875669,0.394709,9.961707
2018-10-16,0.069482,7.634924,0.386253,9.943240
2018-10-17,0.079310,6.961209,0.379676,9.934739
2018-10-18,0.066260,6.809984,0.377878,9.918618
2018-10-19,0.045792,7.152208,0.412757,9.898429
2018-10-20,0.051611,8.120848,0.361314,9.856075
2018-10-21,0.052257,8.280455,0.355070,9.787991
2018-10-22,0.059150,8.307514,0.357530,12.376000
2018-10-23,0.057191,8.339337,0.385412,9.826305
2018-10-24,0.042767,8.264316,0.340074,9.774394
2018-10-25,0.052919,8.213423,0.330126,9.815856
2018-10-26,0.058033,8.145211,0.345397,11.179322
2018-10-27,0.085888,8.122053,2.649734,9.859432
2018-10-28,0.077049,8.131802,0.315443,9.705993
2018-10-29,0.122121,8.186312,0.310303,9.663108
2018-10-30,0.052109,8.147826,0.308096,9.614011
2018-10-31,0.057463,8.146197,0.300059,9.634755
2018-11-01,0.048465,8.163444,0.296779,9.540912
2018-11-02,0.058600,8.166277,0.304717,9.519124
2018-11-03,0.050797,8.172377,0.291178,9.589432
2018-11-04,0.103437,8.168163,0.281717,9.558419
2018-11-05,0.069605,7.310745,0.275798,9.539749
2018-11-06,0.054029,7.027043,0.275106,9.494776
2018-11-07,0.035342,7.010627,0.490307,9.509492
2018-11-08,0.047869,7.104429,2.193405,9.468656
2018-11-09,0.607249,6.993261,5.105441,10.422493
2018-11-10,4.031674,7.521691,0.262745,9.444247
2018-11-11,1.323220,7.118113,0.459713,9.432804
2018-11-12,0.706000,7.195914,1.115936,9.406070
2018-11-13,0.069365,6.831411,0.597757,9.436089
2018-11-14,0.055240,6.683727,0.247414,9.388533
2018-11-15,0.068612,6.803074,0.237690,9.372840
2018-11-16,0.059532,7.025990,0.234366,9.344557
2018-11-17,0.058459,7.168945,5.505377,9.633376
2018-11-18,0.061556,7.257926,1.201331,9.320624
2018-11-19,0.074824,7.123375,4.421654,9.335657
2018-11-20,20.364625,13.461736,27.040355,9.645769
2018-11-21,0.779082,8.062170,0.216774,9.196699
2018-11-22,0.550551,6.254708,0.214210,9.272641
2018-11-23,0.475298,6.223722,0.233961,9.180843
2018-11-24,0.461811,6.288959,0.624338,9.185833
2018-11-25,0.432618,6.320199,0.999469,9.137986
2018-11-26,0.382339,6.263590,0.202845,9.086840
2018-11-27,0.317313,6.257180,0.200287,9.103475
2018-11-28,0.251471,6.174269,0.198062,9.074314
2018-11-29,0.192844,6.157855,0.195164,9.053711
2018-11-30,0.155286,6.164015,0.194049,9.051184
2018-12-01,0.136559,6.085772,0.191485,8.940243
2018-12-02,0.140160,6.031741,0.188921,8.939294
2018-12-03,0.121617,5.991600,0.185253,8.905292
2018-12-04,0.093429,5.996556,0.184908,9.070185
2018-12-05,0.037994,5.974113,0.180131,8.891063
2018-12-06,0.031908,5.966218,0.183848,8.876272
2018-12-07,0.016159,5.958447,0.176944,8.892789
2018-12-08,0.019885,5.911497,0.177561,8.870498
2018-12-09,0.025515,5.882033,0.171607,8.865342
2018-12-10,0.039689,6.039865,0.171324,8.870277
2018-12-11,0.008798,6.105549,0.180718,8.927900
2018-12-12,0.013927,6.086503,1.097834,8.832032
2018-12-13,0.010128,5.971290,3.184099,8.812033
2018-12-14,0.024719,6.132865,1.208659,8.808866
2018-12-15,0.042429,6.338165,1.196104,8.785689
2018-12-16,0.021795,6.450790,0.536887,8.787930
2018-12-17,0.018365,6.415719,0.155118,8.745919
2018-12-18,0.035425,6.442286,0.210308,8.733608
2018-12-19,0.025303,6.398145,0.153387,8.733969
2018-12-20,0.023421,4.949214,0.179124,8.712214
2018-12-21,0.015271,6.200939,0.150823,8.707949
2018-12-22,0.006283,6.530442,0.154955,8.686133
2018-12-23,0.009467,6.358964,0.952763,8.672914
2018-12-24,0.011135,6.206962,0.838953,8.800343
2018-12-25,0.015846,5.956179,0.370067,8.684283
2018-12-26,0.017495,4.623646,0.146772,8.620609
2018-12-27,0.035737,4.450191,0.173416,8.666175
2018-12-28,0.020023,4.456403,0.159486,8.608013
2018-12-29,0.031155,4.487240,0.137238,8.614831
2018-12-30,0.025525,9.918973,0.137238,8.711175
2018-12-31,0.012651,3.725259,0.134341,8.609531
2019-01-01,0.008096,1.334853,0.134782,8.630006
2019-01-02,0.001922,1.171605,0.198251,8.530790
2019-01-03,0.001909,1.881724,0.196906,8.634353
2019-01-04,0.001830,2.659314,0.205448,8.597382
2019-01-05,0.003329,2.258938,0.123239,8.491578
2019-01-06,0.006384,1.830583,0.126994,8.548320
2019-01-07,0.002254,1.838849,0.126982,8.494327
2019-01-08,0.001862,1.867157,0.888872,8.555774
2019-01-09,0.003145,1.876994,0.174909,8.513333
2019-01-10,0.003801,1.892417,0.121860,8.527758
2019-01-11,0.003856,1.915332,0.119302,8.500267
2019-01-12,0.003634,1.947541,0.119302,8.415965
2019-01-13,0.003662,1.947840,0.117848,8.470182
2019-01-14,0.002191,1.950742,0.116738,8.471486
2019-01-15,0.004179,1.956063,0.115623,8.446967
2019-01-16,0.003304,1.927233,0.114174,8.458233
2019-01-17,0.002810,1.938550,0.111616,8.419132
2019-01-18,0.000151,1.955359,0.111427,8.419312
2019-01-19,0.000132,1.964539,0.111737,8.328785
2019-01-20,0.000125,1.710492,0.109391,8.286851
2019-01-21,0.000152,0.835256,0.108701,8.320676
2019-01-22,0.000772,1.460650,0.109391,8.241932
2019-01-23,0.000252,1.699389,0.104263,8.305491
2019-01-24,0.000084,1.934905,0.106482,8.249091
2019-01-25,0.000078,1.829167,0.104263,8.227312
2019-01-26,0.000060,1.757720,0.101366,8.303024
2019-01-27,0.000063,1.722016,0.101770,8.304572
2019-01-28,0.000065,1.728567,0.101366,8.187449
2019-01-29,0.000076,1.747861,0.099135,8.247452
2019-01-30,0.000089,1.758916,0.099135,8.197235
2019-01-31,0.000083,1.379139,0.094018,8.179312
2019-02-01,0.000085,1.303211,0.095128,8.270183
2019-02-02,0.000081,1.351601,0.098359,8.257738
2019-02-03,0.000076,1.362220,0.091454,8.160624
2019-02-04,0.000063,1.368550,0.094013,8.133530
2019-02-05,0.000000,1.367681,0.088896,8.142388
2019-02-06,0.000000,1.368271,0.091110,8.075330
2019-02-07,0.000000,1.377658,0.087781,8.073770
2019-02-08,0.000000,1.382206,0.086448,8.091195
2019-02-09,0.000000,1.380437,0.086332,8.071724
2019-02-10,0.000000,1.392614,0.085217,8.041046
2019-02-11,0.000000,1.403936,0.083762,8.131653
2019-02-12,0.000000,1.417436,0.081210,8.007911
2019-02-13,0.000000,1.416564,0.083762,8.027999
2019-02-14,0.000000,1.420173,0.081543,7.958862
2019-02-15,0.000000,1.414240,0.078634,8.000797
2019-02-16,0.000000,1.412946,0.078646,7.985044
2019-02-17,0.000000,1.418829,0.077531,7.967754
2019-02-18,0.000000,1.495656,0.077531,7.972850
2019-02-19,0.000000,1.504702,0.076076,7.958438
2019-02-20,0.000000,1.508591,0.073857,7.898203
2019-02-21,0.000000,1.511064,2.160812,7.967380
2019-02-22,0.000000,1.515315,0.235251,7.885398
2019-02-23,0.000000,1.509720,0.082812,7.872354
2019-02-24,0.000000,1.504643,0.070954,7.856418
2019-02-25,0.000000,1.523984,0.084074,7.852885
2019-02-26,0.000000,1.576995,0.065176,7.841831
2019-02-27,0.000000,1.545565,0.068390,7.818827
2019-02-28,0.000000,1.608201,2.370852,7.981814
2019-03-01,0.000000,1.755697,0.196382,7.698433
2019-03-02,0.000000,1.784467,0.066171,7.665433
2019-03-03,0.000000,1.790666,0.065497,7.663915
2019-03-04,0.000000,1.823142,0.063936,7.606373
2019-03-05,0.000000,2.415491,0.063940,7.672619
2019-03-06,0.000000,2.510920,0.064387,7.629275
2019-03-07,0.000000,2.388509,0.061043,7.635789
2019-03-08,0.000000,2.329196,0.062491,7.659442
2019-03-09,0.000000,2.322465,0.059933,7.579406
2019-03-10,0.000000,2.320651,0.059933,7.553967
2019-03-11,0.000000,2.315363,0.058479,7.566163
2019-03-12,0.000000,2.305734,0.056595,7.582508
2019-03-13,0.000000,2.291191,0.058812,7.549124
2019-03-14,0.000000,2.299041,0.055915,7.560674
2019-03-15,0.000000,2.291208,0.055926,7.482358
2019-03-16,0.000000,2.282911,0.056593,7.514065
2019-03-17,0.000000,2.397778,0.055915,7.525680
2019-03-18,0.000000,2.709933,0.050798,7.510742
2019-03-19,0.000000,2.693952,0.053684,7.495637
2019-03-20,0.000000,2.138755,0.051476,7.429209
2019-03-21,0.000000,2.438253,0.050798,7.469769
2019-03-22,0.000000,2.579316,0.051906,7.516391
2019-03-23,0.000000,2.600523,0.051132,7.442643
2019-03-24,0.000000,2.609369,0.048568,7.466386
2019-03-25,0.000000,2.598030,0.048568,7.454615
2019-03-26,0.000000,2.609750,0.046009,7.427089
2019-03-27,0.000000,2.626440,0.047458,7.446610
2019-03-28,0.003044,2.634844,0.046009,7.417791
2019-03-29,0.006472,2.635591,0.044894,7.413882
2019-03-30,0.006425,2.695475,0.043445,7.424219
2019-03-31,0.006372,2.808815,0.043440,7.395917
2019-04-01,0.006451,2.817465,0.042330,7.402794
2019-04-02,0.006420,2.823297,0.046708,11.066534
2019-04-03,0.006390,2.821466,0.079256,7.415053
2019-04-04,0.006458,2.823870,0.039772,7.388870
2019-04-05,0.004258,2.831648,0.038662,7.411147
2019-04-06,0.000549,2.831521,0.266990,10.354321
2019-04-07,0.000537,2.826709,7.663869,13.624797
2019-04-08,0.000515,2.829227,6.693163,11.031088
2019-04-09,0.000518,2.898640,3.642733,10.746396
2019-04-10,0.000529,2.934639,15.500568,11.461544
2019-04-11,0.000533,2.844794,4.823158,16.135288
2019-04-12,0.006752,2.744775,15.908352,14.207056
2019-04-13,0.991168,2.747497,9.389411,14.612313
2019-04-14,12.539529,3.272719,29.620406,10.368794
2019-04-15,8.494676,4.511061,3.720547,11.735736
2019-04-16,7.839404,3.935423,1.942482,17.840716
2019-04-17,1.669571,3.844120,1.638560,17.300161
2019-04-18,1.129317,3.227216,0.238951,12.800244
2019-04-19,3.328550,3.390466,2.816924,19.559027
2019-04-20,2.004650,3.587851,0.119634,19.515148
2019-04-21,3.552651,3.593227,0.060172,17.551015
2019-04-22,0.884891,2.849578,0.033491,7.179104
2019-04-23,0.872288,2.095100,0.039726,7.166943
2019-04-24,0.814666,2.032326,0.068518,15.482415
2019-04-25,0.765402,1.982584,0.036945,12.492681
2019-04-26,0.721947,1.955619,4.335844,16.387457
2019-04-27,28.219922,7.380248,10.213172,13.763962
2019-04-28,31.984914,20.187311,13.223311,12.904860
2019-04-29,60.553515,23.966520,27.535170,12.459939
2019-04-30,65.549643,35.872153,14.832246,14.993831
2019-05-01,57.167993,32.982934,17.888187,14.075814
2019-05-02,89.502667,73.632178,15.732097,19.272450
2019-05-03,11.672351,23.710153,5.760106,17.358463
2019-05-04,186.621655,77.320279,24.728391,17.529183
2019-05-05,206.115800,178.184257,31.463858,17.538708
2019-05-06,117.906344,125.957863,25.725690,15.056210
2019-05-07,53.725639,65.551415,6.234567,14.063398
2019-05-08,42.234783,43.744286,6.473928,16.164965
2019-05-09,31.468535,34.803099,2.677636,18.205933
2019-05-10,20.033092,18.837979,3.500898,15.177875
2019-05-11,16.608789,13.797221,3.441457,13.992316
2019-05-12,11.816348,10.324311,1.129527,16.014874
2019-05-13,3.901201,5.296986,1.855343,17.560944
2019-05-14,46.628715,15.225733,18.749231,14.169069
2019-05-15,134.364646,80.060563,18.649889,18.093072
2019-05-16,86.545036,92.596608,7.169803,16.745401
2019-05-17,69.899951,61.843712,7.321774,14.435790
2019-05-18,74.838304,68.469992,12.373139,14.694185
2019-05-19,74.125449,71.856847,8.064806,15.734398
2019-05-20,59.323490,54.650217,9.015169,15.915086
2019-05-21,50.589366,50.576488,8.813826,17.120334
2019-05-22,62.594549,53.858252,14.133415,16.724339
2019-05-23,69.107905,61.906826,14.606838,15.116548
2019-05-24,48.375867,51.003851,9.169374,21.572584
2019-05-25,59.183744,53.020740,7.441051,32.985309
2019-05-26,65.367746,61.089085,12.731300,25.748001
2019-05-27,65.480146,64.908354,10.656900,18.680207
2019-05-28,38.594986,51.413734,6.974515,19.306389
2019-05-29,54.302138,51.665889,10.862267,20.011963
2019-05-30,54.907510,60.202453,12.014814,18.476391
2019-05-31,55.939699,60.962952,10.220848,18.306018
2019-06-01,50.347362,62.161139,8.476439,15.902169
2019-06-02,57.804959,70.585389,12.720409,19.723549
2019-06-03,74.925127,84.951090,14.372114,55.501127
2019-06-04,76.071379,102.772658,15.104671,56.943800
2019-06-05,66.781803,104.696787,18.799917,56.725587
2019-06-06,65.009360,95.877443,11.675983,46.054706
2019-06-07,99.998379,116.905735,18.495446,75.791862
2019-06-08,80.405310,125.441945,18.384204,45.700906
2019-06-09,106.496289,137.603125,21.625030,107.969939
2019-06-10,51.518922,102.275616,21.081770,94.945290
2019-06-11,222.130841,179.044637,37.568655,155.326482
2019-06-12,156.124010,233.528595,36.920238,158.915542
2019-06-13,150.375140,239.199191,24.061139,155.854675
2019-06-14,143.913361,216.461856,15.279340,128.626573
2019-06-15,132.494408,219.362437,14.720088,116.900514
2019-06-16,162.226094,238.043196,18.434623,140.897159
2019-06-17,151.613402,293.764654,22.337936,147.174448
2019-06-18,125.865818,232.273000,18.818145,124.714933
2019-06-19,157.903912,263.230454,21.982021,112.862878
2019-06-20,121.434050,255.891885,21.458466,138.020288
2019-06-21,118.915808,251.343034,21.496407,120.841328
2019-06-22,114.704357,241.971527,21.910062,129.206382
2019-06-23,110.615608,241.243277,25.206937,137.717162
2019-06-24,111.791903,297.712347,21.827841,115.589154
2019-06-25,145.538690,304.955794,32.146575,222.281049
2019-06-26,154.458233,405.710007,34.862377,226.783925
2019-06-27,146.340925,388.709774,34.038349,261.701503
2019-06-28,115.727536,344.954673,28.610581,229.747305
2019-06-29,88.221974,272.040436,25.817357,204.270722
2019-06-30,89.305879,223.274194,26.484456,224.879705
2019-07-01,63.145086,187.086329,27.723574,243.261811
2019-07-02,123.987002,193.123327,19.190830,211.544621
2019-07-03,115.970399,315.313782,19.875244,244.063924
2019-07-04,83.452939,293.775777,21.859568,236.731306
2019-07-05,109.049689,333.313586,23.884550,242.942766
2019-07-06,98.312929,357.174195,25.348917,242.121386
2019-07-07,71.457346,302.781121,28.833802,252.801410
2019-07-08,93.019864,340.529236,26.536336,270.489515
2019-07-09,80.226864,355.985756,26.206436,257.857279
2019-07-10,76.205528,344.314299,26.091382,257.815131
2019-07-11,73.761531,361.858057,28.654858,272.180103
2019-07-12,69.102575,365.009929,28.399222,298.229653
2019-07-13,72.942867,381.949045,28.999717,308.624945
2019-07-14,75.170808,423.113870,33.483237,341.256994
2019-07-15,72.904478,420.892662,27.376760,288.194232
2019-07-16,79.380072,419.826583,30.657726,325.085457
2019-07-17,67.880711,458.416998,30.234695,314.917889
2019-07-18,71.059834,460.957629,32.876278,371.487601
2019-07-19,74.601922,528.620193,32.841365,359.889820
2019-07-20,75.056762,540.625486,34.035488,390.490573
2019-07-21,73.755679,535.134031,35.096194,419.506044
2019-07-22,81.869926,586.922163,33.252605,410.190826
2019-07-23,65.432375,580.957067,28.649768,347.074973
2019-07-24,55.830706,486.336267,30.944185,364.840210
2019-07-25,70.380246,492.430438,21.973922,229.205676
2019-07-26,56.162559,396.293588,26.421597,302.965337
2019-07-27,58.048800,399.504655,32.505736,458.993766
2019-07-28,39.945040,306.959638,23.020130,261.363495
2019-07-29,55.833770,387.193670,35.915639,462.223018
2019-07-30,339.187680,948.373898,30.041933,432.053184
2019-07-31,322.848815,1759.937350,38.071201,647.651939
2019-08-01,68.053985,1001.775095,33.046485,476.375067
2019-08-02,56.938813,566.799010,38.180011,499.243895
2019-08-03,82.572970,642.561966,30.553227,481.794803
2019-08-04,70.019111,639.165491,26.633624,458.936009
2019-08-05,71.296203,648.479851,26.786913,450.118964
2019-08-06,39.441577,504.858342,24.873711,383.182988
2019-08-07,47.667539,450.620329,26.113050,419.562995
2019-08-08,40.516109,444.421126,24.065575,402.595725
2019-08-09,37.595820,386.106756,21.791618,306.858572
2019-08-10,46.952226,421.167173,22.626790,355.510617
2019-08-11,32.551982,371.571555,19.773195,256.185431
2019-08-12,34.670486,274.292567,22.216607,305.361283
2019-08-13,147.650416,518.930765,22.004347,312.241176
2019-08-14,31.026123,371.261733,20.893218,346.134415
2019-08-15,23.718119,243.822874,20.787044,269.318092
2019-08-16,35.261769,256.859952,21.682750,262.679558
2019-08-17,36.065627,298.767987,21.329272,272.173814
2019-08-18,30.764279,248.483279,18.174673,216.988814
2019-08-19,42.787177,284.862140,17.640751,193.588813
2019-08-20,22.185993,225.813604,18.586628,250.179673
2019-08-21,17.208278,177.017456,16.343751,150.142286
2019-08-22,17.099532,149.563268,13.973464,114.437776
2019-08-23,12.493678,121.362338,15.066701,120.293881
2019-08-24,11.957628,84.922966,16.836355,72.523974
2019-08-25,31.202987,140.042558,16.457572,164.104835
2019-08-26,25.818365,203.792161,13.189043,197.329813
2019-08-27,14.935657,187.524980,14.295447,166.845140
2019-08-28,12.948127,154.972286,10.590910,157.930067
2019-08-29,6.096232,114.168499,9.048028,64.979225
2019-08-30,3.997805,78.981871,12.373593,69.359979
2019-08-31,3.798587,65.336654,10.413678,50.046573
2019-09-01,12.495117,72.043130,0.000000,0.000000
2019-09-02,7.182174,72.511054,0.000000,0.000000
2019-09-03,10.784207,83.298906,0.000000,0.000000
2019-09-04,18.814239,127.626656,0.000000,0.000000
2019-09-05,7.499285,93.491050,0.000000,0.000000
2019-09-06,54.957659,91.024252,0.000000,0.000000
2019-09-07,27.347308,108.536348,0.000000,0.000000
2019-09-08,3.937198,115.196063,0.000000,0.000000
2019-09-09,9.629058,67.870510,0.000000,0.000000
2019-09-10,13.610104,82.096711,0.000000,0.000000
2019-09-11,0.382075,50.984922,0.000000,0.000000
2019-09-12,0.241454,29.608752,0.000000,0.000000
2019-09-13,0.246768,23.110581,0.000000,0.000000
2019-09-14,0.151512,20.621278,0.000000,0.000000
2019-09-15,0.161483,23.191787,0.000000,0.000000
2019-09-16,0.189054,20.407892,0.000000,0.000000
2019-09-17,0.187695,12.319067,0.000000,0.000000
2019-09-18,1.615624,8.078343,0.000000,0.000000
2019-09-19,5.335162,16.483610,0.000000,0.000000
2019-09-20,1.293581,38.888981,0.000000,0.000000
2019-09-21,12.063466,43.048629,0.000000,0.000000
2019-09-22,199.682668,220.784291,0.000000,0.000000
2019-09-23,167.862274,414.140103,0.000000,0.000000
2019-09-24,36.417305,259.001902,0.000000,0.000000
2019-09-25,4.065175,142.596584,0.000000,0.000000
2019-09-26,3.260371,66.818786,0.000000,0.000000
2019-09-27,114.150651,248.090075,0.000000,0.000000
2019-09-28,74.630831,408.927603,0.000000,0.000000
2019-09-29,1.095643,133.479700,0.000000,0.000000
2019-09-30,0.709958,42.288879,0.000000,0.000000
2019-10-01,19.944831,27.306980,0.000000,0.000000
2019-10-02,113.285974,74.805776,0.000000,0.000000
2019-10-03,64.187476,104.131167,0.000000,0.000000
2019-10-04,83.922593,126.894665,0.000000,0.000000
2019-10-05,114.069909,196.877718,0.000000,0.000000
2019-10-06,85.295254,274.510061,0.000000,0.000000
2019-10-07,8.883144,187.173844,0.000000,0.000000
2019-10-08,2.864819,39.623329,0.000000,0.000000
2019-10-09,42.184584,39.163875,0.000000,0.000000
2019-10-10,0.667716,32.291033,0.000000,0.000000
2019-10-11,0.242242,15.495133,0.000000,0.000000
2019-10-12,0.147912,11.388798,0.000000,0.000000
2019-10-13,0.202556,9.932907,0.000000,0.000000
2019-10-14,4.342840,9.017623,0.000000,0.000000
2019-10-15,0.148159,8.525121,0.000000,0.000000
2019-10-16,0.092689,7.843688,0.000000,0.000000
2019-10-17,0.059451,7.539213,0.000000,0.000000
2019-10-18,0.300104,7.413707,0.000000,0.000000
2019-10-19,2.765151,7.465886,0.000000,0.000000
2019-10-20,2.492751,7.826604,0.000000,0.000000
2019-10-21,0.037387,7.426878,0.000000,0.000000
2019-10-22,0.044844,6.923725,0.000000,0.000000
2019-10-23,0.058664,6.236590,0.000000,0.000000
2019-10-24,0.068633,5.701033,0.000000,0.000000
2019-10-25,0.038617,5.314314,0.000000,0.000000
2019-10-26,0.038284,5.217229,0.000000,0.000000
2019-10-27,0.083860,5.277421,0.000000,0.000000
2019-10-28,10.844035,6.097287,0.000000,0.000000
2019-10-29,2.291109,6.136146,0.000000,0.000000
2019-10-30,0.086986,5.181439,0.000000,0.000000
2019-10-31,0.090001,5.147289,0.000000,0.000000
2019-11-01,0.075967,5.418651,0.000000,0.000000
2019-11-02,0.068056,5.446097,0.000000,0.000000
2019-11-03,0.062702,5.320463,0.000000,0.000000
2019-11-04,0.044989,5.124544,0.000000,0.000000
2019-11-05,0.048679,5.142393,0.000000,0.000000
2019-11-06,0.060967,5.271204,0.000000,0.000000
2019-11-07,0.040607,5.614388,0.000000,0.000000
2019-11-08,0.093668,5.443953,0.000000,0.000000
2019-11-09,0.088790,5.243043,0.000000,0.000000
2019-11-10,1.702925,5.245450,0.000000,0.000000
2019-11-11,1.762860,5.164473,0.000000,0.000000
2019-11-12,0.177232,5.158865,0.000000,0.000000
2019-11-13,2.349690,5.415162,0.000000,0.000000
2019-11-14,0.186940,5.314164,0.000000,0.000000
2019-11-15,0.198671,5.167182,0.000000,0.000000
2019-11-16,0.163528,4.795396,0.000000,0.000000
2019-11-17,0.078867,4.513366,0.000000,0.000000
2019-11-18,0.128134,4.599151,0.000000,0.000000
2019-11-19,0.135687,4.468731,0.000000,0.000000
2019-11-20,0.199656,4.387264,0.000000,0.000000
2019-11-21,0.180948,4.318242,0.000000,0.000000
2019-11-22,0.079128,4.656196,0.000000,0.000000
2019-11-23,0.076202,4.741212,0.000000,0.000000
2019-11-24,0.078787,4.778709,0.000000,0.000000
2019-11-25,0.101378,4.829603,0.000000,0.000000
2019-11-26,0.134307,4.612505,0.000000,0.000000
2019-11-27,0.113653,4.536229,0.000000,0.000000
2019-11-28,0.098108,4.376021,0.000000,0.000000
2019-11-29,0.100092,4.167833,0.000000,0.000000
2019-11-30,0.095368,3.729145,0.000000,0.000000
2019-12-01,0.083873,3.829020,0.000000,0.000000
2019-12-02,0.051373,3.867273,0.000000,0.000000
2019-12-03,0.043069,3.483837,0.000000,0.000000
2019-12-04,0.032566,3.201278,0.000000,0.000000
2019-12-05,0.040162,3.308925,0.000000,0.000000
2019-12-06,0.079499,3.350208,0.000000,0.000000
2019-12-07,0.094080,3.325783,0.000000,0.000000
2019-12-08,0.084693,3.277558,0.000000,0.000000
2019-12-09,0.060505,3.197045,0.000000,0.000000
2019-12-10,0.056575,3.169471,0.000000,0.000000
2019-12-11,0.057394,3.182377,0.000000,0.000000
2019-12-12,0.063369,3.250024,0.000000,0.000000
2019-12-13,0.064315,3.371493,0.000000,0.000000
2019-12-14,0.075175,3.313737,0.000000,0.000000
2019-12-15,0.057857,2.558598,0.000000,0.000000
2019-12-16,0.031878,2.351047,0.000000,0.000000
2019-12-17,0.029160,2.306088,0.000000,0.000000
2019-12-18,0.025558,2.272158,0.000000,0.000000
2019-12-19,0.045870,2.346166,0.000000,0.000000
2019-12-20,0.053012,2.445833,0.000000,0.000000
2019-12-21,0.066404,2.373650,0.000000,0.000000
2019-12-22,0.089480,2.293877,0.000000,0.000000
2019-12-23,0.091635,2.279435,0.000000,0.000000
2019-12-24,0.059120,2.260593,0.000000,0.000000
2019-12-25,0.034187,2.288512,0.000000,0.000000
2019-12-26,0.038073,2.392126,0.000000,0.000000
2019-12-27,0.017694,2.455414,0.000000,0.000000
2019-12-28,0.014159,2.376580,0.000000,0.000000
2019-12-29,0.013499,2.383015,0.000000,0.000000
2019-12-30,0.015403,12.712062,0.000000,0.000000
2019-12-31,0.012688,2.266238,0.000000,0.000000

