time,MAR_land,MAR_ice,RACMO_land,RACMO_ice
2015-01-01,4.896435,0.000001,0.164620,0.669997
2015-01-02,4.861443,0.000001,0.160030,0.655789
2015-01-03,4.822922,0.000001,0.158198,0.650676
2015-01-04,4.785211,0.000001,0.154708,0.635204
2015-01-05,4.748626,0.000001,0.152506,0.643787
2015-01-06,4.708735,0.000001,0.147821,0.641747
2015-01-07,4.675946,0.000001,0.228811,0.665913
2015-01-08,4.639503,0.000001,0.143103,0.635440
2015-01-09,4.602774,0.000001,0.141563,0.642530
2015-01-10,4.566486,0.000001,0.138368,0.681722
2015-01-11,4.527245,0.000001,0.134476,0.667828
2015-01-12,4.494773,0.000001,0.133225,0.648072
2015-01-13,4.459415,0.000001,0.128586,0.682659
2015-01-14,4.423963,0.000001,0.127590,0.656840
2015-01-15,4.388680,0.000001,0.125178,0.674565
2015-01-16,4.350399,0.000001,0.121202,0.644827
2015-01-17,4.318462,0.000001,0.119936,0.672451
2015-01-18,4.283613,0.000001,0.116970,0.651252
2015-01-19,4.249450,0.000001,0.114743,0.650159
2015-01-20,4.215675,0.000001,0.364950,0.646548
2015-01-21,4.180203,0.000001,0.110047,0.685655
2015-01-22,4.152187,0.000001,0.107033,0.631569
2015-01-23,4.121829,0.000001,0.104911,0.637431
2015-01-24,4.092269,0.000001,0.103507,0.638014
2015-01-25,4.063007,0.000001,0.100714,0.640254
2015-01-26,4.031350,0.000001,0.098904,0.658730
2015-01-27,4.005368,0.000001,0.096690,0.630293
2015-01-28,3.977194,0.000001,0.095603,0.639442
2015-01-29,3.949571,0.000001,0.093675,0.635913
2015-01-30,3.921883,0.000001,0.091982,0.638348
2015-01-31,3.894369,0.000001,0.089060,0.671382
2015-02-01,3.865783,0.000001,0.089047,0.654151
2015-02-02,3.843096,0.000001,0.083762,0.644659
2015-02-03,3.817787,0.000001,0.083737,0.662130
2015-02-04,3.792510,0.000001,0.082021,0.655605
2015-02-05,3.767523,0.000001,0.079657,0.651402
2015-02-06,3.740239,0.000001,0.078588,0.666628
2015-02-07,3.718342,0.000001,0.074995,0.648531
2015-02-08,3.694107,0.000001,0.088947,0.641562
2015-02-09,3.670793,0.000001,0.072994,0.636925
2015-02-10,3.647946,0.000001,0.070311,0.620436
2015-02-11,3.622606,0.000001,0.068237,0.642110
2015-02-12,3.602383,0.000001,0.069012,0.609860
2015-02-13,3.579831,0.000001,0.065532,0.654395
2015-02-14,3.557484,0.000001,0.083676,1.739051
2015-02-15,3.535365,0.000001,0.088542,0.615463
2015-02-16,3.511246,0.000001,0.060314,0.606611
2015-02-17,3.492021,0.000001,0.059131,0.609224
2015-02-18,3.470399,0.000001,0.056744,0.634787
2015-02-19,3.448775,0.000001,0.055606,0.609624
2015-02-20,3.427208,0.000001,0.054424,0.605377
2015-02-21,3.403396,0.000001,0.052591,0.610823
2015-02-22,3.384669,0.000001,0.051003,0.630626
2015-02-23,3.363659,0.000001,0.049078,0.629984
2015-02-24,3.343881,0.000001,0.047572,0.604111
2015-02-25,3.325277,0.000001,0.046629,0.628043
2015-02-26,3.304940,0.000001,0.045657,0.632544
2015-02-27,3.289858,0.000001,0.042086,0.616440
2015-02-28,3.272615,0.000001,0.040832,0.599876
2015-03-01,3.253052,0.000001,0.039731,0.603303
2015-03-02,3.238088,0.000001,0.036160,0.603301
2015-03-03,3.220892,0.000001,0.036195,0.629683
2015-03-04,3.204344,0.000001,0.033806,0.620708
2015-03-05,3.187952,0.000001,0.032716,0.629964
2015-03-06,3.169467,0.000001,0.030223,0.606275
2015-03-07,3.155236,0.000001,0.029296,0.629604
2015-03-08,3.138716,0.000001,0.026803,0.630289
2015-03-09,3.122163,0.000001,0.026754,0.616990
2015-03-10,3.105755,0.000001,0.027861,0.619019
2015-03-11,3.087752,0.000001,0.022095,0.606706
2015-03-12,3.074239,0.000001,0.022743,0.590138
2015-03-13,3.058643,0.000001,0.020841,0.599623
2015-03-14,3.043066,0.000001,0.094070,0.596020
2015-03-15,3.027474,0.000001,0.020979,0.629896
2015-03-16,3.009936,0.000001,0.354732,0.577799
2015-03-17,2.996702,0.000001,0.016817,0.592089
2015-03-18,2.981386,0.000001,0.015113,0.614335
2015-03-19,2.966117,0.000001,0.015113,0.580471
2015-03-20,2.951195,0.000001,0.014602,0.587888
2015-03-21,2.934320,0.000001,0.018835,0.588191
2015-03-22,2.921763,0.000001,0.012862,0.582106
2015-03-23,2.907989,0.000001,0.011668,0.675526
2015-03-24,2.894724,0.000001,0.011680,0.582701
2015-03-25,2.881265,0.000001,0.010647,0.597706
2015-03-26,2.865875,0.000001,0.017149,0.605303
2015-03-27,2.854672,0.000001,0.009928,0.572260
2015-03-28,2.841744,0.000001,0.010611,0.601828
2015-03-29,2.829049,0.000001,0.008306,0.599075
2015-03-30,2.816291,0.000001,0.008361,0.576829
2015-03-31,2.803841,0.000001,0.008408,0.602772
2015-04-01,2.789438,0.000001,0.008361,0.580402
2015-04-02,2.778920,0.000001,0.008361,0.598940
2015-04-03,2.766576,0.000001,0.008314,0.622264
2015-04-04,2.754494,0.000001,0.007316,0.592952
2015-04-05,2.742538,0.000001,0.007316,0.599866
2015-04-06,2.728676,0.000001,0.007779,0.578174
2015-04-07,2.718831,0.000001,0.007280,0.569442
2015-04-08,2.707071,0.000001,0.006770,0.596967
2015-04-09,2.695194,0.000001,0.007220,0.568363
2015-04-10,2.683216,0.000001,0.006296,0.583396
2015-04-11,2.669468,0.000001,0.007220,0.562334
2015-04-12,2.659512,0.000001,0.006223,0.561825
2015-04-13,2.647707,0.000001,0.105209,0.593785
2015-04-14,2.636061,0.000001,0.006722,1.035197
2015-04-15,2.624753,0.000001,0.006686,1.058050
2015-04-16,2.611806,0.000001,0.613031,2.192274
2015-04-17,2.602641,0.000005,1.358196,1.552489
2015-04-18,2.591914,0.000001,1.566816,2.218866
2015-04-19,2.581464,0.000005,5.176060,1.821107
2015-04-20,2.572611,0.000078,5.181359,2.184852
2015-04-21,2.571758,0.000047,0.005155,0.573762
2015-04-22,2.557195,0.000001,0.004644,1.058703
2015-04-23,2.540400,0.000001,0.006301,0.805852
2015-04-24,2.524836,0.000001,0.005119,2.004984
2015-04-25,2.510656,0.000001,0.004621,0.580669
2015-04-26,2.495824,0.000001,0.004621,0.578717
2015-04-27,2.485505,0.000001,0.004608,0.585401
2015-04-28,2.474164,0.000001,0.004608,0.595576
2015-04-29,2.463585,0.000001,0.005790,0.598336
2015-04-30,2.453533,0.000001,0.004086,0.599552
2015-05-01,2.442204,0.000001,0.004074,0.583080
2015-05-02,2.434798,0.000001,0.004110,0.593167
2015-05-03,2.426168,0.000001,0.004050,0.593726
2015-05-04,2.417918,0.000001,0.004085,1.475002
2015-05-05,2.409856,0.000001,0.003575,1.202621
2015-05-06,2.400145,0.000001,0.003563,0.597363
2015-05-07,2.393894,0.000001,0.003563,8.649722
2015-05-08,2.386104,0.000001,0.003563,1.210318
2015-05-09,2.378370,0.000001,0.003029,1.139596
2015-05-10,2.370640,0.000001,0.067841,0.610662
2015-05-11,2.361397,0.000001,0.273868,1.083598
2015-05-12,2.355704,0.000001,0.227081,1.164061
2015-05-13,2.348701,0.000001,0.804594,1.622803
2015-05-14,2.341976,0.000001,2.018996,1.590426
2015-05-15,2.335237,0.000009,1.991867,3.952410
2015-05-16,2.326700,0.000063,1.813950,4.670768
2015-05-17,2.321865,0.000078,1.983256,4.063547
2015-05-18,2.317315,0.000055,1.429410,4.370483
2015-05-19,2.312428,0.000034,1.420775,2.979196
2015-05-20,2.306924,0.000078,0.231275,1.425928
2015-05-21,2.295982,0.000078,0.238542,3.190892
2015-05-22,2.275808,0.000075,0.216286,3.479212
2015-05-23,2.254940,0.000078,1.073041,4.799118
2015-05-24,2.240227,0.000078,1.120067,4.371010
2015-05-25,2.361515,0.000078,1.192938,5.596202
2015-05-26,2.809682,2.039255,1.617209,3.934683
2015-05-27,3.553193,3.790170,2.060716,5.141481
2015-05-28,3.265745,1.753464,2.005298,3.582655
2015-05-29,2.958246,0.756312,2.196274,4.020253
2015-05-30,4.635973,1.196578,1.667495,3.799932
2015-05-31,4.228817,0.457396,1.602714,8.244636
2015-06-01,6.968576,0.315367,2.194681,9.861722
2015-06-02,8.797220,2.800799,3.199000,14.473845
2015-06-03,11.089825,9.261715,2.937119,5.660460
2015-06-04,12.534013,11.216732,3.684496,18.684818
2015-06-05,6.875977,13.016005,3.714282,11.983893
2015-06-06,5.782057,12.505575,2.914557,9.735171
2015-06-07,5.470390,13.229525,3.648335,22.488834
2015-06-08,7.325568,15.548386,2.801217,58.990550
2015-06-09,9.751535,28.952313,2.946790,49.450180
2015-06-10,9.070981,24.344810,2.482347,47.327776
2015-06-11,13.487669,22.733803,2.576092,22.765149
2015-06-12,4.874340,18.529424,2.010456,27.819879
2015-06-13,2.738798,21.032743,3.058001,32.008186
2015-06-14,2.797005,17.683304,2.950396,31.438333
2015-06-15,2.871548,21.153259,3.704954,21.975950
2015-06-16,2.989580,37.278587,5.873651,50.448824
2015-06-17,3.072507,51.677896,6.100867,66.261817
2015-06-18,3.210046,70.029564,6.489682,93.953942
2015-06-19,3.441354,51.809082,6.236216,79.501067
2015-06-20,3.841749,62.274669,7.044480,107.632552
2015-06-21,5.014818,78.259292,8.224725,107.309340
2015-06-22,4.869122,92.862104,9.206498,105.571521
2015-06-23,5.519210,86.149056,8.359723,115.946047
2015-06-24,6.197979,117.527489,9.226576,138.832996
2015-06-25,6.761471,165.892862,10.331010,151.959956
2015-06-26,7.448404,226.655215,11.376475,154.238806
2015-06-27,9.301887,235.667324,13.517319,162.032441
2015-06-28,16.066183,203.612879,12.473933,172.246253
2015-06-29,19.873077,169.504082,11.192900,138.091767
2015-06-30,20.900647,162.604155,11.744415,143.305298
2015-07-01,17.301512,159.102459,13.010649,156.565226
2015-07-02,23.390747,179.153894,14.483694,198.591124
2015-07-03,26.370325,208.684670,16.045281,209.564585
2015-07-04,29.122853,233.720397,17.277679,212.163688
2015-07-05,36.907361,281.642575,18.588031,251.767421
2015-07-06,33.099014,225.773684,16.668541,253.598741
2015-07-07,38.424094,206.555539,14.598188,248.862757
2015-07-08,37.510150,242.734517,14.474744,251.943165
2015-07-09,31.540839,173.645041,10.908490,212.922169
2015-07-10,16.343264,189.927674,5.797806,250.754349
2015-07-11,25.820847,147.814737,3.691976,209.437316
2015-07-12,23.713966,159.806713,3.786747,164.775005
2015-07-13,37.753937,175.405171,5.303452,246.189430
2015-07-14,50.707115,220.349278,5.772396,238.179391
2015-07-15,50.269171,219.684274,6.833539,237.102866
2015-07-16,50.592398,293.279428,7.673565,270.124500
2015-07-17,47.640207,265.793411,10.431706,287.038751
2015-07-18,45.437630,244.013355,10.017535,279.832804
2015-07-19,47.032905,261.448365,10.874054,287.032863
2015-07-20,42.273135,198.821314,6.747955,228.422476
2015-07-21,45.303668,161.715967,7.186855,257.459681
2015-07-22,45.976163,140.227878,7.088071,223.195258
2015-07-23,44.291918,154.671897,6.477512,230.719940
2015-07-24,34.728706,95.655766,6.810492,171.019757
2015-07-25,36.262350,97.807811,6.727930,220.918924
2015-07-26,36.577210,87.597706,6.909057,186.711233
2015-07-27,38.467077,109.739396,6.676042,192.218643
2015-07-28,40.544563,120.187984,7.052524,208.587245
2015-07-29,40.183785,110.766589,7.344261,209.396814
2015-07-30,36.917900,109.647160,7.624847,222.959985
2015-07-31,40.692065,163.061802,6.144810,277.944757
2015-08-01,48.368968,336.393540,6.582282,375.719404
2015-08-02,53.971451,270.299683,4.971992,237.998457
2015-08-03,52.520557,165.269064,6.260632,284.643895
2015-08-04,62.794718,196.777029,4.837818,252.662004
2015-08-05,47.510462,139.090319,4.891001,257.892202
2015-08-06,51.896875,142.099244,4.692010,259.688871
2015-08-07,50.452956,129.727275,3.353108,221.315676
2015-08-08,46.101778,114.717965,2.931245,212.247686
2015-08-09,41.795769,79.281687,1.795700,160.032259
2015-08-10,38.046904,106.419319,3.289013,166.574968
2015-08-11,40.794183,129.126215,2.818082,171.693979
2015-08-12,38.788058,102.147066,3.102164,205.523246
2015-08-13,40.941806,123.306976,2.910391,196.377484
2015-08-14,38.486527,129.392036,2.497280,209.039742
2015-08-15,40.311725,159.222667,1.884926,225.377765
2015-08-16,34.935467,130.528977,2.209712,213.569186
2015-08-17,34.332188,126.344852,1.062710,136.402883
2015-08-18,32.166546,58.630222,0.998131,136.522452
2015-08-19,31.384136,50.329545,0.696312,116.234078
2015-08-20,30.634995,56.788229,0.845206,114.320645
2015-08-21,29.639859,101.171243,1.224768,115.321664
2015-08-22,28.999172,163.967027,1.855686,203.011645
2015-08-23,29.219623,85.137619,1.542033,142.642489
2015-08-24,30.344012,89.426100,2.861725,165.371989
2015-08-25,34.293479,325.542537,6.250976,237.824219
2015-08-26,36.795365,216.731758,4.544339,224.129414
2015-08-27,31.839533,190.502607,1.187933,195.579052
2015-08-28,25.058075,62.599483,0.387034,152.829746
2015-08-29,24.911441,42.004621,0.405433,119.208821
2015-08-30,26.614740,71.882706,1.640920,136.092830
2015-08-31,32.948385,152.299757,1.780586,135.146207
2015-09-01,29.138167,93.029589,0.583990,121.490457
2015-09-02,25.512577,73.198903,1.142291,116.977184
2015-09-03,23.510008,64.140662,0.353053,64.096052
2015-09-04,21.686634,47.560123,1.267610,66.971655
2015-09-05,25.532178,105.379289,0.470875,128.970597
2015-09-06,25.203614,84.897434,1.651587,106.921595
2015-09-07,31.566927,150.540392,9.081854,204.883829
2015-09-08,38.222336,352.724381,4.941484,244.667882
2015-09-09,46.887782,667.991906,9.145911,371.376957
2015-09-10,36.235131,414.615272,6.278676,260.993827
2015-09-11,18.024607,62.046370,1.288650,58.686718
2015-09-12,19.705069,24.269995,0.488531,22.057357
2015-09-13,21.415375,16.825336,0.603079,38.392888
2015-09-14,21.160687,7.123315,0.774916,27.379760
2015-09-15,21.804947,7.867923,0.995391,43.558986
2015-09-16,22.101957,7.346621,1.461714,34.198671
2015-09-17,22.205380,2.819279,2.350200,28.988589
2015-09-18,22.658138,2.661233,3.768612,28.870541
2015-09-19,22.208960,27.399124,5.403234,30.488826
2015-09-20,23.820662,357.103957,9.345557,154.165760
2015-09-21,21.022627,33.696985,4.787897,49.814599
2015-09-22,20.879662,14.761818,4.907219,51.858246
2015-09-23,20.176170,7.281111,4.725122,40.437914
2015-09-24,21.014899,15.668976,3.345573,28.908775
2015-09-25,20.686705,5.785081,2.860328,20.730491
2015-09-26,21.761104,3.947784,2.835781,23.090553
2015-09-27,20.491640,36.459800,2.674949,31.244463
2015-09-28,20.564285,0.055941,2.055524,2.279619
2015-09-29,20.531139,0.000000,1.760308,1.099050
2015-09-30,19.788991,0.000000,1.624368,1.103765
2015-10-01,19.425598,0.000000,1.471246,1.089400
2015-10-02,19.081845,0.000000,1.352870,1.090917
2015-10-03,18.741979,0.000000,1.247311,1.103560
2015-10-04,18.404263,0.000000,1.204103,1.095914
2015-10-05,18.633739,0.000000,1.686605,3.601985
2015-10-06,18.530028,34.491841,4.642965,43.976987
2015-10-07,17.426103,35.556446,1.875495,29.758206
2015-10-08,17.184256,6.806116,1.489507,7.790810
2015-10-09,16.629987,0.243943,0.946863,1.057459
2015-10-10,16.278591,0.000000,0.943302,1.054764
2015-10-11,15.938847,0.000000,0.938182,1.129809
2015-10-12,15.647600,0.000000,0.931729,1.122530
2015-10-13,15.364532,0.000000,0.916233,1.053889
2015-10-14,15.089754,0.000000,0.898604,1.050404
2015-10-15,14.825800,0.000000,0.882686,1.145126
2015-10-16,15.874215,0.000000,0.862473,1.039917
2015-10-17,14.795808,32.028532,2.434737,9.834713
2015-10-18,14.141101,6.005039,0.909163,2.054665
2015-10-19,13.836299,0.002747,0.792196,1.030672
2015-10-20,13.516398,0.000000,0.774236,1.042346
2015-10-21,13.230564,0.000000,0.755780,1.027820
2015-10-22,12.999502,0.000000,0.739143,1.033929
2015-10-23,12.783829,0.000000,0.720988,1.028041
2015-10-24,12.590951,0.000000,0.702198,1.023324
2015-10-25,12.411891,0.000000,0.684647,1.501031
2015-10-26,12.230911,0.000000,0.667583,1.017170
2015-10-27,12.071000,0.000000,0.648412,1.021739
2015-10-28,14.448029,2.535386,2.030192,5.259413
2015-10-29,11.892668,60.983247,4.842043,54.289165
2015-10-30,11.629120,30.342546,1.508030,15.221336
2015-10-31,11.443868,0.046512,0.599923,0.966470
2015-11-01,11.276034,0.000026,0.599657,0.958507
2015-11-02,11.122743,0.000000,0.600824,1.018800
2015-11-03,10.965179,0.000000,0.593608,1.881533
2015-11-04,10.812707,0.000000,0.589100,0.992396
2015-11-05,10.664493,0.000000,0.678017,0.982082
2015-11-06,10.582400,0.000000,1.128994,1.507372
2015-11-07,11.230300,0.000000,0.833172,0.963828
2015-11-08,10.258780,0.000000,0.568036,0.983302
2015-11-09,10.134170,0.000000,0.546251,0.964910
2015-11-10,10.013700,0.000000,0.539913,5.353490
2015-11-11,9.886930,0.000000,0.529196,0.967197
2015-11-12,9.775158,0.000000,0.519425,0.986933
2015-11-13,9.661555,0.000000,0.511450,0.954513
2015-11-14,9.551409,0.000000,0.501233,0.961194
2015-11-15,9.442051,0.000000,0.491943,0.958530
2015-11-16,9.327453,0.000000,0.482398,0.959293
2015-11-17,9.225453,0.000000,0.472044,0.951056
2015-11-18,9.118068,0.000000,0.460390,0.972252
2015-11-19,9.012834,0.000000,0.451229,0.950460
2015-11-20,8.909100,0.000000,0.439739,0.951837
2015-11-21,8.801290,0.000000,0.429583,0.962453
2015-11-22,8.705320,0.000000,0.723594,0.963638
2015-11-23,8.604854,0.000000,0.535716,0.968874
2015-11-24,8.508026,0.000000,0.395429,0.954270
2015-11-25,8.411632,0.000000,0.385296,0.945546
2015-11-26,8.309718,0.000000,0.374387,0.951886
2015-11-27,8.222368,0.000000,0.364740,0.937661
2015-11-28,8.129761,0.000000,0.355617,0.941526
2015-11-29,8.037386,0.000000,0.347072,0.937280
2015-11-30,7.947485,0.000000,0.336253,0.921430
2015-12-01,7.853486,0.000000,0.328209,0.937342
2015-12-02,7.770861,0.000000,0.316895,0.939806
2015-12-03,7.688703,0.000000,0.308177,0.938658
2015-12-04,7.611756,0.000000,0.300303,0.914827
2015-12-05,7.535155,0.000000,0.288305,0.929238
2015-12-06,7.453602,0.000000,0.281453,0.924950
2015-12-07,7.382763,0.000000,0.270451,0.921522
2015-12-08,7.307032,0.000000,0.262012,0.924653
2015-12-09,7.233385,0.000000,0.252099,0.918416
2015-12-10,7.160613,0.000000,0.244146,0.916962
2015-12-11,7.083071,0.000000,0.235022,0.924379
2015-12-12,7.017717,0.000000,0.228576,0.908339
2015-12-13,6.949161,0.000000,0.219047,0.911799
2015-12-14,6.881310,0.000000,0.209540,0.916266
2015-12-15,6.814440,0.000000,0.203951,0.929639
2015-12-16,6.743397,0.000000,0.194261,2.321589
2015-12-17,6.682712,0.000000,0.187199,0.900579
2015-12-18,6.617905,0.000000,0.181449,0.901633
2015-12-19,6.554034,0.000000,0.174006,0.890946
2015-12-20,6.490579,0.000000,0.167757,0.884341
2015-12-21,6.423002,0.000000,0.162400,0.887596
2015-12-22,6.365420,0.000000,0.155548,0.890715
2015-12-23,6.304049,0.000000,0.150390,0.872545
2015-12-24,6.243868,0.000000,0.145636,0.878760
2015-12-25,6.185556,0.000000,0.136918,0.883757
2015-12-26,6.123228,0.000000,0.134875,0.881372
2015-12-27,6.070279,0.000000,0.142127,0.885939
2015-12-28,6.014382,0.000000,0.910052,0.881714
2015-12-29,5.959274,0.000000,0.121952,0.858209
2015-12-30,5.905233,0.000000,0.111384,0.858683
2015-12-31,5.852041,0.000000,0.164047,0.826283
2016-01-01,5.634998,0.000000,0.136220,0.840531
2016-01-02,5.586468,0.000000,0.100490,1.444543
2016-01-03,5.534234,0.000000,0.097522,0.831316
2016-01-04,5.484222,0.000000,0.093440,0.819331
2016-01-05,5.436505,0.000000,0.088897,0.831193
2016-01-06,5.385673,0.000000,0.086901,0.833676
2016-01-07,5.343887,0.000000,0.169440,0.816776
2016-01-08,5.298733,0.000000,0.081044,0.813854
2016-01-09,5.255549,0.000000,0.078195,0.826837
2016-01-10,5.213827,0.000000,0.075413,0.818103
2016-01-11,5.169126,0.000000,0.072445,0.821645
2016-01-12,5.132071,0.000000,0.068899,0.815124
2016-01-13,5.091579,0.000000,0.068215,0.820809
2016-01-14,5.051417,0.000000,0.064568,0.812270
2016-01-15,5.011297,0.000000,0.058851,0.828768
2016-01-16,4.968746,0.000000,0.059222,0.805005
2016-01-17,4.933921,0.000000,0.054123,0.813980
2016-01-18,4.896041,0.000000,0.049765,0.787730
2016-01-19,4.858710,0.000000,0.047215,0.834732
2016-01-20,4.821834,0.000000,0.045037,0.792003
2016-01-21,4.781904,0.000000,0.040782,0.807722
2016-01-22,4.748909,0.000000,0.108862,0.838973
2016-01-23,4.712824,0.000000,0.239090,0.796424
2016-01-24,4.677057,0.000000,0.032006,0.787998
2016-01-25,4.641828,0.000000,0.056618,0.793558
2016-01-26,4.603457,0.000000,0.026216,0.793881
2016-01-27,4.571355,0.000000,0.024725,0.788678
2016-01-28,4.536220,0.000000,0.022670,0.780495
2016-01-29,4.501790,0.000000,0.019714,0.782475
2016-01-30,4.468034,0.000000,0.019529,0.787107
2016-01-31,4.434737,0.000000,0.016666,0.777634
2016-02-01,4.398990,0.000000,0.015299,0.797469
2016-02-02,4.369747,0.000000,0.014116,0.774870
2016-02-03,4.337975,0.000000,0.013931,0.924470
2016-02-04,4.306811,0.000000,0.010292,0.764615
2016-02-05,4.275903,0.000000,0.010199,0.769014
2016-02-06,4.242607,0.000000,0.007742,0.765919
2016-02-07,4.215049,0.000000,0.007464,0.765930
2016-02-08,4.184575,0.000000,0.005285,0.762357
2016-02-09,4.154622,0.000000,0.005007,0.781975
2016-02-10,4.125166,0.000000,0.002642,0.792206
2016-02-11,4.093301,0.000000,0.002457,0.754468
2016-02-12,4.067160,0.000000,0.001275,0.758261
2016-02-13,4.038647,0.000000,0.001275,0.785317
2016-02-14,4.010942,0.000000,0.000000,0.758005
2016-02-15,3.983586,0.000000,-0.000093,0.747177
2016-02-16,3.953804,0.000000,0.134559,0.756870
2016-02-17,3.929914,0.000000,0.000000,0.764529
2016-02-18,3.903548,0.000000,0.000000,0.753218
2016-02-19,3.877609,0.000000,0.000000,0.741950
2016-02-20,3.851820,0.000000,0.000000,0.748543
2016-02-21,3.823565,0.000000,0.000000,0.737966
2016-02-22,3.801193,0.000000,0.000000,0.764129
2016-02-23,3.777165,0.000000,0.001012,1.628456
2016-02-24,3.753754,0.000000,0.000000,1.150748
2016-02-25,3.730823,0.000000,0.000000,0.729133
2016-02-26,3.706001,0.000000,0.000000,0.747120
2016-02-27,3.686642,0.000000,0.000000,0.740887
2016-02-28,3.665693,0.000000,0.000000,0.729051
2016-02-29,3.645120,0.000000,0.000000,0.731788
2016-03-01,3.621964,0.000000,0.000000,0.725188
2016-03-02,3.604050,0.000000,0.000000,0.729148
2016-03-03,3.583776,0.000000,0.000000,0.715382
2016-03-04,3.563725,0.000000,0.000000,0.717537
2016-03-05,3.543663,0.000000,0.000000,0.856972
2016-03-06,3.521637,0.000000,0.000000,0.719834
2016-03-07,3.504574,0.000000,0.000000,0.736517
2016-03-08,3.485265,0.000000,0.383716,0.710588
2016-03-09,3.466127,0.000000,0.027913,0.716536
2016-03-10,3.446949,0.000000,0.002364,0.718454
2016-03-11,3.425485,0.000000,0.000000,0.709243
2016-03-12,3.408862,0.000000,0.028664,0.709383
2016-03-13,3.390040,0.000000,0.022406,0.709150
2016-03-14,3.371362,0.000000,0.239824,0.697401
2016-03-15,3.352735,0.000000,0.000000,0.701359
2016-03-16,3.331873,0.000000,0.000000,0.696248
2016-03-17,3.315692,0.000000,0.000000,0.905522
2016-03-18,3.297593,0.000000,0.003405,0.838561
2016-03-19,3.279498,0.000000,0.086684,0.671903
2016-03-20,3.261514,0.000000,0.000000,0.690668
2016-03-21,3.241288,0.000000,0.000000,0.683003
2016-03-22,3.225653,0.000000,0.000000,0.691889
2016-03-23,3.207745,0.000000,0.000000,0.657267
2016-03-24,3.190059,0.000000,0.000993,0.699791
2016-03-25,3.172659,0.000000,0.000000,0.700055
2016-03-26,3.153169,0.000000,0.000000,0.700818
2016-03-27,3.138246,0.000000,0.000000,0.693502
2016-03-28,3.121090,0.000000,0.000000,0.694955
2016-03-29,3.103963,0.000000,0.000000,0.704024
2016-03-30,3.086877,0.000000,0.000000,0.690896
2016-03-31,3.069806,0.000000,0.000000,0.693883
2016-04-01,3.050654,0.000000,0.000000,0.691829
2016-04-02,3.036100,0.000000,0.000000,0.696001
2016-04-03,3.019875,0.000000,0.000997,0.705003
2016-04-04,3.003997,0.000000,0.040193,0.683740
2016-04-05,2.988412,0.000000,0.000000,0.694370
2016-04-06,2.970773,0.000000,-0.001680,0.681348
2016-04-07,2.957288,0.000000,0.000000,0.680281
2016-04-08,2.941961,0.000000,0.000000,1.499761
2016-04-09,2.926731,0.000000,0.000000,1.320071
2016-04-10,2.911514,0.000000,0.476245,2.009570
2016-04-11,2.894294,0.000000,1.633287,5.083439
2016-04-12,2.881378,0.000000,2.703062,4.742018
2016-04-13,2.866712,0.000000,2.439181,18.806664
2016-04-14,2.851433,0.000000,0.203545,0.674982
2016-04-15,2.838650,0.000000,0.210781,0.756036
2016-04-16,2.823978,0.000000,0.327430,1.556217
2016-04-17,2.813269,0.000000,0.261140,1.058063
2016-04-18,2.800314,0.000000,0.042255,0.682889
2016-04-19,2.787128,0.000000,0.664910,1.179887
2016-04-20,2.773944,0.000000,0.677039,0.665005
2016-04-21,2.758962,0.000000,0.466832,0.671168
2016-04-22,2.747626,0.000000,0.168436,0.669377
2016-04-23,2.734249,0.000000,3.559003,4.363370
2016-04-24,2.720351,0.000000,1.175016,2.703604
2016-04-25,2.707993,0.000000,2.039506,0.927378
2016-04-26,2.693783,0.000000,2.323221,3.369790
2016-04-27,2.683019,0.000000,0.570590,0.635849
2016-04-28,2.670115,0.000000,3.957441,3.074281
2016-04-29,2.657556,0.000000,3.212525,1.993641
2016-04-30,2.684155,0.000000,2.640662,2.302033
2016-05-01,3.243565,0.000000,3.593998,1.896910
2016-05-02,3.066171,0.000000,4.326619,2.164614
2016-05-03,3.677824,0.000000,4.699158,1.970360
2016-05-04,5.188360,0.249778,4.233484,2.931905
2016-05-05,7.619609,1.522229,4.328675,2.739811
2016-05-06,4.705254,0.449879,4.286786,3.541613
2016-05-07,5.226226,0.036611,2.780641,2.784553
2016-05-08,3.662153,0.000042,2.707474,3.288804
2016-05-09,6.896432,1.161873,4.564589,5.746342
2016-05-10,2.504853,12.236274,6.110763,4.006187
2016-05-11,2.492202,4.211787,4.023526,6.698954
2016-05-12,2.519675,4.335284,6.026538,3.043842
2016-05-13,2.959123,5.656161,6.804513,2.718759
2016-05-14,9.298333,9.889632,6.072510,7.416849
2016-05-15,19.201474,40.150938,6.019749,6.820211
2016-05-16,15.829500,2.986205,2.435592,2.162743
2016-05-17,8.857088,0.142390,2.527191,1.947565
2016-05-18,3.251158,0.000788,2.941210,1.429673
2016-05-19,2.404183,0.538970,3.601820,2.510883
2016-05-20,2.395713,0.235789,3.902135,2.502063
2016-05-21,3.122292,0.015544,2.482003,2.799115
2016-05-22,2.382736,0.001942,4.611872,2.797061
2016-05-23,2.378000,0.002244,4.135560,6.155508
2016-05-24,2.397735,29.546249,4.021804,21.314947
2016-05-25,2.704833,57.782376,1.939282,3.594638
2016-05-26,2.973121,2.197982,0.141276,17.557703
2016-05-27,2.279236,4.773892,0.672821,4.099380
2016-05-28,2.395227,57.711366,1.374614,13.199522
2016-05-29,2.607754,77.672227,9.987910,55.290035
2016-05-30,2.387282,11.675179,0.945028,55.394732
2016-05-31,2.659054,12.205592,1.544958,35.038390
2016-06-01,3.079411,71.443446,1.810993,95.595054
2016-06-02,2.806866,65.769260,3.328058,48.775900
2016-06-03,3.368607,170.540552,5.485250,60.389196
2016-06-04,7.752659,167.924396,3.877480,63.924293
2016-06-05,6.267785,80.209289,1.745981,33.113803
2016-06-06,3.804637,84.431840,3.244631,88.571086
2016-06-07,4.531211,100.527850,3.598001,69.482787
2016-06-08,6.539561,117.184119,3.157490,72.993693
2016-06-09,14.146529,140.805031,4.998977,85.372544
2016-06-10,19.129774,178.670835,6.973608,107.299397
2016-06-11,19.463756,136.782629,4.770008,95.040639
2016-06-12,17.186494,137.961120,2.747346,160.702343
2016-06-13,22.196805,182.813162,2.925721,132.424382
2016-06-14,22.321247,168.778171,3.531335,118.527465
2016-06-15,10.249007,111.487726,1.115690,73.301467
2016-06-16,6.339628,77.207744,0.575627,127.634701
2016-06-17,9.401016,98.294883,0.908266,185.759776
2016-06-18,24.469984,163.807350,0.970987,163.863688
2016-06-19,29.260026,164.719956,1.506460,173.955867
2016-06-20,41.585127,208.421255,3.464810,210.220533
2016-06-21,46.915063,188.598109,2.855188,197.346367
2016-06-22,42.987465,203.904032,3.904451,217.356843
2016-06-23,50.118517,214.579557,6.179451,259.580136
2016-06-24,77.217656,304.739041,8.917129,247.585606
2016-06-25,58.558331,224.999886,6.906007,293.652317
2016-06-26,65.165304,253.895863,9.009104,323.944585
2016-06-27,73.508598,397.489018,8.935682,285.583263
2016-06-28,85.128988,344.564797,5.348339,374.424131
2016-06-29,73.118177,280.083772,4.022319,247.610488
2016-06-30,51.904843,222.956630,3.293375,320.846035
2016-07-01,38.230235,230.707521,3.196234,351.681114
2016-07-02,53.428286,269.704739,4.857581,395.180800
2016-07-03,56.551453,256.116510,4.159782,389.868539
2016-07-04,62.660033,252.285218,4.341607,358.379865
2016-07-05,66.572304,259.331427,4.579253,384.525957
2016-07-06,57.096964,245.023298,5.738017,403.474216
2016-07-07,52.031446,237.010551,5.549116,374.809846
2016-07-08,33.887683,181.391770,5.594415,346.009447
2016-07-09,33.701671,209.161471,5.025568,394.298726
2016-07-10,57.862721,260.058051,5.668931,335.325736
2016-07-11,57.209240,242.501971,7.582512,407.918192
2016-07-12,54.278345,224.880873,6.545208,457.446530
2016-07-13,50.991261,253.610543,4.617382,414.496089
2016-07-14,41.996262,221.889749,5.910166,397.167072
2016-07-15,50.373341,265.371788,5.521055,410.221854
2016-07-16,47.747015,232.636704,5.379931,368.126302
2016-07-17,44.800386,242.411611,6.032634,363.617759
2016-07-18,39.130930,219.478638,6.219602,374.996895
2016-07-19,40.256095,231.087398,6.248136,365.533125
2016-07-20,36.808023,222.664890,6.248570,374.662894
2016-07-21,56.696806,305.475525,7.211991,393.008024
2016-07-22,55.238705,293.984548,8.066851,407.528291
2016-07-23,68.275914,307.351841,9.031771,407.357939
2016-07-24,53.099252,263.346711,7.950373,292.891125
2016-07-25,47.287286,245.283428,7.394511,355.538255
2016-07-26,52.013537,273.918350,9.029729,395.831004
2016-07-27,47.159679,267.472614,7.506159,371.231157
2016-07-28,45.955131,258.369833,7.277801,344.672657
2016-07-29,39.518861,210.000879,6.498518,298.262565
2016-07-30,30.158473,142.871585,6.173392,251.115953
2016-07-31,20.436034,100.981765,2.608584,202.904350
2016-08-01,13.004061,128.845453,2.329687,247.202161
2016-08-02,9.557825,122.444360,2.682128,209.684643
2016-08-03,15.794164,120.331859,1.513594,215.236514
2016-08-04,15.869662,159.230778,2.638176,250.789625
2016-08-05,16.511652,181.560260,2.576187,228.909435
2016-08-06,27.803906,195.885069,4.991673,268.035883
2016-08-07,15.498944,140.679899,3.328631,263.543820
2016-08-08,11.950924,133.955744,1.872725,141.753151
2016-08-09,12.080021,119.883660,1.551230,197.883213
2016-08-10,19.836611,165.347989,2.791654,214.371038
2016-08-11,18.058358,186.956258,2.161935,193.440124
2016-08-12,18.043531,136.167874,2.314068,213.498504
2016-08-13,24.111557,159.372836,2.343189,223.526577
2016-08-14,10.919885,150.938292,2.085561,182.384215
2016-08-15,47.720196,490.392997,10.671881,320.395102
2016-08-16,38.774914,438.558393,7.066542,266.058745
2016-08-17,28.923753,290.782302,4.397538,277.035509
2016-08-18,22.058606,137.890507,2.679729,213.015648
2016-08-19,20.566243,203.146336,1.187050,245.236865
2016-08-20,19.835958,151.115787,1.458668,206.090091
2016-08-21,17.401960,190.976932,2.716079,256.416141
2016-08-22,17.873145,160.820429,1.765394,184.997947
2016-08-23,15.515735,144.239804,1.398501,159.181621
2016-08-24,15.056405,143.165303,1.958867,159.065253
2016-08-25,13.119589,131.138623,3.605319,178.222797
2016-08-26,14.328113,88.098661,2.043495,136.618551
2016-08-27,7.685633,30.511176,0.989556,83.587921
2016-08-28,4.481124,20.995592,0.681380,66.318323
2016-08-29,4.455213,20.238503,1.344546,99.103685
2016-08-30,6.490833,67.197895,1.313327,81.509343
2016-08-31,4.427249,21.924378,0.730799,74.006542
2016-09-01,4.354941,33.178045,0.789327,92.676112
2016-09-02,4.326013,20.119483,0.579842,84.444870
2016-09-03,4.292457,15.174768,0.575960,41.853199
2016-09-04,4.259305,9.347350,0.566454,14.315100
2016-09-05,4.227877,19.214950,0.839422,82.585782
2016-09-06,4.195530,17.796530,0.602712,69.284897
2016-09-07,6.193341,17.604481,0.500818,38.957813
2016-09-08,4.603475,54.895787,0.697179,81.291008
2016-09-09,4.114867,61.074339,1.146249,41.261650
2016-09-10,4.086597,63.799481,0.737400,65.242361
2016-09-11,4.055602,82.920307,0.664929,83.230694
2016-09-12,4.031690,80.196334,0.570137,67.273176
2016-09-13,4.005372,46.664761,0.344770,60.583305
2016-09-14,3.978799,15.911850,0.467269,68.283105
2016-09-15,5.997026,52.156661,0.732657,26.443026
2016-09-16,5.450665,76.268400,0.983285,32.343844
2016-09-17,4.426012,27.000177,1.309284,52.759453
2016-09-18,4.009352,5.369798,0.428292,57.162376
2016-09-19,3.889246,0.860637,0.227332,35.476317
2016-09-20,3.841590,0.113983,0.248287,15.501328
2016-09-21,3.792832,0.006409,0.216173,1.691998
2016-09-22,3.754111,1.314916,0.301868,1.820950
2016-09-23,3.715632,30.832965,1.073766,17.094769
2016-09-24,3.681064,9.185704,0.285242,28.612423
2016-09-25,3.651805,3.300538,0.200152,26.407268
2016-09-26,3.622615,12.539570,0.230112,29.100391
2016-09-27,3.601153,1.766203,0.192172,24.474066
2016-09-28,3.579219,0.081695,0.188303,3.626245
2016-09-29,3.558965,0.000231,0.188445,4.870755
2016-09-30,3.806583,0.000029,0.203128,1.002348
2016-10-01,3.518572,0.000000,0.179333,0.881979
2016-10-02,3.752345,0.000000,0.444635,1.000390
2016-10-03,5.496364,25.449513,2.223080,27.214411
2016-10-04,3.480685,38.456743,0.916462,14.270385
2016-10-05,3.763924,64.986948,2.761882,39.768817
2016-10-06,3.483511,125.310851,2.175719,39.487413
2016-10-07,3.373580,53.793660,0.697271,13.432882
2016-10-08,3.326263,37.293874,0.909044,9.492105
2016-10-09,3.210803,7.393875,0.555205,11.902982
2016-10-10,3.198149,0.196794,0.219841,1.207090
2016-10-11,3.160444,3.630168,0.656722,4.195082
2016-10-12,3.214851,123.377229,3.485914,52.657715
2016-10-13,4.047106,175.057905,3.992749,90.462864
2016-10-14,3.029920,1.439364,0.524316,2.237917
2016-10-15,3.042526,0.000000,0.639970,0.909937
2016-10-16,3.126570,0.000001,0.913135,0.934566
2016-10-17,3.390957,0.147358,0.843465,1.216952
2016-10-18,3.357919,1.363013,0.835505,0.971438
2016-10-19,4.064741,28.132892,3.143177,25.975576
2016-10-20,5.656585,79.507373,2.197074,16.090150
2016-10-21,3.597184,8.338071,1.821066,8.479276
2016-10-22,4.078872,44.670424,3.924883,41.265562
2016-10-23,3.880328,1.702740,1.813798,5.256173
2016-10-24,4.108311,0.002562,1.826639,1.581636
2016-10-25,4.408310,0.000000,1.861897,0.874971
2016-10-26,4.750038,0.000000,1.916101,0.895413
2016-10-27,5.014584,0.000000,1.887237,0.895257
2016-10-28,5.252811,0.000000,1.865118,0.887249
2016-10-29,6.067480,0.000000,2.069369,0.879465
2016-10-30,6.353095,0.000000,2.067248,0.876270
2016-10-31,5.816358,0.000000,1.744685,0.936250
2016-11-01,5.931120,0.000000,1.692298,0.902336
2016-11-02,6.085793,0.081009,1.968755,0.846286
2016-11-03,6.105097,0.057397,1.680445,1.341017
2016-11-04,6.161773,0.000021,1.527762,0.894966
2016-11-05,6.193998,0.000000,1.473326,0.874718
2016-11-06,6.207389,0.675855,1.873712,0.886381
2016-11-07,6.234064,1.882526,1.400938,0.911925
2016-11-08,7.444900,19.830520,2.092191,5.841046
2016-11-09,6.178348,0.170535,1.371080,0.986342
2016-11-10,6.067679,0.000067,1.270376,0.868538
2016-11-11,6.029636,0.000000,1.536025,1.146487
2016-11-12,6.354462,0.000000,1.406987,1.546085
2016-11-13,6.053753,0.000000,1.141895,0.877203
2016-11-14,6.073440,0.000000,1.109821,0.882744
2016-11-15,6.102546,0.000000,1.080024,0.869109
2016-11-16,6.128309,0.000000,1.050781,0.869282
2016-11-17,6.155699,0.000000,1.023178,0.870239
2016-11-18,6.171503,0.000000,0.994065,0.865050
2016-11-19,6.178697,0.000000,0.967293,0.958835
2016-11-20,6.177455,0.000000,0.939862,0.866689
2016-11-21,6.163645,0.000000,0.913183,0.849113
2016-11-22,6.151337,0.000000,0.891014,0.845007
2016-11-23,6.129121,0.000000,0.859640,0.855493
2016-11-24,6.101597,0.000000,0.838314,0.837334
2016-11-25,6.068734,0.000000,0.813446,0.856350
2016-11-26,6.026163,0.000000,0.788527,0.854716
2016-11-27,5.988317,0.000000,0.785080,0.830432
2016-11-28,5.943675,0.000000,0.743258,0.835859
2016-11-29,5.897191,0.000000,0.725249,0.844838
2016-11-30,5.852415,0.000000,0.701560,0.850044
2016-12-01,5.801469,0.000000,0.682368,0.844085
2016-12-02,5.756753,0.000000,0.665564,0.855099
2016-12-03,5.706337,0.000000,0.643822,0.834672
2016-12-04,5.654781,0.000000,0.627851,0.831966
2016-12-05,5.602257,0.000000,0.633532,0.833599
2016-12-06,5.545650,0.000000,0.592874,0.809231
2016-12-07,5.495489,0.000000,0.579154,0.825263
2016-12-08,5.440719,0.000000,0.561604,0.832393
2016-12-09,5.386671,0.000000,0.547965,0.812509
2016-12-10,5.333539,0.000000,0.544544,0.814171
2016-12-11,5.277213,0.000000,0.630457,0.815334
2016-12-12,5.228858,0.000000,0.506312,0.791694
2016-12-13,5.178364,0.000000,0.494050,0.801485
2016-12-14,5.128245,0.000000,0.561277,0.821250
2016-12-15,5.079052,0.000000,0.562217,0.776707
2016-12-16,5.026018,0.000000,0.621871,0.802346
2016-12-17,4.979940,0.000000,0.448491,0.794918
2016-12-18,4.931691,0.000000,0.442980,0.780088
2016-12-19,4.883460,0.000000,0.426054,0.797469
2016-12-20,4.835055,0.000000,0.416748,0.783368
2016-12-21,4.783211,0.000000,0.408125,0.794282
2016-12-22,4.737777,0.000000,0.398135,0.799682
2016-12-23,4.689229,0.000000,0.389616,0.770924
2016-12-24,4.641888,0.000000,0.381978,0.787845
2016-12-25,4.595530,0.000000,0.372776,0.779232
2016-12-26,4.548149,0.000000,0.366147,0.774464
2016-12-27,4.511486,0.000000,0.360282,0.789544
2016-12-28,4.473337,0.000000,0.351859,0.781421
2016-12-29,4.435090,0.000000,0.342562,0.778133
2016-12-30,4.396822,0.000000,0.337415,0.759153
2016-12-31,4.358677,0.000000,0.330264,0.792459
2017-01-01,4.737070,0.000000,0.323450,0.780017
2017-01-02,4.700592,0.000000,0.317874,0.750827
2017-01-03,4.661927,0.000000,0.311651,0.773665
2017-01-04,4.623676,0.000000,0.305520,0.768789
2017-01-05,4.585636,0.000000,0.299921,0.805138
2017-01-06,4.545594,0.000000,0.295402,0.770219
2017-01-07,4.512369,0.000000,0.289828,0.761278
2017-01-08,4.476314,0.000000,0.281295,0.760135
2017-01-09,4.440300,0.000000,0.279733,0.777168
2017-01-10,4.404746,0.000000,0.274052,0.748538
2017-01-11,4.366426,0.000000,0.268930,0.761866
2017-01-12,4.334316,0.000000,0.263448,0.772018
2017-01-13,4.299408,0.000000,0.259994,0.782158
2017-01-14,4.264576,0.000000,0.256574,0.752125
2017-01-15,4.230402,0.000000,0.249772,0.768622
2017-01-16,4.194647,0.000000,0.248936,0.759815
2017-01-17,4.165156,0.000000,0.242053,0.751389
2017-01-18,4.133349,0.000000,0.236256,0.733452
2017-01-19,4.102239,0.000000,0.236549,0.725523
2017-01-20,4.071197,0.000000,0.230195,0.736012
2017-01-21,4.037771,0.000000,0.226729,0.756438
2017-01-22,4.010448,0.000000,0.222846,0.754840
2017-01-23,3.980510,0.000000,0.263410,0.766838
2017-01-24,3.950875,0.000000,0.227961,0.738516
2017-01-25,3.921093,0.000000,0.213804,0.723642
2017-01-26,3.888778,0.000000,0.208729,0.747036
2017-01-27,3.862684,0.000000,0.205877,0.755138
2017-01-28,3.834215,0.000000,0.202482,0.721510
2017-01-29,3.806051,0.000000,0.200278,0.730543
2017-01-30,3.778896,0.000000,0.196685,0.740487
2017-01-31,3.752142,0.000000,0.194924,0.703046
2017-02-01,3.724938,0.000000,0.190647,0.712170
2017-02-02,3.703792,0.000000,0.187748,0.708506
2017-02-03,3.680327,0.000000,0.190207,0.708011
2017-02-04,3.657058,0.000000,0.207480,0.707825
2017-02-05,3.634075,0.000000,0.180428,0.706865
2017-02-06,3.608824,0.000000,0.185712,0.714826
2017-02-07,3.588976,0.000000,0.294721,0.702341
2017-02-08,3.566861,0.000000,0.655709,0.733269
2017-02-09,3.545168,0.000000,0.178831,0.742599
2017-02-10,3.523711,0.000000,0.167452,0.702944
2017-02-11,3.499711,0.000000,0.169342,0.685227
2017-02-12,3.480626,0.000000,0.202096,0.737737
2017-02-13,3.459165,0.000000,0.160474,0.691058
2017-02-14,3.438101,0.000000,0.159663,0.692066
2017-02-15,3.417887,0.000000,0.157088,0.670533
2017-02-16,3.395854,0.000000,0.153938,0.691673
2017-02-17,3.378477,0.000000,0.150691,0.735959
2017-02-18,3.358964,0.000000,0.149834,0.713317
2017-02-19,3.339444,0.000000,0.149798,0.678675
2017-02-20,3.320051,0.000000,0.146935,0.722399
2017-02-21,3.298538,0.000000,0.145915,0.676593
2017-02-22,3.281675,0.000000,0.144142,0.718776
2017-02-23,3.262853,0.000000,0.141741,0.693427
2017-02-24,3.244199,0.000000,0.140745,0.685682
2017-02-25,3.225715,0.000000,0.143175,0.673576
2017-02-26,3.205390,0.000000,0.137772,0.699958
2017-02-27,3.189813,0.000000,0.135564,0.713202
2017-02-28,3.171865,0.000000,0.134346,1.262846
2017-03-01,3.151726,0.000000,0.132167,0.677505
2017-03-02,3.135927,0.000000,0.132154,0.722772
2017-03-03,3.118301,0.000000,0.130370,0.673142
2017-03-04,3.100738,0.000000,0.129361,0.728427
2017-03-05,3.083029,0.000000,0.128478,0.662124
2017-03-06,3.063632,0.000000,0.126463,0.674364
2017-03-07,3.048878,0.000000,0.126392,0.674006
2017-03-08,3.032065,0.000000,0.124144,0.662891
2017-03-09,3.015578,0.000000,0.119057,0.670498
2017-03-10,2.999598,0.000000,0.121258,0.707663
2017-03-11,2.981784,0.000000,0.119777,0.688102
2017-03-12,2.968501,0.000000,0.117768,0.718453
2017-03-13,2.953174,0.000000,0.116667,0.710869
2017-03-14,2.937924,0.000000,0.115590,0.693701
2017-03-15,2.922683,0.000000,0.118669,0.668496
2017-03-16,2.905319,0.000000,0.113942,0.663332
2017-03-17,2.891948,0.000000,0.110396,0.720963
2017-03-18,2.876618,0.000000,0.108148,0.659526
2017-03-19,2.861348,0.000000,0.110360,0.702094
2017-03-20,2.846257,0.000000,0.109154,0.666200
2017-03-21,2.829406,0.000000,0.106963,0.679716
2017-03-22,2.816936,0.000000,0.106847,0.834891
2017-03-23,2.803356,0.000000,0.106441,0.676831
2017-03-24,2.789969,0.000000,0.103961,0.667524
2017-03-25,2.776959,0.000000,0.103334,0.659656
2017-03-26,2.762353,0.000000,0.102928,0.684963
2017-03-27,2.751710,0.000000,0.100459,0.699477
2017-03-28,2.739412,0.000000,0.100633,0.706646
2017-03-29,2.727068,0.000000,0.099914,0.648964
2017-03-30,2.714700,0.000000,0.099194,0.674782
2017-03-31,2.702527,0.000000,0.098868,0.674025
2017-04-01,2.688531,0.000000,0.096529,0.697708
2017-04-02,2.678241,0.000000,0.095322,0.656197
2017-04-03,2.666060,0.000000,0.094198,0.651618
2017-04-04,2.653997,0.000000,0.093027,0.691987
2017-04-05,2.641920,0.000000,0.093085,0.646940
2017-04-06,2.628116,0.000000,0.090521,0.644704
2017-04-07,2.618122,0.000000,0.091392,0.669777
2017-04-08,2.606317,0.000000,0.089503,0.688334
2017-04-09,2.594546,0.000000,0.089003,0.660761
2017-04-10,2.582960,0.000000,0.088321,0.639138
2017-04-11,2.569927,0.000000,0.088434,1.059264
2017-04-12,2.560578,0.000000,0.085145,0.662208
2017-04-13,2.549483,0.000000,0.085885,0.649209
2017-04-14,2.538390,0.000000,0.085073,0.643642
2017-04-15,2.527334,0.000000,0.083172,0.654167
2017-04-16,2.514576,0.000000,0.083184,0.651978
2017-04-17,2.505405,0.000000,0.081966,0.645138
2017-04-18,2.494606,0.000000,0.081468,0.648652
2017-04-19,2.484043,0.000000,0.081873,0.646431
2017-04-20,2.473535,0.000000,0.079751,0.639035
2017-04-21,2.461291,0.000000,0.079671,0.640157
2017-04-22,2.452417,0.000000,0.077978,1.340301
2017-04-23,2.441838,0.000000,0.077954,0.913518
2017-04-24,2.431375,0.000000,0.077954,0.959266
2017-04-25,2.420945,0.000000,0.172569,4.044870
2017-04-26,2.408926,0.000000,0.082010,2.741148
2017-04-27,2.400481,0.000000,0.289765,2.001943
2017-04-28,2.390493,0.000000,0.128048,0.627783
2017-04-29,2.380475,0.000000,0.470241,1.934625
2017-04-30,2.370442,0.000000,0.999394,2.107825
2017-05-01,2.363289,0.000000,0.746390,1.787180
2017-05-02,2.359515,0.000000,2.694885,2.282411
2017-05-03,2.607992,0.003559,6.365619,2.318230
2017-05-04,3.900834,2.456117,5.366071,2.188104
2017-05-05,3.886819,8.109050,1.301549,3.085016
2017-05-06,3.868972,22.456269,1.817091,2.775459
2017-05-07,3.430206,20.370131,2.043201,2.396225
2017-05-08,3.757357,14.862798,2.174634,4.198019
2017-05-09,4.264751,17.873218,0.685826,4.764170
2017-05-10,2.186187,0.627071,0.149685,1.148608
2017-05-11,2.208408,0.000740,0.080291,1.081503
2017-05-12,2.239807,0.000001,0.083037,0.970052
2017-05-13,2.285505,0.000000,0.084126,1.043896
2017-05-14,2.327998,0.000000,0.228310,3.249420
2017-05-15,2.398960,0.425487,0.251541,5.658849
2017-05-16,3.378625,4.499264,0.726789,5.781056
2017-05-17,3.224936,12.374746,0.287200,16.852367
2017-05-18,3.600990,11.758085,0.342660,11.287816
2017-05-19,6.273748,38.584435,3.915765,15.929626
2017-05-20,8.823692,94.764235,3.278269,31.583783
2017-05-21,8.912959,137.632219,3.321307,35.074118
2017-05-22,4.929992,74.004883,1.869587,24.487656
2017-05-23,4.763167,65.179393,1.661419,24.234748
2017-05-24,4.639578,47.673267,1.708733,31.777913
2017-05-25,4.035945,37.878137,0.887072,16.842599
2017-05-26,4.332092,47.908532,1.901651,21.300560
2017-05-27,4.726158,32.713524,3.087968,37.973568
2017-05-28,4.361237,4.135289,0.772603,22.051178
2017-05-29,5.046816,6.823881,1.295954,39.813244
2017-05-30,4.744281,1.205694,0.546496,56.665757
2017-05-31,5.494676,2.306921,0.428350,7.892980
2017-06-01,5.455671,1.394190,0.601156,44.402764
2017-06-02,6.301082,11.773366,0.813627,48.828669
2017-06-03,7.313220,29.793991,1.008800,58.361498
2017-06-04,8.760638,57.268843,1.411702,66.533105
2017-06-05,8.973353,53.046196,1.347645,31.344761
2017-06-06,10.830793,100.923125,4.005566,67.267044
2017-06-07,11.900021,77.921145,2.081905,75.485736
2017-06-08,15.084233,87.280412,2.429519,83.835932
2017-06-09,16.416931,82.175895,2.476038,86.191298
2017-06-10,13.122961,69.187378,2.872984,74.051251
2017-06-11,13.903259,73.174469,3.472808,81.277548
2017-06-12,15.356951,92.296151,4.616712,95.202600
2017-06-13,16.442230,111.602738,6.362146,97.851022
2017-06-14,17.276910,131.511731,8.204097,108.891239
2017-06-15,17.478457,145.150487,7.323393,126.031447
2017-06-16,15.604629,112.707037,7.222517,137.530907
2017-06-17,18.158463,142.665827,4.157938,166.679684
2017-06-18,22.392589,154.816337,4.838749,154.808534
2017-06-19,26.505428,190.265575,4.394643,145.363224
2017-06-20,20.207954,115.717076,4.986703,185.092616
2017-06-21,22.470607,133.553393,4.526465,231.463244
2017-06-22,21.707249,119.505857,4.877891,257.888878
2017-06-23,25.499441,136.619581,3.934280,173.707485
2017-06-24,27.391717,165.659737,4.921268,195.698241
2017-06-25,29.094286,182.607373,5.205366,203.679411
2017-06-26,29.488710,178.081125,4.897488,213.104397
2017-06-27,30.623043,194.816423,5.693738,252.761695
2017-06-28,30.717387,177.241423,5.389398,206.145642
2017-06-29,28.035513,158.783868,5.942899,210.496953
2017-06-30,25.092672,101.341157,5.540170,180.012734
2017-07-01,26.524425,140.036516,4.694027,210.666761
2017-07-02,24.293762,72.577527,4.287054,133.970250
2017-07-03,20.899403,30.013029,3.217210,37.530652
2017-07-04,21.417984,32.237225,3.109026,94.743631
2017-07-05,24.981786,62.891970,3.064810,131.261705
2017-07-06,26.697870,115.780323,3.209069,192.982171
2017-07-07,27.145762,112.687430,3.419419,179.630278
2017-07-08,28.463101,137.427833,3.601071,212.918035
2017-07-09,30.507244,169.862476,3.945098,223.738378
2017-07-10,30.964645,173.406285,4.420049,219.244018
2017-07-11,28.474056,132.543243,3.664642,179.279910
2017-07-12,28.355922,124.909950,3.777737,203.711035
2017-07-13,28.920418,138.220078,4.079705,196.097252
2017-07-14,27.952967,138.241329,4.858456,199.406140
2017-07-15,30.996549,164.492217,6.154027,214.359232
2017-07-16,32.859310,176.380316,7.061508,215.428734
2017-07-17,33.222428,157.131197,3.744770,167.191319
2017-07-18,39.384508,191.187003,4.999074,244.931359
2017-07-19,53.072127,367.497262,6.636226,199.495994
2017-07-20,60.069742,281.184792,7.013964,262.791970
2017-07-21,51.041461,230.081643,4.492189,241.506851
2017-07-22,101.836529,531.293655,17.438074,352.470943
2017-07-23,70.122056,523.607721,12.399337,343.971108
2017-07-24,56.585459,222.584072,6.078181,286.966089
2017-07-25,77.501719,281.753857,6.833942,270.452015
2017-07-26,73.128269,320.523270,7.643874,297.291963
2017-07-27,68.597670,262.441545,7.796577,257.398012
2017-07-28,71.102270,280.940871,10.843108,267.178027
2017-07-29,72.091434,277.159455,10.007849,300.402110
2017-07-30,68.089737,223.111407,9.048550,268.543113
2017-07-31,65.879165,205.442806,9.163954,249.929500
2017-08-01,67.826102,212.401898,8.510202,252.714114
2017-08-02,66.461769,212.998302,8.959844,247.391371
2017-08-03,62.499988,199.218192,8.851611,241.876190
2017-08-04,57.053301,152.387814,6.821189,214.634382
2017-08-05,47.929926,105.404365,5.057573,126.044610
2017-08-06,44.710420,118.508470,5.454685,172.909957
2017-08-07,39.918796,108.593869,4.971329,168.099859
2017-08-08,38.159812,60.844250,3.785124,70.954703
2017-08-09,37.076202,90.927803,4.088178,146.620649
2017-08-10,36.394981,60.158253,4.392187,154.931061
2017-08-11,35.380062,89.936730,4.586724,173.322296
2017-08-12,34.265779,112.534909,4.076267,170.262954
2017-08-13,33.184779,90.561335,4.667367,159.128947
2017-08-14,31.827449,91.307239,3.839160,129.773669
2017-08-15,30.735706,99.095880,4.449088,138.461189
2017-08-16,29.756230,92.451927,4.622466,135.793816
2017-08-17,28.874070,76.334839,3.677053,64.278533
2017-08-18,26.247371,79.981596,3.920677,95.604279
2017-08-19,24.853315,63.888474,4.357616,102.269779
2017-08-20,23.945677,55.292681,4.594117,125.779846
2017-08-21,23.685383,68.185721,3.736281,104.896080
2017-08-22,22.481050,74.735320,4.339226,117.576476
2017-08-23,23.831083,126.107165,3.650119,112.316998
2017-08-24,23.656102,106.679246,3.642399,102.760177
2017-08-25,23.347115,77.571818,6.283156,131.830844
2017-08-26,21.608255,275.782323,9.116305,215.422388
2017-08-27,20.916628,114.643104,5.440457,185.963744
2017-08-28,18.502390,82.737614,3.676191,125.042249
2017-08-29,18.101806,74.233148,3.536043,103.578056
2017-08-30,17.576667,71.742672,3.748823,102.371566
2017-08-31,17.332719,101.360444,3.552313,116.684844
2017-09-01,17.782821,125.234386,3.979658,124.271353
2017-09-02,16.742223,72.265723,3.103480,116.222317
2017-09-03,16.974657,86.619170,3.574257,97.215746
2017-09-04,15.769983,224.928504,5.015346,147.173421
2017-09-05,15.493469,149.681927,3.998339,135.433115
2017-09-06,15.238390,49.507930,2.818233,63.468897
2017-09-07,14.791439,32.393419,2.534746,84.638200
2017-09-08,15.672403,19.895251,2.353747,73.138209
2017-09-09,15.457048,14.697501,2.269848,8.751476
2017-09-10,14.054667,8.246625,2.079062,32.346828
2017-09-11,13.817482,3.720678,2.118284,33.174594
2017-09-12,13.614801,3.978613,1.909919,13.349360
2017-09-13,13.398481,2.550033,1.854365,39.061256
2017-09-14,13.180173,3.942029,2.114314,63.957440
2017-09-15,25.495896,187.446116,12.739198,54.935934
2017-09-16,71.716291,433.985203,24.781645,233.901845
2017-09-17,85.534512,630.031353,16.742927,331.093562
2017-09-18,12.078935,28.705711,1.669230,51.763829
2017-09-19,11.442800,141.826807,2.630012,45.235380
2017-09-20,12.154655,32.319114,2.270801,28.083777
2017-09-21,11.582103,71.530601,3.753982,76.197549
2017-09-22,11.912610,26.824277,2.185594,25.674560
2017-09-23,12.712987,22.663156,2.491513,27.697039
2017-09-24,12.647279,180.773820,7.891463,188.855368
2017-09-25,13.123630,24.987319,2.342288,22.085679
2017-09-26,13.565674,37.402347,3.336170,35.137416
2017-09-27,19.927936,336.479450,10.296553,231.392241
2017-09-28,13.260977,36.411167,3.112240,47.214804
2017-09-29,12.919038,1.955083,3.377671,23.217818
2017-09-30,13.542859,67.844859,4.214720,14.450264
2017-10-01,13.172092,85.848506,3.969124,34.781720
2017-10-02,13.200350,8.839013,3.392271,17.271927
2017-10-03,13.185738,0.395962,3.226263,12.052291
2017-10-04,13.304002,0.014932,3.024247,4.998970
2017-10-05,13.443218,0.000040,2.832317,1.507337
2017-10-06,13.547757,0.000037,2.627524,1.227097
2017-10-07,13.752850,3.503955,2.551832,2.005606
2017-10-08,13.707139,14.563421,2.583837,8.800510
2017-10-09,13.734998,1.022744,2.500496,5.488222
2017-10-10,14.442872,29.007371,2.597001,11.782696
2017-10-11,13.639052,28.690396,2.667443,21.253153
2017-10-12,13.516928,0.570622,1.665015,1.385072
2017-10-13,13.385200,0.075006,1.569724,1.597253
2017-10-14,13.272357,0.000117,1.521291,1.086264
2017-10-15,13.166974,0.000009,1.424240,1.106242
2017-10-16,13.050193,0.000023,1.335273,1.115119
2017-10-17,12.943331,0.000011,1.265489,1.081100
2017-10-18,12.819811,0.000016,1.279452,2.055234
2017-10-19,12.687233,0.000039,1.192318,4.132217
2017-10-20,12.546968,43.309077,3.262234,29.690801
2017-10-21,12.781526,10.070179,1.227603,5.417021
2017-10-22,12.524325,0.041377,0.999117,1.088122
2017-10-23,14.534805,1.527872,0.959105,1.068305
2017-10-24,11.933758,0.246002,0.924102,1.834512
2017-10-25,11.761906,0.000057,0.890797,1.049296
2017-10-26,11.624793,0.672267,1.398417,1.055479
2017-10-27,13.163049,1.371038,0.841207,1.201027
2017-10-28,11.270582,0.002153,0.803708,1.081104
2017-10-29,11.112112,0.000000,0.779771,1.046698
2017-10-30,10.955234,0.000014,0.753866,1.018958
2017-10-31,10.800664,0.000004,0.727518,1.010370
2017-11-01,10.639945,0.000008,0.705185,1.027752
2017-11-02,10.495765,0.000021,0.686234,1.016021
2017-11-03,10.349619,0.000006,0.662708,0.998048
2017-11-04,10.205323,0.000016,0.644586,1.001202
2017-11-05,10.061286,0.000031,0.624452,0.998212
2017-11-06,9.917448,0.000011,0.606329,1.018405
2017-11-07,9.791847,0.000026,0.589602,0.992383
2017-11-08,9.659190,0.000001,0.573856,0.985021
2017-11-09,9.527616,0.000000,0.555849,0.993431
2017-11-10,9.398136,0.000000,0.542339,0.970273
2017-11-11,9.265199,0.000000,0.526012,0.986041
2017-11-12,9.148425,0.000000,0.513317,0.966466
2017-11-13,9.029691,0.000000,0.497496,0.965391
2017-11-14,8.911728,0.000000,0.483372,0.969362
2017-11-15,8.795756,0.000000,0.471869,0.980223
2017-11-16,8.675811,0.000000,0.455565,0.958695
2017-11-17,8.568912,0.000000,0.447130,0.977094
2017-11-18,8.456687,0.000000,0.433463,0.944484
2017-11-19,8.347802,0.000003,0.421749,0.935348
2017-11-20,8.239982,0.000004,0.410246,0.932197
2017-11-21,8.128521,0.000020,0.400285,0.919219
2017-11-22,8.032702,0.000017,0.389952,0.921790
2017-11-23,7.932688,0.000009,0.378878,0.927672
2017-11-24,7.834090,0.000027,0.368904,0.913088
2017-11-25,7.737494,0.000000,0.358607,0.911795
2017-11-26,7.636944,0.000000,0.348703,0.911792
2017-11-27,7.549410,0.000000,0.337560,0.918302
2017-11-28,7.461325,0.000000,0.327157,0.912919
2017-11-29,7.377414,0.000000,0.317302,0.919780
2017-11-30,7.967465,0.000000,0.871817,0.903672
2017-12-01,7.209358,0.000000,0.304247,0.913244
2017-12-02,7.135638,0.000000,0.287569,0.892710
2017-12-03,7.058680,0.000000,0.278859,0.889229
2017-12-04,6.983473,0.000000,0.271083,0.874903
2017-12-05,6.910822,0.000000,0.263689,0.914088
2017-12-06,6.834669,0.000000,0.255620,0.891167
2017-12-07,6.768577,0.000000,0.246182,0.863124
2017-12-08,6.699126,0.000000,0.240389,0.890977
2017-12-09,6.629973,0.000000,0.231290,1.430759
2017-12-10,6.562874,0.000000,0.223034,0.934098
2017-12-11,6.492360,0.000000,0.215658,0.871168
2017-12-12,6.431365,0.000000,0.208098,0.854198
2017-12-13,6.366422,0.000000,0.201012,0.925073
2017-12-14,6.302198,0.000000,0.192953,0.858200
2017-12-15,6.238893,0.000000,0.187073,0.852047
2017-12-16,6.171997,0.000000,0.179709,0.846778
2017-12-17,6.115251,0.000000,0.172648,0.834665
2017-12-18,6.055321,0.000000,0.166872,0.844556
2017-12-19,5.996459,0.000000,0.161606,0.824024
2017-12-20,5.938004,0.000000,0.154592,0.886422
2017-12-21,5.875772,0.000000,0.150578,0.891589
2017-12-22,5.822418,0.000000,0.145336,0.890017
2017-12-23,5.765655,0.000000,0.140096,0.896330
2017-12-24,5.710527,0.000000,0.135537,0.891241
2017-12-25,5.657298,0.000000,0.132070,0.885101
2017-12-26,5.600535,0.000000,0.126712,0.876351
2017-12-27,5.552608,0.000000,0.122438,0.866475
2017-12-28,5.501714,0.000000,0.118640,0.850838
2017-12-29,5.451538,0.000000,0.112749,0.806104
2017-12-30,5.402456,0.000000,0.110451,0.862245
2017-12-31,5.354345,0.000000,0.104679,0.800673
2018-01-01,5.344089,0.000000,0.100479,0.876779
2018-01-02,5.304473,0.000000,0.096026,0.876102
2018-01-03,5.262202,0.000000,0.091677,0.864915
2018-01-04,5.220339,0.000000,0.087249,0.868919
2018-01-05,5.179004,0.000000,0.083596,0.860688
2018-01-06,5.134670,0.000000,0.080165,0.857801
2018-01-07,5.099296,0.000000,0.076734,0.856453
2018-01-08,5.061219,0.000000,0.073093,0.858772
2018-01-09,5.023589,0.000000,0.075341,0.842226
2018-01-10,4.986124,0.000000,0.175693,0.840379
2018-01-11,4.945636,0.000000,0.089326,0.854426
2018-01-12,4.912377,0.000000,0.392738,0.830509
2018-01-13,4.876584,0.000000,0.061076,0.836911
2018-01-14,4.841481,0.000000,0.224195,0.825553
2018-01-15,4.806679,0.000000,0.052818,0.828368
2018-01-16,4.768990,0.000000,0.051090,0.822477
2018-01-17,4.738226,0.000000,0.048111,0.816675
2018-01-18,4.704117,0.000000,0.051773,0.817411
2018-01-19,4.670293,0.000000,0.044066,0.821223
2018-01-20,4.636904,0.000000,0.043520,0.808968
2018-01-21,4.600669,0.000000,0.040043,0.803840
2018-01-22,4.571126,0.000000,0.039498,0.802863
2018-01-23,4.538318,0.000000,0.037770,0.803811
2018-01-24,4.505410,0.000000,0.035974,0.816328
2018-01-25,4.472943,0.000000,0.034177,0.800767
2018-01-26,4.438621,0.000000,0.033632,0.783718
2018-01-27,4.411396,0.000000,0.031429,0.788461
2018-01-28,4.381020,0.000000,0.030131,0.794283
2018-01-29,4.350770,0.000000,0.027905,0.759170
2018-01-30,4.320636,0.000000,0.027905,0.782911
2018-01-31,4.291115,0.000000,0.025587,0.789899
2018-02-01,4.259273,0.000000,0.025587,0.783175
2018-02-02,4.233878,0.000000,0.022226,0.783304
2018-02-03,4.206179,0.000000,0.024679,0.802398
2018-02-04,4.178428,0.000000,0.029342,0.762518
2018-02-05,4.150738,0.000000,0.019232,0.749461
2018-02-06,4.120571,0.000000,0.022295,0.781659
2018-02-07,4.096727,0.000000,0.018935,0.755000
2018-02-08,4.070685,0.000000,0.019634,0.759029
2018-02-09,4.044845,0.000000,0.018436,0.744267
2018-02-10,4.018926,0.000000,0.017938,0.748115
2018-02-11,3.990166,0.000000,0.017938,0.760109
2018-02-12,3.966928,0.000000,0.017440,0.760015
2018-02-13,3.941630,0.000000,0.017440,0.759654
2018-02-14,3.917369,0.000000,0.016443,0.758858
2018-02-15,3.893465,0.000000,0.038732,0.724278
2018-02-16,3.866829,0.000000,0.049462,0.766119
2018-02-17,3.845610,0.000000,0.015945,0.760507
2018-02-18,3.822000,0.000000,0.015447,0.759551
2018-02-19,3.798841,0.000000,0.456504,0.739004
2018-02-20,3.776625,0.000000,0.171720,0.781172
2018-02-21,3.752866,0.000000,0.014948,0.750101
2018-02-22,3.734943,0.000000,0.021629,0.762746
2018-02-23,3.714510,0.000000,0.022647,0.743954
2018-02-24,3.694130,0.000000,1.149043,0.784589
2018-02-25,3.674164,0.000000,0.065526,0.715681
2018-02-26,3.651899,0.000000,3.056545,0.722882
2018-02-27,3.647940,0.000000,0.013952,0.730195
2018-02-28,3.625119,0.000000,0.012955,0.688507
2018-03-01,3.596415,0.000000,0.013453,0.703193
2018-03-02,3.573921,0.000000,0.012955,0.686818
2018-03-03,3.550607,0.000000,0.012955,0.710544
2018-03-04,3.529011,0.000000,0.012457,0.682235
2018-03-05,3.508632,0.000000,0.012955,0.703417
2018-03-06,3.486727,0.000000,0.011959,0.690222
2018-03-07,3.470502,0.000000,0.012457,0.690508
2018-03-08,3.452335,0.000000,0.011959,0.707184
2018-03-09,3.434673,0.000000,0.011460,0.680006
2018-03-10,3.417451,0.000000,0.011460,0.702130
2018-03-11,3.398159,0.000000,0.011460,0.693038
2018-03-12,3.384109,0.000000,0.010962,0.686234
2018-03-13,3.367893,0.000000,0.010962,0.708100
2018-03-14,3.351778,0.000000,0.010962,0.688203
2018-03-15,3.335938,0.000000,0.010962,0.675463
2018-03-16,3.318117,0.000000,0.009966,0.679199
2018-03-17,3.305374,0.000000,0.009966,0.648904
2018-03-18,3.290548,0.000000,0.009966,0.927437
2018-03-19,3.275880,0.000000,0.009966,0.790470
2018-03-20,3.261386,0.000000,0.008969,0.778001
2018-03-21,3.244943,0.000000,0.009966,0.683838
2018-03-22,3.232925,0.000000,0.008969,0.671518
2018-03-23,3.218614,0.000000,0.008969,0.687504
2018-03-24,3.204271,0.000000,0.008471,0.681700
2018-03-25,3.190065,0.000000,0.008471,0.689843
2018-03-26,3.173759,0.000000,0.008471,0.672908
2018-03-27,3.161921,0.000000,0.008471,0.683386
2018-03-28,3.147957,0.000000,0.007972,0.672790
2018-03-29,3.134222,0.000000,0.007972,0.672184
2018-03-30,3.120476,0.000000,0.007474,0.670905
2018-03-31,3.106793,0.000000,0.007972,0.685909
2018-04-01,3.091092,0.000000,0.007474,0.674220
2018-04-02,3.079955,0.000000,0.007474,0.668302
2018-04-03,3.066756,0.000000,0.006976,0.678371
2018-04-04,3.053643,0.000000,0.006976,0.671204
2018-04-05,3.040769,0.000000,0.006976,0.661801
2018-04-06,3.025918,0.000000,0.006976,0.673491
2018-04-07,3.015392,0.000000,0.006478,0.664680
2018-04-08,3.002729,0.000000,0.006478,0.654877
2018-04-09,2.989985,0.000000,0.088918,0.670616
2018-04-10,2.977276,0.000000,0.017498,0.654827
2018-04-11,2.962809,0.000000,0.704283,1.862232
2018-04-12,2.952778,0.000000,0.141700,2.751800
2018-04-13,2.940749,0.000000,1.238567,2.298403
2018-04-14,2.928651,0.000000,1.118369,2.657990
2018-04-15,2.916177,0.000000,0.477788,3.161400
2018-04-16,2.905356,0.000000,0.814654,3.842793
2018-04-17,2.896363,0.000000,1.125923,4.326917
2018-04-18,2.909287,0.000000,3.686450,2.795468
2018-04-19,3.196687,0.000000,0.711322,4.779002
2018-04-20,2.899705,0.000000,0.246546,4.032423
2018-04-21,2.821788,0.000000,0.369916,1.629769
2018-04-22,2.805041,0.000000,0.029005,0.708926
2018-04-23,2.791505,0.000000,0.083710,0.708779
2018-04-24,2.781061,0.000000,0.182369,1.233372
2018-04-25,2.772572,0.000000,0.128555,0.726990
2018-04-26,2.763693,0.000000,0.222893,2.238387
2018-04-27,2.759563,0.000000,0.472419,1.180013
2018-04-28,2.754161,0.000000,0.368335,0.767723
2018-04-29,2.749500,0.000000,0.378041,1.873904
2018-04-30,2.745207,0.000000,0.038432,2.345169
2018-05-01,2.738829,0.000000,0.296226,0.696251
2018-05-02,2.736093,0.000000,0.004410,1.058631
2018-05-03,2.731616,0.000000,0.001773,1.209194
2018-05-04,2.727170,0.000000,0.027031,0.702564
2018-05-05,2.722495,0.000000,0.003986,2.677062
2018-05-06,2.715880,0.000000,0.003488,2.814653
2018-05-07,2.713865,0.000000,0.001916,2.592180
2018-05-08,2.710183,0.000000,0.003986,0.681594
2018-05-09,2.706202,0.000000,0.073609,0.717583
2018-05-10,2.701824,0.000000,0.502813,2.906681
2018-05-11,2.695199,0.000000,0.132736,5.655737
2018-05-12,2.841000,0.000000,0.414279,6.058125
2018-05-13,2.979657,0.000000,0.831646,4.856081
2018-05-14,4.995278,0.000000,1.678222,5.797510
2018-05-15,4.392708,0.000000,0.449159,3.294821
2018-05-16,2.672670,0.000000,0.296958,4.251649
2018-05-17,5.155118,0.000000,2.410160,3.089307
2018-05-18,6.665575,0.000000,1.311869,3.368020
2018-05-19,2.655818,0.000000,0.012955,2.830289
2018-05-20,4.118491,0.000000,0.900107,2.655573
2018-05-21,3.846585,0.000000,0.363772,2.473720
2018-05-22,5.012898,0.000475,2.096274,3.317357
2018-05-23,9.337808,0.002730,1.966848,3.076734
2018-05-24,3.571585,0.000347,0.097348,4.070047
2018-05-25,2.805090,0.000068,0.110791,3.736332
2018-05-26,7.790931,0.107133,1.839822,4.849665
2018-05-27,5.838614,0.024743,0.649812,3.925969
2018-05-28,4.402313,0.000051,0.332081,4.871537
2018-05-29,7.713668,0.285195,2.304162,13.218161
2018-05-30,13.030326,19.702001,4.473781,37.045089
2018-05-31,8.822326,16.827154,2.672043,24.820570
2018-06-01,3.026850,15.172218,2.649331,22.534730
2018-06-02,3.465565,27.942387,3.474495,30.306382
2018-06-03,4.416482,34.058257,3.356021,30.240859
2018-06-04,2.526208,46.790281,8.448177,27.615870
2018-06-05,2.550124,63.870303,4.874326,32.690465
2018-06-06,2.598211,96.163992,7.245513,53.031215
2018-06-07,8.710514,172.375045,9.619105,51.222314
2018-06-08,12.583829,146.447335,3.613508,74.446842
2018-06-09,8.532819,80.204142,4.935738,56.665623
2018-06-10,8.751502,98.906944,4.051131,61.626151
2018-06-11,8.097703,65.444148,5.391437,98.867192
2018-06-12,8.373362,91.159981,5.534401,87.328362
2018-06-13,6.662864,82.070978,5.148515,87.334471
2018-06-14,5.737686,44.887779,4.674859,89.579494
2018-06-15,5.854018,49.286422,4.518219,67.850406
2018-06-16,5.417742,30.011099,4.874894,56.064366
2018-06-17,5.820570,22.420669,4.860656,40.709317
2018-06-18,6.407270,30.380365,5.424601,74.764854
2018-06-19,6.705183,36.063204,4.977377,68.601398
2018-06-20,7.485432,60.128282,4.867731,76.924505
2018-06-21,11.798828,72.165236,6.266438,101.840725
2018-06-22,24.798397,196.010634,7.998467,127.864238
2018-06-23,22.509094,150.394506,7.123565,124.544300
2018-06-24,22.687198,211.714680,5.840035,153.824933
2018-06-25,16.168421,87.408496,4.511981,138.424269
2018-06-26,19.603893,123.837926,4.832649,151.340879
2018-06-27,20.589624,135.900687,5.810691,133.327964
2018-06-28,27.887689,149.378097,8.471754,141.674825
2018-06-29,41.608732,282.253694,10.019980,170.136365
2018-06-30,39.299373,189.535593,8.256376,189.364982
2018-07-01,36.965562,166.831279,7.465238,131.668545
2018-07-02,38.086396,255.958332,7.454074,183.077560
2018-07-03,21.294612,166.596585,6.443544,183.615462
2018-07-04,20.434182,96.423706,4.587246,165.087339
2018-07-05,24.694918,125.873285,4.685333,186.937189
2018-07-06,32.250768,161.438468,5.352016,219.657648
2018-07-07,35.158335,163.344657,6.191611,204.220269
2018-07-08,35.426380,147.227173,5.665553,155.447932
2018-07-09,25.661473,158.978355,5.543369,189.939503
2018-07-10,23.961542,122.508700,5.388101,202.159618
2018-07-11,28.856597,145.728702,4.851735,251.443546
2018-07-12,38.316951,169.807203,6.632814,265.896798
2018-07-13,47.558562,197.616798,8.414746,285.382516
2018-07-14,45.136882,193.299560,6.856905,274.595898
2018-07-15,51.725783,224.369049,6.679706,253.747323
2018-07-16,49.854622,181.932299,8.382780,253.751194
2018-07-17,56.609577,225.289618,8.522615,257.888268
2018-07-18,45.126483,176.893407,8.966436,254.698684
2018-07-19,44.235636,169.151652,5.062877,262.069955
2018-07-20,44.787806,154.501065,6.152800,268.154568
2018-07-21,50.214237,175.715948,5.215899,255.083156
2018-07-22,40.809865,143.269282,4.840065,246.404134
2018-07-23,40.393158,148.395924,4.745721,248.777190
2018-07-24,41.206515,160.982769,3.862711,265.172265
2018-07-25,31.992128,131.211475,3.554005,256.204930
2018-07-26,32.939272,117.275525,3.803999,251.799516
2018-07-27,37.767755,138.908590,5.075983,273.947453
2018-07-28,58.479053,228.674013,7.708040,339.579036
2018-07-29,194.020041,1157.750976,26.466544,644.907144
2018-07-30,139.534631,858.089136,10.080841,510.326387
2018-07-31,82.542950,515.565379,8.839868,388.544966
2018-08-01,56.472566,230.579675,3.366037,321.438774
2018-08-02,56.252055,213.955952,3.375673,303.599738
2018-08-03,51.182310,179.735185,1.778094,299.266786
2018-08-04,45.297922,161.443574,2.236569,287.523641
2018-08-05,52.739962,182.729893,2.735696,284.747659
2018-08-06,37.188327,108.595896,2.692012,222.700100
2018-08-07,40.636479,164.569918,2.425279,248.136815
2018-08-08,36.319707,175.279072,3.853591,269.551811
2018-08-09,48.549673,182.595961,4.760786,292.175226
2018-08-10,52.523637,184.785538,4.589239,271.489614
2018-08-11,51.669491,179.984649,5.423148,289.632932
2018-08-12,45.209321,153.087989,7.945918,331.257967
2018-08-13,50.479491,154.802739,6.370227,290.215831
2018-08-14,41.596965,181.043804,4.686517,263.187743
2018-08-15,32.283287,141.504190,3.644486,198.139199
2018-08-16,35.002660,165.355479,3.371251,243.591251
2018-08-17,28.746168,138.169892,2.333836,169.859982
2018-08-18,25.265691,118.984840,2.291909,155.934937
2018-08-19,20.885339,81.264993,2.538342,154.282453
2018-08-20,20.776419,79.118958,2.067834,134.039243
2018-08-21,21.161253,112.942036,1.082732,132.198072
2018-08-22,15.581338,102.113174,0.819792,174.870158
2018-08-23,14.922959,43.790511,0.724025,134.481273
2018-08-24,15.383691,53.594201,0.605178,116.703121
2018-08-25,13.362261,25.791507,0.530060,107.783041
2018-08-26,12.237926,16.547226,0.583046,82.131292
2018-08-27,11.875785,22.747709,0.593308,45.888144
2018-08-28,11.554900,16.830063,0.373710,45.139187
2018-08-29,11.263214,14.127839,0.516365,67.061070
2018-08-30,12.996095,11.743142,0.987164,35.433398
2018-08-31,10.842882,225.394550,2.621548,95.922791
2018-09-01,10.791301,102.349160,1.107534,133.591774
2018-09-02,9.947145,21.355773,0.435940,60.198379
2018-09-03,9.596811,13.270930,0.330802,51.019560
2018-09-04,9.482101,14.171107,0.328118,49.603300
2018-09-05,9.484466,12.075293,0.481345,67.516931
2018-09-06,9.427846,14.778024,0.712664,50.802136
2018-09-07,9.436327,50.881136,3.199074,116.800706
2018-09-08,9.434637,65.456491,0.905272,97.067132
2018-09-09,15.983456,295.779095,4.641730,120.715120
2018-09-10,12.084286,128.028594,2.801511,124.525814
2018-09-11,10.523313,79.221498,1.255416,128.309702
2018-09-12,9.840011,89.149943,1.096675,97.862231
2018-09-13,10.432070,31.756729,0.745263,97.716482
2018-09-14,9.745305,16.076644,0.411341,58.316398
2018-09-15,9.467613,13.730494,0.399901,10.948373
2018-09-16,9.069950,8.178478,0.347603,7.775903
2018-09-17,8.938768,11.796356,0.517288,41.066830
2018-09-18,8.973787,1.845753,0.310299,23.426281
2018-09-19,9.023738,0.197330,0.340374,2.456995
2018-09-20,9.924633,0.001990,0.314630,1.146615
2018-09-21,9.104760,0.000007,0.321299,1.148984
2018-09-22,9.132438,0.002479,0.325081,1.160935
2018-09-23,9.140330,0.000653,0.327817,1.842479
2018-09-24,9.135993,0.000000,0.343435,1.992279
2018-09-25,9.117401,0.000000,0.336555,1.182892
2018-09-26,9.077333,0.000000,0.337627,1.102271
2018-09-27,9.037011,0.004193,0.337906,1.181166
2018-09-28,10.186248,0.000019,0.347555,1.119613
2018-09-29,8.914976,0.000000,0.342505,1.273017
2018-09-30,8.841735,0.000000,0.340100,1.479643
2018-10-01,8.759476,0.000000,0.340877,1.075235
2018-10-02,8.688826,0.003318,0.338980,1.093443
2018-10-03,9.003651,0.000003,0.366817,1.114548
2018-10-04,8.521845,0.000000,0.334969,1.065036
2018-10-05,8.430897,0.000000,0.334876,1.375636
2018-10-06,8.331067,0.000000,0.331522,1.071258
2018-10-07,8.241855,0.003292,0.329328,2.754901
2018-10-08,8.144959,0.000038,0.324582,1.040195
2018-10-09,8.046070,0.000000,0.320146,1.047368
2018-10-10,7.948576,0.000000,0.317283,1.038795
2018-10-11,7.845330,0.027597,0.615174,1.057169
2018-10-12,8.378466,14.554999,1.485650,6.759840
2018-10-13,7.651120,0.098316,0.318841,1.068423
2018-10-14,7.552686,0.000000,0.293897,1.051587
2018-10-15,7.453918,0.000000,0.296083,1.082295
2018-10-16,8.384277,0.000000,0.323995,1.083956
2018-10-17,7.298865,0.000007,0.301636,1.050996
2018-10-18,7.738989,0.000000,0.456172,1.078957
2018-10-19,7.510674,0.000000,0.343731,1.021570
2018-10-20,6.993290,0.000000,0.267359,1.050264
2018-10-21,6.901808,0.000000,0.263222,1.011529
2018-10-22,6.820460,0.000000,0.258561,1.100939
2018-10-23,6.734898,0.000000,0.255015,1.031101
2018-10-24,6.652504,0.000000,0.250354,1.002400
2018-10-25,6.572922,0.000000,0.245423,1.029862
2018-10-26,6.489973,0.000000,0.241661,1.060760
2018-10-27,6.416848,0.000000,0.239272,1.001664
2018-10-28,6.341409,0.000000,0.242029,1.005585
2018-10-29,6.267090,0.000000,0.229975,1.033631
2018-10-30,6.194097,0.000000,0.227375,0.996382
2018-10-31,6.122242,0.000000,0.245088,1.018932
2018-11-01,6.047720,0.000000,0.219075,0.981663
2018-11-02,5.983245,0.000000,0.218054,1.021076
2018-11-03,5.916254,0.000000,0.213325,0.978135
2018-11-04,5.850863,0.000000,0.209754,0.971788
2018-11-05,5.785639,0.000000,0.206170,1.006737
2018-11-06,5.718790,0.000000,0.204291,0.966986
2018-11-07,5.663579,0.000000,0.203400,0.977333
2018-11-08,8.190385,3.481670,0.868924,0.988005
2018-11-09,5.547931,5.288011,0.331930,1.009756
2018-11-10,5.497080,0.004557,0.187588,0.971666
2018-11-11,5.439600,0.000002,0.188313,0.950891
2018-11-12,5.389197,0.000000,0.184163,0.962005
2018-11-13,5.335640,0.000000,0.182445,0.982216
2018-11-14,5.283231,0.000000,0.179384,0.947342
2018-11-15,5.232040,0.000000,0.175813,0.947133
2018-11-16,5.177928,0.000000,0.173922,0.968476
2018-11-17,5.997472,10.222678,11.226819,7.559774
2018-11-18,5.401521,43.405021,3.894597,6.622444
2018-11-19,5.547597,0.369076,0.494141,0.950947
2018-11-20,5.019728,0.000000,0.678823,3.716317
2018-11-21,4.856166,0.000000,0.227777,0.985121
2018-11-22,4.798310,0.000000,0.157826,0.926122
2018-11-23,4.748819,0.000000,0.154858,0.961122
2018-11-24,4.706726,0.000000,0.151970,0.947174
2018-11-25,4.671389,0.000000,0.150683,0.973373
2018-11-26,4.637662,0.000000,0.147703,0.939575
2018-11-27,4.614068,0.000000,0.145233,0.970580
2018-11-28,4.590563,0.000000,0.143448,0.931956
2018-11-29,4.568859,0.000000,0.140560,0.912946
2018-11-30,4.548317,0.000000,0.138774,0.960855
2018-12-01,4.525460,0.000000,0.136292,0.920685
2018-12-02,4.508987,0.000000,0.132931,0.920685
2018-12-03,4.490256,0.000000,0.132024,0.960064
2018-12-04,4.472786,0.000000,0.128639,0.958424
2018-12-05,4.456215,0.000000,0.124907,0.935203
2018-12-06,4.436738,0.000000,0.123121,0.952043
2018-12-07,4.424562,0.000000,0.120221,0.915488
2018-12-08,4.408984,0.000000,0.116071,0.950638
2018-12-09,4.392505,0.000000,0.114273,0.907849
2018-12-10,4.375307,0.000000,0.110726,0.957430
2018-12-11,4.355222,0.000000,0.478154,0.943422
2018-12-12,4.341543,0.000000,0.209276,0.983531
2018-12-13,4.324858,0.000000,0.185955,0.903365
2018-12-14,5.363048,0.000000,1.254622,0.913633
2018-12-15,5.241771,0.000000,0.394303,0.898091
2018-12-16,4.272384,0.000000,0.093155,0.931412
2018-12-17,4.256378,0.000000,0.111446,0.905028
2018-12-18,4.236121,0.000000,0.178602,0.891781
2018-12-19,4.215401,0.000000,0.236522,0.921245
2018-12-20,4.194351,0.000000,0.087186,0.879727
2018-12-21,4.169998,0.000000,0.083605,0.915670
2018-12-22,4.151331,0.000000,0.083014,0.878740
2018-12-23,4.129616,0.000000,0.080785,0.889302
2018-12-24,4.107603,0.000000,0.082949,0.898131
2018-12-25,4.085394,0.000000,0.076420,2.035150
2018-12-26,4.059983,0.000000,0.075609,0.908393
2018-12-27,4.040241,0.000000,0.076234,0.861992
2018-12-28,4.018120,0.000000,0.073059,0.885837
2018-12-29,3.996181,0.000000,0.072062,0.921988
2018-12-30,3.974109,0.000000,0.070509,0.872359
2018-12-31,3.952233,0.000000,0.067148,0.923639
2019-01-01,4.361559,0.000000,0.068330,0.914284
2019-01-02,4.339647,0.000000,0.175466,0.896170
2019-01-03,4.313301,3.274549,3.207850,0.902939
2019-01-04,6.415114,0.832023,2.311963,0.935336
2019-01-05,4.291376,0.385319,0.398979,0.870230
2019-01-06,4.245816,0.000145,0.063602,0.875845
2019-01-07,4.210665,0.000000,0.061238,1.051608
2019-01-08,4.174731,0.000000,0.060436,0.856437
2019-01-09,4.141746,0.000000,0.064853,0.891230
2019-01-10,4.111468,0.000000,0.057877,0.886064
2019-01-11,4.080944,0.000000,0.056695,0.860357
2019-01-12,4.058354,0.000000,0.055513,0.873277
2019-01-13,4.034716,0.000000,0.055014,0.828439
2019-01-14,4.012511,0.000000,0.053832,0.878870
2019-01-15,3.991666,0.000000,0.052650,0.871160
2019-01-16,3.969048,0.000000,0.051273,0.874479
2019-01-17,3.952663,0.000000,0.052152,0.862943
2019-01-18,3.933873,0.000000,0.049787,0.839498
2019-01-19,3.915186,0.000000,0.046427,0.861672
2019-01-20,3.897134,0.000000,0.049787,0.874700
2019-01-21,3.877066,0.000000,0.044062,0.833793
2019-01-22,3.862469,0.000000,0.046568,0.841174
2019-01-23,3.845265,0.000000,0.044062,0.856156
2019-01-24,3.828165,0.000000,0.043066,0.872533
2019-01-25,3.811489,0.000000,0.040701,0.863723
2019-01-26,3.792157,0.000000,0.041698,0.798741
2019-01-27,3.778131,0.000000,0.040701,0.903289
2019-01-28,3.761631,0.000000,0.037341,0.873895
2019-01-29,3.745896,0.000000,0.038337,0.856127
2019-01-30,3.730310,0.000000,0.037341,0.839516
2019-01-31,3.714695,0.000000,0.035973,0.826016
2019-02-01,3.696711,0.000000,0.034976,0.852698
2019-02-02,3.683757,0.000000,0.033794,0.831475
2019-02-03,3.668059,0.000000,0.032798,0.837516
2019-02-04,3.652400,0.000000,0.030248,0.852763
2019-02-05,3.636998,0.000000,0.030433,0.805286
2019-02-06,3.619211,0.000000,0.028069,0.854390
2019-02-07,3.606377,0.000000,0.029251,0.837619
2019-02-08,3.590722,0.000000,0.024708,0.843025
2019-02-09,3.574889,0.000000,0.025206,0.841867
2019-02-10,3.559005,0.000000,0.023526,0.840900
2019-02-11,3.540545,0.000000,0.021846,0.795646
2019-02-12,3.526879,0.000000,0.022344,0.835007
2019-02-13,3.510870,0.000000,0.017801,0.829179
2019-02-14,3.494899,0.000000,0.020165,0.843294
2019-02-15,3.478847,0.000000,0.017801,0.798369
2019-02-16,3.460483,0.000000,0.015437,0.820485
2019-02-17,3.447252,0.000000,0.014440,1.571630
2019-02-18,3.431840,0.000000,0.013258,0.787136
2019-02-19,3.416413,0.000000,0.013258,0.809575
2019-02-20,3.401149,0.000000,0.012288,0.824956
2019-02-21,3.383970,0.000000,0.053146,0.830700
2019-02-22,3.371519,0.000000,0.038264,0.779331
2019-02-23,3.356759,0.000000,0.500462,0.808493
2019-02-24,3.341999,0.000000,0.007533,0.803528
2019-02-25,3.327434,0.000000,0.007694,0.817088
2019-02-26,3.310789,0.000000,0.088060,0.797769
2019-02-27,3.298880,0.000000,0.005852,0.812661
2019-02-28,3.284897,0.000000,0.007034,0.787381
2019-03-01,3.268755,0.000000,0.005852,1.668171
2019-03-02,3.257124,0.000000,0.005852,0.808406
2019-03-03,3.243204,0.000000,0.002990,0.771544
2019-03-04,3.229282,0.000000,0.005354,0.769032
2019-03-05,3.215413,0.000000,0.002990,0.797955
2019-03-06,3.199493,0.000000,0.004172,0.789162
2019-03-07,3.187795,0.000000,0.002491,0.757188
2019-03-08,3.173713,0.000000,0.002990,0.776885
2019-03-09,3.159593,0.000000,0.002491,0.757554
2019-03-10,3.145719,0.000000,0.001993,0.791631
2019-03-11,3.129669,0.000000,0.002491,0.766147
2019-03-12,3.117966,0.000000,0.000313,0.781712
2019-03-13,3.104066,0.000000,0.001993,0.759145
2019-03-14,3.090317,0.000000,0.001993,0.789405
2019-03-15,3.076866,0.000000,0.001993,0.765717
2019-03-16,3.061513,0.000000,0.001993,0.785634
2019-03-17,3.050434,0.000000,0.000997,0.737729
2019-03-18,3.037274,0.000000,0.001993,0.756382
2019-03-19,3.024264,0.000000,0.000997,0.748113
2019-03-20,3.011089,0.000000,0.000997,0.810371
2019-03-21,2.996047,0.000000,0.002179,0.747506
2019-03-22,2.985230,0.000000,0.000997,0.739895
2019-03-23,2.972355,0.000000,0.000997,0.782345
2019-03-24,2.959620,0.000000,0.000997,1.065308
2019-03-25,2.947219,0.000000,0.000498,0.731944
2019-03-26,2.932966,0.000000,0.001891,0.771651
2019-03-27,2.923015,0.000000,0.000498,0.742195
2019-03-28,2.911198,0.000000,0.000498,0.759096
2019-03-29,2.899380,0.000000,0.000498,0.734330
2019-03-30,2.887576,0.000000,0.000498,0.775657
2019-03-31,2.875765,0.000000,0.000000,0.731238
2019-04-01,2.862069,0.000000,0.000498,0.742011
2019-04-02,2.852376,0.000000,0.000000,1.181153
2019-04-03,2.840660,0.000000,0.002491,0.780908
2019-04-04,2.828841,0.000000,0.000000,0.781430
2019-04-05,2.817081,0.000000,0.000000,0.768737
2019-04-06,2.803437,0.000000,0.000000,1.172021
2019-04-07,2.793699,0.000000,0.000000,1.360005
2019-04-08,2.781935,0.000000,0.000000,1.312516
2019-04-09,2.770422,0.000000,0.000000,1.233697
2019-04-10,2.759290,0.000000,0.000000,1.174216
2019-04-11,2.746319,0.000000,0.012826,0.762910
2019-04-12,2.737123,0.000000,4.155405,2.406268
2019-04-13,2.876108,0.010838,9.788252,3.217257
2019-04-14,4.754207,6.762540,5.798364,7.986159
2019-04-15,6.223101,11.390000,3.433161,3.332995
2019-04-16,12.061492,11.339669,2.604542,2.519120
2019-04-17,28.739305,30.432121,3.852400,34.555869
2019-04-18,8.531153,1.007376,2.260225,3.384953
2019-04-19,40.418106,18.771508,4.422020,36.260493
2019-04-20,13.180759,10.553937,1.607924,11.213008
2019-04-21,2.559734,0.045726,-0.001294,0.969972
2019-04-22,2.546178,0.000068,0.000000,0.726074
2019-04-23,2.537343,0.000000,0.000000,0.746573
2019-04-24,3.122726,0.000000,0.327836,3.699274
2019-04-25,15.703982,6.563992,7.350606,19.118729
2019-04-26,35.349606,33.124452,2.005705,8.760516
2019-04-27,37.639426,53.251947,9.615608,55.681561
2019-04-28,22.873037,36.454440,5.514675,29.315123
2019-04-29,29.296838,54.731896,3.641971,28.537749
2019-04-30,23.742265,78.867756,4.923519,32.505667
2019-05-01,14.803442,50.115073,1.846280,15.232206
2019-05-02,2.499180,3.786259,0.334162,0.719583
2019-05-03,2.556027,0.004763,0.390751,0.747485
2019-05-04,2.492992,0.000000,2.452201,6.766231
2019-05-05,2.494262,0.000000,1.696306,0.727817
2019-05-06,2.495338,0.045897,2.812889,7.906904
2019-05-07,7.662463,5.479030,2.595153,10.451213
2019-05-08,2.946064,0.599981,0.812893,0.709777
2019-05-09,2.554287,0.000683,0.491217,1.239736
2019-05-10,2.514741,0.000000,0.437808,1.372847
2019-05-11,2.692048,0.000000,1.564504,1.951519
2019-05-12,2.523411,0.000000,1.947544,3.353784
2019-05-13,2.527660,0.000000,1.869541,3.374213
2019-05-14,4.373239,1.665345,3.027653,8.456156
2019-05-15,16.110563,17.625222,6.613487,4.710107
2019-05-16,17.654561,32.009790,8.497179,33.224836
2019-05-17,22.755774,56.830717,5.747380,42.118936
2019-05-18,25.580824,89.626559,3.165716,40.710258
2019-05-19,16.475865,75.080424,4.156287,52.876634
2019-05-20,19.188381,59.374312,1.788338,27.348815
2019-05-21,28.180362,63.687618,1.754047,23.311865
2019-05-22,12.131887,54.354152,3.388487,51.698996
2019-05-23,5.326450,49.625561,2.968114,31.720878
2019-05-24,6.117573,66.219471,3.278989,36.806863
2019-05-25,6.880442,81.341234,4.486559,54.290229
2019-05-26,5.590859,62.916578,3.359055,34.003755
2019-05-27,5.157634,48.334269,1.754731,9.679967
2019-05-28,3.559913,30.669952,3.732965,7.890637
2019-05-29,5.087744,48.600513,7.161546,10.829983
2019-05-30,4.602689,40.633725,5.613439,25.900259
2019-05-31,3.616426,13.336484,3.099904,17.518399
2019-06-01,4.285436,22.439766,5.585974,24.353285
2019-06-02,5.821001,54.807420,5.510617,25.710660
2019-06-03,5.320798,50.235500,6.113123,31.943258
2019-06-04,6.616122,72.798480,5.771470,47.895603
2019-06-05,6.710415,73.969848,6.303950,65.740803
2019-06-06,9.160054,70.161900,6.889517,68.839339
2019-06-07,13.925990,97.039528,9.720955,94.765720
2019-06-08,10.736779,108.980322,9.804960,80.773595
2019-06-09,7.993848,103.804779,10.699700,98.857340
2019-06-10,7.525589,120.062730,10.263735,96.579435
2019-06-11,10.266311,182.952743,15.843392,117.908723
2019-06-12,22.116779,353.143740,19.225645,182.542756
2019-06-13,31.665820,419.427456,16.887603,205.304040
2019-06-14,27.232577,248.236264,13.282670,177.315103
2019-06-15,24.658805,226.786110,13.834976,199.218084
2019-06-16,27.115704,242.361812,13.349223,213.408718
2019-06-17,24.795112,210.648965,11.384809,189.994124
2019-06-18,27.377582,252.991171,10.624813,191.177707
2019-06-19,20.243517,177.976465,10.480872,203.081644
2019-06-20,25.356216,187.108680,10.607406,211.738958
2019-06-21,30.625130,179.679190,11.633146,196.738504
2019-06-22,40.888090,229.993963,10.608513,223.832222
2019-06-23,50.232085,265.130718,9.647234,236.563108
2019-06-24,47.927631,215.418318,10.587279,248.466171
2019-06-25,69.262540,310.597439,7.769553,293.701769
2019-06-26,57.452505,304.277441,7.417874,286.104294
2019-06-27,58.071490,259.299406,4.779162,199.197722
2019-06-28,51.353174,265.421054,3.674996,245.179021
2019-06-29,49.195898,185.548221,4.530486,239.709006
2019-06-30,52.037752,200.240497,2.239937,172.751978
2019-07-01,42.993711,196.989636,2.784430,312.872428
2019-07-02,37.889330,205.135616,2.916129,310.003392
2019-07-03,42.745356,256.970398,5.290454,318.135885
2019-07-04,65.813362,302.465614,2.360947,351.551856
2019-07-05,60.800147,270.564318,2.322457,309.838628
2019-07-06,49.645529,269.745574,2.861468,312.609287
2019-07-07,53.509796,260.322624,4.156682,305.887172
2019-07-08,68.126002,277.530906,5.387037,256.151318
2019-07-09,48.559757,242.045272,2.303778,185.456631
2019-07-10,42.485742,198.318403,2.701699,305.704188
2019-07-11,44.121215,229.655788,3.111095,345.093601
2019-07-12,53.629283,238.358939,4.343622,346.425680
2019-07-13,58.782421,266.118381,5.792891,357.255611
2019-07-14,49.525419,240.859813,3.034115,385.649306
2019-07-15,49.210981,286.425551,6.146475,378.125415
2019-07-16,63.793840,316.725542,4.587829,366.397809
2019-07-17,54.815264,266.503911,3.146057,362.145468
2019-07-18,44.149211,237.033797,2.833914,379.598459
2019-07-19,37.165347,235.141895,3.287897,384.812149
2019-07-20,54.631836,264.096827,4.720989,409.379854
2019-07-21,59.931299,299.901757,5.915755,419.675422
2019-07-22,61.707997,280.904672,5.896104,411.025847
2019-07-23,47.318567,271.540487,4.498527,308.841557
2019-07-24,46.023818,249.929329,4.104556,322.882133
2019-07-25,39.093542,186.758087,3.347523,289.541750
2019-07-26,36.009296,194.500472,1.935313,260.506597
2019-07-27,32.424790,314.152164,7.219086,335.966674
2019-07-28,141.788867,825.796739,26.608037,523.558826
2019-07-29,228.938705,1225.002599,27.420599,683.039916
2019-07-30,176.295127,1032.727732,10.518234,636.787015
2019-07-31,94.407170,534.250479,3.444312,417.056830
2019-08-01,70.510107,380.101183,3.530763,382.127260
2019-08-02,65.166203,310.841869,3.746543,367.594826
2019-08-03,54.826689,323.472539,4.437061,370.229572
2019-08-04,49.336126,294.358550,5.255193,328.155257
2019-08-05,48.545704,251.200862,4.942837,313.403783
2019-08-06,36.532271,215.430175,5.952995,338.010793
2019-08-07,36.564318,174.713260,4.791082,273.893411
2019-08-08,35.411085,183.578559,4.047136,294.146631
2019-08-09,24.795085,154.987042,4.295284,239.992079
2019-08-10,25.775724,124.116117,2.985936,266.168910
2019-08-11,19.830072,153.915294,1.343554,249.639052
2019-08-12,14.196240,145.811930,0.925097,205.471887
2019-08-13,15.289193,121.440900,0.898302,181.689955
2019-08-14,15.878876,120.355341,1.748486,218.606959
2019-08-15,19.493025,138.274426,2.575049,264.629221
2019-08-16,19.218248,134.721897,1.620885,197.633928
2019-08-17,18.621285,128.948972,1.356121,173.645504
2019-08-18,16.926485,117.428445,1.248661,162.832146
2019-08-19,16.898229,111.828931,1.085864,141.025679
2019-08-20,12.953620,87.132654,0.935080,134.340459
2019-08-21,12.965178,89.978951,1.093230,135.180416
2019-08-22,9.556759,75.566972,1.292394,143.692770
2019-08-23,7.980101,143.236131,3.459948,179.171200
2019-08-24,10.767201,248.791841,3.995381,229.557000
2019-08-25,6.720608,108.129418,1.116277,201.305452
2019-08-26,6.562461,84.054183,0.958611,167.637312
2019-08-27,8.262484,96.869354,0.593375,121.579793
2019-08-28,9.421342,55.189478,0.486910,135.518854
2019-08-29,6.746583,62.769137,0.482587,128.401585
2019-08-30,6.708213,56.155108,0.450728,125.033202
2019-08-31,6.449529,47.576748,0.632493,126.242809
2019-09-01,6.490857,40.227111,0.452385,120.395306
2019-09-02,6.296365,34.725921,0.587057,114.978556
2019-09-03,6.311283,36.020582,0.460615,91.005652
2019-09-04,6.002751,33.002138,0.418974,97.156573
2019-09-05,5.966678,33.176370,0.456565,86.599607
2019-09-06,5.608909,19.433383,0.654148,96.951481
2019-09-07,6.339368,164.114247,1.580593,53.978118
2019-09-08,5.954251,105.394457,1.071897,59.312676
2019-09-09,5.934205,19.049146,0.397878,35.264396
2019-09-10,5.502246,5.081833,0.367694,51.334806
2019-09-11,5.291477,4.943659,0.369738,22.893300
2019-09-12,5.460114,3.336895,0.391268,7.518928
2019-09-13,5.056035,0.929948,0.420905,5.499997
2019-09-14,4.977491,0.117622,0.419839,28.587565
2019-09-15,5.083792,0.004922,0.405804,14.325495
2019-09-16,5.544490,0.000561,0.368760,10.793571
2019-09-17,5.280957,0.000211,0.411923,6.892624
2019-09-18,4.769694,0.000006,0.429912,7.641470
2019-09-19,4.732337,0.000000,0.442022,16.511676
2019-09-20,6.270436,0.000000,0.386601,13.171485
2019-09-21,4.731725,22.673709,1.257358,17.985639
2019-09-22,17.799303,313.201140,11.506464,71.293193
2019-09-23,45.677996,413.558930,7.235355,138.700997
2019-09-24,60.302370,390.504147,16.787316,198.496062
2019-09-25,19.567143,248.754788,4.029732,123.600345
2019-09-26,13.700453,146.787991,3.338354,54.826481
2019-09-27,4.374377,48.309509,0.487779,51.376667
2019-09-28,4.395652,13.402110,0.402478,34.815391
2019-09-29,4.177067,20.997917,0.415289,31.253777
2019-09-30,4.230637,3.406636,0.423982,17.757726
2019-10-01,4.298699,0.100746,0.431204,1.108463
2019-10-02,4.377290,0.000750,0.437579,1.066745
2019-10-03,4.456442,0.003759,0.480002,1.102024
2019-10-04,5.033901,17.954487,1.031572,11.585190
2019-10-05,4.636535,25.842270,1.568258,24.974563
2019-10-06,4.776908,113.254063,2.244518,40.046066
2019-10-07,4.749629,10.876681,0.584906,9.513814
2019-10-08,4.734908,19.245271,0.590819,10.031293
2019-10-09,4.729209,0.674754,0.533200,4.664173
2019-10-10,4.741019,0.000697,0.548906,1.048609
2019-10-11,4.762392,0.000696,0.561210,1.036214
2019-10-12,4.796575,0.000697,0.573954,1.053413
2019-10-13,4.828733,0.000697,0.579630,1.016020
2019-10-14,4.858779,0.000697,0.586537,1.046461
2019-10-15,4.885597,0.000697,0.614403,1.024700
2019-10-16,4.906408,0.000696,0.588155,1.040118
2019-10-17,4.929816,0.000594,0.586437,1.140655
2019-10-18,4.945436,0.000093,0.585229,1.082392
2019-10-19,4.957945,0.000000,0.582435,1.019990
2019-10-20,4.966368,0.000000,0.580033,1.008126
2019-10-21,4.967074,0.000000,0.575372,0.976616
2019-10-22,4.972318,0.000000,0.571881,1.006441
2019-10-23,4.971565,0.000000,0.567220,0.997622
2019-10-24,4.967385,0.000000,0.561956,0.961910
2019-10-25,4.960548,0.000000,0.555707,0.988477
2019-10-26,4.948179,0.000000,0.550350,0.987194
2019-10-27,4.941014,0.000000,0.544587,0.946147
2019-10-28,4.928142,0.000000,0.535905,0.982135
2019-10-29,4.913194,0.000000,0.530027,3.628021
2019-10-30,4.896785,0.000000,0.523069,0.938807
2019-10-31,4.878578,0.000000,0.515533,0.963788
2019-11-01,4.855632,0.000000,0.507221,0.946370
2019-11-02,4.837266,0.000000,0.500031,0.937186
2019-11-03,4.814225,0.000000,0.490431,0.951601
2019-11-04,4.790725,0.000000,0.484669,0.955124
2019-11-05,4.766013,0.000000,0.474165,0.906511
2019-11-06,4.736586,0.000000,0.467301,0.948893
2019-11-07,4.713114,0.000000,0.457886,0.948036
2019-11-08,4.686211,0.000000,0.451034,0.897345
2019-11-09,4.658639,0.000000,0.472270,0.912739
2019-11-10,4.630084,0.000000,0.680955,0.939250
2019-11-11,4.599680,0.000000,0.443915,0.948412
2019-11-12,4.576437,0.000000,0.434602,0.933502
2019-11-13,4.549205,0.000000,0.407394,0.910715
2019-11-14,4.522243,0.000000,0.399430,0.909076
2019-11-15,4.496144,0.000000,0.392323,0.921904
2019-11-16,4.466704,0.000000,0.385630,0.903258
2019-11-17,4.443826,0.000000,0.376660,0.879942
2019-11-18,4.417716,0.000000,0.368719,0.893353
2019-11-19,4.391046,0.000000,0.361588,0.900413
2019-11-20,4.364629,0.000000,0.354343,0.870671
2019-11-21,4.335725,0.000000,0.354772,0.859797
2019-11-22,4.312602,0.000000,0.353682,0.882082
2019-11-23,4.285761,0.000000,0.333454,0.896144
2019-11-24,4.258980,0.000000,0.329046,0.891602
2019-11-25,4.232031,0.000000,0.320685,1.530594
2019-11-26,4.202233,0.000000,0.315587,0.838998
2019-11-27,4.178572,0.000000,0.309246,0.861383
2019-11-28,4.151970,0.000000,0.303589,0.870134
2019-11-29,4.125448,0.000000,0.297746,0.825769
2019-11-30,4.098754,0.000000,0.291392,0.851384
2019-12-01,4.069497,0.000000,0.285064,0.853246
2019-12-02,4.046283,0.275056,1.561065,0.869811
2019-12-03,5.129485,9.036943,0.686053,0.824642
2019-12-04,4.010160,0.026945,0.268903,0.858233
2019-12-05,3.978241,0.000000,0.264230,0.818964
2019-12-06,3.941761,0.000000,0.259176,0.853121
2019-12-07,3.912062,0.000000,0.253924,0.842507
2019-12-08,3.881169,0.000000,0.248172,0.854117
2019-12-09,3.851440,0.000000,0.245785,0.847314
2019-12-10,3.822519,0.000000,0.239038,0.811093
2019-12-11,3.791920,0.000000,0.236674,0.860421
2019-12-12,3.767502,0.000000,0.229741,0.828571
2019-12-13,3.741726,0.000000,0.226277,0.825406
2019-12-14,3.716804,0.000000,0.221602,0.835168
2019-12-15,3.693545,0.000000,0.217047,0.837247
2019-12-16,3.668868,0.000000,0.211795,0.819342
2019-12-17,3.650527,0.000000,0.208316,0.791591
2019-12-18,3.630399,0.000000,0.203748,0.825074
2019-12-19,3.610600,0.000000,0.199007,0.816914
2019-12-20,3.591346,0.000000,0.193848,0.794535
2019-12-21,3.569808,0.000000,0.190961,0.818341
2019-12-22,3.553526,0.000000,0.185721,0.813310
2019-12-23,3.535123,0.000000,0.181744,0.777462
2019-12-24,3.516964,0.000000,0.177582,0.817916
2019-12-25,3.498863,0.000000,0.172528,0.798695
2019-12-26,3.478834,0.000000,0.168837,3.640774
2019-12-27,3.463859,0.000000,0.163891,0.805028
2019-12-28,3.446510,0.000000,0.160319,0.768113
2019-12-29,3.429646,0.000000,0.154409,0.810416
2019-12-30,3.413293,0.000000,0.153362,0.802397
2019-12-31,3.397099,0.000000,0.147637,0.767595

