time,MAR_land,MAR_ice,RACMO_land,RACMO_ice
2015-01-01,0.000000,0.049652,0.167777,1.730740
2015-01-02,0.000000,0.049601,0.165460,1.710513
2015-01-03,0.000000,0.049017,0.162813,1.717391
2015-01-04,0.000000,0.049596,0.160496,1.723530
2015-01-05,0.000000,0.049346,0.159337,1.703739
2015-01-06,0.000000,0.048108,0.157849,1.706807
2015-01-07,0.000000,0.046387,0.154701,1.712056
2015-01-08,0.000000,0.046373,0.154044,1.694284
2015-01-09,0.000000,0.046373,0.152055,1.705606
2015-01-10,0.000000,0.046373,0.150567,1.694870
2015-01-11,0.000000,0.046354,0.148250,1.701168
2015-01-12,0.000000,0.049176,0.145932,1.701778
2015-01-13,0.000000,0.049592,0.145603,1.696923
2015-01-14,0.000000,0.060292,0.143286,1.700751
2015-01-15,0.000000,0.769378,0.140968,1.679947
2015-01-16,0.000000,0.411830,0.139650,1.689987
2015-01-17,0.000000,0.739391,0.146056,1.685777
2015-01-18,0.000000,1.362770,0.242025,1.715850
2015-01-19,0.000000,1.248803,0.134516,1.680611
2015-01-20,0.000000,0.896517,0.133357,1.668605
2015-01-21,0.000000,1.635319,0.132199,1.673087
2015-01-22,0.000000,1.756435,0.131040,1.666408
2015-01-23,0.000000,0.259515,0.128393,1.660943
2015-01-24,0.000000,0.792707,0.127234,1.667162
2015-01-25,0.000000,1.120079,0.126076,1.660323
2015-01-26,0.000000,1.512669,0.124588,1.652486
2015-01-27,0.000000,1.392532,0.123429,1.654676
2015-01-28,0.000000,0.138726,0.121111,1.647021
2015-01-29,0.000000,1.341700,0.120783,1.648815
2015-01-30,0.000000,1.808544,0.118465,1.640861
2015-01-31,0.000000,1.894369,0.117306,1.636936
2015-02-01,0.000000,1.891913,0.115819,1.645952
2015-02-02,0.000000,1.791457,0.116996,1.673119
2015-02-03,0.000000,1.777366,0.115018,1.697494
2015-02-04,0.000000,1.837803,0.118146,1.623187
2015-02-05,0.000000,1.779988,0.111183,1.622264
2015-02-06,0.000000,1.837132,0.165862,1.633290
2015-02-07,0.000000,1.865746,1.724073,1.745803
2015-02-08,0.000000,1.740089,0.107259,1.624808
2015-02-09,0.000000,0.226428,0.105890,1.620176
2015-02-10,0.000000,0.046360,0.104732,1.618678
2015-02-11,0.000000,0.220084,0.106014,1.612257
2015-02-12,0.000000,1.219131,0.102059,1.614085
2015-02-13,0.000000,0.112018,0.103573,1.614156
2015-02-14,0.000000,0.047010,0.101521,1.606123
2015-02-15,0.000000,0.047377,0.099767,1.614897
2015-02-16,0.000000,0.046971,0.098280,1.605232
2015-02-17,0.000000,0.335655,0.098280,1.599931
2015-02-18,0.000000,1.104502,0.095962,1.602906
2015-02-19,0.000000,1.600805,0.095962,1.591831
2015-02-20,0.000000,1.741898,0.094474,1.595844
2015-02-21,0.000000,1.769650,0.094474,1.583509
2015-02-22,0.000000,1.775649,0.092157,1.593862
2015-02-23,0.000000,1.077280,0.091828,1.586336
2015-02-24,0.000000,0.049603,0.090905,1.577617
2015-02-25,0.000000,0.047009,0.088352,1.584452
2015-02-26,0.000000,0.139459,0.090669,1.583788
2015-02-27,0.000000,1.329344,0.087694,1.574643
2015-02-28,0.000000,1.827724,0.085376,1.584767
2015-03-01,0.000000,1.850589,0.087521,1.583698
2015-03-02,0.000000,1.898652,0.084546,1.560607
2015-03-03,0.000000,1.670877,0.086731,1.574328
2015-03-04,0.000000,1.685545,0.082730,1.577879
2015-03-05,0.000000,1.768001,0.083059,1.564263
2015-03-06,0.000000,1.834954,0.081571,1.564724
2015-03-07,0.000000,1.797415,0.081571,1.569686
2015-03-08,0.000000,0.719089,0.080083,1.557322
2015-03-09,0.000000,0.046295,0.077766,1.547169
2015-03-10,0.000000,0.046307,0.078925,1.571154
2015-03-11,0.000000,0.047815,0.077437,1.556750
2015-03-12,0.000000,0.243760,0.077437,1.554524
2015-03-13,0.000000,1.484349,0.076607,1.566897
2015-03-14,0.000000,1.848723,0.074791,1.549329
2015-03-15,0.000000,1.897594,0.074791,1.534000
2015-03-16,0.000000,1.332543,0.072473,1.559010
2015-03-17,0.000000,1.728624,0.073801,1.523784
2015-03-18,0.000000,1.938145,0.072473,1.540620
2015-03-19,0.000000,1.914437,0.070985,1.543647
2015-03-20,0.000000,1.927464,0.070985,1.552337
2015-03-21,0.000000,2.034990,0.070985,1.534931
2015-03-22,0.000000,2.020668,0.068668,1.520177
2015-03-23,0.000000,1.876493,0.069498,1.508643
2015-03-24,0.000000,1.833085,0.068317,1.515901
2015-03-25,0.000000,1.777325,0.068339,1.502549
2015-03-26,0.000000,0.185448,0.066021,1.504845
2015-03-27,0.000000,0.356445,0.067180,1.507921
2015-03-28,0.000000,1.552268,0.064534,1.492254
2015-03-29,0.000000,1.537545,0.065692,1.489403
2015-03-30,0.000000,1.258968,0.063375,1.485180
2015-03-31,0.000000,0.996097,0.064534,1.486313
2015-04-01,0.000000,1.205011,0.063046,1.488956
2015-04-02,0.000000,1.668993,0.062216,1.475879
2015-04-03,0.000000,1.846253,0.062717,1.492801
2015-04-04,0.000000,1.904018,0.060728,1.465753
2015-04-05,0.000000,1.884901,0.060728,1.483745
2015-04-06,0.000000,2.277034,0.060399,1.464303
2015-04-07,0.000000,2.428798,0.059241,1.465542
2015-04-08,0.000000,2.434795,0.059241,1.461661
2015-04-09,0.000000,2.497994,0.058082,1.467652
2015-04-10,0.000000,2.486180,0.058912,1.459558
2015-04-11,0.000000,2.408839,0.057252,1.442550
2015-04-12,0.000000,2.380867,0.056594,1.498668
2015-04-13,0.000000,2.421551,0.056265,1.446538
2015-04-14,0.000000,2.377719,0.451908,2.958214
2015-04-15,0.000000,2.439587,0.776975,2.675795
2015-04-16,0.000000,2.464958,0.073181,1.805223
2015-04-17,0.000000,2.456645,0.054277,1.459946
2015-04-18,0.000000,2.524489,0.053948,1.725705
2015-04-19,0.000000,2.484773,0.056961,4.532147
2015-04-20,0.000000,2.514813,0.053252,1.841583
2015-04-21,0.000000,2.510657,0.058583,1.448793
2015-04-22,0.000000,2.527003,0.371353,2.828689
2015-04-23,0.000000,2.518727,0.952748,2.900372
2015-04-24,0.000000,2.535868,0.271282,1.631657
2015-04-25,0.000000,2.636813,0.051301,1.585841
2015-04-26,0.000000,2.558925,0.058254,1.432508
2015-04-27,0.000000,2.444333,0.085966,1.439338
2015-04-28,0.000000,2.488419,0.293535,1.444181
2015-04-29,0.000000,2.403011,0.871081,1.427986
2015-04-30,0.000000,2.454363,0.734979,2.974640
2015-05-01,0.000000,2.454489,0.314969,1.421857
2015-05-02,0.000000,2.453095,0.048655,1.441880
2015-05-03,0.000000,2.495045,0.046175,1.906760
2015-05-04,0.000000,2.496159,0.774520,2.013213
2015-05-05,0.000000,2.505946,0.398938,2.186470
2015-05-06,0.000000,2.509948,0.977149,2.086140
2015-05-07,0.000000,2.613625,1.251952,3.225948
2015-05-08,0.000000,2.676290,0.866944,2.227617
2015-05-09,0.000000,2.678636,2.351803,2.592699
2015-05-10,0.000000,2.681267,2.722333,4.211369
2015-05-11,0.000000,2.682896,0.185398,1.780923
2015-05-12,0.000000,2.704842,0.088625,1.944275
2015-05-13,0.000000,2.792213,0.072422,2.046057
2015-05-14,0.000000,2.861579,0.055807,2.447285
2015-05-15,0.016701,2.895465,0.535236,3.120051
2015-05-16,2.071967,2.929798,1.734022,2.671290
2015-05-17,3.769265,3.216384,1.792276,1.905870
2015-05-18,14.792365,4.191599,4.350274,1.909718
2015-05-19,0.431778,3.706505,0.230200,2.041367
2015-05-20,0.543080,2.919357,0.668875,2.697234
2015-05-21,0.661597,2.888982,3.052526,1.946452
2015-05-22,0.356151,2.884054,0.266123,1.411222
2015-05-23,8.855797,3.205015,1.425601,2.094592
2015-05-24,13.004188,4.719248,1.264662,1.921075
2015-05-25,12.924282,5.317369,1.396014,2.337340
2015-05-26,10.656741,6.623439,2.102649,1.895594
2015-05-27,14.710087,7.727697,1.737750,1.737118
2015-05-28,4.242251,5.684003,2.490944,2.247083
2015-05-29,7.096704,3.604913,1.422050,2.520509
2015-05-30,4.157036,3.264112,1.064692,2.407553
2015-05-31,8.773273,3.411472,0.651581,2.001047
2015-06-01,9.194385,3.810980,0.411833,3.250063
2015-06-02,11.737649,4.976927,0.708294,2.273320
2015-06-03,15.194830,7.892074,1.045416,1.893651
2015-06-04,14.177911,8.929776,1.835139,1.895792
2015-06-05,15.039479,9.219371,2.637831,2.532731
2015-06-06,19.401456,11.136365,3.993681,2.492059
2015-06-07,33.651776,27.088739,5.926263,3.063448
2015-06-08,27.961230,21.261219,4.202473,2.312766
2015-06-09,34.738886,23.050758,5.033351,2.247858
2015-06-10,25.359083,24.113560,5.221769,2.491001
2015-06-11,14.174947,17.714906,5.499561,2.294490
2015-06-12,25.996280,20.138600,6.278635,3.084757
2015-06-13,27.128610,18.117248,8.589350,3.167393
2015-06-14,21.315206,15.824457,8.782025,2.758484
2015-06-15,21.351335,17.861360,10.737806,11.234022
2015-06-16,33.499712,29.828194,8.840083,19.017181
2015-06-17,15.225544,32.916355,8.416965,16.615391
2015-06-18,24.879073,46.759801,10.608791,26.915341
2015-06-19,14.752563,43.703112,10.472389,20.895865
2015-06-20,12.507952,40.570324,10.735829,24.580369
2015-06-21,18.040699,53.275693,11.799775,34.503775
2015-06-22,13.960493,58.419273,11.573843,27.853989
2015-06-23,16.323727,65.385702,12.074648,35.622239
2015-06-24,16.274388,73.320980,11.758715,29.772558
2015-06-25,16.798230,82.579508,12.584779,39.169016
2015-06-26,19.499559,85.185352,12.467215,47.628647
2015-06-27,18.132085,117.398655,14.472067,57.031309
2015-06-28,18.802885,138.496863,12.739376,39.444157
2015-06-29,13.818896,132.162659,13.131603,51.384692
2015-06-30,10.495165,119.038132,11.885518,52.463772
2015-07-01,10.695467,121.559722,11.410708,56.526657
2015-07-02,10.018483,120.221467,11.714135,63.821575
2015-07-03,10.135294,116.932562,11.609601,61.957162
2015-07-04,12.289776,129.166618,8.501717,48.153113
2015-07-05,13.852510,147.464168,12.948238,87.533356
2015-07-06,14.472215,164.171223,11.496544,89.044499
2015-07-07,18.900180,202.221210,13.193373,115.023622
2015-07-08,10.186765,148.072219,9.828481,108.108724
2015-07-09,10.188431,141.625094,9.309337,111.588489
2015-07-10,7.447135,121.356769,7.201037,65.656342
2015-07-11,9.076610,111.106260,8.144324,83.061361
2015-07-12,10.451373,103.629067,8.275077,103.700798
2015-07-13,7.960911,93.480292,8.725932,101.323290
2015-07-14,9.720652,104.916865,8.962245,110.483318
2015-07-15,5.652687,119.127425,9.363178,110.467261
2015-07-16,7.894098,141.139406,9.595828,126.599878
2015-07-17,8.914094,173.950624,8.919512,125.929528
2015-07-18,5.513519,154.524474,8.706243,125.813170
2015-07-19,5.619981,131.539260,8.818125,131.292021
2015-07-20,5.279619,122.938479,8.353849,128.536518
2015-07-21,4.970070,119.883860,7.510172,110.852236
2015-07-22,6.396002,134.945511,7.416683,125.952737
2015-07-23,5.991226,136.718644,8.077228,112.114671
2015-07-24,5.579494,120.079602,6.959055,69.236344
2015-07-25,5.311947,110.379886,7.035956,106.373137
2015-07-26,5.322295,105.615412,7.634638,115.580191
2015-07-27,4.817994,118.869172,7.017806,115.585403
2015-07-28,6.134955,109.008531,7.257929,116.139706
2015-07-29,2.774030,97.616378,6.420632,85.827097
2015-07-30,2.697206,90.682318,6.480222,94.334830
2015-07-31,2.339437,87.781355,6.282023,92.466061
2015-08-01,2.374355,85.531217,6.071797,81.832005
2015-08-02,4.863722,111.118041,6.657456,71.828002
2015-08-03,6.313779,143.296492,5.540757,100.348294
2015-08-04,3.633601,121.846773,6.957670,107.158460
2015-08-05,3.748797,133.166716,6.870500,104.267993
2015-08-06,2.457806,112.856508,6.855518,95.753886
2015-08-07,2.788025,92.609363,4.992802,83.627798
2015-08-08,3.450771,96.991158,6.321216,91.583420
2015-08-09,12.297898,254.732566,9.354221,199.404514
2015-08-10,10.947573,368.468240,9.249774,158.641960
2015-08-11,6.752591,315.656614,9.045455,147.979680
2015-08-12,7.892770,128.961971,6.631011,90.635424
2015-08-13,2.640079,83.396348,5.611222,66.891121
2015-08-14,3.249424,103.277991,5.570198,84.508531
2015-08-15,2.623916,103.312198,5.125995,72.909568
2015-08-16,1.788090,84.302552,5.746230,69.937639
2015-08-17,2.167662,70.456726,5.316152,65.739563
2015-08-18,1.892743,60.286460,5.597927,40.508889
2015-08-19,2.405992,62.942212,5.983694,71.162212
2015-08-20,2.958458,77.124798,5.487332,85.580441
2015-08-21,2.375774,79.998122,4.687430,42.379284
2015-08-22,2.127741,74.178268,5.252029,51.338599
2015-08-23,3.248473,76.400743,4.905837,85.303595
2015-08-24,2.249140,85.406118,4.812150,58.872463
2015-08-25,1.530274,68.982360,4.412303,44.711358
2015-08-26,1.710039,60.698447,4.277220,36.215883
2015-08-27,1.389643,55.962011,4.077062,26.022417
2015-08-28,1.077706,43.891918,3.680323,32.662111
2015-08-29,3.946233,105.697525,6.745932,121.959214
2015-08-30,48.890651,147.936875,10.925594,101.172760
2015-08-31,6.606802,155.782517,4.774335,75.284294
2015-09-01,14.497141,65.726785,7.961275,60.840936
2015-09-02,50.730760,135.651027,11.182820,115.750261
2015-09-03,13.175485,124.007808,9.714726,171.458685
2015-09-04,26.190591,205.191174,8.351541,130.865191
2015-09-05,25.709248,116.715995,10.177937,98.069392
2015-09-06,29.823802,241.294659,16.472885,72.609494
2015-09-07,30.666504,159.869437,11.943501,59.600629
2015-09-08,0.690953,53.864972,1.234759,41.810356
2015-09-09,0.351352,32.897066,0.857895,6.261693
2015-09-10,0.191239,36.086267,1.126572,7.908697
2015-09-11,0.003879,28.600556,0.999308,3.683005
2015-09-12,0.118681,29.427122,0.771358,2.303502
2015-09-13,0.000632,24.349402,1.042041,2.741918
2015-09-14,0.000613,17.624309,0.693035,3.613566
2015-09-15,0.000639,15.798198,0.791787,3.547279
2015-09-16,0.000845,12.358260,2.531629,2.596413
2015-09-17,2.099272,11.854883,3.362829,22.928907
2015-09-18,6.877200,9.812799,5.143085,19.540126
2015-09-19,2.722712,7.216566,1.603664,16.314003
2015-09-20,0.181623,7.256408,0.276991,4.644245
2015-09-21,9.936652,9.024633,2.455004,9.967790
2015-09-22,4.453117,7.693075,1.418230,20.329099
2015-09-23,0.003360,6.019337,0.428813,4.007610
2015-09-24,6.166034,7.728756,1.807203,16.634532
2015-09-25,1.494470,6.475483,0.897925,5.386283
2015-09-26,0.025310,3.554511,0.192650,3.174503
2015-09-27,0.000259,2.401656,0.188358,2.416579
2015-09-28,1.126722,1.941393,0.743896,1.917569
2015-09-29,9.293210,1.719115,0.322110,1.991450
2015-09-30,0.707368,1.615954,1.076513,2.311979
2015-10-01,0.000407,1.790441,0.159659,1.849046
2015-10-02,0.000000,1.767216,0.158172,1.678418
2015-10-03,0.000346,1.426944,0.155196,1.681821
2015-10-04,0.000261,1.324171,0.154539,1.663984
2015-10-05,0.000154,1.277832,0.154210,1.675550
2015-10-06,0.000236,1.265594,0.151235,1.804137
2015-10-07,0.137062,1.462813,0.153760,1.706034
2015-10-08,0.048728,1.485043,0.153163,1.750883
2015-10-09,4.419121,1.322654,0.546420,1.636674
2015-10-10,12.872482,1.901708,1.931276,1.650377
2015-10-11,23.459909,2.712388,3.962954,1.713103
2015-10-12,22.966277,7.652334,1.605807,1.861256
2015-10-13,0.708988,3.013292,0.159894,1.627923
2015-10-14,0.738439,1.508227,0.451450,1.814215
2015-10-15,12.589501,5.816706,4.118435,2.124528
2015-10-16,2.323951,3.227822,1.793505,2.076719
2015-10-17,0.132729,1.429651,0.364541,1.580596
2015-10-18,0.007914,1.171758,0.151440,1.603676
2015-10-19,0.000081,1.163451,0.146805,1.602553
2015-10-20,0.000507,1.157945,0.148804,1.594840
2015-10-21,0.000975,1.153363,0.149295,1.584144
2015-10-22,0.003936,1.141162,0.150125,1.588619
2015-10-23,0.791732,1.098252,0.153273,1.591926
2015-10-24,0.001071,0.843109,0.152615,1.566779
2015-10-25,0.000112,0.766481,0.156092,1.569836
2015-10-26,0.000010,0.752988,1.066426,1.569807
2015-10-27,0.000000,0.753451,0.753279,1.563034
2015-10-28,0.000000,0.753446,0.158582,1.558457
2015-10-29,0.320012,0.754143,2.558563,1.662325
2015-10-30,2.753582,0.754831,1.070639,1.572886
2015-10-31,18.486318,1.205764,0.854775,1.545882
2015-11-01,10.604726,2.347942,0.875179,1.542895
2015-11-02,0.689924,0.783599,0.206678,1.539698
2015-11-03,0.007223,0.751479,0.175361,2.348900
2015-11-04,0.000000,0.750675,0.176765,1.525569
2015-11-05,0.000000,0.750346,0.254259,1.527647
2015-11-06,0.000000,0.750045,0.405279,1.525749
2015-11-07,0.000000,0.750360,0.185424,1.517735
2015-11-08,0.000000,0.750297,0.206474,1.519468
2015-11-09,0.000000,0.749991,0.250234,1.518772
2015-11-10,0.000672,0.749807,0.209748,1.505525
2015-11-11,0.000000,0.749517,0.194209,1.521206
2015-11-12,0.000000,0.749861,0.194867,1.495036
2015-11-13,0.000000,0.749860,0.196527,1.524085
2015-11-14,0.000000,0.749800,0.197304,1.500859
2015-11-15,0.000000,0.749809,0.197357,1.489345
2015-11-16,0.000000,0.749443,0.197858,1.494760
2015-11-17,0.000000,0.749209,0.196700,1.493765
2015-11-18,0.000000,0.497996,0.197530,1.496670
2015-11-19,0.000000,0.323071,0.197201,1.516699
2015-11-20,8.013208,0.596521,1.150589,1.549796
2015-11-21,0.211766,1.777948,0.729578,1.573637
2015-11-22,0.000023,0.526616,0.195384,1.517478
2015-11-23,0.000032,0.350492,0.195056,1.518619
2015-11-24,13.207354,0.985425,0.307166,1.512969
2015-11-25,0.057992,0.862642,0.272673,1.515149
2015-11-26,0.000000,0.318325,0.192080,6.898876
2015-11-27,0.000000,0.312822,0.191752,1.496530
2015-11-28,0.000000,0.312925,0.190593,1.503218
2015-11-29,0.000000,0.311782,0.189105,1.497698
2015-11-30,0.000000,0.309924,0.188776,1.482663
2015-12-01,0.000000,0.307637,0.187289,1.498681
2015-12-02,0.000000,0.307796,0.186130,1.478701
2015-12-03,0.000000,0.307759,0.186130,1.485216
2015-12-04,0.000000,0.306671,0.184524,1.482187
2015-12-05,0.000000,0.305101,0.183155,1.472153
2015-12-06,0.000000,0.301454,0.179970,1.479324
2015-12-07,0.000000,0.299061,0.181338,1.484049
2015-12-08,0.000000,0.297146,0.178072,1.464186
2015-12-09,0.000000,0.294300,0.235919,1.463890
2015-12-10,0.000000,0.292802,0.174887,1.455607
2015-12-11,0.000000,0.291998,0.174452,1.460921
2015-12-12,0.000000,0.291727,0.170753,1.462795
2015-12-13,0.000000,0.291724,0.173070,1.457213
2015-12-14,0.000000,0.291724,0.170201,1.449582
2015-12-15,0.000000,0.291724,0.167449,1.454420
2015-12-16,0.000000,0.291603,0.166619,1.441973
2015-12-17,0.000000,0.291727,0.195575,1.454352
2015-12-18,0.000000,0.291724,0.162485,1.439085
2015-12-19,0.000000,0.291724,0.162485,1.440710
2015-12-20,0.000000,0.291724,0.161784,1.450753
2015-12-21,0.000000,0.291603,0.158350,1.441342
2015-12-22,0.000000,0.291727,0.156982,1.443706
2015-12-23,0.000000,0.291724,0.156534,1.632010
2015-12-24,0.000000,0.291724,0.152556,1.441081
2015-12-25,0.000000,0.291724,0.154216,1.437694
2015-12-26,0.000000,0.291603,0.148924,1.452564
2015-12-27,0.000000,0.291727,0.149462,1.418587
2015-12-28,0.000000,0.291418,0.149722,1.403909
2015-12-29,0.000000,0.290339,0.144288,1.391212
2015-12-30,0.000000,0.290428,0.145948,1.395719
2015-12-31,0.000000,0.290426,0.141313,1.408823
2016-01-01,0.000000,0.000000,0.141313,1.406250
2016-01-02,0.000000,0.000000,0.140154,1.388731
2016-01-03,0.000000,0.000000,0.138667,1.393424
2016-01-04,0.000000,0.000000,0.137508,1.394301
2016-01-05,0.000000,0.000002,0.136020,1.399978
2016-01-06,0.000000,0.000002,0.133702,1.377146
2016-01-07,0.000000,0.000177,0.577421,1.380928
2016-01-08,0.000000,0.000375,0.427666,1.417905
2016-01-09,0.000000,0.000372,0.129568,1.386715
2016-01-10,0.000000,0.000368,0.129568,1.378996
2016-01-11,0.000000,0.000368,0.127251,1.382090
2016-01-12,0.000000,0.000371,0.125763,1.378809
2016-01-13,0.000000,0.000374,0.124604,1.378719
2016-01-14,0.000000,0.000374,0.122357,1.381462
2016-01-15,0.000000,0.000361,0.123117,1.354057
2016-01-16,0.000000,0.000343,0.133772,1.378681
2016-01-17,0.000000,0.000422,0.118481,1.367383
2016-01-18,0.000000,0.000454,0.117824,1.367855
2016-01-19,0.000000,0.008987,0.939809,1.352401
2016-01-20,0.000000,0.080870,2.625578,1.379027
2016-01-21,3.736408,0.455548,2.559052,1.381394
2016-01-22,4.771992,2.039899,1.238045,1.366966
2016-01-23,0.406413,0.608573,0.113188,1.355186
2016-01-24,0.202225,0.317386,0.111701,1.341876
2016-01-25,0.132644,0.268591,0.110542,1.347374
2016-01-26,0.064578,0.254520,0.110542,1.340460
2016-01-27,0.021087,0.245550,0.110542,1.341186
2016-01-28,0.003577,0.237187,0.107895,1.335757
2016-01-29,0.000007,0.236366,0.109054,1.324405
2016-01-30,0.000000,0.209182,0.109131,1.322399
2016-01-31,0.000000,0.124438,0.106737,1.322528
2016-02-01,0.000000,0.099753,0.106408,1.317531
2016-02-02,0.000000,0.061824,0.106747,1.320741
2016-02-03,0.000000,0.063931,0.106559,1.322582
2016-02-04,0.000000,0.117433,0.104167,1.310432
2016-02-05,0.000000,0.152980,0.104920,1.305058
2016-02-06,0.000000,0.155207,0.103356,1.303581
2016-02-07,0.000000,0.140965,0.102603,1.289013
2016-02-08,0.000000,0.154279,0.102679,1.294580
2016-02-09,0.000000,0.168971,0.101115,1.288599
2016-02-10,0.000000,0.182132,0.100786,1.278452
2016-02-11,0.000000,0.187750,0.101115,1.283662
2016-02-12,0.000000,0.033236,0.102655,1.282003
2016-02-13,0.000000,0.020257,0.098469,1.279362
2016-02-14,0.000000,0.020601,0.100520,1.292663
2016-02-15,0.000000,0.000251,0.098666,1.279489
2016-02-16,0.000000,0.001288,0.096652,1.275282
2016-02-17,0.000000,0.015718,0.097310,1.294018
2016-02-18,0.000000,0.024784,0.096652,1.266006
2016-02-19,0.000000,0.025619,0.094334,1.284154
2016-02-20,0.000000,0.024915,0.096652,1.266314
2016-02-21,0.000000,0.024703,0.094334,1.265770
2016-02-22,0.000000,0.021137,0.094360,1.280265
2016-02-23,0.000000,0.020172,0.093416,1.253873
2016-02-24,0.000000,0.019236,0.099296,1.274337
2016-02-25,0.000000,0.018847,0.092138,1.256625
2016-02-26,0.000000,0.019377,0.100625,1.256408
2016-02-27,0.000000,0.019983,0.097952,1.256129
2016-02-28,0.000000,0.020679,0.565113,1.257325
2016-02-29,0.000000,0.021248,0.191232,1.255452
2016-03-01,0.000000,0.021969,0.089937,1.253401
2016-03-02,0.000000,0.022675,0.088146,1.253401
2016-03-03,0.000000,0.023226,0.114723,1.241146
2016-03-04,0.000000,0.023395,0.102929,1.361148
2016-03-05,0.000000,0.023707,0.088403,1.240754
2016-03-06,0.000000,0.023487,0.085054,1.236466
2016-03-07,0.000000,0.023885,0.086066,1.237657
2016-03-08,0.000000,0.024092,0.085419,1.236194
2016-03-09,0.000000,0.023957,0.085236,1.250503
2016-03-10,0.000000,0.023619,0.083749,1.245244
2016-03-11,0.000000,0.023289,0.083749,1.237286
2016-03-12,0.000000,0.023361,0.082590,1.243994
2016-03-13,0.000000,0.023190,0.082590,1.244023
2016-03-14,0.000000,0.022931,0.082590,1.235451
2016-03-15,0.000000,0.022880,0.081102,1.243474
2016-03-16,0.000000,0.022481,0.081102,1.243554
2016-03-17,0.000000,0.022250,3.198590,1.399409
2016-03-18,0.000000,0.021312,4.394288,1.541722
2016-03-19,0.000000,0.021218,0.093345,1.226605
2016-03-20,0.000000,0.021353,0.081674,1.237031
2016-03-21,0.000000,0.021852,0.291902,1.225894
2016-03-22,0.000000,0.022095,0.078456,1.237319
2016-03-23,0.000000,0.022425,0.100452,1.224469
2016-03-24,0.000000,0.023142,0.083379,1.237769
2016-03-25,0.000000,0.024111,0.080247,1.212275
2016-03-26,0.000000,0.024259,0.076968,1.224706
2016-03-27,0.000000,0.024489,0.077297,1.209112
2016-03-28,0.000000,0.024761,0.076968,1.223507
2016-03-29,0.000000,0.024772,0.076968,1.222833
2016-03-30,0.000000,0.024862,0.077682,1.211252
2016-03-31,0.000000,0.025066,0.080088,1.218409
2016-04-01,0.000000,0.025149,0.078034,1.207068
2016-04-02,0.000000,0.025073,0.076639,1.223806
2016-04-03,0.000000,0.025187,0.229877,1.195267
2016-04-04,0.000000,0.025524,0.107191,1.372059
2016-04-05,0.000000,0.025357,0.364996,1.381663
2016-04-06,0.000000,0.025392,0.084185,1.196342
2016-04-07,0.000000,0.025819,0.270090,1.215744
2016-04-08,0.000000,0.026032,0.781849,1.478100
2016-04-09,0.000000,0.026056,0.327709,2.717056
2016-04-10,0.000000,0.026088,0.401916,2.071706
2016-04-11,0.000000,0.026259,1.231316,1.951403
2016-04-12,0.000000,0.026538,2.241077,1.622033
2016-04-13,0.000000,0.026624,1.695475,1.573629
2016-04-14,0.000000,0.026470,1.877441,1.539592
2016-04-15,0.839184,0.033025,2.504706,1.490153
2016-04-16,3.118237,0.591212,1.411649,1.790360
2016-04-17,0.252800,0.323336,0.133755,1.283220
2016-04-18,0.207872,0.035701,0.079787,1.186713
2016-04-19,0.177670,0.028939,0.131208,1.903978
2016-04-20,0.154584,0.028775,0.082434,1.191466
2016-04-21,1.277176,0.155652,0.420704,2.148475
2016-04-22,3.734921,0.519993,1.560522,1.820579
2016-04-23,9.260495,1.786508,2.089174,1.676636
2016-04-24,10.017940,4.185531,1.811525,1.514082
2016-04-25,10.652927,4.703480,2.460069,2.009057
2016-04-26,9.050803,3.707306,2.401996,1.643223
2016-04-27,9.242329,3.123834,1.911005,2.046407
2016-04-28,6.585160,1.775573,0.437142,1.696860
2016-04-29,14.085496,1.449886,0.210376,1.511109
2016-04-30,0.684046,0.657047,0.125395,1.509219
2016-05-01,5.262184,0.280574,0.516575,2.528123
2016-05-02,6.663153,0.913932,0.149203,2.214788
2016-05-03,11.432467,2.209719,0.579519,2.036222
2016-05-04,6.955878,2.298903,0.313730,1.989433
2016-05-05,8.423530,1.919072,0.503668,1.786650
2016-05-06,8.127181,1.999924,0.813797,1.733771
2016-05-07,10.011419,2.985473,2.353324,1.817074
2016-05-08,14.141807,5.519176,3.345032,1.755677
2016-05-09,14.062262,4.170465,2.748626,1.811058
2016-05-10,17.384132,4.333952,2.562883,1.797760
2016-05-11,26.899034,10.002183,2.768166,1.500498
2016-05-12,30.293178,17.349067,2.984764,1.629513
2016-05-13,20.881682,19.846510,3.635929,1.415529
2016-05-14,26.111626,25.556238,4.307193,1.356262
2016-05-15,18.906079,27.982205,4.212788,1.710057
2016-05-16,15.766001,30.798267,2.229444,2.824821
2016-05-17,21.098833,13.404342,3.872886,2.147144
2016-05-18,17.729970,11.173545,3.341399,1.970024
2016-05-19,25.433092,12.900650,4.486745,2.149492
2016-05-20,13.371026,12.644884,2.519956,2.002631
2016-05-21,15.661520,9.406306,4.148971,2.131053
2016-05-22,15.948079,10.335409,3.267319,2.794787
2016-05-23,18.826380,10.384928,3.290840,3.023919
2016-05-24,18.104622,9.708484,3.324162,2.178080
2016-05-25,32.525919,23.236283,5.417935,2.448435
2016-05-26,24.011939,26.010760,4.817683,1.874115
2016-05-27,15.450750,14.102517,4.400802,2.095794
2016-05-28,16.934643,10.623337,4.231198,1.639264
2016-05-29,14.925677,9.995850,5.238021,1.609879
2016-05-30,10.377784,6.068742,4.736178,2.170004
2016-05-31,19.621172,5.172935,4.319656,3.080993
2016-06-01,17.620242,6.141229,5.392012,2.322693
2016-06-02,42.325613,14.267530,11.113331,2.799855
2016-06-03,96.733632,144.848638,18.343650,18.469074
2016-06-04,48.560625,112.804843,9.096550,28.515094
2016-06-05,37.036662,75.015277,7.144389,23.236331
2016-06-06,36.911983,62.688282,7.747343,21.907616
2016-06-07,26.267186,53.965519,8.138955,22.658218
2016-06-08,51.843159,72.713626,15.606341,25.441085
2016-06-09,150.564228,243.793298,48.903856,61.279458
2016-06-10,161.831897,424.144973,55.612498,88.737123
2016-06-11,36.479867,251.219636,18.910509,48.934728
2016-06-12,51.465715,170.560026,30.183488,65.598324
2016-06-13,32.037535,148.929568,14.778686,54.380595
2016-06-14,22.241633,132.903069,11.725713,49.830142
2016-06-15,21.298340,141.711789,10.677634,49.241388
2016-06-16,9.494055,94.503083,11.383108,47.272190
2016-06-17,9.425254,45.607992,11.690876,47.052822
2016-06-18,32.054223,67.746907,18.471186,56.437875
2016-06-19,48.641514,153.731326,29.188213,74.947794
2016-06-20,21.132057,159.354067,14.165270,66.723075
2016-06-21,15.265066,148.773259,10.657271,60.493511
2016-06-22,15.040973,136.941670,11.222036,61.943858
2016-06-23,22.381873,194.197907,13.455172,86.969236
2016-06-24,16.320039,201.364831,11.343817,72.489270
2016-06-25,14.429858,162.823951,11.409321,69.729890
2016-06-26,17.615026,169.592841,10.935528,75.265534
2016-06-27,13.779485,143.806021,11.226209,75.215009
2016-06-28,18.619017,127.137383,10.803925,64.651954
2016-06-29,13.550240,100.385028,12.569221,93.400859
2016-06-30,11.460077,102.415865,11.805584,87.413197
2016-07-01,13.866116,119.880947,11.299247,87.653564
2016-07-02,14.932878,145.594632,12.000362,101.507352
2016-07-03,11.640623,162.577155,11.688575,106.160754
2016-07-04,10.026150,131.238272,11.724109,94.468534
2016-07-05,7.903535,101.306682,14.185762,59.092261
2016-07-06,13.553376,126.580339,18.903442,98.771783
2016-07-07,9.427124,123.176357,14.873886,110.592913
2016-07-08,9.744689,116.120518,13.926464,109.134574
2016-07-09,5.849496,89.758584,11.316406,74.662320
2016-07-10,7.118948,77.102522,11.028451,81.224378
2016-07-11,9.997554,95.120965,10.905593,98.108014
2016-07-12,11.034769,85.090509,10.976002,96.897019
2016-07-13,11.376450,89.135643,10.669607,90.812221
2016-07-14,7.642090,88.854343,10.558592,103.751213
2016-07-15,14.877998,121.326498,7.707795,56.917373
2016-07-16,14.485842,152.489161,12.030005,104.916727
2016-07-17,15.222028,183.488378,13.477621,157.338299
2016-07-18,13.377584,175.802712,10.317274,132.258482
2016-07-19,13.015220,182.436110,9.756493,131.402216
2016-07-20,11.497481,176.318921,9.216160,129.903189
2016-07-21,11.183128,161.572695,9.120437,118.907167
2016-07-22,12.424512,151.746460,9.602187,133.061281
2016-07-23,8.476367,183.933543,11.130844,145.072874
2016-07-24,8.742934,177.523446,8.712142,120.732922
2016-07-25,9.849117,237.366371,9.569058,128.651098
2016-07-26,7.238935,193.501561,8.431185,123.276895
2016-07-27,6.367107,172.131284,8.200083,119.852744
2016-07-28,6.487094,167.679386,8.176479,122.361021
2016-07-29,6.561916,167.701703,7.854738,115.035640
2016-07-30,5.953324,151.960814,7.418422,103.598867
2016-07-31,6.348178,147.090105,7.490644,91.081874
2016-08-01,5.170788,121.828384,8.671790,99.317179
2016-08-02,4.251681,98.537403,8.001420,101.271702
2016-08-03,4.573884,99.943818,7.443155,94.408670
2016-08-04,4.138501,93.917148,8.008155,102.146599
2016-08-05,3.624381,84.712107,6.409927,77.498978
2016-08-06,4.044681,87.814818,6.291522,78.573355
2016-08-07,6.474298,122.567135,6.956768,101.727178
2016-08-08,13.114879,142.428539,8.072935,102.503553
2016-08-09,22.709256,215.795495,10.544202,143.957953
2016-08-10,10.083953,219.131427,6.348636,123.773374
2016-08-11,4.410577,175.911928,4.493351,121.558190
2016-08-12,10.102959,128.354932,5.213211,100.900500
2016-08-13,12.040817,130.722398,7.359856,104.831638
2016-08-14,6.486096,146.524184,22.780759,150.020727
2016-08-15,6.145161,171.181466,15.362291,125.354958
2016-08-16,2.254917,107.214866,4.130434,93.825435
2016-08-17,1.848785,81.580788,4.762621,100.646419
2016-08-18,2.701961,79.538171,4.356182,92.095018
2016-08-19,6.091336,123.011002,5.335492,85.465586
2016-08-20,0.755380,90.056465,7.020367,100.591630
2016-08-21,0.796876,75.668387,4.141851,79.907548
2016-08-22,1.053775,85.422760,4.343629,66.221907
2016-08-23,1.363449,103.486882,4.937933,85.539188
2016-08-24,1.189236,103.537098,4.530046,93.780691
2016-08-25,1.121489,98.038409,4.545364,59.274866
2016-08-26,4.249323,97.413828,4.750161,62.457057
2016-08-27,1.323183,79.375987,4.868406,71.870941
2016-08-28,0.666770,61.122071,3.669671,38.226665
2016-08-29,0.447344,51.867054,3.670097,35.852358
2016-08-30,0.418538,44.803273,3.745505,23.120521
2016-08-31,0.287458,41.030071,3.434461,22.678206
2016-09-01,0.249496,45.142400,3.659294,18.581964
2016-09-02,0.316408,48.772078,3.596653,18.117564
2016-09-03,0.938994,39.345391,3.747704,28.142349
2016-09-04,14.315464,42.764001,5.562217,32.322030
2016-09-05,1.268068,23.919622,3.747634,27.004305
2016-09-06,2.247162,24.279284,3.284318,23.711530
2016-09-07,0.987790,25.191933,3.416822,36.133242
2016-09-08,0.131370,21.770893,3.381937,29.043262
2016-09-09,0.838780,25.277063,3.899670,11.110556
2016-09-10,0.013987,34.473050,4.296398,29.193808
2016-09-11,0.024465,41.375391,3.208189,18.029694
2016-09-12,0.120252,28.193621,3.465936,5.477077
2016-09-13,40.873486,45.168317,15.467913,31.144787
2016-09-14,37.089063,101.703798,24.894981,60.516663
2016-09-15,0.713500,54.542330,2.438921,35.978457
2016-09-16,0.440604,27.280767,1.009871,11.185810
2016-09-17,9.898647,16.939931,2.167897,13.571042
2016-09-18,6.946670,13.832145,1.957435,17.502710
2016-09-19,0.885281,9.015595,0.698819,2.753660
2016-09-20,2.495206,5.786286,0.872534,2.476306
2016-09-21,1.056300,5.370032,0.212699,3.301173
2016-09-22,0.000059,4.263659,0.211163,1.924042
2016-09-23,0.000057,3.178713,0.192634,2.833125
2016-09-24,0.011014,4.446804,0.191600,1.931131
2016-09-25,0.168430,4.752342,0.193237,2.833281
2016-09-26,0.075631,4.622493,0.264766,2.812560
2016-09-27,0.000546,4.856733,0.180343,2.720595
2016-09-28,0.000247,4.246514,0.213422,1.852578
2016-09-29,0.000187,3.945316,0.190553,1.835802
2016-09-30,0.000340,8.149892,0.183067,2.639063
2016-10-01,0.100129,6.767659,0.330903,1.783775
2016-10-02,1.160389,2.027254,1.505447,1.773542
2016-10-03,19.703513,6.975285,16.827187,6.065753
2016-10-04,23.913491,35.622486,12.659845,21.848760
2016-10-05,5.268517,26.782246,11.623811,25.655467
2016-10-06,1.679559,17.680356,3.005505,17.821777
2016-10-07,13.700384,28.524363,10.083157,23.514594
2016-10-08,12.088903,45.442428,6.422534,20.799938
2016-10-09,1.659839,15.500865,1.290545,9.703717
2016-10-10,15.396918,5.721440,1.548151,6.929209
2016-10-11,0.592353,2.811047,0.146688,1.895026
2016-10-12,0.317739,1.326778,0.150029,1.892650
2016-10-13,1.395114,1.466610,0.152131,1.760510
2016-10-14,0.401190,1.620673,0.152121,1.751351
2016-10-15,5.952537,1.643747,3.032909,10.859331
2016-10-16,3.207850,1.543265,0.719948,7.506616
2016-10-17,0.717168,1.180778,0.204413,1.812635
2016-10-18,0.001178,1.134175,0.180094,1.740399
2016-10-19,0.001599,0.976701,0.223535,1.773071
2016-10-20,0.000000,0.818390,0.155730,1.738105
2016-10-21,1.427036,0.696159,0.179338,1.730524
2016-10-22,0.452439,0.671542,0.198721,1.734388
2016-10-23,0.000262,0.759554,0.162527,1.723442
2016-10-24,0.004321,0.777587,0.167242,1.736787
2016-10-25,0.013982,0.780005,0.188052,1.718938
2016-10-26,0.002615,0.779828,0.167836,1.717321
2016-10-27,0.000024,0.721908,0.168995,1.710123
2016-10-28,0.000002,0.656560,0.169167,1.709970
2016-10-29,0.000072,0.647322,0.171485,1.705918
2016-10-30,0.000030,0.645982,0.170828,1.705080
2016-10-31,10.993319,0.847522,1.224084,1.735231
2016-11-01,0.033155,0.715977,0.755213,1.715217
2016-11-02,0.000000,0.643272,0.172650,1.686281
2016-11-03,0.000000,0.641078,0.171572,1.681331
2016-11-04,0.000000,0.638546,0.430014,1.677723
2016-11-05,0.705285,0.621407,3.063156,1.739369
2016-11-06,0.210809,0.614572,0.785069,1.733138
2016-11-07,0.000000,0.600011,0.172608,1.669451
2016-11-08,0.000000,0.557663,0.174164,1.654964
2016-11-09,0.000000,0.546950,0.176879,1.670023
2016-11-10,0.000000,0.398734,0.179301,1.645562
2016-11-11,0.000000,0.115319,0.178643,1.663819
2016-11-12,0.000000,0.115391,0.183279,1.651363
2016-11-13,0.000000,0.115394,0.188230,1.649471
2016-11-14,0.000000,0.115392,0.192010,1.639445
2016-11-15,0.000000,0.115386,0.185440,1.644201
2016-11-16,0.000000,0.115311,0.186270,1.638372
2016-11-17,0.000000,0.115384,0.186270,1.630901
2016-11-18,0.000000,0.115386,0.243252,1.644714
2016-11-19,0.000000,0.115384,0.184955,1.627827
2016-11-20,0.000000,0.115384,0.185375,1.621168
2016-11-21,0.000000,0.115599,0.277702,1.621103
2016-11-22,0.000000,0.115741,0.647361,1.613511
2016-11-23,0.000000,0.115740,1.168698,1.650000
2016-11-24,0.000000,0.115739,0.204838,1.599630
2016-11-25,0.000000,0.115739,0.180993,1.613511
2016-11-26,0.000000,0.115663,0.692649,1.581453
2016-11-27,0.000000,0.115472,1.732402,1.591628
2016-11-28,0.000000,0.115381,0.193238,1.598278
2016-11-29,0.000000,0.115381,0.175701,1.579053
2016-11-30,0.000000,0.115381,0.177361,1.587326
2016-12-01,0.000000,0.115304,0.175043,1.578348
2016-12-02,0.000000,0.115375,0.175215,1.577409
2016-12-03,0.000000,0.115376,0.175215,1.570338
2016-12-04,0.000000,0.115374,0.172068,1.569913
2016-12-05,0.315059,0.115374,1.826811,1.579774
2016-12-06,51.034046,3.532788,6.485587,1.591300
2016-12-07,16.301542,8.421621,3.739208,1.556411
2016-12-08,0.622091,0.636351,1.139452,1.559769
2016-12-09,0.000620,0.115375,0.193711,1.548182
2016-12-10,0.000465,0.115378,0.223346,1.553936
2016-12-11,0.000535,0.115303,0.232846,1.535769
2016-12-12,1.874896,0.115466,0.231443,1.537426
2016-12-13,0.028485,0.115377,0.238138,1.530141
2016-12-14,0.010376,0.115294,0.243932,1.515448
2016-12-15,0.002964,0.115294,0.250556,1.525748
2016-12-16,0.000410,0.115219,0.254033,1.524243
2016-12-17,0.000367,0.115300,0.256690,1.533949
2016-12-18,0.000222,0.115349,0.259450,1.522665
2016-12-19,0.000227,0.115357,0.258959,1.515423
2016-12-20,0.000053,0.114776,0.259169,1.513544
2016-12-21,0.000000,0.114134,0.260829,1.517010
2016-12-22,0.000000,0.114167,0.259169,2.148226
2016-12-23,0.000000,0.114170,0.256194,1.501243
2016-12-24,0.000000,0.114170,0.258512,1.521001
2016-12-25,0.000000,0.114170,0.255536,1.499122
2016-12-26,0.000000,0.114095,0.253876,1.488908
2016-12-27,0.000000,0.114167,0.253100,1.508677
2016-12-28,0.000000,0.114170,0.252060,1.504781
2016-12-29,0.000000,0.114170,0.250572,1.513990
2016-12-30,0.000000,0.114322,0.247926,1.514349
2016-12-31,0.000000,0.114170,0.278735,1.506007
2017-01-01,0.000000,0.530575,0.642191,1.498725
2017-01-02,0.000000,0.556183,0.244834,1.503165
2017-01-03,0.000000,0.563039,0.242235,1.496435
2017-01-04,0.000000,0.453619,0.241426,1.494880
2017-01-05,0.000000,0.343731,0.237669,1.476786
2017-01-06,0.000000,0.321053,0.250954,1.502111
2017-01-07,0.000000,0.307747,0.233818,1.476804
2017-01-08,0.000000,0.304941,0.232705,1.485132
2017-01-09,0.000000,0.305063,0.230432,1.476835
2017-01-10,0.000000,0.306357,0.227741,1.471917
2017-01-11,0.000000,0.250000,0.226253,1.489753
2017-01-12,0.000000,0.244016,0.223935,1.469536
2017-01-13,0.000000,0.243974,0.221618,1.468379
2017-01-14,0.000000,0.243950,0.221244,1.483120
2017-01-15,0.000000,0.243950,0.217484,1.473272
2017-01-16,0.000000,0.243889,0.215824,1.461144
2017-01-17,0.000000,0.244016,0.212848,1.474069
2017-01-18,0.000000,0.243974,0.212848,1.473678
2017-01-19,0.000000,0.243950,0.207555,1.470006
2017-01-20,0.000000,0.243950,0.207099,1.458222
2017-01-21,0.000000,0.243889,0.205567,1.461893
2017-01-22,0.000000,0.244024,0.201761,1.461206
2017-01-23,0.000000,0.246525,0.425711,1.462309
2017-01-24,0.000000,0.250100,0.198852,2.024711
2017-01-25,0.000000,0.250294,0.236315,1.450769
2017-01-26,0.000000,0.250339,0.194151,1.449724
2017-01-27,0.000000,0.250448,0.188929,1.451506
2017-01-28,0.000000,0.250320,0.191353,1.449667
2017-01-29,0.000000,0.250604,0.188356,1.434045
2017-01-30,0.000000,0.250872,0.185513,1.462943
2017-01-31,0.000000,0.251077,0.183064,1.433188
2017-02-01,0.000000,0.251156,0.181075,1.432436
2017-02-02,0.000000,0.251261,0.179587,1.436255
2017-02-03,0.000000,0.347143,0.176111,1.428744
2017-02-04,0.000000,0.869396,0.174623,1.427182
2017-02-05,0.000000,1.213528,0.173793,1.420432
2017-02-06,0.000000,1.375147,0.172376,1.439090
2017-02-07,0.000000,1.483492,0.169566,1.426048
2017-02-08,0.000000,1.549955,0.169569,1.418701
2017-02-09,0.000000,1.600176,0.163693,1.411781
2017-02-10,0.000000,1.633948,0.164193,1.399807
2017-02-11,0.000000,1.660042,0.204544,1.392233
2017-02-12,0.000000,1.667434,0.159469,1.461890
2017-02-13,0.000000,1.682097,0.158070,1.394329
2017-02-14,0.000000,1.709225,0.158867,1.393215
2017-02-15,0.000000,1.715549,0.154265,1.397579
2017-02-16,0.000000,1.730258,0.151234,1.387158
2017-02-17,0.000000,1.732383,0.154472,1.376560
2017-02-18,0.000000,1.740328,0.150659,1.378691
2017-02-19,0.000000,1.749694,0.146983,1.374425
2017-02-20,0.000000,1.751696,0.144666,1.391267
2017-02-21,0.000000,1.722747,0.144666,1.376911
2017-02-22,0.000000,1.707401,0.142348,1.377759
2017-02-23,0.000000,1.710002,0.140030,1.449797
2017-02-24,0.000000,1.555388,0.139373,1.377141
2017-02-25,0.000000,1.644265,0.137713,1.352656
2017-02-26,0.000000,1.704096,0.134738,1.366313
2017-02-27,0.000000,1.710487,0.137055,1.364493
2017-02-28,0.000000,1.698663,0.142030,1.365347
2017-03-01,0.000000,1.699694,0.131431,1.345964
2017-03-02,0.000000,1.701916,0.130102,1.349272
2017-03-03,0.000000,1.705089,0.127456,1.352963
2017-03-04,0.000000,1.706882,0.126127,1.342356
2017-03-05,0.000000,1.725051,0.126467,1.345632
2017-03-06,0.000000,0.689807,0.123979,1.348306
2017-03-07,0.000000,0.207562,0.122322,1.354558
2017-03-08,0.000000,0.207574,0.120831,1.342496
2017-03-09,0.000000,0.207585,0.122693,1.353424
2017-03-10,0.000000,0.207573,0.118236,1.323788
2017-03-11,0.000000,0.207429,0.117856,1.346244
2017-03-12,0.000000,0.207558,0.119132,1.329581
2017-03-13,0.000000,0.207570,0.115473,1.338168
2017-03-14,0.000000,0.207575,0.112892,1.324487
2017-03-15,0.000000,0.207662,0.111733,1.319151
2017-03-16,0.000000,0.207528,0.112085,1.330655
2017-03-17,0.000000,0.207584,0.108586,1.303409
2017-03-18,0.000000,0.207606,0.107928,1.317404
2017-03-19,0.000000,0.207643,0.107928,1.322801
2017-03-20,0.000000,0.207623,0.106268,1.318639
2017-03-21,0.000000,0.207432,0.103771,1.305903
2017-03-22,0.000000,0.207552,0.177067,1.392499
2017-03-23,0.000000,0.207557,0.162774,1.303545
2017-03-24,0.000000,0.207593,0.102134,1.301678
2017-03-25,0.000000,0.207627,0.099487,1.295857
2017-03-26,0.000000,0.207432,0.099816,1.303094
2017-03-27,0.000000,0.207546,0.098329,1.298234
2017-03-28,0.000000,0.207556,0.097170,1.296954
2017-03-29,0.000000,0.207553,0.096011,1.294568
2017-03-30,0.000000,0.207553,0.096011,1.296541
2017-03-31,0.000000,0.207524,0.093364,1.296057
2017-04-01,0.000000,0.207419,0.093364,1.291770
2017-04-02,0.000000,0.207609,0.092534,1.249789
2017-04-03,0.000000,0.207592,0.091047,1.249733
2017-04-04,0.000000,0.207612,0.245298,1.248519
2017-04-05,0.000000,0.207562,0.130397,1.258567
2017-04-06,0.000000,0.207408,0.088729,1.245255
2017-04-07,0.000000,0.207573,0.084777,1.255298
2017-04-08,0.000000,0.207592,0.092681,1.245265
2017-04-09,0.000000,0.207559,0.092707,1.480668
2017-04-10,0.000000,0.207551,0.155858,1.568832
2017-04-11,0.000000,0.207407,0.118367,1.262200
2017-04-12,0.000000,0.207534,0.222766,1.254730
2017-04-13,0.000000,0.207555,0.083320,1.227370
2017-04-14,0.000000,0.207595,0.081447,1.240510
2017-04-15,0.000000,0.207557,0.082606,1.237331
2017-04-16,0.000000,0.207406,0.079698,1.231369
2017-04-17,0.000000,0.207533,0.081184,1.230423
2017-04-18,0.000000,0.207560,0.077642,1.224522
2017-04-19,0.000000,0.207581,0.077642,1.222929
2017-04-20,0.000000,0.207572,0.076812,1.214748
2017-04-21,0.000000,0.207411,0.154746,1.215966
2017-04-22,0.000000,0.207532,0.092408,3.721585
2017-04-23,0.000000,0.207545,0.120822,2.259522
2017-04-24,0.000000,0.207546,0.596846,1.588741
2017-04-25,0.000000,0.207545,0.921591,1.867837
2017-04-26,0.000000,0.207403,0.173351,1.985408
2017-04-27,0.000000,0.207532,0.074303,1.601766
2017-04-28,0.000000,0.207555,0.078779,1.192875
2017-04-29,0.000000,0.207547,0.203110,1.890904
2017-04-30,0.000000,0.207545,0.244298,1.609903
2017-05-01,0.000000,0.207403,0.590693,1.568914
2017-05-02,0.000000,0.207533,1.523393,2.036019
2017-05-03,0.000000,0.207546,5.089725,1.605298
2017-05-04,19.750127,1.254885,10.368680,1.521863
2017-05-05,36.150316,3.803565,9.718025,1.476511
2017-05-06,24.896855,6.445788,4.941434,1.537197
2017-05-07,15.903890,9.409069,3.068151,1.457869
2017-05-08,17.850380,10.798202,3.725590,1.391239
2017-05-09,32.301935,15.344966,7.660039,1.404089
2017-05-10,21.159030,15.393919,2.968586,1.786463
2017-05-11,12.473301,7.205116,3.388350,1.626838
2017-05-12,5.186932,3.617537,1.389788,1.697284
2017-05-13,4.386143,0.943950,1.669463,1.592038
2017-05-14,15.609081,2.162718,2.543821,2.269118
2017-05-15,29.011381,9.808719,4.610477,2.002981
2017-05-16,20.176784,12.435139,4.562940,1.732187
2017-05-17,18.030372,14.023666,5.452687,1.795861
2017-05-18,17.333929,12.766934,4.374023,2.409075
2017-05-19,43.270638,27.615597,4.436272,3.127081
2017-05-20,29.069931,22.465279,5.252223,2.908614
2017-05-21,30.263926,27.000170,5.055308,2.570270
2017-05-22,31.187663,37.535400,5.630076,2.722709
2017-05-23,24.646896,28.128129,4.939876,9.547853
2017-05-24,14.535445,18.647518,5.562888,13.944123
2017-05-25,20.802411,18.352498,5.391167,14.742545
2017-05-26,24.289926,16.015267,4.795450,21.865278
2017-05-27,11.730490,8.258089,2.286514,8.699039
2017-05-28,13.887710,6.611789,3.979007,17.793270
2017-05-29,23.812445,13.279630,3.374153,14.619780
2017-05-30,22.840350,17.501901,3.568177,18.691739
2017-05-31,6.901116,10.731438,2.095969,4.550576
2017-06-01,12.411578,12.659466,3.526904,20.109997
2017-06-02,10.140664,17.600933,4.343579,14.336609
2017-06-03,17.153555,28.680760,5.065838,23.731143
2017-06-04,15.407102,32.481280,3.990704,25.129005
2017-06-05,14.585989,31.891285,5.288979,29.573110
2017-06-06,14.761915,36.405737,6.262947,27.284033
2017-06-07,12.417214,42.532222,6.047956,30.439475
2017-06-08,12.940418,46.972620,6.253236,41.684567
2017-06-09,12.529589,45.949350,6.202193,39.199495
2017-06-10,8.882467,37.064922,6.833068,30.691188
2017-06-11,10.160518,34.942278,7.252717,45.202221
2017-06-12,11.340705,45.761453,7.424743,41.659392
2017-06-13,10.613789,49.897821,7.509059,33.498721
2017-06-14,12.842538,53.978206,10.831813,44.468686
2017-06-15,18.737740,71.396757,11.146944,44.676089
2017-06-16,23.701240,96.572138,12.242239,63.069035
2017-06-17,11.743564,84.781607,10.483559,47.810472
2017-06-18,12.710408,97.354258,10.702972,49.597585
2017-06-19,11.034679,88.465222,9.958517,46.167091
2017-06-20,10.483473,77.500008,10.731407,50.395922
2017-06-21,12.118487,85.422813,11.183068,49.019786
2017-06-22,12.131223,87.503946,11.182355,54.626927
2017-06-23,11.180790,91.516166,11.285309,54.062662
2017-06-24,11.176366,105.497519,11.187712,55.805015
2017-06-25,10.784344,109.975258,11.453997,60.326585
2017-06-26,11.546604,80.640731,8.569396,41.439882
2017-06-27,10.979917,79.752084,8.889164,70.544730
2017-06-28,13.750327,112.153733,9.521260,70.825897
2017-06-29,10.916168,126.026540,8.719123,67.110803
2017-06-30,9.608956,107.089145,8.401919,63.282148
2017-07-01,9.334769,101.822938,8.671259,64.908910
2017-07-02,21.393498,193.059672,12.534015,98.100541
2017-07-03,9.081556,173.739686,9.264592,91.350674
2017-07-04,22.073585,84.620828,8.965992,53.773218
2017-07-05,13.033154,70.700097,6.278744,81.632647
2017-07-06,8.639428,77.838015,5.471678,80.587660
2017-07-07,10.657662,97.463737,6.179827,64.558508
2017-07-08,15.283977,122.024795,7.302135,95.814104
2017-07-09,10.816076,115.860089,7.441972,113.479225
2017-07-10,9.469303,112.922419,7.691885,96.717057
2017-07-11,8.928747,96.817499,8.647486,72.997012
2017-07-12,10.119875,115.635972,7.386487,124.336059
2017-07-13,31.194029,120.534229,12.699004,77.031827
2017-07-14,10.711423,94.463042,7.830814,84.186944
2017-07-15,9.315277,102.151267,6.521885,123.110471
2017-07-16,9.104907,96.484237,6.651584,101.222535
2017-07-17,4.948875,71.446921,5.990881,78.635684
2017-07-18,5.899283,64.054540,6.441231,100.567242
2017-07-19,9.766407,115.231577,6.965402,111.039949
2017-07-20,12.763451,160.477811,5.996023,136.491109
2017-07-21,8.927162,154.761874,6.369608,115.624862
2017-07-22,4.995213,127.815105,5.791882,106.427421
2017-07-23,4.756061,111.258127,8.972916,100.881680
2017-07-24,37.101934,146.877705,17.608316,72.503184
2017-07-25,8.021576,156.005760,5.491484,92.852553
2017-07-26,47.535327,253.664366,25.723881,151.027562
2017-07-27,14.614345,398.664146,5.702403,178.964460
2017-07-28,7.744423,256.797250,3.713627,107.897618
2017-07-29,7.241527,206.213565,4.380819,111.867358
2017-07-30,7.497226,193.075200,4.736610,114.322977
2017-07-31,8.713076,186.737455,4.371641,111.101141
2017-08-01,6.030071,183.293923,4.905226,102.534944
2017-08-02,4.287896,173.141036,4.938441,101.967115
2017-08-03,4.752379,179.938362,5.210533,103.852340
2017-08-04,4.138382,172.709695,4.967644,89.983900
2017-08-05,3.742759,163.421959,5.413728,88.048851
2017-08-06,5.835961,130.906672,7.287353,100.391564
2017-08-07,17.811067,287.180696,6.224530,137.138064
2017-08-08,9.732704,376.855648,4.905149,196.236886
2017-08-09,4.744525,176.258216,4.211933,78.599800
2017-08-10,4.337737,119.842550,3.743391,114.476382
2017-08-11,5.610365,156.437012,3.986331,102.081331
2017-08-12,3.788491,127.926134,3.909469,94.425200
2017-08-13,3.645775,113.261663,4.033068,80.223502
2017-08-14,3.659287,119.201964,4.305226,85.383300
2017-08-15,2.862099,102.481829,4.404717,67.332923
2017-08-16,3.373540,96.846336,4.299223,74.899236
2017-08-17,2.394539,101.551954,4.651462,73.243883
2017-08-18,1.220650,80.233053,3.810432,62.957075
2017-08-19,1.728199,81.346866,4.540924,82.874508
2017-08-20,3.684778,126.158664,5.091421,83.637274
2017-08-21,11.899565,132.278830,5.487926,71.739645
2017-08-22,26.666167,98.164875,12.208189,67.716454
2017-08-23,13.392842,90.887208,5.162941,62.284207
2017-08-24,2.504060,93.836662,3.595767,66.484026
2017-08-25,15.208665,105.469141,5.810584,81.836846
2017-08-26,8.298522,95.171345,4.195665,89.008024
2017-08-27,9.673100,91.030065,4.376413,69.113787
2017-08-28,2.240739,73.625919,3.623938,49.384898
2017-08-29,1.881916,97.677523,4.254286,64.831780
2017-08-30,5.778859,305.086055,7.852224,176.773621
2017-08-31,5.525221,402.863058,5.906479,149.011467
2017-09-01,2.856253,291.676377,5.803988,109.576223
2017-09-02,1.410313,172.491583,3.821276,63.528079
2017-09-03,0.452059,103.741562,3.118681,29.404750
2017-09-04,0.130338,54.804375,3.023539,6.618324
2017-09-05,0.342876,44.218927,4.285095,23.428227
2017-09-06,0.437011,45.482920,3.385579,52.430411
2017-09-07,1.656342,92.392386,4.503558,60.492082
2017-09-08,0.233680,86.843315,4.874365,28.645425
2017-09-09,20.679956,32.483299,4.296304,32.736550
2017-09-10,1.523831,13.765975,2.733197,11.177835
2017-09-11,1.861515,13.388461,2.299532,7.826865
2017-09-12,2.475971,30.858126,3.260087,11.325272
2017-09-13,0.001227,22.163168,2.747887,10.923068
2017-09-14,65.779865,143.258759,18.807190,95.952244
2017-09-15,34.151390,333.906643,9.077299,65.974924
2017-09-16,0.067297,92.266226,1.306846,41.191564
2017-09-17,2.928657,29.296662,0.948736,2.370187
2017-09-18,2.807355,21.040771,2.291191,21.966293
2017-09-19,0.003356,17.772707,0.350387,4.999650
2017-09-20,0.001918,14.275097,0.445500,3.880037
2017-09-21,0.000046,11.276505,0.317036,4.434293
2017-09-22,0.064192,11.511343,0.639284,3.709050
2017-09-23,0.170221,9.930636,0.610756,2.668883
2017-09-24,1.811368,5.214447,0.343041,2.219057
2017-09-25,2.460624,2.920626,0.221645,2.414754
2017-09-26,38.011565,30.514397,5.034658,2.912652
2017-09-27,10.612388,12.966940,1.290322,2.171669
2017-09-28,3.331682,3.281126,0.356308,2.044986
2017-09-29,1.258741,2.248960,0.187930,1.882834
2017-09-30,0.250383,1.867251,0.193724,1.824702
2017-10-01,0.090271,1.815354,0.185284,1.809736
2017-10-02,27.844260,9.507975,1.698760,1.992193
2017-10-03,0.443711,6.618426,0.221112,1.968329
2017-10-04,0.000005,2.378378,0.227873,2.001200
2017-10-05,0.046068,2.042418,0.887685,2.216111
2017-10-06,14.392932,3.127184,3.256132,1.998147
2017-10-07,5.559632,5.772889,0.684519,2.136979
2017-10-08,2.751453,2.753099,0.376788,1.927869
2017-10-09,0.197522,1.860876,0.196580,1.911602
2017-10-10,0.636580,1.695083,0.181890,1.796577
2017-10-11,1.704213,1.714132,0.276517,1.778085
2017-10-12,4.939660,2.142326,2.141323,1.797861
2017-10-13,1.084689,2.093636,0.218626,1.792008
2017-10-14,0.000000,1.713066,0.178331,1.757984
2017-10-15,0.000478,1.592522,0.234805,1.765327
2017-10-16,0.003363,1.571808,0.811835,1.826456
2017-10-17,0.182370,1.719234,0.188970,1.826342
2017-10-18,0.000581,1.581074,0.185623,1.812979
2017-10-19,0.000040,1.369296,0.187601,1.775845
2017-10-20,0.000358,1.327369,0.187601,1.773960
2017-10-21,0.017483,1.325088,0.402334,1.734008
2017-10-22,0.444781,1.378883,0.695547,1.727408
2017-10-23,0.384176,1.515274,0.194126,1.764624
2017-10-24,0.001349,2.219244,0.953935,1.855486
2017-10-25,0.000000,1.692430,0.192804,1.721020
2017-10-26,6.653678,12.941094,1.740986,2.041276
2017-10-27,18.016915,130.904700,3.777372,23.131956
2017-10-28,3.042322,75.897293,0.275202,2.461743
2017-10-29,0.010967,11.360435,0.197777,1.742879
2017-10-30,0.963859,6.760257,0.301912,1.742010
2017-10-31,0.006025,6.381280,0.213531,1.759475
2017-11-01,1.254600,2.155115,0.242494,1.739376
2017-11-02,0.161825,1.774929,0.201225,1.729525
2017-11-03,0.002261,1.709976,0.197019,1.730560
2017-11-04,0.007147,1.567844,0.197070,1.732020
2017-11-05,0.001509,1.549834,0.324917,1.712635
2017-11-06,0.000000,1.547698,0.220290,1.713751
2017-11-07,0.000000,1.548623,0.197429,1.702997
2017-11-08,0.000000,1.548699,0.197875,1.707133
2017-11-09,0.000000,1.548669,0.197637,1.703877
2017-11-10,0.000000,1.548609,0.197875,1.701745
2017-11-11,0.000011,1.547840,0.197217,1.699302
2017-11-12,0.000003,1.372682,0.197875,1.696097
2017-11-13,0.000000,1.281300,0.196296,1.676669
2017-11-14,0.000000,1.281247,0.194899,1.679809
2017-11-15,0.000000,0.909038,0.196058,1.679599
2017-11-16,0.000000,0.841780,0.193741,1.670817
2017-11-17,0.000000,0.842226,0.194571,1.657755
2017-11-18,0.000000,0.842226,0.192253,1.660010
2017-11-19,0.000000,0.842207,0.191924,1.662530
2017-11-20,0.000000,0.842171,0.192253,1.653566
2017-11-21,0.000000,0.841746,0.189278,1.643062
2017-11-22,0.000000,0.842191,0.190320,1.644658
2017-11-23,0.000000,0.842191,0.204756,1.637722
2017-11-24,0.000000,0.842173,0.186960,1.632727
2017-11-25,0.667722,0.842148,1.208003,1.625681
2017-11-26,0.000000,0.841709,0.762879,1.621463
2017-11-27,0.000000,0.842126,0.431886,1.610540
2017-11-28,5.721359,1.031254,4.507571,1.644524
2017-11-29,23.459359,2.557831,3.977725,1.661920
2017-11-30,3.707689,1.788303,0.516996,1.595018
2017-12-01,0.015107,0.882198,0.183656,1.600142
2017-12-02,0.009078,0.842344,0.185974,1.600244
2017-12-03,0.005020,0.842345,0.191095,1.588388
2017-12-04,0.000247,0.842718,0.191439,1.587023
2017-12-05,0.000000,0.842773,0.193757,1.591368
2017-12-06,0.000000,0.844232,0.196075,1.583787
2017-12-07,0.000000,0.844997,0.198063,1.590702
2017-12-08,0.000000,0.844990,0.229841,1.587156
2017-12-09,0.000000,0.844965,1.531404,1.584955
2017-12-10,0.000000,0.844960,0.607866,1.590083
2017-12-11,0.000000,0.844541,0.237544,1.586479
2017-12-12,0.000000,0.848614,0.237297,1.570610
2017-12-13,0.000000,0.869784,0.205518,1.567611
2017-12-14,0.000000,0.875384,0.206677,1.577280
2017-12-15,0.000000,0.875478,0.209824,1.572325
2017-12-16,0.000000,0.884051,0.210983,1.556049
2017-12-17,0.000000,0.890730,0.212142,1.566319
2017-12-18,0.000000,0.890266,0.217691,1.548808
2017-12-19,0.000000,0.891388,0.212972,1.557284
2017-12-20,0.000000,0.889733,0.211813,1.551039
2017-12-21,0.000000,0.887860,0.212972,1.543445
2017-12-22,0.000000,0.885804,0.211813,1.542124
2017-12-23,0.000000,0.897211,0.211484,1.542665
2017-12-24,0.000000,0.901963,0.211156,1.539134
2017-12-25,0.000000,0.905501,0.211082,1.546031
2017-12-26,0.000000,0.906193,0.208838,1.533545
2017-12-27,0.000000,0.905477,0.226477,1.542871
2017-12-28,0.000000,0.905861,0.207679,1.523380
2017-12-29,0.000000,0.906032,0.206192,1.529503
2017-12-30,0.000000,0.259982,0.206192,1.503386
2017-12-31,0.000000,0.242493,0.203874,1.500537
2018-01-01,0.000000,0.522839,0.203545,1.511964
2018-01-02,0.000000,0.522664,0.203545,1.507671
2018-01-03,0.000000,0.522685,0.202715,1.495159
2018-01-04,0.000000,0.522624,0.202057,1.508043
2018-01-05,0.000000,0.522130,0.199740,1.497394
2018-01-06,0.000000,0.521312,0.198581,1.496007
2018-01-07,0.000000,0.521591,0.197751,1.491043
2018-01-08,0.000000,0.521159,0.196765,1.477807
2018-01-09,0.000000,0.519823,0.195104,1.497324
2018-01-10,0.000000,0.519231,0.275653,1.480050
2018-01-11,0.000000,0.518484,0.193595,1.485639
2018-01-12,0.000000,0.518351,0.192129,1.476408
2018-01-13,0.000000,0.518470,0.189812,1.479899
2018-01-14,0.000000,0.517237,0.188653,1.482282
2018-01-15,0.000000,0.516188,0.187165,1.471701
2018-01-16,0.000000,0.515878,0.186006,1.473910
2018-01-17,0.000000,0.516171,0.184847,1.480847
2018-01-18,0.000000,0.517730,0.183360,1.472894
2018-01-19,0.000000,0.518936,0.183998,1.485486
2018-01-20,0.000000,0.517579,0.194655,1.486990
2018-01-21,0.000000,0.516731,0.190095,1.503316
2018-01-22,0.000000,0.516977,0.177237,1.472382
2018-01-23,0.000000,0.516424,0.176078,1.462996
2018-01-24,0.000000,0.516149,0.174919,1.463335
2018-01-25,0.000000,0.515910,0.173432,1.449730
2018-01-26,0.000000,0.515473,0.171114,1.469723
2018-01-27,0.000000,0.515217,0.169955,1.454382
2018-01-28,0.000000,0.515265,0.169626,1.453920
2018-01-29,0.000000,0.514917,0.166150,2.168469
2018-01-30,0.000000,0.514698,0.166150,1.442268
2018-01-31,0.000000,0.515948,0.164991,1.442475
2018-02-01,0.000000,0.508166,0.162345,1.445241
2018-02-02,0.000000,0.509964,0.161186,1.427855
2018-02-03,0.000000,0.603634,0.164552,1.433594
2018-02-04,0.000000,0.791902,0.158868,1.433148
2018-02-05,0.000000,0.880946,0.157380,1.432391
2018-02-06,0.000000,0.932907,0.155063,1.435599
2018-02-07,0.000000,0.946642,0.154167,1.431710
2018-02-08,0.000000,0.950714,0.150929,1.431441
2018-02-09,0.000000,0.957355,0.151586,1.942935
2018-02-10,0.000000,0.738325,0.150994,1.424158
2018-02-11,0.000000,0.878518,0.148611,1.418363
2018-02-12,0.000000,0.937411,0.146293,1.415298
2018-02-13,0.000000,0.919990,0.146293,1.415661
2018-02-14,0.000000,0.516548,0.143976,1.418561
2018-02-15,0.000000,0.509229,0.142488,1.410780
2018-02-16,0.000000,0.506505,0.141329,1.421793
2018-02-17,0.000000,0.507599,0.140410,1.412746
2018-02-18,0.000000,0.513047,0.137524,1.414812
2018-02-19,0.000000,0.513134,0.137524,1.398833
2018-02-20,0.000000,0.510019,0.133413,1.400242
2018-02-21,0.000000,0.503959,0.134047,1.428167
2018-02-22,0.000000,0.504558,0.134854,1.446510
2018-02-23,0.000000,0.506833,0.131072,1.436018
2018-02-24,0.000000,0.504818,0.129913,1.427114
2018-02-25,0.000000,0.511304,0.128755,1.437036
2018-02-26,0.000000,0.504969,0.126131,1.425989
2018-02-27,0.000000,0.507571,0.125779,1.423408
2018-02-28,0.000000,0.504378,0.126437,1.511420
2018-03-01,0.000000,0.508072,0.127028,1.425232
2018-03-02,0.000000,0.676852,0.122303,1.424476
2018-03-03,0.000000,1.091751,0.119985,1.416526
2018-03-04,0.000000,1.282261,0.118113,1.411766
2018-03-05,0.000000,1.412798,0.118169,1.398265
2018-03-06,0.000000,1.508346,0.118052,1.401578
2018-03-07,0.000000,1.564759,0.115851,1.396895
2018-03-08,0.000000,1.600650,0.115021,1.390634
2018-03-09,0.000000,1.636790,0.112046,1.399638
2018-03-10,0.000000,1.669898,0.112375,1.392887
2018-03-11,0.000000,1.684038,0.110887,1.396765
2018-03-12,0.000000,1.688785,0.109728,1.388358
2018-03-13,0.000000,1.693413,0.108569,1.392802
2018-03-14,0.000000,1.699904,0.107082,1.387362
2018-03-15,0.000000,1.706864,0.105209,1.383954
2018-03-16,0.000000,1.705581,0.105923,1.386705
2018-03-17,0.000000,1.698789,0.304735,1.393605
2018-03-18,0.000000,1.702257,0.594595,1.539844
2018-03-19,0.000000,1.708988,1.537632,1.488031
2018-03-20,0.000000,1.715670,0.119444,1.477195
2018-03-21,0.000000,1.737764,0.113861,1.377244
2018-03-22,0.000000,1.746913,0.098312,1.385849
2018-03-23,0.000000,1.746704,0.096948,1.374879
2018-03-24,0.000000,1.760386,0.095995,1.372308
2018-03-25,0.000000,1.771519,0.094836,1.358799
2018-03-26,0.000000,1.820870,0.094507,1.375696
2018-03-27,0.000000,2.071616,0.093348,1.364007
2018-03-28,0.000000,1.862225,0.122046,1.360310
2018-03-29,0.000000,1.817446,0.095666,1.367492
2018-03-30,0.000000,1.822673,0.094507,1.361099
2018-03-31,0.000000,1.825512,0.094178,1.356543
2018-04-01,0.000000,1.819719,0.091653,1.368653
2018-04-02,0.000000,1.816459,0.088384,1.361120
2018-04-03,0.000000,1.815875,0.088057,1.349159
2018-04-04,0.000000,1.819148,0.086896,1.355300
2018-04-05,0.000000,1.819632,0.091859,1.355007
2018-04-06,0.000000,1.829286,0.085739,1.355781
2018-04-07,0.000000,1.171452,0.096211,1.347630
2018-04-08,0.000000,0.499007,0.083420,1.345462
2018-04-09,0.000000,0.498160,0.082261,1.350404
2018-04-10,0.000000,0.624427,0.080205,1.361309
2018-04-11,0.000000,1.462473,0.104539,1.335089
2018-04-12,0.000000,1.759372,0.080773,1.560812
2018-04-13,0.000000,1.814211,0.080773,1.451050
2018-04-14,0.000000,1.826482,0.078456,1.475895
2018-04-15,0.000000,1.829660,0.078592,1.517357
2018-04-16,0.000000,1.823684,2.757280,1.873847
2018-04-17,0.116506,1.847751,10.132317,1.505847
2018-04-18,9.708867,2.836625,3.159328,1.732643
2018-04-19,7.035511,2.785494,2.500048,1.695747
2018-04-20,17.565868,3.421228,2.596966,1.808748
2018-04-21,12.506499,3.942141,2.366286,1.868887
2018-04-22,25.095338,5.749894,0.651261,1.885431
2018-04-23,8.394673,4.457663,0.123864,1.767229
2018-04-24,3.497681,2.564795,0.293480,1.920713
2018-04-25,3.444468,2.338218,0.158917,2.032864
2018-04-26,5.083305,2.290956,0.250231,1.853132
2018-04-27,3.602199,2.218001,1.086220,1.871914
2018-04-28,5.959111,2.550553,0.996130,2.450987
2018-04-29,2.023815,2.561807,0.701336,2.124391
2018-04-30,1.030927,2.175070,0.825524,2.142760
2018-05-01,0.417342,1.960199,0.106769,1.299184
2018-05-02,0.380462,1.932616,0.113393,1.407229
2018-05-03,0.340082,1.960450,0.146170,1.294270
2018-05-04,0.316343,1.952448,0.501997,2.122260
2018-05-05,0.311488,1.984675,0.735231,2.151451
2018-05-06,0.299553,2.002623,1.702466,2.070734
2018-05-07,0.291807,1.998373,1.908878,2.353164
2018-05-08,0.282419,1.978802,1.380195,1.295099
2018-05-09,0.268658,1.956154,0.849627,1.299177
2018-05-10,0.359037,1.954637,2.674054,2.042762
2018-05-11,1.054449,1.966237,2.528580,2.158890
2018-05-12,0.910544,1.959816,0.631648,1.651696
2018-05-13,5.247320,1.954068,1.409633,2.243069
2018-05-14,1.276331,2.093521,0.364532,2.709305
2018-05-15,1.801217,2.224402,0.406216,1.983337
2018-05-16,0.300870,2.102950,0.424980,1.897578
2018-05-17,6.412004,2.100084,0.633637,2.148169
2018-05-18,2.561750,2.186173,0.442174,2.224236
2018-05-19,0.690293,2.024665,0.860248,2.223893
2018-05-20,8.232415,2.313890,0.506849,1.982105
2018-05-21,1.195234,2.358644,0.463459,1.529248
2018-05-22,6.048171,2.167915,2.680604,2.318913
2018-05-23,11.509933,2.769424,1.177109,2.086771
2018-05-24,11.292907,3.161547,0.827094,1.955237
2018-05-25,0.261894,2.610456,0.476431,1.633335
2018-05-26,10.100026,2.524878,1.551654,2.558770
2018-05-27,10.176605,3.257021,1.168018,2.220245
2018-05-28,7.827503,3.290005,1.322569,1.957910
2018-05-29,16.940934,3.474674,2.117319,1.759472
2018-05-30,10.972945,3.511793,1.875011,2.289702
2018-05-31,24.179854,7.167743,4.205452,1.886472
2018-06-01,24.435067,12.385077,7.573709,1.645003
2018-06-02,50.749854,26.182316,8.382354,1.689713
2018-06-03,46.130896,48.562465,13.870509,2.834458
2018-06-04,38.813926,51.279831,8.547803,3.505172
2018-06-05,151.356849,153.629471,17.144342,4.404762
2018-06-06,66.790854,188.826841,13.928658,9.894391
2018-06-07,34.894695,66.174585,5.039222,23.115063
2018-06-08,35.240037,65.544644,5.971087,16.183701
2018-06-09,34.336115,83.069050,6.984670,18.598880
2018-06-10,30.357472,76.778164,6.680953,16.046734
2018-06-11,22.527803,47.156435,7.775005,27.060173
2018-06-12,25.831604,26.595901,6.032866,24.173377
2018-06-13,24.798119,42.012690,5.355413,28.778096
2018-06-14,22.522669,44.519995,3.646734,7.946468
2018-06-15,19.353769,26.557252,4.821594,25.256818
2018-06-16,24.801334,24.921886,5.230514,33.146420
2018-06-17,27.434706,37.154087,4.688330,23.605067
2018-06-18,31.143977,57.546383,5.271219,27.545974
2018-06-19,23.543087,76.052067,6.234243,28.661560
2018-06-20,20.674482,51.139574,6.910757,28.857161
2018-06-21,19.932650,34.446692,8.574534,38.333093
2018-06-22,17.504438,43.511005,4.800772,24.712386
2018-06-23,21.372479,51.089876,4.557331,34.851439
2018-06-24,15.189538,51.774571,3.927386,21.386243
2018-06-25,16.224549,55.286737,4.972093,50.671071
2018-06-26,17.729660,85.401474,5.700298,43.524002
2018-06-27,13.770023,82.195758,6.530382,41.520086
2018-06-28,23.040983,62.642101,7.675433,41.326185
2018-06-29,19.405419,68.903343,4.234158,51.234520
2018-06-30,24.995083,52.047091,5.044171,29.938593
2018-07-01,17.902949,31.678187,5.196128,43.547939
2018-07-02,14.568728,48.947615,5.491626,48.947402
2018-07-03,9.064343,69.840887,5.829509,46.533187
2018-07-04,23.995172,48.617254,4.332248,34.225481
2018-07-05,10.323577,33.903003,7.671813,43.793021
2018-07-06,13.181439,78.476636,5.690884,49.201158
2018-07-07,12.062130,81.935814,5.815090,37.995199
2018-07-08,19.577346,58.004956,6.312160,44.401327
2018-07-09,12.119167,91.347836,5.097099,48.204607
2018-07-10,9.482508,99.586883,6.836770,40.542794
2018-07-11,17.398395,143.529263,6.724533,51.346413
2018-07-12,29.401537,241.934869,8.006802,61.034228
2018-07-13,17.045031,181.945472,7.420761,53.295772
2018-07-14,13.136282,154.627270,8.713581,55.345153
2018-07-15,18.872455,216.749665,12.302534,64.342890
2018-07-16,11.711622,174.231717,10.411349,69.544778
2018-07-17,40.042567,378.469088,16.072215,125.828512
2018-07-18,23.857027,480.100196,24.075717,165.543772
2018-07-19,29.445957,355.895919,12.914134,104.356564
2018-07-20,17.623872,282.014686,11.764275,135.646334
2018-07-21,15.562847,277.065715,10.199607,120.951059
2018-07-22,10.909802,178.786247,10.323679,125.285605
2018-07-23,10.307423,139.828227,9.855693,108.375867
2018-07-24,7.469750,120.824583,10.597741,101.899006
2018-07-25,6.815635,99.212169,11.388437,89.222323
2018-07-26,6.391625,86.819282,5.802246,97.338545
2018-07-27,5.202761,84.445899,8.131319,125.627615
2018-07-28,9.228223,82.412442,8.485659,93.747169
2018-07-29,8.896945,101.145115,8.469040,117.310852
2018-07-30,22.881175,216.943919,10.259501,145.530797
2018-07-31,14.653110,241.623145,10.415793,152.543602
2018-08-01,13.714251,209.975812,9.129581,121.537064
2018-08-02,6.930484,188.045716,8.395503,123.639494
2018-08-03,4.483938,126.839591,8.614269,102.627438
2018-08-04,5.214212,118.558347,8.045373,118.846619
2018-08-05,5.730814,100.221637,7.157900,90.150923
2018-08-06,5.352733,108.335471,7.300900,99.557183
2018-08-07,5.348056,132.655547,7.793034,104.912182
2018-08-08,7.602535,158.433330,8.259559,157.773890
2018-08-09,9.052180,222.976720,8.189920,151.738648
2018-08-10,6.029714,164.472719,8.322868,115.868528
2018-08-11,5.044318,139.925630,9.168286,112.775437
2018-08-12,16.720925,165.646453,12.584352,110.030826
2018-08-13,15.493623,240.293969,11.418261,124.611992
2018-08-14,24.754367,233.261040,15.305511,117.349674
2018-08-15,7.184869,196.346901,7.560112,121.843488
2018-08-16,29.522324,148.548296,9.136009,61.198891
2018-08-17,4.304939,96.709741,5.527361,72.735804
2018-08-18,5.836035,126.872199,6.292758,98.262426
2018-08-19,3.541498,90.265383,4.841218,61.113839
2018-08-20,4.547802,76.324375,5.326358,61.604503
2018-08-21,5.491972,93.268355,5.505109,86.932690
2018-08-22,2.241983,93.139142,6.739820,50.548473
2018-08-23,2.038703,78.057087,5.959944,45.226481
2018-08-24,5.727289,46.590377,4.599130,27.773238
2018-08-25,9.305104,40.226354,4.524775,45.713698
2018-08-26,10.040591,24.293590,5.537811,25.341610
2018-08-27,0.656364,24.331443,2.588897,28.483147
2018-08-28,0.797189,20.301995,2.876708,13.747866
2018-08-29,35.441635,18.910426,6.138310,21.015745
2018-08-30,17.904770,39.861697,6.951377,50.157249
2018-08-31,2.494357,33.381743,1.935268,24.961584
2018-09-01,1.069504,24.559246,1.521476,14.341801
2018-09-02,10.806240,16.466132,2.595586,11.206673
2018-09-03,3.176883,20.262235,1.724426,36.676363
2018-09-04,3.149990,19.123030,3.744427,27.431718
2018-09-05,52.659453,39.397500,9.595014,30.138698
2018-09-06,9.762784,29.564395,12.315727,39.236028
2018-09-07,4.661811,23.547627,2.535671,32.885405
2018-09-08,2.523121,16.762515,1.903107,23.744268
2018-09-09,1.973063,17.861400,1.922293,20.104235
2018-09-10,0.987747,12.747978,1.456394,5.368341
2018-09-11,2.008491,12.870748,1.274213,4.552535
2018-09-12,2.168812,13.984672,0.876688,4.785978
2018-09-13,2.915778,12.474626,1.491012,4.104145
2018-09-14,15.089475,16.990390,2.928438,10.227700
2018-09-15,5.481503,16.141728,2.362162,21.704721
2018-09-16,22.096382,16.757671,1.710354,13.082495
2018-09-17,20.861464,20.689524,3.982175,5.878844
2018-09-18,27.721723,25.327583,7.689446,7.269615
2018-09-19,0.597600,14.331093,0.451664,2.478043
2018-09-20,0.008144,6.902875,0.429461,2.292876
2018-09-21,0.006859,4.950078,0.425267,2.108331
2018-09-22,0.760658,3.922207,0.650948,2.202891
2018-09-23,61.872186,28.602354,5.197420,2.341228
2018-09-24,0.314739,15.201641,0.435989,2.229893
2018-09-25,0.174356,5.607571,0.407319,1.972879
2018-09-26,0.027394,3.580386,0.404031,1.967496
2018-09-27,17.800938,3.767512,2.639348,2.263596
2018-09-28,3.015176,6.813536,1.976295,2.535150
2018-09-29,0.780808,5.385243,0.497383,2.590839
2018-09-30,8.461254,3.100329,1.762562,2.493216
2018-10-01,0.865955,2.321110,0.402587,1.938556
2018-10-02,0.408231,2.133234,0.394216,1.934138
2018-10-03,0.083463,2.102160,0.386951,1.925467
2018-10-04,0.001189,2.108196,0.384058,1.930566
2018-10-05,0.533119,1.844563,0.511478,2.017034
2018-10-06,0.507164,1.703565,0.459833,1.912343
2018-10-07,1.179011,1.658168,0.620223,1.909901
2018-10-08,0.847341,1.641722,0.383470,1.898452
2018-10-09,1.149821,1.661569,0.372928,1.900873
2018-10-10,0.000262,1.676369,0.370340,1.895427
2018-10-11,0.000000,1.653880,0.366707,1.869177
2018-10-12,0.200096,1.645640,2.325656,1.996740
2018-10-13,1.127218,1.641451,1.011961,1.871509
2018-10-14,0.004553,1.626860,0.359959,1.875674
2018-10-15,0.000179,1.624616,0.356828,1.868575
2018-10-16,0.000954,1.566794,0.354354,1.860606
2018-10-17,0.000000,0.686535,0.351551,1.854801
2018-10-18,0.017173,0.681240,0.350083,1.860977
2018-10-19,0.000009,0.674083,0.439467,1.821443
2018-10-20,0.000043,0.685431,0.344369,1.838706
2018-10-21,0.011154,0.633307,0.340998,1.832335
2018-10-22,0.000047,0.633474,0.396749,1.925176
2018-10-23,0.000030,0.633582,0.359241,1.827991
2018-10-24,0.000000,0.631877,0.328301,1.803415
2018-10-25,0.000000,0.630675,0.331348,1.818009
2018-10-26,0.000000,0.630527,0.453613,1.850668
2018-10-27,0.000000,0.630933,1.354350,1.825142
2018-10-28,0.000000,0.630585,0.318544,1.805399
2018-10-29,0.000000,0.629717,0.317228,1.800039
2018-10-30,0.000000,0.618542,0.311278,1.781663
2018-10-31,0.000000,0.612295,0.310620,1.797553
2018-11-01,0.000000,0.610999,0.305829,1.781127
2018-11-02,0.000000,0.610526,0.313016,1.774824
2018-11-03,0.000000,0.610808,0.300947,1.778687
2018-11-04,0.000000,0.609878,0.293862,1.784844
2018-11-05,0.000000,0.560831,0.293772,1.768135
2018-11-06,0.000000,0.454418,0.288388,1.760444
2018-11-07,0.000000,0.435124,0.304732,1.769556
2018-11-08,0.000000,0.436993,1.243573,1.758458
2018-11-09,3.777724,0.450673,3.546059,1.826155
2018-11-10,2.195544,0.536393,0.278335,1.754026
2018-11-11,0.005570,0.438855,0.286489,1.742826
2018-11-12,0.820478,0.439202,0.430295,1.745659
2018-11-13,0.000000,0.439173,0.275068,1.731886
2018-11-14,0.000000,0.439075,0.266909,1.732835
2018-11-15,0.000000,0.439069,0.257255,1.729482
2018-11-16,0.000000,0.438886,0.255110,1.721128
2018-11-17,0.000000,0.439186,1.941545,1.736192
2018-11-18,0.000000,0.439098,0.852829,1.714361
2018-11-19,0.000000,0.438988,1.663807,1.733435
2018-11-20,3.125007,0.693713,6.451660,1.828138
2018-11-21,0.000137,0.442965,0.241722,1.695617
2018-11-22,0.005146,0.437154,0.263002,1.730844
2018-11-23,0.009946,0.436779,0.892021,1.699245
2018-11-24,0.011466,0.432298,1.190282,1.686061
2018-11-25,0.269079,0.429755,0.916907,1.683703
2018-11-26,0.024252,0.428899,0.435039,1.686358
2018-11-27,0.018096,0.429145,0.251510,1.673560
2018-11-28,0.016647,0.429283,0.256647,1.674977
2018-11-29,0.013023,0.429376,0.258964,1.670423
2018-11-30,0.000000,0.429342,0.261454,1.658305
2018-12-01,0.000000,0.429175,0.263772,1.659991
2018-12-02,0.000000,0.429435,0.264273,1.661062
2018-12-03,0.000000,0.428430,0.265103,1.658714
2018-12-04,0.000000,0.427901,0.263287,1.651261
2018-12-05,0.000000,0.428287,0.264446,1.671275
2018-12-06,0.000000,0.428039,0.265497,1.639054
2018-12-07,0.000000,0.426941,0.262698,1.644277
2018-12-08,0.000000,0.426323,0.258167,1.640527
2018-12-09,0.000000,0.425183,0.258600,1.623813
2018-12-10,0.000000,0.425102,0.257180,1.645030
2018-12-11,0.000000,0.424843,0.275223,1.624440
2018-12-12,0.000000,0.425024,0.253876,1.623393
2018-12-13,0.000000,0.424973,1.769635,1.634753
2018-12-14,0.000000,0.424914,0.800505,1.618462
2018-12-15,0.000000,0.424898,0.390918,1.606710
2018-12-16,0.000000,0.424756,0.287355,1.622444
2018-12-17,0.000000,0.424997,0.245678,1.592193
2018-12-18,0.000000,0.424935,0.244121,1.596103
2018-12-19,0.000000,0.424840,0.242474,1.594481
2018-12-20,0.000000,0.424837,0.584485,1.591945
2018-12-21,0.000000,0.423851,0.239658,1.589765
2018-12-22,0.000000,0.423598,0.242432,1.582116
2018-12-23,0.000000,0.423620,1.106557,1.586401
2018-12-24,0.653184,0.427088,2.387937,1.612346
2018-12-25,0.009243,0.423650,0.307999,1.557348
2018-12-26,0.000000,0.423286,0.229072,1.584179
2018-12-27,0.000000,0.423428,0.228414,1.577277
2018-12-28,0.000000,0.423405,0.240768,1.567935
2018-12-29,0.000000,0.423094,0.225859,1.575765
2018-12-30,0.000000,0.419357,0.223779,1.568913
2018-12-31,0.000000,0.418804,0.224140,1.556401
2019-01-01,0.002089,0.122753,0.220475,1.566576
2019-01-02,0.006055,0.125936,0.220475,1.561797
2019-01-03,0.000000,0.126973,0.217829,1.561874
2019-01-04,0.000000,0.102132,0.261937,1.551985
2019-01-05,0.000000,0.073497,0.215352,1.544000
2019-01-06,0.000000,0.072806,0.212536,1.548510
2019-01-07,0.000000,0.073497,0.210558,1.542550
2019-01-08,0.000000,0.073845,0.389188,1.534347
2019-01-09,0.000000,0.073814,0.214209,1.523804
2019-01-10,0.000000,0.073818,0.206084,1.531177
2019-01-11,0.000000,0.073749,0.204596,1.539273
2019-01-12,0.000000,0.085324,0.201950,2.309361
2019-01-13,0.000000,0.175868,0.202663,1.510137
2019-01-14,0.000000,0.214900,0.198145,1.506106
2019-01-15,0.000000,0.226415,0.198145,1.508865
2019-01-16,0.000000,0.232818,0.195498,1.502014
2019-01-17,0.000000,0.253975,0.194339,1.504115
2019-01-18,0.000000,0.261831,0.193054,1.518361
2019-01-19,0.000000,0.276409,0.191364,1.502163
2019-01-20,0.000000,0.271669,0.189047,1.511432
2019-01-21,0.000000,0.246767,0.186729,1.494208
2019-01-22,0.000000,0.229443,0.186729,1.493907
2019-01-23,0.000000,0.137329,0.184411,1.491759
2019-01-24,0.000000,0.071048,0.181436,1.500446
2019-01-25,0.000000,0.148374,0.181436,1.492278
2019-01-26,0.000000,0.180119,0.179118,1.498588
2019-01-27,0.000000,0.222421,0.176801,1.477164
2019-01-28,0.000000,0.252930,0.176143,1.483596
2019-01-29,0.000000,0.242967,0.173825,1.479506
2019-01-30,0.000000,0.236070,0.172165,1.465967
2019-01-31,0.000000,0.247005,0.171508,1.468279
2019-02-01,0.000000,0.214423,0.177240,1.485532
2019-02-02,0.000000,0.223594,0.168031,1.467340
2019-02-03,0.000000,0.142129,0.165544,1.447819
2019-02-04,0.000000,0.103004,0.164404,1.473321
2019-02-05,0.000000,0.231651,0.163067,1.447882
2019-02-06,0.000000,0.276948,0.159919,1.461478
2019-02-07,0.000000,0.299184,0.160248,1.442334
2019-02-08,0.000000,0.312255,0.158761,1.459861
2019-02-09,0.000000,0.320586,0.156443,1.440300
2019-02-10,0.000000,0.324511,0.155284,1.435514
2019-02-11,0.000000,0.325698,0.152966,1.465845
2019-02-12,0.000000,0.325815,0.150320,1.424020
2019-02-13,0.000000,0.325583,0.150649,1.435725
2019-02-14,0.000000,0.325094,0.150649,1.431181
2019-02-15,0.000000,0.321171,0.146013,1.425020
2019-02-16,0.000000,0.312373,0.147501,1.414369
2019-02-17,0.000000,0.302920,0.143696,1.425227
2019-02-18,0.000000,0.299737,0.146125,1.423504
2019-02-19,0.000000,0.295990,0.141378,1.443020
2019-02-20,0.000000,0.299625,0.140219,1.405802
2019-02-21,0.000000,0.304743,1.291522,1.421831
2019-02-22,0.000000,0.309057,0.149120,1.409546
2019-02-23,0.000000,0.314861,0.139180,1.406005
2019-02-24,0.000000,0.318790,0.135584,1.418565
2019-02-25,0.000000,0.316965,0.133266,1.399296
2019-02-26,0.000000,0.317062,0.133243,1.418203
2019-02-27,0.000000,0.321295,0.129790,1.386192
2019-02-28,0.000000,0.325528,0.824041,1.449778
2019-03-01,0.000000,0.327088,0.160724,1.321443
2019-03-02,0.000000,0.329060,0.127472,1.347858
2019-03-03,0.000000,0.333260,0.126196,1.325762
2019-03-04,0.000000,0.334513,0.124112,1.325384
2019-03-05,0.000000,0.335571,0.122837,1.326677
2019-03-06,0.000000,0.333442,0.123879,1.321970
2019-03-07,0.000000,0.329943,0.120519,1.324456
2019-03-08,0.000000,0.328479,0.120519,1.325296
2019-03-09,0.000000,0.332907,0.118201,1.324767
2019-03-10,0.000000,0.332778,0.118201,1.312940
2019-03-11,0.000000,0.333468,0.117042,1.314804
2019-03-12,0.000000,0.335174,0.113683,1.317897
2019-03-13,0.000000,0.335189,0.115884,1.325464
2019-03-14,0.000000,0.333847,0.113566,1.291395
2019-03-15,0.000000,0.334597,0.113566,1.308713
2019-03-16,0.000000,0.333192,0.111248,1.310183
2019-03-17,0.000000,0.333671,0.111248,1.286487
2019-03-18,0.000000,0.334097,0.108931,1.308395
2019-03-19,0.000000,0.332547,0.108931,1.302543
2019-03-20,0.000000,0.333165,0.108931,1.277198
2019-03-21,0.000000,0.332776,0.106613,1.292668
2019-03-22,0.000000,0.332504,0.106496,1.295317
2019-03-23,0.000000,0.335094,0.105454,1.291758
2019-03-24,0.000000,0.334904,0.104295,1.285542
2019-03-25,0.000000,0.333675,0.103850,1.283522
2019-03-26,0.000000,0.330475,0.103136,1.280260
2019-03-27,0.000000,0.329084,0.100819,1.284152
2019-03-28,0.000000,0.328674,0.100819,1.280391
2019-03-29,0.000000,0.328265,0.099660,1.274166
2019-03-30,0.000000,0.327806,0.099660,1.277059
2019-03-31,0.000000,0.328303,0.097342,1.267437
2019-04-01,0.000000,0.327965,0.097342,1.261333
2019-04-02,0.000000,0.221103,0.098021,1.556601
2019-04-03,0.000000,0.073314,0.096523,1.257298
2019-04-04,0.000000,0.073321,0.093866,1.262624
2019-04-05,0.000000,0.073345,0.096226,1.262351
2019-04-06,0.000000,0.073312,0.365738,1.946786
2019-04-07,0.000000,0.073343,0.650964,2.012379
2019-04-08,0.000000,0.211151,1.807680,1.678931
2019-04-09,0.000000,0.317815,0.092181,1.557415
2019-04-10,0.000000,0.578045,0.450735,1.561619
2019-04-11,0.000000,1.446026,1.264720,1.848376
2019-04-12,3.242347,1.979168,3.776045,2.041884
2019-04-13,6.028550,1.961078,2.680564,2.434117
2019-04-14,16.194313,2.679561,8.296502,1.598303
2019-04-15,12.507702,2.732163,1.793190,2.013113
2019-04-16,8.616249,1.668140,0.449960,2.973794
2019-04-17,0.885832,0.918167,0.099617,2.618118
2019-04-18,0.677097,0.502439,0.190109,1.890253
2019-04-19,5.404897,0.612326,0.902399,3.041884
2019-04-20,4.910082,0.899564,0.452562,3.166957
2019-04-21,4.732274,0.949939,0.106613,2.990405
2019-04-22,0.421415,0.627624,0.109198,1.238176
2019-04-23,0.408802,0.154437,0.110089,1.237733
2019-04-24,0.391001,0.077041,0.114065,1.548112
2019-04-25,0.379291,0.072761,0.124933,1.408252
2019-04-26,0.387169,0.072699,0.281450,3.066814
2019-04-27,5.764204,0.318500,2.348495,2.955328
2019-04-28,30.082906,2.290150,6.969495,2.128956
2019-04-29,36.268376,3.528589,10.381048,2.121916
2019-04-30,32.074263,4.018283,6.000208,2.341503
2019-05-01,31.599590,3.238457,6.170155,2.098496
2019-05-02,25.468641,4.800799,3.829377,2.095342
2019-05-03,11.128274,2.053702,0.442629,1.269643
2019-05-04,47.957842,6.183212,7.404134,1.778516
2019-05-05,54.404746,11.473687,10.323819,1.474189
2019-05-06,51.511661,22.904334,14.095424,1.503079
2019-05-07,23.584135,17.097253,3.165512,1.534354
2019-05-08,15.904567,12.708839,3.350863,2.003018
2019-05-09,20.626404,9.413323,2.695285,2.174215
2019-05-10,11.235623,5.116023,2.659232,2.144537
2019-05-11,13.872957,3.914665,2.474096,1.509200
2019-05-12,7.056600,2.447381,1.327216,1.617264
2019-05-13,1.813736,0.432508,1.331244,1.445234
2019-05-14,28.100999,3.928993,8.204453,1.350208
2019-05-15,23.469529,9.228723,8.102142,2.225517
2019-05-16,27.369285,12.380278,3.985301,2.299244
2019-05-17,21.951245,12.030896,3.175709,1.740205
2019-05-18,26.918780,12.840308,4.552139,1.957012
2019-05-19,30.795149,14.396264,5.846065,1.974906
2019-05-20,21.126934,12.241379,4.854976,2.195590
2019-05-21,20.122985,10.749186,4.614367,1.810041
2019-05-22,39.025802,13.478243,7.975785,2.300016
2019-05-23,44.411863,19.371836,10.369994,2.308025
2019-05-24,42.027507,21.274932,4.745321,2.410698
2019-05-25,59.612556,24.711713,5.373960,1.636307
2019-05-26,57.148953,32.696480,8.108937,2.365268
2019-05-27,32.575822,26.759416,3.541447,2.173109
2019-05-28,26.634235,19.445074,4.411387,3.000727
2019-05-29,30.743587,17.152938,4.292073,8.571722
2019-05-30,24.255479,17.054244,4.571591,17.427828
2019-05-31,22.229277,18.637512,4.894891,17.831796
2019-06-01,18.054012,20.775993,4.970479,15.659175
2019-06-02,18.573483,24.436957,5.314078,14.663482
2019-06-03,22.415183,29.062109,5.852446,21.096433
2019-06-04,24.752395,34.857753,6.417527,22.767929
2019-06-05,17.284231,29.649437,7.988478,21.054941
2019-06-06,18.560420,22.704321,4.938254,27.666810
2019-06-07,32.486955,25.036734,4.966995,29.909802
2019-06-08,20.231977,28.044196,5.091526,27.977705
2019-06-09,21.904237,29.731686,5.989551,35.922115
2019-06-10,15.445615,25.382115,6.556425,26.713918
2019-06-11,35.676873,36.913981,15.101233,33.950615
2019-06-12,55.835520,65.356154,21.433890,44.367149
2019-06-13,28.491303,72.954421,10.056265,39.977182
2019-06-14,27.077324,62.404508,7.961565,35.019443
2019-06-15,26.567326,68.520981,7.178258,30.650017
2019-06-16,29.697425,74.606562,7.850265,46.714233
2019-06-17,26.082659,86.870641,9.222982,50.790568
2019-06-18,17.896306,76.735928,8.317514,46.539661
2019-06-19,21.874689,78.422289,8.837316,47.546438
2019-06-20,18.153050,82.579182,8.702567,46.623722
2019-06-21,16.165024,78.655812,8.578053,46.635182
2019-06-22,15.654831,73.279644,8.942035,46.050739
2019-06-23,16.326570,69.820679,8.222414,39.562456
2019-06-24,19.709716,90.838940,9.871143,45.593669
2019-06-25,29.704651,131.266523,11.006177,58.323919
2019-06-26,33.965132,173.661254,12.836504,52.246255
2019-06-27,29.779316,179.529035,11.205420,57.165738
2019-06-28,23.345168,160.022831,9.971963,51.175442
2019-06-29,15.478084,117.358195,8.856306,42.623503
2019-06-30,18.103435,98.719166,9.568279,45.362644
2019-07-01,11.165055,75.343240,11.488753,48.562391
2019-07-02,31.046483,63.646877,9.558300,55.198385
2019-07-03,11.999895,74.000950,8.169424,52.775114
2019-07-04,10.745192,89.935230,9.124104,51.651817
2019-07-05,15.000427,116.341004,10.182265,53.825819
2019-07-06,14.280903,136.628402,10.021934,48.295802
2019-07-07,12.892255,127.261772,10.769485,41.724046
2019-07-08,17.296229,138.896586,10.910432,51.015297
2019-07-09,13.702520,135.501339,13.110532,55.200174
2019-07-10,10.653937,107.451999,11.996913,60.018583
2019-07-11,11.878227,111.080345,12.781279,67.475767
2019-07-12,11.715159,113.115703,12.454105,68.870692
2019-07-13,13.758621,114.302020,12.198989,68.247009
2019-07-14,12.245627,135.754190,13.327173,76.528755
2019-07-15,8.835004,120.891227,9.899576,51.228817
2019-07-16,10.567187,116.041549,13.445240,87.406190
2019-07-17,13.719936,153.655572,13.550887,90.332401
2019-07-18,13.112333,160.817961,13.562784,102.500927
2019-07-19,13.451886,161.711640,12.968586,107.605942
2019-07-20,12.711999,155.329387,13.128584,107.013818
2019-07-21,11.041614,151.960044,14.034140,117.207105
2019-07-22,12.075022,168.736444,12.941091,112.547907
2019-07-23,11.756240,178.546879,12.068433,111.868510
2019-07-24,9.161139,152.208515,12.256830,105.211186
2019-07-25,9.220804,138.104673,11.051823,72.823590
2019-07-26,12.410262,101.468708,11.253756,71.531433
2019-07-27,13.013089,109.050383,12.043719,82.208489
2019-07-28,17.763030,71.973727,14.159928,64.433895
2019-07-29,9.144893,77.001320,11.552982,95.549848
2019-07-30,14.370551,117.380010,9.793171,79.765027
2019-07-31,33.060485,313.224641,16.708572,162.273171
2019-08-01,19.639983,333.885474,14.864249,151.403637
2019-08-02,11.689646,205.306822,13.583243,120.056623
2019-08-03,15.564708,220.442458,12.460520,122.020364
2019-08-04,12.285062,185.564976,12.774760,125.941423
2019-08-05,13.959346,207.073280,12.408784,139.146802
2019-08-06,8.081738,160.150510,11.319858,102.921895
2019-08-07,10.118347,140.954301,11.001495,107.295828
2019-08-08,9.227890,142.531678,10.703899,107.255924
2019-08-09,6.951748,108.358897,10.011081,69.319111
2019-08-10,9.632440,119.550388,9.836748,97.980276
2019-08-11,5.511104,90.456401,8.622410,67.984495
2019-08-12,14.489481,69.494537,14.169830,72.588747
2019-08-13,34.977937,147.577792,22.699968,93.044029
2019-08-14,7.152493,95.144423,7.556930,76.905385
2019-08-15,5.399357,65.904299,7.166817,51.415328
2019-08-16,5.303555,60.704901,6.826297,52.816493
2019-08-17,6.380876,75.666493,8.157484,64.912098
2019-08-18,8.047520,88.878692,6.745261,73.908293
2019-08-19,4.715615,65.847461,5.864084,47.189619
2019-08-20,4.849951,60.445909,5.852850,77.657847
2019-08-21,3.515010,50.685406,5.399577,53.221526
2019-08-22,3.145132,40.254863,5.008618,36.544695
2019-08-23,2.864905,35.198747,5.809457,35.388921
2019-08-24,13.378266,27.788610,8.044235,19.589428
2019-08-25,4.289650,42.848564,8.793929,44.226889
2019-08-26,4.365157,47.836431,3.669916,42.716940
2019-08-27,3.578817,45.790442,3.650967,29.291349
2019-08-28,6.727692,66.579944,4.240358,71.147756
2019-08-29,1.228674,39.607080,2.935236,17.573098
2019-08-30,0.803113,19.941963,4.684884,26.722705
2019-08-31,2.211432,21.009249,5.069956,38.057725
2019-09-01,4.468122,31.257881,0.000000,0.000000
2019-09-02,5.101888,35.801707,0.000000,0.000000
2019-09-03,7.620544,48.029359,0.000000,0.000000
2019-09-04,7.681658,104.832948,0.000000,0.000000
2019-09-05,2.828046,49.528096,0.000000,0.000000
2019-09-06,21.016820,55.381111,0.000000,0.000000
2019-09-07,3.776636,48.242339,0.000000,0.000000
2019-09-08,0.526053,50.985601,0.000000,0.000000
2019-09-09,1.358619,19.789889,0.000000,0.000000
2019-09-10,0.910931,17.558349,0.000000,0.000000
2019-09-11,0.460419,13.285308,0.000000,0.000000
2019-09-12,0.275595,9.630028,0.000000,0.000000
2019-09-13,0.413370,8.732578,0.000000,0.000000
2019-09-14,0.783672,18.291075,0.000000,0.000000
2019-09-15,0.016146,17.444028,0.000000,0.000000
2019-09-16,0.002515,7.858568,0.000000,0.000000
2019-09-17,0.000990,3.253239,0.000000,0.000000
2019-09-18,0.930797,1.626470,0.000000,0.000000
2019-09-19,0.059144,5.214657,0.000000,0.000000
2019-09-20,0.008654,12.471215,0.000000,0.000000
2019-09-21,0.524270,13.254797,0.000000,0.000000
2019-09-22,7.397179,17.501446,0.000000,0.000000
2019-09-23,7.350319,49.779572,0.000000,0.000000
2019-09-24,1.193074,36.169944,0.000000,0.000000
2019-09-25,0.083447,32.043230,0.000000,0.000000
2019-09-26,0.007682,17.291938,0.000000,0.000000
2019-09-27,5.160732,27.351776,0.000000,0.000000
2019-09-28,18.726983,84.829950,0.000000,0.000000
2019-09-29,0.398234,40.377369,0.000000,0.000000
2019-09-30,0.183808,15.634773,0.000000,0.000000
2019-10-01,19.563345,14.559980,0.000000,0.000000
2019-10-02,65.610074,25.108960,0.000000,0.000000
2019-10-03,22.164321,22.671680,0.000000,0.000000
2019-10-04,40.360791,30.140867,0.000000,0.000000
2019-10-05,45.563269,57.042239,0.000000,0.000000
2019-10-06,12.913846,62.346164,0.000000,0.000000
2019-10-07,9.156469,45.506955,0.000000,0.000000
2019-10-08,1.988001,10.710674,0.000000,0.000000
2019-10-09,8.183894,11.991893,0.000000,0.000000
2019-10-10,0.101526,8.149140,0.000000,0.000000
2019-10-11,0.355610,3.061267,0.000000,0.000000
2019-10-12,0.033050,1.464321,0.000000,0.000000
2019-10-13,0.141995,1.064499,0.000000,0.000000
2019-10-14,0.140061,0.954137,0.000000,0.000000
2019-10-15,0.000948,0.941808,0.000000,0.000000
2019-10-16,0.006524,0.914866,0.000000,0.000000
2019-10-17,0.028012,0.907525,0.000000,0.000000
2019-10-18,0.008427,0.882290,0.000000,0.000000
2019-10-19,14.727456,2.151203,0.000000,0.000000
2019-10-20,2.169184,3.401826,0.000000,0.000000
2019-10-21,0.006312,1.409609,0.000000,0.000000
2019-10-22,0.004625,0.974764,0.000000,0.000000
2019-10-23,0.009093,0.866014,0.000000,0.000000
2019-10-24,0.000110,0.830357,0.000000,0.000000
2019-10-25,0.000521,0.814443,0.000000,0.000000
2019-10-26,0.008251,0.760935,0.000000,0.000000
2019-10-27,0.166360,0.717378,0.000000,0.000000
2019-10-28,9.662945,2.036812,0.000000,0.000000
2019-10-29,8.178190,3.273949,0.000000,0.000000
2019-10-30,0.464388,0.840637,0.000000,0.000000
2019-10-31,0.000519,0.384315,0.000000,0.000000
2019-11-01,0.000000,0.396180,0.000000,0.000000
2019-11-02,0.000000,0.821069,0.000000,0.000000
2019-11-03,0.000011,0.977845,0.000000,0.000000
2019-11-04,0.000000,1.019710,0.000000,0.000000
2019-11-05,0.000111,1.128715,0.000000,0.000000
2019-11-06,0.000224,1.136256,0.000000,0.000000
2019-11-07,0.000033,1.152386,0.000000,0.000000
2019-11-08,0.365239,1.112013,0.000000,0.000000
2019-11-09,1.360661,1.106219,0.000000,0.000000
2019-11-10,0.293880,1.111044,0.000000,0.000000
2019-11-11,0.087933,1.322054,0.000000,0.000000
2019-11-12,0.067080,1.378482,0.000000,0.000000
2019-11-13,0.047467,1.387387,0.000000,0.000000
2019-11-14,0.041584,1.357647,0.000000,0.000000
2019-11-15,0.037788,1.192432,0.000000,0.000000
2019-11-16,0.027805,1.096534,0.000000,0.000000
2019-11-17,0.018703,1.079208,0.000000,0.000000
2019-11-18,0.000004,1.076233,0.000000,0.000000
2019-11-19,0.000222,1.078397,0.000000,0.000000
2019-11-20,0.000187,1.082232,0.000000,0.000000
2019-11-21,0.000000,1.083519,0.000000,0.000000
2019-11-22,0.000000,1.092436,0.000000,0.000000
2019-11-23,0.000000,1.102616,0.000000,0.000000
2019-11-24,0.000000,1.103617,0.000000,0.000000
2019-11-25,0.000000,1.086146,0.000000,0.000000
2019-11-26,0.000000,0.921718,0.000000,0.000000
2019-11-27,0.000000,0.369720,0.000000,0.000000
2019-11-28,0.000000,0.350799,0.000000,0.000000
2019-11-29,0.000000,0.350672,0.000000,0.000000
2019-11-30,0.000000,0.350641,0.000000,0.000000
2019-12-01,0.000000,0.350986,0.000000,0.000000
2019-12-02,0.000000,0.351456,0.000000,0.000000
2019-12-03,0.000000,0.294602,0.000000,0.000000
2019-12-04,0.000000,0.194907,0.000000,0.000000
2019-12-05,0.000000,0.194907,0.000000,0.000000
2019-12-06,0.000000,0.194832,0.000000,0.000000
2019-12-07,0.000000,0.194922,0.000000,0.000000
2019-12-08,0.000000,0.194912,0.000000,0.000000
2019-12-09,0.000000,0.194907,0.000000,0.000000
2019-12-10,0.000000,0.194907,0.000000,0.000000
2019-12-11,0.000000,0.194832,0.000000,0.000000
2019-12-12,0.000000,0.194922,0.000000,0.000000
2019-12-13,0.000000,0.194912,0.000000,0.000000
2019-12-14,0.000000,0.194189,0.000000,0.000000
2019-12-15,0.000000,0.193830,0.000000,0.000000
2019-12-16,0.000000,0.193702,0.000000,0.000000
2019-12-17,0.000000,0.193791,0.000000,0.000000
2019-12-18,0.000000,0.193781,0.000000,0.000000
2019-12-19,0.000000,0.193803,0.000000,0.000000
2019-12-20,0.000000,0.193830,0.000000,0.000000
2019-12-21,0.000000,0.193702,0.000000,0.000000
2019-12-22,0.000000,0.193791,0.000000,0.000000
2019-12-23,0.000000,0.193543,0.000000,0.000000
2019-12-24,0.000000,0.192649,0.000000,0.000000
2019-12-25,0.000000,0.192649,0.000000,0.000000
2019-12-26,0.000000,0.192552,0.000000,0.000000
2019-12-27,0.000000,0.192666,0.000000,0.000000
2019-12-28,0.000000,0.192654,0.000000,0.000000
2019-12-29,0.000000,0.192648,0.000000,0.000000
2019-12-30,0.000000,0.628749,0.000000,0.000000
2019-12-31,0.000000,0.194494,0.000000,0.000000

