time,MAR_land,MAR_ice,RACMO_land,RACMO_ice
2015-01-01,3.987511,0.001638,0.097010,3.474051
2015-01-02,3.949354,0.001486,0.097010,3.459729
2015-01-03,3.909555,0.001495,0.094157,3.469705
2015-01-04,3.870260,0.066329,0.094157,3.448930
2015-01-05,3.831401,0.365777,0.093206,3.431990
2015-01-06,3.789937,0.371060,0.091304,3.424433
2015-01-07,3.754084,0.372681,0.220469,3.442843
2015-01-08,3.718540,0.375781,0.090716,3.422165
2015-01-09,3.686287,0.376560,0.090129,3.428679
2015-01-10,3.653967,0.377033,0.087499,3.425904
2015-01-11,3.619705,0.377665,0.086912,3.422566
2015-01-12,3.591253,0.377320,0.085234,3.408980
2015-01-13,3.561125,0.376492,0.085597,3.389619
2015-01-14,3.531126,0.378136,0.083695,3.430317
2015-01-15,3.501186,0.378043,0.081793,3.385491
2015-01-16,3.468917,0.377268,0.082157,3.416419
2015-01-17,3.441798,0.077183,0.080842,3.381709
2015-01-18,3.412609,0.001580,0.079891,3.379920
2015-01-19,3.383794,0.001494,0.077989,3.403450
2015-01-20,3.355995,0.001495,0.083431,3.387500
2015-01-21,3.326343,0.001500,0.077038,3.358043
2015-01-22,3.301196,0.001684,0.075135,3.403095
2015-01-23,3.274230,0.001705,0.078523,3.352897
2015-01-24,3.247440,0.001722,0.074184,3.343759
2015-01-25,3.221104,0.001722,0.072282,3.338610
2015-01-26,3.193281,0.001717,0.072282,3.315483
2015-01-27,3.169931,0.013716,0.070380,3.338290
2015-01-28,3.144443,0.583268,0.070380,3.336191
2015-01-29,3.119806,0.641082,0.068478,3.321878
2015-01-30,3.095298,0.639402,0.068478,3.305788
2015-01-31,3.071498,0.635158,0.067527,3.316018
2015-02-01,3.047525,0.644088,0.066576,3.316390
2015-02-02,3.027942,1.069594,0.065625,3.302898
2015-02-03,3.006273,1.103633,0.063722,3.323826
2015-02-04,2.984922,0.315385,0.064673,3.291612
2015-02-05,2.964525,0.018950,0.062771,3.304785
2015-02-06,2.942383,0.016642,0.060869,3.282231
2015-02-07,2.924427,0.017890,0.060869,3.292631
2015-02-08,2.904388,0.017537,0.060869,3.295092
2015-02-09,2.884315,0.088000,0.058967,3.282968
2015-02-10,2.864710,0.102647,0.058016,3.267180
2015-02-11,2.843365,0.102370,0.056114,3.267918
2015-02-12,2.826186,0.062643,0.057065,3.269424
2015-02-13,2.807496,0.017423,0.055163,3.270208
2015-02-14,2.789374,0.019630,0.054212,3.246155
2015-02-15,2.771325,0.018409,0.053261,3.256800
2015-02-16,2.751467,0.017989,0.052309,3.240647
2015-02-17,2.735682,0.018049,0.051358,3.266097
2015-02-18,2.718167,0.018069,0.050407,3.231055
2015-02-19,2.700896,0.018487,0.049456,3.232609
2015-02-20,2.683808,0.018323,0.048505,3.258025
2015-02-21,2.664967,0.016405,0.047554,3.221679
2015-02-22,2.649880,0.002326,0.045652,3.241159
2015-02-23,2.633208,0.001477,0.045652,3.220166
2015-02-24,2.617214,0.001476,0.043750,3.247939
2015-02-25,2.601380,0.001476,0.043750,3.203667
2015-02-26,2.584007,0.001474,0.043750,3.217710
2015-02-27,2.570271,0.001475,0.041848,3.233714
2015-02-28,2.554731,0.001475,0.039945,3.217515
2015-03-01,2.537574,0.001474,0.039945,3.214124
2015-03-02,2.524146,0.001475,0.038043,3.210527
2015-03-03,2.508938,0.261104,0.038994,3.187696
2015-03-04,2.494055,0.410029,0.041431,3.215474
2015-03-05,2.479274,0.012931,0.038310,3.163731
2015-03-06,2.463401,0.001693,0.035190,3.182317
2015-03-07,2.451726,0.008157,0.034239,3.190461
2015-03-08,2.438351,0.001955,0.031119,3.181999
2015-03-09,2.424904,0.001554,0.043750,3.168389
2015-03-10,2.411522,0.001554,0.033555,3.187880
2015-03-11,2.396535,0.001553,0.038674,3.163240
2015-03-12,2.385232,0.001554,0.030435,3.165089
2015-03-13,2.372413,0.001554,0.038524,3.138795
2015-03-14,2.359685,0.001554,0.921088,3.178678
2015-03-15,2.347139,0.001554,0.029751,3.119670
2015-03-16,2.332976,0.001553,0.026363,3.152184
2015-03-17,2.322227,0.001554,0.027581,3.129380
2015-03-18,2.310017,0.001554,0.026630,3.117852
2015-03-19,2.297875,0.001554,0.025679,3.113453
2015-03-20,2.285823,0.001554,0.025679,3.114447
2015-03-21,2.272328,0.001553,0.031109,3.105784
2015-03-22,2.261996,0.001554,0.024728,3.111914
2015-03-23,2.250135,0.001554,0.023777,3.087598
2015-03-24,2.238305,0.001554,0.023777,3.090684
2015-03-25,2.226609,0.032523,0.022826,3.090069
2015-03-26,2.213590,0.073217,0.023190,3.068177
2015-03-27,2.203714,0.026590,0.021875,3.083165
2015-03-28,2.192443,0.006025,0.021875,3.088800
2015-03-29,2.181134,0.001493,0.018755,3.064259
2015-03-30,2.169821,0.001485,0.020924,3.069912
2015-03-31,2.158702,0.001485,0.020924,3.068838
2015-04-01,2.146120,0.001483,0.019973,3.064647
2015-04-02,2.136572,0.001484,0.019022,3.054972
2015-04-03,2.125705,0.022644,0.018071,6.974751
2015-04-04,2.114935,0.004930,0.019022,3.069412
2015-04-05,2.104514,0.014245,0.017119,3.034337
2015-04-06,2.093187,0.162830,0.018071,3.059080
2015-04-07,2.084849,0.207521,0.016168,3.028059
2015-04-08,2.075251,0.206851,0.016168,2.994123
2015-04-09,2.065555,0.215650,0.016168,3.032072
2015-04-10,2.055796,0.202066,0.015217,3.016640
2015-04-11,2.044653,0.026641,0.015217,2.963477
2015-04-12,2.036624,0.001505,0.015217,2.993001
2015-04-13,2.027357,0.001484,0.022452,2.983682
2015-04-14,2.018266,0.001484,0.013315,3.181350
2015-04-15,2.009128,0.001485,0.014266,10.088137
2015-04-16,1.998801,0.001483,0.059351,4.041428
2015-04-17,1.991387,0.001484,0.448904,4.638743
2015-04-18,1.982566,0.001484,0.834973,4.217705
2015-04-19,1.973691,0.001485,2.930946,5.185979
2015-04-20,1.964041,2.220373,2.518075,5.190925
2015-04-21,1.957754,0.206903,0.011413,2.943261
2015-04-22,1.952623,0.001579,0.011413,3.132086
2015-04-23,1.943460,0.001485,0.011413,3.530054
2015-04-24,1.933426,0.001485,0.011413,5.287963
2015-04-25,1.923564,0.001486,0.010462,2.936688
2015-04-26,1.913251,0.001484,0.010462,2.935297
2015-04-27,1.905798,0.001485,0.021308,2.929374
2015-04-28,1.897220,0.001484,0.009511,2.928183
2015-04-29,1.888806,0.001484,0.012267,2.924180
2015-04-30,1.880754,0.001485,0.007609,2.924160
2015-05-01,1.871662,0.001483,0.008560,2.924101
2015-05-02,1.865427,0.001484,0.009511,2.913150
2015-05-03,1.858004,0.001484,0.008560,2.917726
2015-05-04,1.850619,0.001484,0.007609,3.191826
2015-05-05,1.843302,0.001485,0.007609,4.482430
2015-05-06,1.834810,0.001483,0.010462,2.946397
2015-05-07,1.829064,0.001484,0.007609,4.576029
2015-05-08,1.822185,0.001484,0.006658,4.917021
2015-05-09,1.815412,0.001484,0.007609,3.273439
2015-05-10,1.808754,0.001485,0.005706,2.887737
2015-05-11,1.801158,0.001483,0.065541,4.214490
2015-05-12,1.796166,0.001484,0.014266,5.996548
2015-05-13,1.790048,0.001484,0.871030,5.586094
2015-05-14,1.783980,0.001484,0.996594,4.239177
2015-05-15,1.777952,0.001485,1.740012,8.265372
2015-05-16,1.770637,0.001482,1.692487,8.556931
2015-05-17,1.765271,2.037575,1.302894,8.451188
2015-05-18,1.762722,4.202507,1.045172,8.789669
2015-05-19,1.760480,1.778507,0.118946,5.251047
2015-05-20,1.751574,0.308991,0.002490,3.190661
2015-05-21,1.741114,2.776226,0.508211,7.443567
2015-05-22,1.735370,3.443621,1.310039,7.733695
2015-05-23,1.737578,9.122125,1.043241,9.253798
2015-05-24,1.724004,8.994711,1.431430,7.269378
2015-05-25,1.707263,7.256849,0.511301,7.648081
2015-05-26,1.740939,8.853229,0.927496,10.096554
2015-05-27,1.961370,22.491698,1.505048,8.041791
2015-05-28,1.828050,13.178105,1.355208,8.384036
2015-05-29,1.793991,10.277523,1.914357,6.973509
2015-05-30,1.732033,7.825221,1.717876,6.148156
2015-05-31,1.882659,13.888036,1.551567,10.661219
2015-06-01,1.884429,13.593639,1.297733,7.191810
2015-06-02,2.249461,18.547500,2.480109,9.473158
2015-06-03,2.556117,20.530246,2.361732,8.145774
2015-06-04,2.657978,22.206798,3.685838,7.447040
2015-06-05,2.759552,24.104204,3.308074,6.256239
2015-06-06,2.790157,30.847850,3.389870,6.016654
2015-06-07,2.905242,37.752636,4.551639,6.567660
2015-06-08,3.104182,50.547495,4.477667,9.153464
2015-06-09,3.131696,32.564123,5.369743,6.588232
2015-06-10,3.515793,60.804038,5.307524,7.734143
2015-06-11,3.384576,54.310154,4.799144,6.593411
2015-06-12,3.321902,47.699475,3.818777,6.781517
2015-06-13,3.565494,48.856815,4.863376,6.226592
2015-06-14,3.729025,49.543326,5.221301,5.815293
2015-06-15,3.865734,55.537213,7.967756,5.894710
2015-06-16,4.516305,94.233405,5.588494,15.907285
2015-06-17,5.726418,122.044905,6.213770,27.251845
2015-06-18,5.654697,117.260601,7.279259,27.291980
2015-06-19,5.749940,121.709918,7.987875,26.457900
2015-06-20,6.266745,123.814734,7.031234,23.670235
2015-06-21,6.583331,115.777665,7.371538,25.117201
2015-06-22,8.197418,117.555137,6.844552,26.613739
2015-06-23,8.627987,126.958935,6.768076,24.810629
2015-06-24,10.761365,156.279121,7.355873,28.938209
2015-06-25,11.062858,198.864757,7.459674,33.391109
2015-06-26,12.562243,236.061205,8.073253,34.873462
2015-06-27,17.584671,233.623929,8.259212,39.561120
2015-06-28,17.444820,210.736869,8.106676,64.729583
2015-06-29,17.164698,175.633938,6.862586,55.743902
2015-06-30,17.447877,173.807305,7.171037,62.606906
2015-07-01,21.180440,208.896524,7.676531,63.954567
2015-07-02,26.802085,265.005069,8.166190,66.615794
2015-07-03,30.313284,301.760603,8.824974,68.486585
2015-07-04,32.013318,322.315117,8.404893,75.350525
2015-07-05,38.581254,422.650719,9.315227,111.399427
2015-07-06,37.593202,378.732341,8.761450,118.442510
2015-07-07,38.627971,359.779804,7.953889,135.949158
2015-07-08,41.058196,354.991752,7.704904,147.717640
2015-07-09,41.445381,336.982633,7.071130,135.307531
2015-07-10,44.188242,366.463400,6.879107,149.780653
2015-07-11,44.437646,332.957251,5.084444,124.847064
2015-07-12,35.599026,212.891094,8.629040,133.507850
2015-07-13,48.888975,315.776018,6.147566,138.139293
2015-07-14,59.918524,374.194012,6.674290,170.945024
2015-07-15,63.875620,424.814681,6.379838,181.147112
2015-07-16,69.339854,503.395301,7.333101,210.408908
2015-07-17,65.468808,435.907195,8.149191,227.416732
2015-07-18,65.844473,407.357660,7.926128,261.929863
2015-07-19,73.807041,451.905646,6.823826,241.495596
2015-07-20,67.002376,337.206969,5.205178,204.843202
2015-07-21,67.326839,311.895042,6.462020,231.578221
2015-07-22,66.507287,277.985915,6.253290,229.839597
2015-07-23,64.972598,267.464242,5.905325,191.031937
2015-07-24,56.007789,169.510669,5.937628,163.537028
2015-07-25,53.294309,169.866645,8.071934,197.365925
2015-07-26,55.183077,169.920320,8.245860,202.779585
2015-07-27,53.276408,162.140847,7.794885,173.792348
2015-07-28,45.887613,119.958479,7.596782,169.501834
2015-07-29,45.569176,136.177125,7.635944,166.153094
2015-07-30,48.865270,188.142541,7.537605,175.248230
2015-07-31,47.658969,215.533108,8.459204,223.018559
2015-08-01,61.861544,489.643494,9.088707,327.601895
2015-08-02,64.009620,479.482777,6.399887,261.026484
2015-08-03,58.073596,310.885699,7.419525,284.788419
2015-08-04,61.786616,297.299947,6.505955,233.222681
2015-08-05,61.510352,281.054859,6.499622,201.050389
2015-08-06,59.916381,254.819117,6.185264,197.856839
2015-08-07,55.989528,218.650221,8.068642,204.588617
2015-08-08,51.314802,187.465204,8.816743,159.851728
2015-08-09,44.172260,121.801554,8.467571,95.846978
2015-08-10,44.374039,160.056651,6.850806,106.874452
2015-08-11,46.267459,230.611823,5.256864,152.562942
2015-08-12,36.425739,120.752185,6.097793,164.272331
2015-08-13,43.325025,208.126971,5.275978,213.325245
2015-08-14,40.170797,223.134709,4.827181,167.410197
2015-08-15,37.910643,219.401768,5.175711,159.450819
2015-08-16,43.189048,301.937707,6.692146,209.596245
2015-08-17,33.090942,138.622631,5.097541,107.455491
2015-08-18,32.030431,74.623218,4.869190,112.086024
2015-08-19,32.243388,71.128350,4.008537,59.327769
2015-08-20,31.572702,96.960427,4.551962,71.859587
2015-08-21,30.828242,139.677744,4.003250,78.502404
2015-08-22,30.818103,202.428539,5.563349,137.399303
2015-08-23,28.539522,96.582948,3.646329,83.468958
2015-08-24,28.992877,112.372312,3.944955,63.298186
2015-08-25,42.485504,366.744570,5.616836,178.238440
2015-08-26,51.081031,409.986537,6.163973,217.449313
2015-08-27,37.603756,272.985249,3.812763,166.522324
2015-08-28,26.971181,90.242217,3.790101,69.550948
2015-08-29,31.126260,110.789626,3.858426,112.529896
2015-08-30,34.844290,133.101042,4.250696,120.809395
2015-08-31,35.510624,157.678160,3.241434,143.244671
2015-09-01,27.335378,65.417514,3.287033,45.715577
2015-09-02,25.950639,43.351438,3.621925,65.473775
2015-09-03,24.977388,76.485688,2.484106,26.797747
2015-09-04,24.108423,16.582840,3.119346,44.543497
2015-09-05,23.195915,77.061424,2.331854,38.955922
2015-09-06,22.848357,89.864728,2.852362,50.232894
2015-09-07,29.582241,220.755893,11.138604,255.928476
2015-09-08,27.541010,336.172025,13.258743,194.920864
2015-09-09,39.039159,946.948415,43.680144,400.825899
2015-09-10,28.315177,517.357691,18.864112,298.823232
2015-09-11,23.313012,184.748143,7.801926,83.835961
2015-09-12,27.732884,36.845902,0.524997,8.637145
2015-09-13,29.955945,23.137732,0.555474,6.826898
2015-09-14,30.358309,20.475737,0.609847,9.440025
2015-09-15,29.754292,20.929914,0.587768,8.378554
2015-09-16,28.630621,16.440203,0.601083,6.521695
2015-09-17,27.381747,5.748656,0.619601,7.854272
2015-09-18,26.132349,8.958020,0.633100,8.330769
2015-09-19,24.905394,66.257963,8.009126,23.232580
2015-09-20,23.410748,499.124425,19.596355,89.818432
2015-09-21,21.693792,25.161731,4.002662,61.188068
2015-09-22,22.833097,54.822230,5.750793,52.531286
2015-09-23,23.512662,70.763025,1.050251,29.189225
2015-09-24,23.666638,26.467377,0.986561,23.583340
2015-09-25,23.571649,15.606086,2.247380,18.593339
2015-09-26,23.359782,62.482365,2.976659,7.270805
2015-09-27,22.774547,38.057344,2.076264,6.521786
2015-09-28,22.822134,3.062986,1.407352,12.301450
2015-09-29,22.797754,0.143003,0.761816,5.239784
2015-09-30,22.519046,0.022795,0.765620,5.219164
2015-10-01,22.016102,0.010124,0.762767,5.202230
2015-10-02,21.395636,0.010403,0.753256,5.208558
2015-10-03,20.691076,0.010686,0.739941,5.177127
2015-10-04,19.961945,0.047200,0.906639,5.168162
2015-10-05,19.235129,0.018318,1.397843,5.212605
2015-10-06,18.557787,49.551750,9.455033,8.448350
2015-10-07,17.727579,51.061539,6.429559,22.118884
2015-10-08,17.051824,35.912948,3.235345,16.738011
2015-10-09,16.749282,7.469873,0.647059,5.090431
2015-10-10,16.689673,0.038963,0.602985,5.101576
2015-10-11,16.570940,0.006046,0.588719,5.171393
2015-10-12,16.345255,0.052563,0.576998,5.273564
2015-10-13,15.998373,0.155740,0.561672,5.056650
2015-10-14,15.595515,0.151616,0.542116,5.376607
2015-10-15,15.173553,0.005627,0.529111,5.744675
2015-10-16,14.722789,0.027651,0.510046,5.024345
2015-10-17,14.288640,9.277567,5.541466,5.737607
2015-10-18,13.851949,1.355215,0.494209,5.404755
2015-10-19,13.354863,0.002720,0.458421,4.979928
2015-10-20,12.964898,0.001751,0.442253,5.004035
2015-10-21,12.613607,0.004578,0.427986,4.971950
2015-10-22,12.301870,0.008960,0.413720,4.977481
2015-10-23,11.993993,0.008314,0.399454,4.968592
2015-10-24,11.698431,0.009957,0.386139,4.933180
2015-10-25,11.407334,0.004091,0.372824,4.971183
2015-10-26,11.120326,0.006081,0.360460,4.902328
2015-10-27,10.866741,0.073171,0.348096,4.900209
2015-10-28,12.377769,6.375516,1.565321,5.024521
2015-10-29,20.930623,123.123842,12.684003,5.124680
2015-10-30,13.879947,124.994289,3.850822,11.064300
2015-10-31,9.770542,1.050895,0.306248,4.797164
2015-11-01,10.052934,0.215205,0.294835,4.796853
2015-11-02,10.276938,0.159712,0.289129,4.794430
2015-11-03,10.362712,0.135472,0.281787,4.781516
2015-11-04,10.360668,0.045005,0.273911,4.766766
2015-11-05,10.301037,0.015473,0.940971,4.792456
2015-11-06,12.498107,8.279360,1.321366,4.817595
2015-11-07,10.439142,2.104459,0.366346,4.749706
2015-11-08,9.885449,0.140459,0.248232,4.736971
2015-11-09,9.698719,0.015040,0.245058,4.716098
2015-11-10,9.532333,0.014337,0.237770,4.694359
2015-11-11,9.368848,0.010547,0.232064,4.713077
2015-11-12,9.222110,0.069445,0.223824,4.690579
2015-11-13,9.069252,0.008910,0.221602,4.702514
2015-11-14,8.919351,0.011098,0.217798,4.688246
2015-11-15,8.779229,0.006580,0.213042,4.667454
2015-11-16,8.633273,0.003637,0.208287,4.683454
2015-11-17,8.497622,0.007600,0.203531,4.660060
2015-11-18,8.354076,0.047076,0.199727,4.669196
2015-11-19,8.211968,0.038717,0.195923,4.636111
2015-11-20,8.069762,0.004651,0.191167,4.646860
2015-11-21,7.923490,0.002744,0.187363,4.629624
2015-11-22,7.788201,0.003896,0.192652,4.626578
2015-11-23,7.648513,0.009327,0.192431,4.606307
2015-11-24,7.510980,0.068937,0.178119,4.597764
2015-11-25,7.383370,0.104503,0.172146,4.617778
2015-11-26,7.256976,0.001982,0.169292,4.566633
2015-11-27,7.142911,0.001649,0.165488,4.556165
2015-11-28,7.027028,0.001650,0.161684,4.559111
2015-11-29,6.913917,0.001710,0.158830,4.555146
2015-11-30,6.802653,0.001985,0.155026,4.549230
2015-12-01,6.689396,0.001688,0.152173,4.537167
2015-12-02,6.592013,0.001663,0.149320,4.530763
2015-12-03,6.493816,0.002109,0.145515,4.494784
2015-12-04,6.396718,0.000922,0.144564,4.505765
2015-12-05,6.302054,0.000664,0.139809,4.455834
2015-12-06,6.204063,0.000663,0.137907,4.463892
2015-12-07,6.120346,0.000664,0.133151,4.456796
2015-12-08,6.038012,0.000664,0.330821,4.449038
2015-12-09,5.956914,0.000664,0.129347,4.448761
2015-12-10,5.875867,0.000664,0.125543,4.438417
2015-12-11,5.791574,0.001059,0.124592,4.420405
2015-12-12,5.717071,0.001158,0.119473,4.440261
2015-12-13,5.640034,0.000565,0.119836,4.423255
2015-12-14,5.565410,0.000603,0.116032,4.406991
2015-12-15,5.494150,0.000706,0.114130,4.406745
2015-12-16,5.420102,0.000667,0.111640,4.407926
2015-12-17,5.355912,0.000772,0.108423,4.381293
2015-12-18,5.290433,0.000816,0.107472,4.402653
2015-12-19,5.225126,0.000791,0.103668,4.382484
2015-12-20,5.160703,0.000751,0.102717,4.356535
2015-12-21,5.093398,0.000813,0.099863,4.345867
2015-12-22,5.033483,0.000676,0.097961,4.343475
2015-12-23,4.971605,0.000682,0.095108,4.327894
2015-12-24,4.914013,0.000681,0.093793,4.331445
2015-12-25,4.857601,0.000660,0.091304,4.301627
2015-12-26,4.800428,0.000649,0.089402,4.322333
2015-12-27,4.751197,0.000650,0.087499,4.295779
2015-12-28,4.699415,0.000941,0.711124,4.282002
2015-12-29,4.647995,0.001124,0.082744,4.297502
2015-12-30,4.597315,0.001239,0.085557,4.260381
2015-12-31,4.547449,0.001275,0.109726,4.247069
2016-01-01,4.496054,0.016411,0.085597,4.294106
2016-01-02,4.450933,0.015548,0.075135,4.275681
2016-01-03,4.403557,0.015486,0.074184,4.229403
2016-01-04,4.356976,0.015377,0.072282,4.232414
2016-01-05,4.311001,0.015640,0.069429,4.248618
2016-01-06,4.264047,0.015590,0.070380,4.185176
2016-01-07,4.224698,0.015415,0.147262,4.211781
2016-01-08,4.182908,0.134401,0.063092,4.182040
2016-01-09,4.141249,0.028185,0.065625,4.182315
2016-01-10,4.100819,0.016377,0.063722,4.181558
2016-01-11,4.057919,0.022889,0.061820,4.159818
2016-01-12,4.020904,0.022066,0.060869,4.154357
2016-01-13,3.982074,0.028339,0.058967,4.162782
2016-01-14,3.943496,0.020360,0.061500,4.136749
2016-01-15,3.905901,0.018638,0.055163,4.157010
2016-01-16,3.867673,0.017785,0.055163,4.124951
2016-01-17,3.835142,0.020358,0.053261,4.127659
2016-01-18,3.800016,0.019057,0.051358,4.132624
2016-01-19,3.765231,0.021701,0.051358,4.110890
2016-01-20,3.731035,0.030301,0.049456,4.096796
2016-01-21,3.695500,0.023511,0.096851,4.110430
2016-01-22,3.666156,0.151728,0.420963,4.089453
2016-01-23,3.634033,0.085509,0.088298,4.102267
2016-01-24,3.602470,0.347838,0.181226,4.092233
2016-01-25,3.571645,1.139059,0.895700,4.108939
2016-01-26,3.538922,1.080467,0.038994,4.084206
2016-01-27,3.511668,1.321683,0.038994,4.064119
2016-01-28,3.482185,1.576771,0.037092,4.056684
2016-01-29,3.452767,1.384011,0.035190,4.032833
2016-01-30,3.424697,1.060548,0.035190,4.039230
2016-01-31,3.397431,0.977794,0.034239,4.017893
2016-02-01,3.367983,0.073432,0.032337,4.007579
2016-02-02,3.343448,0.025009,0.032337,4.023270
2016-02-03,3.316873,0.024968,0.030435,3.999303
2016-02-04,3.290780,0.024967,0.029484,3.995549
2016-02-05,3.265451,0.024968,0.027581,3.985372
2016-02-06,3.238112,0.024945,0.026630,3.972490
2016-02-07,3.215540,0.024964,0.026630,3.980815
2016-02-08,3.190923,0.024963,0.024728,3.952120
2016-02-09,3.166836,0.043170,0.023777,3.957010
2016-02-10,3.143048,0.049271,0.021875,3.935762
2016-02-11,3.117122,0.049071,0.021875,3.937568
2016-02-12,3.095691,0.051728,0.019973,3.926283
2016-02-13,3.072360,0.366199,0.019022,3.941505
2016-02-14,3.049384,0.402950,0.017119,3.923617
2016-02-15,3.026790,0.403373,0.017119,3.914108
2016-02-16,3.002415,0.422578,0.015217,3.895312
2016-02-17,2.982200,0.105305,0.013315,3.896461
2016-02-18,2.960588,0.049428,0.013315,3.877492
2016-02-19,2.939439,0.055565,0.013315,3.870636
2016-02-20,2.918902,0.054016,0.009511,3.873075
2016-02-21,2.896744,0.054135,0.011413,3.852816
2016-02-22,2.878622,0.045803,0.009511,3.880846
2016-02-23,2.858814,0.034570,0.007609,3.847856
2016-02-24,2.840100,0.034613,0.007609,3.856767
2016-02-25,2.821838,0.030224,0.006658,3.842703
2016-02-26,2.801661,0.045825,0.005706,3.840889
2016-02-27,2.785614,0.060170,0.004755,3.835576
2016-02-28,2.767671,0.196096,0.003804,3.836090
2016-02-29,2.750321,0.095808,0.003804,3.832653
2016-03-01,2.731327,0.134022,0.002853,3.823275
2016-03-02,2.716258,0.032240,0.001902,3.823710
2016-03-03,2.699386,0.024977,0.002853,3.810693
2016-03-04,2.682512,0.024973,0.000000,3.823673
2016-03-05,2.665726,0.024971,0.000951,4.185714
2016-03-06,2.647095,0.024957,0.000951,3.795585
2016-03-07,2.632220,0.024977,0.000000,3.789164
2016-03-08,2.615572,0.024975,0.042146,3.789607
2016-03-09,2.598945,0.031597,0.012407,3.786845
2016-03-10,2.582568,0.047747,0.000000,3.781787
2016-03-11,2.564865,0.047677,0.000000,3.744390
2016-03-12,2.550969,0.047901,0.000000,3.728979
2016-03-13,2.535266,0.047648,0.038759,3.743549
2016-03-14,2.520206,0.032230,0.445729,3.736420
2016-03-15,2.505533,0.015445,0.000000,3.719077
2016-03-16,2.489300,0.015413,0.000000,3.704847
2016-03-17,2.476587,0.015764,0.000000,3.881518
2016-03-18,2.462031,0.017307,0.048816,4.240938
2016-03-19,2.447989,0.016985,0.653033,3.699662
2016-03-20,2.434646,0.015583,0.004338,3.675826
2016-03-21,2.419601,0.015456,0.000000,3.663067
2016-03-22,2.407939,0.015469,0.000000,3.688080
2016-03-23,2.394660,0.015472,0.000000,3.662371
2016-03-24,2.381351,0.015469,0.001315,3.649268
2016-03-25,2.368174,0.015469,0.000000,3.626393
2016-03-26,2.353498,0.015456,0.000000,3.621128
2016-03-27,2.342149,0.015426,0.000000,3.616953
2016-03-28,2.329100,0.015424,0.000000,3.608531
2016-03-29,2.316116,0.015425,0.000000,3.601378
2016-03-30,2.303485,0.015426,0.000000,3.590354
2016-03-31,2.290998,0.015427,0.000000,3.575544
2016-04-01,2.276984,0.015415,0.000000,3.567675
2016-04-02,2.266269,0.015437,0.000000,3.585049
2016-04-03,2.253987,0.015444,0.010157,3.588097
2016-04-04,2.241836,0.015435,0.000000,3.620121
2016-04-05,2.229793,0.015428,0.000000,3.577681
2016-04-06,2.216009,0.015414,-0.000364,3.563604
2016-04-07,2.205497,0.015424,0.000000,3.592419
2016-04-08,2.194054,0.015425,0.000000,4.973887
2016-04-09,2.182819,0.015426,0.000000,5.365230
2016-04-10,2.171706,0.016494,0.901775,10.575212
2016-04-11,2.159219,0.015998,1.169065,10.686014
2016-04-12,2.149770,0.015522,2.881022,6.855092
2016-04-13,2.139011,0.015513,2.378751,9.030629
2016-04-14,2.128284,0.015367,1.104850,9.830026
2016-04-15,2.117683,0.015350,1.582534,10.004941
2016-04-16,2.105648,0.015333,0.113179,3.830112
2016-04-17,2.096651,0.015354,0.025679,3.526972
2016-04-18,2.086371,0.015347,0.000000,3.523316
2016-04-19,2.076121,0.015348,0.348096,3.841865
2016-04-20,2.065892,0.015349,0.425133,3.514408
2016-04-21,2.054332,0.015337,0.169292,3.864279
2016-04-22,2.045634,0.015347,1.122829,4.108188
2016-04-23,2.035551,0.015348,3.858150,9.479865
2016-04-24,2.705930,0.015363,2.072984,9.502670
2016-04-25,2.341048,0.015354,1.602043,11.314244
2016-04-26,2.529536,0.018208,3.270171,9.157665
2016-04-27,2.121116,0.016070,0.437497,11.787061
2016-04-28,2.303450,0.029542,2.468260,8.765725
2016-04-29,2.735435,2.158213,1.984775,3.753554
2016-04-30,2.666232,4.369449,2.328218,6.877815
2016-05-01,3.420806,11.424274,3.427804,5.757929
2016-05-02,3.957664,17.212508,3.862093,7.245985
2016-05-03,3.100654,9.331372,4.090800,8.894878
2016-05-04,3.274318,13.040539,4.114206,8.925148
2016-05-05,3.375136,13.990924,4.721250,9.324585
2016-05-06,3.129124,13.518766,4.205264,8.976063
2016-05-07,2.439428,6.083190,4.004694,8.785652
2016-05-08,2.371490,4.398220,3.611259,10.021616
2016-05-09,3.231359,15.724727,5.717103,9.782127
2016-05-10,4.042321,23.682289,7.848829,6.388360
2016-05-11,3.390701,20.541712,4.580213,9.048501
2016-05-12,3.177931,23.804707,6.368461,6.208968
2016-05-13,3.022610,30.349038,6.824729,6.587090
2016-05-14,4.275607,125.964341,8.704510,6.253322
2016-05-15,4.577250,139.499396,8.464415,5.998309
2016-05-16,3.232346,53.451150,4.928877,8.803221
2016-05-17,2.882083,36.438824,6.307660,11.877713
2016-05-18,2.461287,11.839221,3.094211,10.873891
2016-05-19,2.707372,7.769277,5.544007,16.463152
2016-05-20,2.777951,11.849427,5.570228,9.987026
2016-05-21,2.509569,6.174918,3.346489,14.983490
2016-05-22,3.173618,16.582727,6.273803,7.672711
2016-05-23,3.166631,29.135202,6.820400,11.893790
2016-05-24,11.574550,41.716440,4.755433,7.031607
2016-05-25,10.890472,62.696292,3.838049,9.972126
2016-05-26,10.054962,8.487111,1.548470,9.237982
2016-05-27,11.785945,7.514400,1.252751,10.527160
2016-05-28,3.677331,26.822540,1.577030,9.427264
2016-05-29,2.318126,83.609223,2.369813,7.267086
2016-05-30,2.350579,10.637682,0.608711,9.964500
2016-05-31,2.388946,9.395234,1.862304,9.443429
2016-06-01,2.469950,85.012691,2.979298,12.300032
2016-06-02,2.545987,85.378530,2.833934,6.916182
2016-06-03,2.613833,142.565106,4.268244,6.675353
2016-06-04,2.639579,130.594809,4.108262,6.015123
2016-06-05,2.718462,76.682448,3.326394,6.886939
2016-06-06,2.897461,111.978342,4.651627,7.806669
2016-06-07,3.087646,115.111810,4.428520,21.441131
2016-06-08,3.312138,147.523948,5.851442,20.453110
2016-06-09,3.549726,187.990021,8.921324,25.552750
2016-06-10,3.861257,227.490398,7.926817,25.800603
2016-06-11,4.234323,183.442513,6.367827,24.629634
2016-06-12,6.927955,179.499147,9.778858,32.277944
2016-06-13,10.516831,186.176390,8.168352,40.661456
2016-06-14,14.527171,193.575353,7.879165,42.779335
2016-06-15,7.755416,91.434047,2.858152,32.867317
2016-06-16,8.335830,112.782519,5.934705,53.697847
2016-06-17,11.458406,133.337123,6.512276,63.128853
2016-06-18,17.282244,184.132825,6.195072,64.115883
2016-06-19,22.316735,239.433932,6.315253,66.703728
2016-06-20,25.139408,250.919777,7.761134,83.922870
2016-06-21,25.464566,239.282593,5.526497,73.021943
2016-06-22,33.248992,270.398985,5.552879,89.339123
2016-06-23,35.425187,304.450077,5.608243,117.962000
2016-06-24,40.044915,331.553862,5.568060,156.113516
2016-06-25,36.224405,271.368362,5.430506,140.460432
2016-06-26,39.099198,264.925060,5.882408,145.514896
2016-06-27,62.099095,634.484160,7.044528,145.925332
2016-06-28,55.288141,531.086362,7.259787,209.008952
2016-06-29,51.644563,383.620003,4.583065,159.626325
2016-06-30,56.056822,342.489857,5.658882,179.653759
2016-07-01,53.364899,305.354961,5.811670,205.141403
2016-07-02,57.898666,320.490363,6.178766,245.657959
2016-07-03,61.358430,326.658610,5.836199,245.721046
2016-07-04,62.575621,322.148755,5.336165,242.509221
2016-07-05,62.713717,312.673990,5.670198,248.558154
2016-07-06,63.827155,311.294710,6.578683,286.539059
2016-07-07,67.076522,341.910824,5.478466,287.386936
2016-07-08,67.579952,344.766216,6.969007,323.986733
2016-07-09,56.277873,253.905343,6.220956,302.560295
2016-07-10,67.156558,293.557731,4.925190,282.392469
2016-07-11,72.075499,337.332038,7.024228,346.125557
2016-07-12,77.326373,396.113215,6.387289,383.989922
2016-07-13,76.527560,458.812358,6.842638,390.037208
2016-07-14,68.088561,327.939211,6.748960,372.244957
2016-07-15,69.479904,339.599928,6.822480,402.070570
2016-07-16,66.437903,326.172875,5.543364,314.420682
2016-07-17,62.532761,303.324891,5.489837,323.794170
2016-07-18,62.884502,311.367607,5.445857,332.274655
2016-07-19,61.439535,321.374615,5.748780,334.826779
2016-07-20,65.274962,376.204619,5.682558,355.713257
2016-07-21,74.391769,513.274760,6.115440,426.172391
2016-07-22,65.539395,454.435580,6.281336,397.904345
2016-07-23,68.845282,477.202077,6.203630,402.909096
2016-07-24,66.609601,388.332809,6.059164,333.691429
2016-07-25,68.562578,396.665229,6.091014,360.357470
2016-07-26,68.991014,394.330774,6.055717,350.769880
2016-07-27,69.959881,441.438204,5.598105,342.705091
2016-07-28,64.634168,369.662755,5.627860,313.781581
2016-07-29,59.172130,287.939193,4.564999,226.427871
2016-07-30,56.769659,251.751725,5.447258,240.667300
2016-07-31,53.191398,236.629755,5.496366,229.956702
2016-08-01,46.605603,179.462916,4.293389,159.032077
2016-08-02,42.840355,160.593599,4.212969,161.899787
2016-08-03,42.190919,183.410459,4.181984,188.261109
2016-08-04,42.292147,213.889147,4.820465,205.803383
2016-08-05,42.681332,233.327253,5.033316,221.873511
2016-08-06,56.089798,444.451244,5.789653,312.258383
2016-08-07,47.107037,379.419983,5.437864,291.352064
2016-08-08,32.755316,200.090393,4.812101,204.214448
2016-08-09,32.328170,154.670744,5.131281,174.358605
2016-08-10,34.489348,211.547367,4.780561,291.279580
2016-08-11,32.276534,182.034646,3.725987,149.277160
2016-08-12,31.294115,167.307337,4.303835,248.515217
2016-08-13,30.652373,163.966351,4.025444,160.432065
2016-08-14,26.807474,124.574776,4.011849,104.944872
2016-08-15,53.015230,744.940901,14.819993,379.694415
2016-08-16,50.335325,667.903352,24.585120,477.113722
2016-08-17,45.542890,501.794522,10.648664,295.821636
2016-08-18,41.560083,264.676076,4.035616,211.778872
2016-08-19,39.572235,212.918145,3.387317,149.373288
2016-08-20,36.041821,171.181599,4.128832,156.623916
2016-08-21,42.903243,255.116978,4.079092,212.766427
2016-08-22,41.235125,243.921412,3.798617,190.895163
2016-08-23,35.361054,183.167871,2.898488,124.290292
2016-08-24,43.422341,232.505750,3.163280,106.564093
2016-08-25,42.435283,263.691794,4.482524,147.949774
2016-08-26,33.493881,183.972542,3.112752,171.217180
2016-08-27,26.851315,60.362225,2.696122,74.966527
2016-08-28,26.178960,53.798361,2.030342,22.098387
2016-08-29,28.447665,83.952994,3.172685,56.407377
2016-08-30,30.515398,122.663693,3.746972,131.344094
2016-08-31,24.468603,53.450296,1.985421,16.714524
2016-09-01,24.924062,65.911941,2.136342,19.943259
2016-09-02,21.297655,57.264133,1.736538,10.460324
2016-09-03,20.803635,34.213265,1.428845,9.499858
2016-09-04,20.319482,27.920782,2.237178,11.050344
2016-09-05,21.191733,44.594006,1.464527,10.131908
2016-09-06,18.889168,30.704652,1.455199,10.188220
2016-09-07,17.626617,27.624000,1.772545,10.469294
2016-09-08,17.526998,84.865150,2.394894,14.784049
2016-09-09,16.433119,353.612152,5.921772,46.329882
2016-09-10,15.712717,188.357965,4.656727,73.874061
2016-09-11,14.709462,141.769755,2.458660,28.585076
2016-09-12,14.054019,125.096557,1.661776,18.032794
2016-09-13,13.721816,35.090852,1.304642,9.720813
2016-09-14,13.488249,23.336347,1.940649,9.218249
2016-09-15,13.632931,54.007068,3.285237,39.831014
2016-09-16,13.402111,100.183211,4.985576,76.536888
2016-09-17,13.115439,58.221203,4.082114,54.757860
2016-09-18,12.614838,8.596776,0.507192,7.515436
2016-09-19,12.298814,7.012469,0.665509,7.792757
2016-09-20,12.046344,6.797274,0.943128,8.366708
2016-09-21,11.775684,1.612217,0.131766,6.177810
2016-09-22,11.572955,5.088701,0.291504,6.955250
2016-09-23,11.380332,50.040190,0.646850,6.371142
2016-09-24,11.197348,61.179795,0.271360,5.900283
2016-09-25,11.021984,10.656616,0.098912,5.757685
2016-09-26,10.817897,16.898871,0.263614,4.796065
2016-09-27,10.626035,5.284437,0.096059,4.851038
2016-09-28,10.431481,1.566996,0.106580,4.761217
2016-09-29,10.244726,0.244797,0.254752,4.743121
2016-09-30,10.369023,0.877904,0.209770,5.423068
2016-10-01,9.886332,0.631155,0.196234,4.707597
2016-10-02,9.716311,0.270243,1.393366,5.186167
2016-10-03,9.777227,86.560660,12.221019,23.786632
2016-10-04,9.437029,137.857389,4.725370,26.657076
2016-10-05,9.096819,129.977754,8.415190,29.591968
2016-10-06,8.731143,75.732026,8.044551,40.088593
2016-10-07,8.558809,107.324467,6.222871,46.609888
2016-10-08,8.555986,157.828550,10.082799,48.885831
2016-10-09,8.522163,77.109081,5.483724,28.108142
2016-10-10,8.715629,1.716272,0.099630,4.681901
2016-10-11,9.117893,6.325493,3.962436,22.006191
2016-10-12,9.531849,70.989527,6.176244,37.104005
2016-10-13,9.794723,173.337367,16.488349,86.316288
2016-10-14,9.804184,5.984643,0.902622,7.424946
2016-10-15,10.248531,0.071549,0.152173,4.639639
2016-10-16,10.735119,0.039636,0.293252,4.691334
2016-10-17,11.098785,0.061918,0.332439,4.620938
2016-10-18,11.322101,0.058588,0.280774,4.602668
2016-10-19,11.439488,24.260773,2.499778,6.475523
2016-10-20,11.429611,82.341563,5.030183,15.956583
2016-10-21,11.235263,17.272748,4.632720,17.200360
2016-10-22,11.332134,33.044937,2.823148,15.920299
2016-10-23,11.457629,0.414793,0.614342,4.713211
2016-10-24,11.666332,0.076738,0.556021,6.155636
2016-10-25,11.775754,0.035195,0.302807,4.587244
2016-10-26,11.791375,1.244529,0.529183,4.571348
2016-10-27,11.766087,2.899821,0.570869,4.578462
2016-10-28,11.634487,0.027015,0.332794,4.553267
2016-10-29,11.465609,0.051075,1.187655,4.551441
2016-10-30,11.294453,2.778449,0.550080,4.542987
2016-10-31,11.097176,0.037141,0.335732,5.418361
2016-11-01,10.866960,0.015068,0.370012,4.559426
2016-11-02,10.660037,0.021168,0.587061,4.568059
2016-11-03,10.466664,5.543349,1.056635,4.491785
2016-11-04,10.245117,0.077371,0.341288,4.512361
2016-11-05,10.028786,0.022666,0.331927,4.494054
2016-11-06,9.832985,0.018134,0.938713,4.526641
2016-11-07,9.662988,0.018340,0.456712,4.512503
2016-11-08,9.491989,4.194518,0.539772,4.491474
2016-11-09,9.323109,0.099419,0.903908,4.514543
2016-11-10,9.131715,0.057729,0.323367,4.572161
2016-11-11,8.947082,0.061437,0.321465,4.533803
2016-11-12,8.786319,0.029791,0.358119,4.431724
2016-11-13,8.630250,0.020054,0.625996,4.425842
2016-11-14,8.479694,0.016883,0.313857,4.427744
2016-11-15,8.328688,0.023431,0.311003,4.409456
2016-11-16,8.174494,0.016836,0.308150,4.407037
2016-11-17,8.040008,0.016410,0.305297,4.381796
2016-11-18,7.901312,0.016576,0.301493,4.396611
2016-11-19,7.761457,0.020787,0.298639,4.377897
2016-11-20,7.627001,0.016602,0.294835,4.370545
2016-11-21,7.494245,0.021140,0.291982,4.361889
2016-11-22,7.374140,0.024000,0.289129,4.380737
2016-11-23,7.251092,0.014636,0.283422,4.370538
2016-11-24,7.131069,0.016155,0.281520,4.361021
2016-11-25,7.013315,0.026599,0.277716,4.346273
2016-11-26,6.892139,0.014416,0.273911,4.337738
2016-11-27,6.786400,0.016609,0.298040,4.335009
2016-11-28,6.678028,0.017631,0.468696,4.344202
2016-11-29,6.570906,0.016122,0.262498,4.311211
2016-11-30,6.466930,0.014120,0.260596,4.321721
2016-12-01,6.361375,0.013558,0.254890,4.312147
2016-12-02,6.266428,0.013874,0.251085,4.304795
2016-12-03,6.170623,0.013749,0.249183,4.257951
2016-12-04,6.080927,0.013622,0.243477,4.286109
2016-12-05,5.994658,0.013539,0.274011,4.261240
2016-12-06,5.905571,0.013539,0.237183,4.263853
2016-12-07,5.825402,0.013550,0.233966,4.292756
2016-12-08,5.742740,0.013675,0.228847,4.255882
2016-12-09,5.661719,0.055065,0.226357,4.276000
2016-12-10,5.582243,0.015185,0.224231,4.279213
2016-12-11,5.503005,0.017070,0.524525,4.284852
2016-12-12,5.434382,0.017492,0.237351,4.191127
2016-12-13,5.362304,0.017692,0.213042,4.170750
2016-12-14,5.291360,0.016678,0.224295,4.205954
2016-12-15,5.223116,0.013217,0.220351,4.112844
2016-12-16,5.152564,0.019851,0.877073,4.102111
2016-12-17,5.090583,0.047680,0.199727,4.096116
2016-12-18,5.026951,0.116942,0.198188,4.101824
2016-12-19,4.963214,0.104211,0.193069,4.071572
2016-12-20,4.900773,0.103976,0.191167,4.069143
2016-12-21,4.841304,0.103791,0.187363,4.060913
2016-12-22,4.790076,0.103628,0.184510,4.058965
2016-12-23,4.736382,0.104017,0.181656,4.076161
2016-12-24,4.684754,0.103761,0.178803,4.098929
2016-12-25,4.634392,0.103339,0.175950,4.105433
2016-12-26,4.582105,0.103441,0.173097,4.074702
2016-12-27,4.537550,0.035228,0.178206,4.148357
2016-12-28,4.490064,0.018341,0.175085,4.053676
2016-12-29,4.443583,0.018767,0.164537,4.043296
2016-12-30,4.398107,0.018756,0.162635,4.052887
2016-12-31,4.353880,0.018761,0.160733,4.029706
2017-01-01,4.409342,0.011104,0.157879,4.028167
2017-01-02,4.368550,0.009378,0.155026,4.036997
2017-01-03,4.324950,0.009265,0.153124,4.016457
2017-01-04,4.282334,0.009211,0.150271,4.025307
2017-01-05,4.240638,0.246860,0.148369,3.999873
2017-01-06,4.196272,0.049777,0.145515,3.998780
2017-01-07,4.157876,0.045365,0.143613,3.990691
2017-01-08,4.117094,0.085338,0.142662,3.958884
2017-01-09,4.076500,0.011823,0.138858,3.971256
2017-01-10,4.036822,0.008884,0.136956,3.972461
2017-01-11,3.995260,0.008615,0.135053,3.948831
2017-01-12,3.959547,0.072178,0.133151,3.969278
2017-01-13,3.922627,0.157539,0.131249,3.952463
2017-01-14,3.887722,0.158018,0.129347,3.928797
2017-01-15,3.853936,0.185634,0.127445,3.998143
2017-01-16,3.817783,0.018164,0.125543,3.925450
2017-01-17,3.787318,0.011927,0.123641,3.877186
2017-01-18,3.754873,0.018892,0.121738,3.905444
2017-01-19,3.722696,0.008208,0.119836,3.930050
2017-01-20,3.690899,0.016817,0.117934,3.899353
2017-01-21,3.657142,0.065559,0.116032,3.900452
2017-01-22,3.628485,0.052058,0.115081,3.831908
2017-01-23,3.598143,0.024424,0.323775,3.809204
2017-01-24,3.569137,0.104611,0.387118,3.795296
2017-01-25,3.540474,0.045962,0.109374,3.791740
2017-01-26,3.509383,0.029522,0.108423,3.751696
2017-01-27,3.483554,0.014168,0.105570,3.748129
2017-01-28,3.455640,0.144772,0.104619,3.759359
2017-01-29,3.428907,0.159197,0.104619,3.759326
2017-01-30,3.402778,0.157824,0.100815,3.716305
2017-01-31,3.376856,0.194642,0.100815,3.711598
2017-02-01,3.348501,0.199586,0.098912,3.742215
2017-02-02,3.324973,0.160922,0.097961,3.724854
2017-02-03,3.299176,0.189841,0.114868,3.738159
2017-02-04,3.274149,0.213972,0.441641,3.713365
2017-02-05,3.249583,0.218096,0.102834,3.708464
2017-02-06,3.223256,0.219216,0.265845,3.732352
2017-02-07,3.202637,0.255127,0.888180,3.774452
2017-02-08,3.180341,0.271858,0.290685,3.731626
2017-02-09,3.158155,0.265731,0.088451,3.671114
2017-02-10,3.136088,0.133057,0.087499,3.729456
2017-02-11,3.111951,0.051765,0.086869,3.657798
2017-02-12,3.092412,0.038542,0.223126,3.581450
2017-02-13,3.071165,0.011752,0.085597,3.621730
2017-02-14,3.050211,0.027852,0.081793,3.625369
2017-02-15,3.029214,0.007895,0.081793,3.593237
2017-02-16,3.006985,0.004341,0.081793,3.598008
2017-02-17,2.989514,0.004341,0.081473,3.622470
2017-02-18,2.970247,0.014245,0.078940,3.641642
2017-02-19,2.951045,0.004355,0.077989,3.573896
2017-02-20,2.932009,0.004341,0.077038,3.594551
2017-02-21,2.911176,0.017314,0.076086,3.571582
2017-02-22,2.894787,0.076519,0.075135,3.585476
2017-02-23,2.876818,0.117983,0.074184,3.606698
2017-02-24,2.858810,0.080005,0.073233,3.573347
2017-02-25,2.840880,0.068847,0.083492,3.641234
2017-02-26,2.820983,0.024485,0.072282,3.568525
2017-02-27,2.804921,0.001269,0.070380,3.555117
2017-02-28,2.787073,0.001238,0.069429,3.583361
2017-03-01,2.767573,0.001237,0.069429,3.553207
2017-03-02,2.752213,0.002785,0.067527,3.569282
2017-03-03,2.735066,0.022289,0.067527,3.535282
2017-03-04,2.717989,0.021565,0.067527,3.568278
2017-03-05,2.701364,0.023714,0.065625,3.526105
2017-03-06,2.683134,0.011113,0.064673,3.532339
2017-03-07,2.668842,0.035430,0.063722,3.490358
2017-03-08,2.652973,0.040468,0.064673,3.560451
2017-03-09,2.637193,0.014988,0.062771,3.499213
2017-03-10,2.621453,0.001067,0.061820,3.513194
2017-03-11,2.603927,0.007843,0.062771,3.483388
2017-03-12,2.589978,0.031075,0.060869,3.486234
2017-03-13,2.574440,0.001090,0.059918,3.466612
2017-03-14,2.559436,0.001030,0.059918,3.499624
2017-03-15,2.544810,0.002856,0.058016,3.498328
2017-03-16,2.528466,0.009746,0.058967,3.456367
2017-03-17,2.515836,0.001040,0.057065,3.475771
2017-03-18,2.501658,0.001030,0.056114,3.513175
2017-03-19,2.487829,0.001030,0.056114,3.467279
2017-03-20,2.474377,0.001029,0.055163,3.443508
2017-03-21,2.459201,0.001025,0.055163,3.459425
2017-03-22,2.447262,0.001029,0.054212,4.207141
2017-03-23,2.433696,0.034404,0.053261,3.463156
2017-03-24,2.420402,0.030284,0.053261,3.507740
2017-03-25,2.407383,0.033806,0.051358,3.457980
2017-03-26,2.392808,0.004472,0.052309,3.462147
2017-03-27,2.381640,0.004438,0.050407,3.413957
2017-03-28,2.369134,0.007926,0.050407,3.455434
2017-03-29,2.356883,0.005438,0.051625,3.411401
2017-03-30,2.344863,0.038139,0.051625,3.431742
2017-03-31,2.332740,0.043179,0.049456,3.429805
2017-04-01,2.319020,0.016730,0.047554,3.410119
2017-04-02,2.308681,0.072874,0.064673,3.402830
2017-04-03,2.296918,0.096062,0.047554,3.409939
2017-04-04,2.285175,0.046425,0.046603,3.409836
2017-04-05,2.273318,0.002404,0.044701,3.361662
2017-04-06,2.259960,0.014577,0.045652,3.390860
2017-04-07,2.250229,0.017309,0.045652,3.384348
2017-04-08,2.239120,0.009643,0.043750,3.347336
2017-04-09,2.228153,0.004445,0.043750,3.389383
2017-04-10,2.217275,0.004437,0.043750,3.358500
2017-04-11,2.204931,0.004389,0.041848,3.568915
2017-04-12,2.195743,0.004342,0.041848,3.331102
2017-04-13,2.185090,0.004342,0.041848,3.388301
2017-04-14,2.174475,0.004342,0.041848,3.382950
2017-04-15,2.164039,0.004342,0.040896,3.342228
2017-04-16,2.152180,0.004339,0.040896,3.366591
2017-04-17,2.143299,0.025469,0.041400,3.343730
2017-04-18,2.132906,0.057648,0.038994,3.357267
2017-04-19,2.122547,0.089529,0.042478,3.336022
2017-04-20,2.112172,0.008930,0.038043,3.340151
2017-04-21,2.100447,0.004342,0.038994,3.333696
2017-04-22,2.091742,0.004342,0.037092,3.826157
2017-04-23,2.081857,0.004342,0.038043,4.410500
2017-04-24,2.072307,0.004342,0.037092,6.735495
2017-04-25,2.063118,0.004342,0.739155,8.917140
2017-04-26,2.052728,0.025431,0.649957,6.155933
2017-04-27,2.045081,0.070095,0.230294,5.148283
2017-04-28,2.035980,0.026866,1.253304,3.354872
2017-04-29,2.026946,0.083983,1.877488,5.848762
2017-04-30,2.017944,0.046829,1.751546,6.539155
2017-05-01,2.007599,0.118681,4.506641,5.592550
2017-05-02,2.005700,21.735149,7.966988,4.706642
2017-05-03,1.988143,28.672896,11.990259,5.749412
2017-05-04,1.914845,26.099366,9.434288,8.183392
2017-05-05,1.899755,11.342689,1.869515,5.561145
2017-05-06,1.930659,24.606037,2.101087,5.298211
2017-05-07,1.980853,22.408837,3.006337,6.414866
2017-05-08,2.039322,24.261968,2.510249,6.638540
2017-05-09,2.098476,59.106213,5.474080,5.955317
2017-05-10,2.163557,18.895648,0.832707,3.295673
2017-05-11,2.277091,2.856261,0.033288,4.100236
2017-05-12,2.421114,1.596764,0.033288,6.298530
2017-05-13,2.558967,1.331484,0.035190,5.018369
2017-05-14,2.666795,4.096988,1.130890,8.949549
2017-05-15,2.759538,34.366258,0.862779,6.534690
2017-05-16,2.782351,38.529440,2.606806,11.969281
2017-05-17,2.776019,24.264856,1.645568,7.037702
2017-05-18,2.843326,26.754760,1.612164,6.086988
2017-05-19,2.948111,56.829682,3.466384,6.994756
2017-05-20,3.050025,182.668018,4.879266,5.174157
2017-05-21,3.097216,175.324121,4.797352,5.277228
2017-05-22,3.317947,90.044482,1.921119,9.453356
2017-05-23,3.723869,70.187197,3.643292,6.163802
2017-05-24,4.123235,66.886073,2.980854,7.893536
2017-05-25,4.452874,62.760093,2.593630,7.987177
2017-05-26,4.947270,44.135866,4.158802,9.565826
2017-05-27,5.782893,62.098565,4.115096,9.148972
2017-05-28,5.243714,33.301573,2.743103,8.276346
2017-05-29,5.452079,50.660523,3.818468,10.107582
2017-05-30,5.634673,35.298036,0.662298,6.660113
2017-05-31,5.919753,18.921725,0.655493,11.490885
2017-06-01,6.428283,14.604845,0.209113,14.938057
2017-06-02,6.823765,44.020013,1.254988,30.453523
2017-06-03,7.125201,61.102938,1.693074,26.926677
2017-06-04,7.346723,77.906649,2.085843,24.775279
2017-06-05,8.330110,97.886177,3.564105,29.841401
2017-06-06,8.672296,99.299209,4.212824,23.702182
2017-06-07,15.784890,174.799663,4.003169,24.254907
2017-06-08,16.258830,151.098997,3.871376,23.694484
2017-06-09,16.410337,111.320636,3.332705,15.269337
2017-06-10,16.548366,99.442319,3.796419,25.532496
2017-06-11,20.180594,118.418534,4.059542,20.928776
2017-06-12,21.272811,128.836591,4.539315,25.129482
2017-06-13,23.779403,155.119333,5.568029,29.965957
2017-06-14,25.710869,169.919205,6.112424,49.687478
2017-06-15,26.710161,164.059977,5.975001,49.555651
2017-06-16,25.327879,131.817560,5.423407,45.735344
2017-06-17,29.095501,224.061804,7.940487,64.045749
2017-06-18,27.334753,164.382286,6.462701,59.998038
2017-06-19,29.052779,144.673238,5.497916,57.425786
2017-06-20,25.475957,177.305749,6.251510,70.754437
2017-06-21,30.357912,269.357129,11.470690,101.606943
2017-06-22,36.178365,286.083975,7.930300,100.688927
2017-06-23,43.601733,179.705653,3.054949,76.143255
2017-06-24,45.712077,161.725355,4.616539,84.743594
2017-06-25,48.205336,161.705451,3.215117,73.124887
2017-06-26,51.582356,172.220189,3.426349,77.990634
2017-06-27,52.270221,173.736971,4.756994,82.299863
2017-06-28,50.621256,173.738559,4.259665,85.282681
2017-06-29,49.263619,162.786647,4.230798,113.202758
2017-06-30,42.685292,110.063326,4.904804,104.329884
2017-07-01,43.491315,167.698697,5.098682,103.991985
2017-07-02,37.349501,65.671762,2.500151,57.781457
2017-07-03,36.868303,61.491606,2.560555,99.863671
2017-07-04,36.174671,53.890078,2.583960,107.774006
2017-07-05,41.895128,116.244313,3.730045,120.743460
2017-07-06,46.664615,175.663178,4.979836,151.106175
2017-07-07,47.701356,193.001179,4.366192,133.399221
2017-07-08,47.277609,188.091972,4.649157,135.122513
2017-07-09,46.981657,190.861476,5.184988,135.310329
2017-07-10,49.254952,197.940879,4.923320,124.240353
2017-07-11,51.166824,197.828025,4.547617,113.544850
2017-07-12,50.385634,172.721097,4.641681,121.729624
2017-07-13,50.342711,165.273596,4.814243,121.089315
2017-07-14,46.860050,156.561727,6.328534,127.912274
2017-07-15,53.950310,202.082884,6.835063,144.972003
2017-07-16,54.666072,222.600859,6.380312,139.115320
2017-07-17,50.154692,191.592788,5.617573,117.068672
2017-07-18,46.443816,172.774320,9.082599,156.769790
2017-07-19,73.466707,378.867805,5.905934,118.095395
2017-07-20,65.941494,332.211684,7.654633,158.199277
2017-07-21,63.201776,305.390707,7.716558,168.260374
2017-07-22,128.719600,816.500515,14.381984,269.659833
2017-07-23,90.764855,641.389323,9.475537,242.410469
2017-07-24,81.306343,296.787550,7.992597,167.971158
2017-07-25,90.584096,349.542705,7.242740,155.688298
2017-07-26,97.039017,453.827880,9.158912,248.270975
2017-07-27,90.901763,389.413345,7.608904,196.508540
2017-07-28,86.263890,367.287675,8.417158,200.413971
2017-07-29,89.850001,411.303483,9.266802,227.751762
2017-07-30,83.365133,331.851482,7.307778,192.804336
2017-07-31,79.001002,309.321560,7.476611,187.680465
2017-08-01,80.219272,308.233090,7.168640,182.432562
2017-08-02,78.231011,312.694323,7.383344,186.996687
2017-08-03,70.382098,274.539236,7.097329,172.050244
2017-08-04,58.393471,167.736430,6.725256,149.843079
2017-08-05,57.696223,149.889697,6.111263,115.410889
2017-08-06,54.931221,151.944795,6.138298,131.491373
2017-08-07,45.867886,93.116906,6.786866,126.757971
2017-08-08,52.806577,158.020413,6.699495,172.209806
2017-08-09,45.284179,118.408963,6.162239,123.737412
2017-08-10,51.044808,142.346156,6.358414,134.454694
2017-08-11,51.164920,177.406970,6.740314,170.527978
2017-08-12,48.723219,174.931125,6.206719,153.415976
2017-08-13,44.921950,156.555573,6.817573,220.886818
2017-08-14,46.959383,167.153411,5.967065,139.712720
2017-08-15,45.544733,146.694625,5.807892,129.263227
2017-08-16,45.303059,152.964015,5.605846,111.601079
2017-08-17,34.640738,72.988374,4.264669,30.603500
2017-08-18,29.132759,88.721020,5.012529,40.902828
2017-08-19,28.591903,59.862388,5.413217,115.588051
2017-08-20,27.353106,25.516152,5.061474,53.845019
2017-08-21,26.996853,39.293936,5.171365,54.649143
2017-08-22,29.772353,85.657690,6.901996,127.533268
2017-08-23,35.328567,111.611687,5.188038,126.381113
2017-08-24,35.550945,142.727678,5.718984,77.602982
2017-08-25,41.934880,175.628298,7.060030,150.254237
2017-08-26,44.287089,339.503252,12.287154,277.146254
2017-08-27,40.836160,211.339292,6.359562,165.674422
2017-08-28,25.915014,133.585449,4.666145,77.755637
2017-08-29,32.565865,130.958716,4.565456,69.678758
2017-08-30,34.262125,127.779524,4.140923,82.455233
2017-08-31,39.561058,238.080169,5.655080,109.434680
2017-09-01,47.249045,232.333731,7.422947,188.800622
2017-09-02,22.058669,61.606913,3.807180,33.708563
2017-09-03,22.045767,101.534218,6.484519,54.959186
2017-09-04,34.330672,389.191130,12.432955,160.108871
2017-09-05,26.425025,132.696448,3.765787,88.602562
2017-09-06,27.831487,110.227880,5.401359,134.585595
2017-09-07,21.762862,31.006597,2.289512,14.460740
2017-09-08,21.910629,17.780970,2.326406,12.905726
2017-09-09,21.581864,23.205085,3.149355,19.741734
2017-09-10,20.959305,14.304487,2.194793,12.937052
2017-09-11,20.140726,5.023912,2.160889,10.727055
2017-09-12,19.275035,13.642773,2.948838,13.561600
2017-09-13,18.409097,14.688754,1.700864,9.776695
2017-09-14,17.587015,20.163319,2.893792,12.315091
2017-09-15,17.857222,75.122890,5.927771,37.462992
2017-09-16,73.675319,362.947304,12.718936,255.919158
2017-09-17,62.957027,538.118334,11.000128,200.658392
2017-09-18,14.150443,41.332796,2.247163,43.315890
2017-09-19,16.788865,133.983749,5.278876,37.252463
2017-09-20,15.463659,50.851960,1.950979,28.577521
2017-09-21,14.827615,234.546830,4.925145,58.211279
2017-09-22,14.560860,142.333136,2.184450,20.284609
2017-09-23,15.657347,83.190745,2.773423,20.522152
2017-09-24,21.053644,476.275712,24.038870,143.467630
2017-09-25,18.138539,105.681334,4.014839,44.880964
2017-09-26,22.913780,94.323423,12.566446,90.701809
2017-09-27,25.031515,334.347254,14.804946,110.089791
2017-09-28,26.226019,14.958636,1.280550,6.751944
2017-09-29,29.769700,1.935319,1.212992,7.995730
2017-09-30,30.685508,31.454709,1.382086,7.143473
2017-10-01,30.218271,95.658813,3.084730,20.699107
2017-10-02,28.843458,44.698338,3.883454,48.390037
2017-10-03,26.854652,8.290739,1.609684,15.187628
2017-10-04,25.470518,0.791954,1.152710,8.008409
2017-10-05,24.217976,0.165689,1.137760,5.535780
2017-10-06,22.997695,0.124099,1.129243,5.543409
2017-10-07,21.942189,4.021734,1.858563,5.579210
2017-10-08,22.102174,34.109069,6.871401,18.306172
2017-10-09,19.786892,26.431337,2.842222,16.278674
2017-10-10,18.762277,64.243069,1.245240,6.353452
2017-10-11,17.879996,89.592607,5.082839,17.788846
2017-10-12,16.789664,5.074823,0.871190,5.345957
2017-10-13,15.983299,3.391003,0.839804,5.333683
2017-10-14,15.502380,0.722804,0.807468,5.317841
2017-10-15,15.125326,0.359412,0.777984,5.294513
2017-10-16,14.758644,0.478888,0.745744,5.281630
2017-10-17,14.410869,0.246735,2.353013,5.301549
2017-10-18,14.040042,0.992542,3.592075,5.611403
2017-10-19,13.683758,10.816397,4.484760,8.626464
2017-10-20,13.273074,121.312722,10.270395,23.223915
2017-10-21,12.547815,71.611541,2.244420,12.692887
2017-10-22,12.780709,0.909425,0.606490,5.569484
2017-10-23,13.119653,2.008360,0.580999,5.167696
2017-10-24,13.261649,2.260336,0.553529,5.192190
2017-10-25,13.163278,0.085626,0.538312,5.159738
2017-10-26,12.945921,0.081858,0.540829,5.790813
2017-10-27,12.692548,1.487436,0.614343,6.220102
2017-10-28,12.387982,0.138220,0.490758,5.552672
2017-10-29,12.052831,0.046474,0.473638,5.514362
2017-10-30,11.714643,0.125322,0.464127,5.199947
2017-10-31,11.376669,0.215349,0.447008,5.268395
2017-11-01,11.051813,0.296441,0.433693,5.284273
2017-11-02,10.754055,0.036041,0.420378,5.224858
2017-11-03,10.462550,0.045263,0.406111,5.128018
2017-11-04,10.179958,0.282804,0.394698,5.159598
2017-11-05,9.902715,0.092020,0.383286,5.143299
2017-11-06,9.623416,0.084156,0.394648,5.122869
2017-11-07,9.364396,0.080543,0.362041,5.111975
2017-11-08,9.111658,0.012002,0.348096,5.086108
2017-11-09,8.880511,0.012293,0.336683,5.077959
2017-11-10,8.655339,0.017182,0.326221,5.089722
2017-11-11,8.435949,0.144832,0.314808,5.064446
2017-11-12,8.236253,0.091692,0.309534,5.032186
2017-11-13,8.038909,0.007349,0.294835,5.069551
2017-11-14,7.854177,0.006146,0.283422,4.993680
2017-11-15,7.679418,0.021228,0.275813,4.980785
2017-11-16,7.504874,0.069430,0.264400,5.030165
2017-11-17,7.349566,0.015019,0.258010,4.983542
2017-11-18,7.200174,0.023832,0.246330,4.987017
2017-11-19,7.053449,0.023363,0.242134,4.974180
2017-11-20,6.910253,0.024540,0.229210,4.978137
2017-11-21,6.767614,0.011351,0.221602,4.951164
2017-11-22,6.637754,0.021986,0.213042,4.960264
2017-11-23,6.505046,0.034681,0.205433,4.932192
2017-11-24,6.375729,0.012964,0.197825,4.926163
2017-11-25,6.254011,0.014179,0.190216,4.918108
2017-11-26,6.131850,0.010713,0.182608,4.892194
2017-11-27,6.020965,0.009887,0.175950,4.878890
2017-11-28,5.912923,0.013536,0.167390,4.899561
2017-11-29,5.810250,0.009735,0.160733,4.861661
2017-11-30,5.712493,0.031207,0.402169,4.854928
2017-12-01,5.617711,0.173982,0.194789,4.853874
2017-12-02,5.536498,0.011213,0.140760,4.829104
2017-12-03,5.452303,0.005715,0.135053,4.830466
2017-12-04,5.369989,0.005395,0.129347,4.801888
2017-12-05,5.290152,0.005392,0.123641,4.813075
2017-12-06,5.208490,0.005392,0.119836,4.812280
2017-12-07,5.135706,0.005382,0.112228,4.784530
2017-12-08,5.060124,0.005380,0.107472,4.790851
2017-12-09,4.985705,0.005380,0.101766,4.761628
2017-12-10,4.913135,0.005380,0.096059,4.752862
2017-12-11,4.838919,0.005377,0.091304,4.755063
2017-12-12,4.773198,0.005382,0.086548,4.763152
2017-12-13,4.706643,0.005383,0.080842,4.717373
2017-12-14,4.640830,0.005382,0.076086,4.718076
2017-12-15,4.576377,0.005380,0.072282,4.701100
2017-12-16,4.513881,0.005377,0.067527,4.703030
2017-12-17,4.457859,0.005383,0.062771,4.704594
2017-12-18,4.399801,0.005862,0.058967,4.635941
2017-12-19,4.344366,0.006758,0.054212,4.522732
2017-12-20,4.289688,0.005401,0.051358,4.495021
2017-12-21,4.233831,0.005379,0.048505,4.480569
2017-12-22,4.186779,0.005390,0.043750,4.485319
2017-12-23,4.137541,0.005167,0.041848,4.467591
2017-12-24,4.089302,0.005084,0.038994,4.472909
2017-12-25,4.045542,0.013100,0.035190,4.446193
2017-12-26,3.999732,0.005298,0.032337,4.449166
2017-12-27,3.959966,0.005269,0.030435,4.436209
2017-12-28,3.918101,0.005369,0.024728,4.453064
2017-12-29,3.877249,0.005090,0.024728,4.388853
2017-12-30,3.836909,0.005335,0.019022,4.407116
2017-12-31,3.797184,0.005153,0.017119,4.404340
2018-01-01,3.916139,0.142025,0.014266,4.382076
2018-01-02,3.878068,0.128270,0.011413,4.387646
2018-01-03,3.837957,0.002623,0.008560,4.497431
2018-01-04,3.798490,0.002079,0.007609,4.516545
2018-01-05,3.760026,0.001631,0.003804,4.495593
2018-01-06,3.719449,0.001589,0.002853,4.485359
2018-01-07,3.684417,0.001590,0.000951,4.470671
2018-01-08,3.648854,0.001701,0.000951,4.452973
2018-01-09,3.614225,0.019761,-0.000951,4.487258
2018-01-10,3.579857,0.529111,0.000000,4.382511
2018-01-11,3.543371,0.353656,0.002042,4.380267
2018-01-12,3.512704,0.663511,1.027608,4.339210
2018-01-13,3.480033,0.297312,0.470592,4.378338
2018-01-14,3.447692,0.002256,0.047646,4.345653
2018-01-15,3.415656,0.001837,0.000000,4.311330
2018-01-16,3.381400,0.007774,0.000000,4.321971
2018-01-17,3.352144,0.002718,0.000000,4.316651
2018-01-18,3.320846,0.016743,0.000000,4.295399
2018-01-19,3.289869,0.005007,0.000000,4.289018
2018-01-20,3.259391,0.003118,0.000000,4.284681
2018-01-21,3.227256,0.002694,0.000000,4.267247
2018-01-22,3.200352,0.002527,0.000000,5.228229
2018-01-23,3.171871,0.002584,0.000000,4.242433
2018-01-24,3.143587,0.002252,0.000000,4.233207
2018-01-25,3.116687,0.020851,0.000000,4.219934
2018-01-26,3.088522,0.030742,0.000000,4.230729
2018-01-27,3.065116,0.022672,0.000000,4.213073
2018-01-28,3.040879,0.003449,0.000000,4.220587
2018-01-29,3.017902,0.002583,0.000951,4.206780
2018-01-30,2.995036,0.002918,0.000000,4.187343
2018-01-31,2.972306,0.001316,0.000000,4.189698
2018-02-01,2.947634,1.287432,0.000000,4.206522
2018-02-02,2.927549,1.620784,0.000000,4.195101
2018-02-03,2.905866,1.588425,0.000000,4.180892
2018-02-04,2.884359,1.561913,0.000000,4.168614
2018-02-05,2.862949,1.563036,0.000000,4.168649
2018-02-06,2.839872,1.620488,0.000000,4.156118
2018-02-07,2.821107,1.639998,0.000000,4.167666
2018-02-08,2.800732,0.626095,0.000000,4.147531
2018-02-09,2.780526,0.001976,0.000000,4.152954
2018-02-10,2.760818,0.002322,0.000000,4.132336
2018-02-11,2.740419,0.001444,0.000000,4.117583
2018-02-12,2.724265,0.000945,0.000000,4.091250
2018-02-13,2.706343,0.014163,0.000000,4.113965
2018-02-14,2.688433,0.069528,0.000000,4.086020
2018-02-15,2.670733,0.568391,0.000000,4.091829
2018-02-16,2.651419,0.053678,0.037039,4.089456
2018-02-17,2.635765,0.002193,0.000000,4.056029
2018-02-18,2.618272,0.002330,0.000000,4.057355
2018-02-19,2.600932,0.004184,0.193845,4.002147
2018-02-20,2.583783,0.008211,0.095064,3.992399
2018-02-21,2.565085,0.007879,0.000000,3.947509
2018-02-22,2.550306,0.007003,0.004435,3.943608
2018-02-23,2.533928,0.006878,0.000000,3.964440
2018-02-24,2.517809,0.007866,0.184139,3.975155
2018-02-25,2.501796,0.006984,0.003537,3.954281
2018-02-26,2.484053,0.006118,1.614627,3.932980
2018-02-27,2.470098,0.005214,0.214023,3.886131
2018-02-28,2.454744,0.003963,0.000000,3.916186
2018-03-01,2.437722,0.003619,0.000000,3.871702
2018-03-02,2.424060,0.003621,0.000000,3.863736
2018-03-03,2.408825,0.003622,0.000000,3.856470
2018-03-04,2.393788,0.003923,0.000000,3.858160
2018-03-05,2.378780,0.004062,0.000000,3.834426
2018-03-06,2.362275,0.004135,0.000000,3.841491
2018-03-07,2.349390,0.005834,0.000000,3.835135
2018-03-08,2.335189,0.051975,0.000000,3.815612
2018-03-09,2.320983,0.055621,0.000000,3.807542
2018-03-10,2.299838,0.055523,0.000000,3.800725
2018-03-11,2.283461,0.055461,0.000000,3.781967
2018-03-12,2.271041,0.052283,0.000000,3.797682
2018-03-13,2.257347,0.050609,0.000000,3.774370
2018-03-14,2.243642,0.056500,0.000000,3.792430
2018-03-15,2.230348,0.031668,0.000000,3.795827
2018-03-16,2.216035,0.028872,0.000000,3.746926
2018-03-17,2.204855,0.028871,0.000000,3.773991
2018-03-18,2.192359,0.028821,0.000000,4.996949
2018-03-19,2.180749,0.013770,0.000000,4.578473
2018-03-20,2.169680,0.000885,0.000000,4.281031
2018-03-21,2.157241,0.000864,0.000000,3.758665
2018-03-22,2.147819,0.009782,0.000000,3.738333
2018-03-23,2.136936,0.014188,0.000000,3.705768
2018-03-24,2.126107,0.019833,0.000000,3.735354
2018-03-25,2.115316,0.007870,0.000000,3.724821
2018-03-26,2.102991,0.004663,0.000000,3.747529
2018-03-27,2.088701,0.004680,0.000000,3.730596
2018-03-28,2.053445,0.004666,0.000364,3.692588
2018-03-29,2.042957,0.003680,0.000000,3.696802
2018-03-30,2.032623,0.002264,0.000000,3.700332
2018-03-31,2.022416,0.002276,0.000000,3.683226
2018-04-01,2.011083,1.819211,0.000000,3.688682
2018-04-02,2.002843,0.001845,0.000000,5.955697
2018-04-03,1.993305,0.001400,0.000000,3.660388
2018-04-04,1.983941,0.003238,0.000000,3.690404
2018-04-05,1.974474,0.013283,0.000000,3.678809
2018-04-06,1.963739,0.000540,0.000000,3.627584
2018-04-07,1.955931,0.000516,0.000000,3.633961
2018-04-08,1.946951,0.000679,0.000000,3.643701
2018-04-09,1.938023,0.003114,0.000000,3.655392
2018-04-10,1.929097,0.003264,0.000000,3.631691
2018-04-11,1.918787,0.002331,0.035374,5.046890
2018-04-12,1.911219,0.000955,0.525409,6.680432
2018-04-13,1.902338,0.001661,0.427554,4.853853
2018-04-14,1.893410,0.003799,0.284872,4.956293
2018-04-15,1.884499,0.004429,1.002488,6.294399
2018-04-16,1.874378,0.003222,1.542041,11.173706
2018-04-17,1.866902,0.002777,1.202663,9.710526
2018-04-18,1.857456,3.832008,3.241587,8.881564
2018-04-19,1.859642,13.762537,1.799652,9.100169
2018-04-20,1.840642,1.689582,0.028917,9.860798
2018-04-21,1.815523,0.178286,0.000000,8.432248
2018-04-22,1.798704,0.001048,0.002169,4.342313
2018-04-23,1.785621,0.000947,0.000000,6.384330
2018-04-24,1.775776,0.000943,0.000000,6.652440
2018-04-25,1.768319,0.000979,0.000000,3.571595
2018-04-26,1.760941,0.001179,0.000000,4.368776
2018-04-27,1.756926,0.000727,0.000000,4.125304
2018-04-28,1.752374,0.000640,0.000000,5.074723
2018-04-29,1.748362,0.000607,0.000000,4.307569
2018-04-30,1.744618,0.001431,-0.002169,4.350714
2018-05-01,1.739719,0.001152,0.006182,3.554151
2018-05-02,1.737182,0.001208,0.000951,4.851165
2018-05-03,1.733475,0.001449,0.003024,5.966731
2018-05-04,1.729806,0.001148,0.003484,3.525657
2018-05-05,1.726212,0.000639,0.000000,5.398557
2018-05-06,1.721543,0.000736,0.000000,4.513601
2018-05-07,1.719221,0.000523,-0.003484,6.058787
2018-05-08,1.715790,0.000540,0.048816,3.615345
2018-05-09,1.712406,0.001726,0.379596,3.738397
2018-05-10,1.708923,0.000929,0.912542,10.332351
2018-05-11,1.704026,0.000917,0.766683,11.410671
2018-05-12,1.701393,0.001253,2.269015,11.284255
2018-05-13,1.697353,0.003044,1.294193,8.841814
2018-05-14,1.693813,0.006391,2.726791,9.837162
2018-05-15,1.694822,4.096525,0.787808,9.577609
2018-05-16,1.688219,1.594936,0.960866,11.289375
2018-05-17,1.676243,6.468965,3.821651,6.991856
2018-05-18,1.661519,11.289013,1.293193,7.132395
2018-05-19,1.636740,0.549588,0.000000,7.937389
2018-05-20,1.629200,5.763816,0.411093,10.546415
2018-05-21,1.631579,10.796098,0.331478,9.070070
2018-05-22,1.634849,7.507610,4.104642,7.642643
2018-05-23,1.637511,24.879229,6.320601,6.250393
2018-05-24,1.635236,14.771836,0.344855,10.847918
2018-05-25,1.673257,2.692004,0.057065,11.098510
2018-05-26,1.733763,15.443545,1.619379,6.918422
2018-05-27,1.797199,7.833920,0.962342,12.424476
2018-05-28,1.851422,5.879896,0.335999,10.838108
2018-05-29,1.922873,16.349456,5.507192,9.373593
2018-05-30,1.998496,38.760654,4.425876,11.528038
2018-05-31,2.063674,24.680813,3.275280,8.876001
2018-06-01,2.205374,28.858805,4.866964,8.152562
2018-06-02,2.367100,32.751907,4.863114,6.694988
2018-06-03,2.539591,38.798042,4.602445,6.634193
2018-06-04,2.719632,33.286175,6.459879,7.230513
2018-06-05,2.980971,38.611353,4.897559,6.442032
2018-06-06,3.268585,69.098811,5.844791,6.016302
2018-06-07,3.565387,70.191985,6.336454,5.525447
2018-06-08,3.860603,77.756183,6.535097,6.322478
2018-06-09,4.104823,67.932770,5.787592,7.900699
2018-06-10,4.417614,93.164585,4.793571,7.296616
2018-06-11,4.669544,75.721789,4.577972,16.479478
2018-06-12,4.924014,76.102649,6.133277,21.954672
2018-06-13,5.215794,89.084679,5.218162,20.056748
2018-06-14,5.459975,87.309696,5.184953,31.234276
2018-06-15,5.706148,64.671359,5.546016,24.322389
2018-06-16,6.063508,51.303262,1.785384,6.777548
2018-06-17,6.384180,53.637245,3.380456,27.833999
2018-06-18,6.653191,72.132748,3.442981,21.876011
2018-06-19,6.770623,84.566820,3.829277,21.206054
2018-06-20,7.237055,116.357729,4.612389,20.270500
2018-06-21,10.864199,97.076520,5.093108,24.121972
2018-06-22,15.554827,170.177665,6.086079,32.749178
2018-06-23,16.537408,138.818312,6.606692,33.365845
2018-06-24,19.910403,216.699408,6.933576,33.294762
2018-06-25,16.645421,131.531120,6.519236,38.628606
2018-06-26,21.214411,142.716743,6.080577,31.354373
2018-06-27,21.916552,138.143930,6.294006,40.889853
2018-06-28,24.254647,135.311856,7.040272,45.537895
2018-06-29,35.220120,235.641324,9.877297,55.625213
2018-06-30,29.798635,151.170497,7.808800,55.732195
2018-07-01,34.430497,167.200514,4.642765,41.346978
2018-07-02,40.407174,291.117221,10.990088,73.520593
2018-07-03,32.119990,184.343919,7.627878,56.828005
2018-07-04,28.184481,107.513662,6.713400,58.519658
2018-07-05,33.426700,133.085053,8.327797,71.502676
2018-07-06,40.528160,189.114712,7.779656,73.462661
2018-07-07,39.861815,174.754516,7.488349,76.352180
2018-07-08,32.153777,129.624306,5.977083,62.320559
2018-07-09,34.037483,191.343255,7.676124,97.109899
2018-07-10,31.463344,141.086490,8.217599,99.150067
2018-07-11,42.873539,185.275536,7.985090,103.839551
2018-07-12,49.435646,247.703069,9.733540,128.245488
2018-07-13,56.942365,284.071305,9.834353,138.810993
2018-07-14,67.615752,336.977706,9.967129,165.492913
2018-07-15,64.321279,375.706898,7.649312,156.786088
2018-07-16,57.082909,251.839681,8.897205,140.929443
2018-07-17,68.043211,333.478434,9.014877,158.301985
2018-07-18,58.960436,253.083782,7.689104,130.314571
2018-07-19,51.592043,205.877481,8.050264,142.171846
2018-07-20,57.388695,238.204429,7.432345,146.409206
2018-07-21,55.170001,223.595484,7.066650,146.070524
2018-07-22,45.769521,166.380733,7.818080,163.914918
2018-07-23,54.268795,219.940015,7.746614,151.163600
2018-07-24,45.565921,177.210711,7.089543,138.404817
2018-07-25,40.300835,127.245501,6.668943,130.404048
2018-07-26,41.077883,127.638355,7.054604,133.343758
2018-07-27,49.338596,191.099161,7.726814,173.509718
2018-07-28,59.901391,266.308024,8.303241,183.144307
2018-07-29,139.395935,862.385182,16.075637,455.313676
2018-07-30,112.862804,855.348046,8.689426,331.844619
2018-07-31,91.912009,550.263145,11.081251,240.461474
2018-08-01,79.382333,313.554561,6.732966,245.079362
2018-08-02,79.319814,285.785558,6.923246,219.136483
2018-08-03,69.769406,203.874209,6.852968,211.500472
2018-08-04,75.824523,255.875966,6.025061,203.552516
2018-08-05,72.015879,252.928836,5.078186,214.310772
2018-08-06,59.954526,195.778445,3.261249,173.947539
2018-08-07,57.495921,180.547288,3.660805,183.549423
2018-08-08,64.163768,269.885741,3.933854,198.482739
2018-08-09,64.745660,278.285371,4.121645,196.059277
2018-08-10,59.801677,230.711095,4.211336,163.313133
2018-08-11,61.680857,235.088559,4.368808,236.410530
2018-08-12,67.888258,318.698782,4.478352,206.475820
2018-08-13,57.258037,258.120257,4.084083,201.910398
2018-08-14,52.293931,211.703387,3.697916,167.456913
2018-08-15,48.103523,200.775532,3.678007,148.922809
2018-08-16,42.805310,163.716828,3.542660,147.259483
2018-08-17,36.817496,127.097626,3.160531,107.382206
2018-08-18,29.526165,82.256750,3.154599,85.823989
2018-08-19,27.052727,65.583753,3.142285,89.781920
2018-08-20,24.882331,58.992476,2.693877,58.529152
2018-08-21,23.283198,55.278828,1.939310,29.221146
2018-08-22,23.979235,71.997860,3.232690,131.668040
2018-08-23,20.645173,46.942915,2.310078,25.185344
2018-08-24,19.382717,37.471588,1.980074,18.070007
2018-08-25,18.448173,19.051759,2.893448,19.799848
2018-08-26,17.589429,27.633241,2.857784,36.628579
2018-08-27,17.285560,44.594160,1.995998,41.953639
2018-08-28,16.056145,28.361656,1.670974,15.864723
2018-08-29,15.315514,23.229331,2.528808,14.512419
2018-08-30,16.932174,27.435477,6.185468,32.223091
2018-08-31,14.140352,234.702864,13.893603,118.099398
2018-09-01,13.338605,139.771261,1.549817,63.886541
2018-09-02,12.427491,34.697490,1.443084,36.804438
2018-09-03,12.183138,19.208361,0.065304,15.513256
2018-09-04,12.160052,23.527050,0.853029,13.836842
2018-09-05,12.146685,21.675137,2.320918,34.630168
2018-09-06,12.023034,25.765195,6.526414,95.745381
2018-09-07,24.024945,375.791178,20.876270,204.175522
2018-09-08,24.379653,274.015622,7.594679,158.837116
2018-09-09,26.215463,246.050868,9.004352,177.951720
2018-09-10,23.599804,182.785471,11.017225,168.277176
2018-09-11,25.228442,188.313892,4.116850,117.959204
2018-09-12,24.659535,159.718352,2.629176,69.441568
2018-09-13,17.531229,79.379540,1.932700,56.000709
2018-09-14,15.550548,20.205488,1.661413,32.286354
2018-09-15,15.985673,27.196068,1.604016,14.915054
2018-09-16,16.251040,25.729573,1.532044,13.489753
2018-09-17,15.878014,44.727164,2.030599,18.754790
2018-09-18,15.360814,12.322593,0.980610,9.323443
2018-09-19,14.934243,2.133195,0.876896,7.812023
2018-09-20,14.520727,0.343302,0.939668,5.773159
2018-09-21,14.079345,0.738656,0.975809,5.756704
2018-09-22,13.637382,0.774710,0.981515,5.714694
2018-09-23,13.199403,0.123662,0.960592,8.200130
2018-09-24,12.775996,0.009996,1.177905,7.129432
2018-09-25,12.346323,0.103066,0.875358,5.664840
2018-09-26,11.931962,0.018441,0.821734,5.647433
2018-09-27,11.546450,0.059348,0.771594,6.175628
2018-09-28,12.169198,0.078086,0.738705,5.963482
2018-09-29,10.822442,0.029537,0.670512,5.583796
2018-09-30,10.496103,0.054897,0.627713,7.949949
2018-10-01,10.172799,0.016563,0.583964,5.553615
2018-10-02,9.964411,0.036309,0.548774,5.536429
2018-10-03,9.591122,1.246720,0.711081,5.515931
2018-10-04,9.311112,0.399639,0.483149,5.511320
2018-10-05,9.054625,0.223461,0.455568,7.204992
2018-10-06,8.802924,0.229563,0.471658,5.469090
2018-10-07,8.568748,0.169678,0.547374,5.466281
2018-10-08,8.332759,0.008708,0.382067,5.456328
2018-10-09,8.109873,0.007723,0.365215,5.439219
2018-10-10,7.898683,0.007723,0.346193,5.427367
2018-10-11,7.697483,0.007737,1.041581,5.419520
2018-10-12,7.535174,47.705700,2.636161,5.916816
2018-10-13,7.359488,1.328502,0.301760,5.398637
2018-10-14,7.160613,0.013054,0.288445,5.362651
2018-10-15,6.987905,0.008069,0.287705,8.492949
2018-10-16,6.828436,0.007854,0.323734,5.354731
2018-10-17,6.690452,0.066700,0.258053,5.319953
2018-10-18,6.643772,0.921572,0.970303,5.319404
2018-10-19,6.488621,5.364228,0.863465,5.288815
2018-10-20,6.309143,0.038116,0.246620,5.284370
2018-10-21,6.175838,0.009484,0.214944,5.263568
2018-10-22,6.060578,0.008794,0.208287,5.271670
2018-10-23,5.950723,0.013656,0.199727,5.255519
2018-10-24,5.850607,0.019430,0.194020,5.240345
2018-10-25,5.761027,0.018671,0.183292,5.230416
2018-10-26,5.675248,0.018697,0.180705,6.176069
2018-10-27,5.602363,0.022073,0.173097,5.204809
2018-10-28,5.526652,0.009145,0.175813,5.212336
2018-10-29,5.452169,0.006442,0.161684,5.164699
2018-10-30,5.379169,0.006637,0.155977,5.191297
2018-10-31,5.306867,0.032488,0.150271,5.156570
2018-11-01,5.231527,0.357032,0.144564,5.147175
2018-11-02,5.164428,0.479796,0.140760,5.144705
2018-11-03,5.093821,0.543041,0.134102,5.135617
2018-11-04,5.024491,0.576507,0.130298,5.111048
2018-11-05,4.955893,0.618881,0.124592,5.127752
2018-11-06,4.884332,0.630932,0.119836,5.083624
2018-11-07,4.821273,0.645313,0.620818,5.115903
2018-11-08,4.778236,6.798538,3.854340,5.051495
2018-11-09,5.166272,49.545194,2.174422,5.175289
2018-11-10,5.321986,1.552904,0.103080,5.042905
2018-11-11,4.504871,0.820953,0.100227,5.039723
2018-11-12,4.451710,0.855570,0.096059,5.033741
2018-11-13,4.410634,0.852411,0.092255,5.021891
2018-11-14,4.377178,0.832217,0.089402,5.046353
2018-11-15,4.347863,0.791959,0.086548,5.052233
2018-11-16,4.316855,0.711536,0.082744,5.031782
2018-11-17,4.292866,0.742003,5.991017,5.129064
2018-11-18,4.273854,5.320154,3.809239,5.057046
2018-11-19,4.244923,0.877118,0.712257,5.052811
2018-11-20,4.207413,0.693603,2.192823,5.003883
2018-11-21,4.169341,1.120285,0.618759,4.973204
2018-11-22,4.137907,0.019520,0.065625,4.958172
2018-11-23,4.101728,0.011965,0.063722,4.958003
2018-11-24,4.066413,0.043608,0.061820,4.943138
2018-11-25,4.032992,0.080863,0.058967,4.933510
2018-11-26,3.997811,0.040084,0.057065,4.930053
2018-11-27,3.968592,0.038650,0.055163,4.903162
2018-11-28,3.936689,0.082880,0.052309,4.895849
2018-11-29,3.904931,0.170498,0.050407,4.895409
2018-11-30,3.872962,0.045831,0.048505,4.871425
2018-12-01,3.839551,0.012038,0.046603,4.855833
2018-12-02,3.811456,0.010860,0.044701,4.848328
2018-12-03,3.780320,0.010984,0.040896,4.848849
2018-12-04,3.750832,0.086462,0.040896,4.843730
2018-12-05,3.721789,0.158691,0.037092,4.832630
2018-12-06,3.689775,0.175735,0.035190,4.814762
2018-12-07,3.662491,0.135828,0.034239,4.824170
2018-12-08,3.632362,0.015305,0.030435,4.794307
2018-12-09,3.601593,0.006441,0.028532,4.819233
2018-12-10,3.570504,0.022646,0.026630,4.787011
2018-12-11,3.536756,0.180469,0.958455,4.784260
2018-12-12,3.507956,0.305239,0.042916,4.852338
2018-12-13,3.476672,0.169666,4.565119,4.738585
2018-12-14,3.444858,0.094735,2.817987,4.735158
2018-12-15,3.412922,0.098217,0.394386,4.724438
2018-12-16,3.379108,0.096714,0.015217,4.710603
2018-12-17,3.350089,0.092954,0.221940,4.706392
2018-12-18,3.319614,0.040878,0.055441,4.681730
2018-12-19,3.290066,0.005677,0.011777,4.706170
2018-12-20,3.261560,0.005507,0.009511,4.660832
2018-12-21,3.231653,0.020303,0.008560,4.680370
2018-12-22,3.206160,0.006698,0.007609,4.656717
2018-12-23,3.178487,0.045301,0.005439,4.670794
2018-12-24,3.151516,0.006385,0.005706,4.652296
2018-12-25,3.124556,0.005519,0.008143,4.627437
2018-12-26,3.095658,0.042159,0.009511,4.650810
2018-12-27,3.071276,0.075949,0.013315,4.635211
2018-12-28,3.044954,0.010252,0.047789,4.648332
2018-12-29,3.018523,0.005989,0.001902,4.622397
2018-12-30,2.992699,0.005507,0.001902,4.623860
2018-12-31,2.968391,0.005507,0.000000,4.553640
2019-01-01,4.293834,0.014128,0.000951,4.578787
2019-01-02,4.260029,0.014039,0.071853,4.598586
2019-01-03,4.224054,0.016474,5.010924,4.579996
2019-01-04,4.189014,0.016639,1.514878,4.632634
2019-01-05,4.154333,0.017354,0.010996,4.572329
2019-01-06,4.117649,0.016332,0.000000,4.594654
2019-01-07,4.087811,0.016286,0.000000,4.590167
2019-01-08,4.055293,0.016563,0.007609,4.553834
2019-01-09,4.022937,0.017595,0.179626,4.565147
2019-01-10,3.990785,0.043143,0.000000,4.529388
2019-01-11,3.956352,0.017657,0.000000,4.549830
2019-01-12,3.928081,0.019696,0.000000,4.518338
2019-01-13,3.897197,0.017567,0.000000,4.518363
2019-01-14,3.866813,0.017073,0.000000,4.510338
2019-01-15,3.836643,0.018418,0.000000,4.484937
2019-01-16,3.803866,0.041229,0.002169,4.488638
2019-01-17,3.776496,0.042223,0.000000,4.466323
2019-01-18,3.746375,0.029794,0.000000,4.462201
2019-01-19,3.716550,0.016885,0.000000,4.449983
2019-01-20,3.687714,0.016647,0.000000,4.404283
2019-01-21,3.657062,0.016667,0.000000,4.456965
2019-01-22,3.631851,0.022002,0.000000,4.413452
2019-01-23,3.604412,0.026393,0.000000,4.436369
2019-01-24,3.577051,0.019886,0.000000,4.390279
2019-01-25,3.550264,0.016873,0.000000,4.373622
2019-01-26,3.521673,0.016310,0.000000,4.428634
2019-01-27,3.498386,0.016293,0.000000,4.366064
2019-01-28,3.472960,0.018193,0.000000,4.380754
2019-01-29,3.447573,0.017947,0.000000,4.359230
2019-01-30,3.422392,0.016357,0.000000,4.347287
2019-01-31,3.397223,0.016485,0.000000,4.377588
2019-02-01,3.370068,0.016420,0.000000,4.362712
2019-02-02,3.347481,0.338458,0.000000,4.359406
2019-02-03,3.323015,0.365042,0.000000,4.335781
2019-02-04,3.299395,0.018328,0.000000,4.351775
2019-02-05,3.276192,0.020906,0.000000,4.333104
2019-02-06,3.251425,0.028305,0.000000,4.307018
2019-02-07,3.231276,0.016940,0.000000,4.337298
2019-02-08,3.209786,0.016728,0.000000,4.381273
2019-02-09,3.189343,0.016794,0.000000,4.358600
2019-02-10,3.169136,0.016507,0.000000,4.329163
2019-02-11,3.146686,0.016495,0.000000,4.328083
2019-02-12,3.128758,0.016507,0.000000,4.341483
2019-02-13,3.108855,0.016507,0.000000,4.329158
2019-02-14,3.089212,0.016507,0.000000,4.314321
2019-02-15,3.069570,0.016507,0.000000,4.307189
2019-02-16,3.048271,0.016495,0.000000,4.296412
2019-02-17,3.031575,0.016507,0.000000,4.288830
2019-02-18,3.012976,0.016507,0.000000,4.299976
2019-02-19,2.994513,0.016499,0.000000,4.301362
2019-02-20,2.975938,0.016618,0.000000,4.309361
2019-02-21,2.955419,0.017576,0.000000,6.472632
2019-02-22,2.939422,0.017840,0.000000,4.293252
2019-02-23,2.921357,0.016882,0.511305,4.271550
2019-02-24,2.903514,0.019558,0.000000,4.282253
2019-02-25,2.886231,0.064882,0.013069,4.297941
2019-02-26,2.867210,0.031837,0.052860,4.246909
2019-02-27,2.852496,0.016155,0.000000,4.286971
2019-02-28,2.836252,0.016131,0.000000,4.273987
2019-03-01,2.818102,0.016120,0.000000,4.248231
2019-03-02,2.804163,0.016131,0.000000,4.252353
2019-03-03,2.788396,0.016131,0.000000,4.232711
2019-03-04,2.772490,0.016131,0.000000,4.195833
2019-03-05,2.756695,0.016131,0.000000,4.222009
2019-03-06,2.739231,0.016120,0.000000,4.195398
2019-03-07,2.725633,0.016131,0.000000,4.204291
2019-03-08,2.710198,0.016131,0.000000,4.192770
2019-03-09,2.694741,0.016131,0.000000,4.191995
2019-03-10,2.679193,0.016131,0.000000,4.137051
2019-03-11,2.661783,0.016120,0.000000,4.125959
2019-03-12,2.648343,0.016131,0.001902,4.119493
2019-03-13,2.633371,0.016131,0.008677,4.131204
2019-03-14,2.618532,0.016131,0.000000,4.151701
2019-03-15,2.603782,0.016616,0.000000,4.103203
2019-03-16,2.587404,0.018548,0.000000,4.076345
2019-03-17,2.574706,0.054984,0.000000,4.071354
2019-03-18,2.560457,0.016643,0.000000,4.102858
2019-03-19,2.546176,0.016096,0.000000,4.078485
2019-03-20,2.531973,0.016099,0.000000,4.046142
2019-03-21,2.516159,0.016120,-0.002169,4.128781
2019-03-22,2.503917,0.016131,0.000000,4.142466
2019-03-23,2.489958,0.016131,0.000000,4.102634
2019-03-24,2.476062,0.016131,0.000000,5.387768
2019-03-25,2.462440,0.016131,0.000000,4.106776
2019-03-26,2.447440,0.016120,0.000000,4.092401
2019-03-27,2.435873,0.016131,0.000000,4.103896
2019-03-28,2.422726,0.016131,0.000000,4.084693
2019-03-29,2.409889,0.016131,0.000000,4.085208
2019-03-30,2.397223,0.016131,0.000000,4.081060
2019-03-31,2.384700,0.016131,0.000000,4.072779
2019-04-01,2.370695,0.016120,0.000000,4.071739
2019-04-02,2.360233,0.016131,0.000000,7.628254
2019-04-03,2.348279,0.016145,0.000000,4.055173
2019-04-04,2.336372,0.016140,0.000000,4.051533
2019-04-05,2.324573,0.016130,0.000000,4.063046
2019-04-06,2.311436,0.016119,0.000000,4.244321
2019-04-07,2.301652,0.016130,0.000000,6.436873
2019-04-08,2.290420,0.016122,0.000000,7.004920
2019-04-09,2.279235,0.016126,0.000000,5.534243
2019-04-10,2.268010,0.016129,0.000727,5.454199
2019-04-11,2.255310,0.016119,1.522014,5.114009
2019-04-12,2.245815,0.016130,6.276950,5.850427
2019-04-13,2.239395,13.103636,8.534853,7.263069
2019-04-14,2.362473,27.143990,6.864318,6.311946
2019-04-15,2.487500,35.851423,1.437830,6.199143
2019-04-16,2.462508,17.101079,2.909955,8.299489
2019-04-17,2.589103,57.616611,5.874933,5.775952
2019-04-18,2.166040,5.196757,1.279317,8.645310
2019-04-19,2.579539,29.553272,6.563753,7.812035
2019-04-20,2.373991,32.087539,1.904700,9.798941
2019-04-21,2.210384,1.881822,0.000951,5.319725
2019-04-22,2.288601,0.052715,0.000000,3.905636
2019-04-23,2.372990,0.037279,0.000000,3.896995
2019-04-24,2.451166,0.035524,0.123328,4.291778
2019-04-25,3.207599,21.645417,7.769231,5.678026
2019-04-26,4.050050,39.423904,6.333945,10.172859
2019-04-27,6.854276,128.847422,14.709589,7.966970
2019-04-28,6.253611,90.060602,4.610313,11.021846
2019-04-29,8.246797,171.506563,13.949172,8.723979
2019-04-30,7.407922,107.954876,10.793038,18.996836
2019-05-01,8.030162,52.763909,2.274430,21.885812
2019-05-02,4.126665,5.557232,0.052062,3.936718
2019-05-03,4.248511,0.771721,0.016852,5.664235
2019-05-04,4.473779,3.119445,1.035997,14.729867
2019-05-05,4.589128,3.327563,0.629129,19.957907
2019-05-06,4.665820,17.751952,1.392202,10.191108
2019-05-07,4.944830,35.504485,2.021098,10.554959
2019-05-08,4.632336,4.812149,0.228286,14.163573
2019-05-09,4.631713,1.384446,0.019274,5.648342
2019-05-10,5.744130,1.774271,0.251225,6.348404
2019-05-11,5.718880,0.961974,0.182220,9.777524
2019-05-12,5.233932,0.610872,0.548112,9.212345
2019-05-13,6.129113,0.610285,1.479215,9.082429
2019-05-14,8.437791,6.268076,3.427019,21.327844
2019-05-15,14.442409,95.310992,14.882284,43.858203
2019-05-16,12.611403,92.465359,8.760735,36.931284
2019-05-17,13.549256,121.575354,6.427737,31.386415
2019-05-18,18.127929,164.701376,4.730682,41.541317
2019-05-19,17.629310,157.572932,1.795030,40.819380
2019-05-20,10.831666,79.585463,1.073806,28.843175
2019-05-21,10.099615,65.254776,1.389458,25.649286
2019-05-22,9.729821,62.378872,2.863516,25.986714
2019-05-23,8.704121,58.877252,2.496167,22.157063
2019-05-24,8.994742,74.203403,2.372510,24.026405
2019-05-25,10.018379,85.757604,2.990336,28.107260
2019-05-26,12.017645,84.551175,2.056343,14.997687
2019-05-27,10.874494,73.745664,1.911014,14.288529
2019-05-28,13.068479,68.613168,2.686460,12.869958
2019-05-29,17.982684,81.211935,3.778007,18.209055
2019-05-30,19.874907,80.908943,3.792145,23.518837
2019-05-31,15.800960,62.844450,2.328033,18.991131
2019-06-01,9.891599,87.986651,3.782508,26.367483
2019-06-02,10.660423,110.452191,3.796733,26.665181
2019-06-03,9.934755,88.021501,4.267340,25.499875
2019-06-04,12.483906,125.884962,5.058798,28.589686
2019-06-05,12.007335,110.535693,5.064446,30.806793
2019-06-06,12.614858,119.484402,5.870142,35.422451
2019-06-07,13.784210,152.113934,6.704676,36.114818
2019-06-08,14.184272,164.446147,6.899286,36.928189
2019-06-09,14.618877,160.190490,7.323531,38.287272
2019-06-10,14.497458,159.302344,7.421795,53.813905
2019-06-11,16.851022,190.556678,9.701430,72.083882
2019-06-12,23.777610,328.788107,12.657964,96.046686
2019-06-13,26.105554,444.343076,12.594110,98.900106
2019-06-14,20.948643,285.069142,9.510737,73.182740
2019-06-15,23.176687,247.952543,10.017179,91.252340
2019-06-16,26.651969,335.817697,10.159982,149.463687
2019-06-17,26.434173,261.867416,9.108325,142.466322
2019-06-18,31.593420,226.381983,9.659854,153.404895
2019-06-19,32.212860,192.174911,8.675365,138.518040
2019-06-20,36.332564,195.326726,8.949723,140.568246
2019-06-21,39.033393,205.137634,8.779359,145.852043
2019-06-22,40.342174,207.424037,8.894645,155.471224
2019-06-23,51.843125,285.803046,9.624938,177.960480
2019-06-24,47.540025,228.609584,8.897246,158.102395
2019-06-25,74.103310,486.272900,12.307636,238.372259
2019-06-26,66.081477,403.327340,12.455944,225.633250
2019-06-27,67.313082,337.346854,8.088566,179.227747
2019-06-28,66.061698,338.046331,6.679137,172.962356
2019-06-29,70.244862,351.973078,7.958615,206.469070
2019-06-30,70.909986,392.663028,7.341649,195.999067
2019-07-01,62.232578,269.058542,9.555017,241.754431
2019-07-02,49.772352,171.923894,9.600208,229.028736
2019-07-03,62.705504,493.637051,34.896453,415.978636
2019-07-04,61.913693,540.156824,11.226886,295.546176
2019-07-05,53.929161,309.162155,9.013896,257.014712
2019-07-06,57.648531,335.388543,9.801618,290.751217
2019-07-07,56.541969,318.319445,8.380660,267.909110
2019-07-08,60.464761,373.072464,6.885179,228.921389
2019-07-09,59.064593,402.136710,4.711166,183.714455
2019-07-10,52.752787,291.018078,6.822615,322.187061
2019-07-11,53.999833,304.220233,5.728178,292.703338
2019-07-12,53.848803,323.767285,5.373374,272.553422
2019-07-13,52.555898,316.728072,5.116083,289.987471
2019-07-14,51.376860,297.180771,5.646205,309.233880
2019-07-15,55.753137,343.843264,5.956408,319.346440
2019-07-16,63.336863,525.520732,7.506590,385.491971
2019-07-17,55.598382,366.216934,4.622130,308.270369
2019-07-18,55.848808,360.151178,5.537311,337.440426
2019-07-19,60.436179,426.357482,5.470577,323.514030
2019-07-20,64.827545,517.684009,6.006147,359.315716
2019-07-21,60.768178,478.286268,5.697434,374.529908
2019-07-22,61.263119,462.781758,5.603091,356.653550
2019-07-23,61.351293,349.754514,4.851107,306.487722
2019-07-24,65.183263,354.228002,4.915727,250.287850
2019-07-25,58.773576,243.053561,3.968580,233.084226
2019-07-26,50.435938,315.179878,5.835120,261.319696
2019-07-27,59.178810,523.711057,6.788764,382.572188
2019-07-28,62.729520,979.248789,20.231865,635.372032
2019-07-29,97.753973,1839.484983,35.620731,1126.350316
2019-07-30,86.010541,1054.448536,4.454997,443.831221
2019-07-31,100.638841,676.193440,4.737023,439.627539
2019-08-01,99.911911,496.515868,2.786327,326.674329
2019-08-02,96.410798,417.855968,3.184082,327.062333
2019-08-03,93.261376,431.508651,3.372710,341.692716
2019-08-04,88.098861,432.871099,3.574397,319.021216
2019-08-05,84.734947,359.513831,3.769262,270.109662
2019-08-06,79.264647,330.507341,3.327919,290.598241
2019-08-07,74.018254,266.929004,3.388120,235.462704
2019-08-08,70.312763,266.182116,3.221179,204.730953
2019-08-09,65.478824,269.709024,3.423733,195.670672
2019-08-10,61.491307,230.717791,3.339404,159.999909
2019-08-11,58.645116,256.212237,3.529954,191.294321
2019-08-12,52.208326,184.305555,3.269989,122.331663
2019-08-13,48.928118,140.078540,3.641295,141.123844
2019-08-14,47.578191,153.951396,3.371617,159.633550
2019-08-15,47.332579,212.531461,4.335270,194.083382
2019-08-16,43.157751,149.786948,3.279227,128.271194
2019-08-17,41.202803,147.469701,3.048295,108.126075
2019-08-18,38.453284,116.093947,2.867065,81.165277
2019-08-19,36.461360,99.037167,2.625136,56.358673
2019-08-20,34.592262,87.860568,2.349737,35.265390
2019-08-21,33.354639,79.303887,2.512483,31.351885
2019-08-22,31.847780,40.007961,3.130538,38.737363
2019-08-23,30.601891,355.686011,10.861231,84.765651
2019-08-24,28.851322,529.731919,14.519534,143.832390
2019-08-25,26.614597,127.364449,3.332951,125.552543
2019-08-26,26.873642,148.965134,1.450336,120.339498
2019-08-27,27.406959,95.399395,0.950356,49.490825
2019-08-28,27.603732,52.565046,0.678563,30.045079
2019-08-29,27.411208,53.187676,0.812708,16.357515
2019-08-30,26.924881,72.446773,0.920469,16.231811
2019-08-31,26.287701,60.796019,1.014819,18.490011
2019-09-01,25.504215,43.876605,0.694451,17.335436
2019-09-02,24.736493,34.682471,0.546037,16.165293
2019-09-03,23.941453,37.391520,0.775781,15.259531
2019-09-04,23.193513,34.745130,0.997656,16.785391
2019-09-05,22.535187,35.017024,2.257769,15.672506
2019-09-06,21.771376,26.248737,1.598670,17.321960
2019-09-07,21.963448,149.999720,7.862402,64.144607
2019-09-08,21.294297,170.913320,6.731889,85.969925
2019-09-09,19.675183,74.190815,1.153271,58.836501
2019-09-10,18.484527,13.018349,0.759229,15.763349
2019-09-11,17.892906,12.916070,0.442527,12.180331
2019-09-12,17.482990,5.753991,0.201212,10.477104
2019-09-13,17.139964,1.104927,0.197237,6.429685
2019-09-14,16.824128,1.085640,0.207720,6.718408
2019-09-15,16.513148,0.637564,0.197825,6.508187
2019-09-16,16.271754,6.357026,0.352797,7.419649
2019-09-17,15.880537,3.578415,0.641199,9.626531
2019-09-18,15.552950,0.988455,1.141442,7.526328
2019-09-19,15.235594,6.890296,0.819438,9.426674
2019-09-20,15.032548,21.313633,0.387676,7.785366
2019-09-21,15.067959,35.256597,6.273556,17.914220
2019-09-22,23.428299,285.214324,17.530678,121.444784
2019-09-23,20.077681,356.441442,16.971656,150.812536
2019-09-24,23.456916,252.484020,4.576624,101.872124
2019-09-25,20.902433,313.337826,3.295030,89.582691
2019-09-26,19.867366,198.397365,4.483174,89.988891
2019-09-27,14.321443,82.391491,0.702115,25.502336
2019-09-28,14.382843,27.565224,0.213993,9.451473
2019-09-29,15.076052,25.273508,0.213993,7.458246
2019-09-30,15.532810,5.372995,0.226027,6.772795
2019-10-01,15.937095,0.384350,0.242124,6.175807
2019-10-02,16.197170,0.058673,0.231408,5.797690
2019-10-03,16.395768,15.196015,3.358506,6.522023
2019-10-04,16.325218,55.477081,9.214148,28.603534
2019-10-05,16.188903,99.512967,11.277156,43.828251
2019-10-06,15.889720,107.281925,7.227978,46.256551
2019-10-07,15.716553,22.784125,0.392830,6.788200
2019-10-08,15.602699,24.450441,0.359421,7.183889
2019-10-09,15.605424,26.121103,0.440959,5.898959
2019-10-10,15.535631,0.329214,0.281520,5.698275
2019-10-11,15.452925,0.067280,0.290080,5.697638
2019-10-12,15.361584,0.095421,0.296737,5.672198
2019-10-13,15.215605,0.091750,0.300542,5.657656
2019-10-14,15.038822,0.173350,0.302444,5.641994
2019-10-15,14.832666,0.087904,0.304346,5.655688
2019-10-16,14.587891,0.101057,0.303395,5.625928
2019-10-17,14.343690,0.081582,0.303395,6.642094
2019-10-18,14.077939,0.131244,0.302444,6.257136
2019-10-19,13.812803,0.153897,0.300542,5.597048
2019-10-20,13.540932,0.105941,0.302123,5.584512
2019-10-21,13.254239,0.066145,0.297688,5.571341
2019-10-22,12.985455,0.028068,0.294835,5.554641
2019-10-23,12.715825,0.028084,0.291982,5.546884
2019-10-24,12.451054,0.038607,0.290080,5.535652
2019-10-25,12.190545,0.023474,0.285324,5.531689
2019-10-26,11.927631,0.027288,0.282471,5.503353
2019-10-27,11.689270,0.025538,0.278667,5.491571
2019-10-28,11.446181,0.025711,0.273911,5.480571
2019-10-29,11.212308,0.048386,0.269156,5.447693
2019-10-30,10.981935,0.028024,0.264400,5.469495
2019-10-31,10.763612,0.023692,0.258694,5.458010
2019-11-01,10.550387,0.150166,0.252987,5.462688
2019-11-02,10.356598,0.110457,0.245379,5.417996
2019-11-03,10.161905,0.041216,0.239672,5.413215
2019-11-04,9.971682,0.035316,0.232064,5.397426
2019-11-05,9.791786,0.040953,0.225406,5.396097
2019-11-06,9.612890,0.032265,0.218749,5.370552
2019-11-07,9.450434,0.032095,0.212091,5.369773
2019-11-08,9.284692,0.143250,0.205433,5.335854
2019-11-09,9.123499,0.070943,0.201461,5.354764
2019-11-10,8.966149,0.032568,0.919687,5.348331
2019-11-11,8.804648,0.064142,1.024297,5.320162
2019-11-12,8.659112,0.097406,0.290512,5.301537
2019-11-13,8.510459,0.075333,0.173097,5.325261
2019-11-14,8.366696,0.082709,0.166803,5.348947
2019-11-15,8.227717,0.052135,0.162635,5.298976
2019-11-16,8.090951,0.063457,0.157879,5.262220
2019-11-17,7.968810,0.038412,0.152173,5.241773
2019-11-18,7.847456,0.050840,0.148369,5.217287
2019-11-19,7.729485,0.165481,0.216863,5.212827
2019-11-20,7.613937,0.165216,0.210277,5.883628
2019-11-21,7.498179,0.113088,0.141810,5.163344
2019-11-22,7.395567,0.110057,0.145515,5.188878
2019-11-23,7.289607,0.080118,0.138777,5.176802
2019-11-24,7.185982,0.037728,0.125543,5.133791
2019-11-25,7.085492,0.068406,0.119205,5.111266
2019-11-26,6.982252,0.055815,0.119836,5.134557
2019-11-27,6.890260,0.037177,0.116032,5.103697
2019-11-28,6.795944,0.045139,0.113179,5.100313
2019-11-29,6.705563,0.041310,0.110325,5.078183
2019-11-30,6.617538,0.057166,0.106521,5.065536
2019-12-01,6.527634,0.038210,0.102717,5.065816
2019-12-02,6.448134,0.057143,0.885290,5.097341
2019-12-03,6.365016,0.897412,0.774960,5.028951
2019-12-04,6.289101,0.029739,0.094157,5.025178
2019-12-05,6.208297,0.036688,0.091304,5.025462
2019-12-06,6.122626,0.033032,0.089402,4.996930
2019-12-07,6.047169,0.057439,0.085597,5.002706
2019-12-08,5.970380,0.085813,0.084646,4.988255
2019-12-09,5.897698,0.032481,0.079891,4.992317
2019-12-10,5.828560,0.054900,0.079891,6.417270
2019-12-11,5.757787,0.079223,0.076086,4.942433
2019-12-12,5.697761,0.021815,0.074184,4.979410
2019-12-13,5.636327,0.021179,0.070380,4.950140
2019-12-14,5.577704,0.021026,0.068478,4.951878
2019-12-15,5.520246,0.020934,0.065625,4.940200
2019-12-16,5.459764,0.020901,0.063722,4.924251
2019-12-17,5.406731,0.021333,0.060869,4.906272
2019-12-18,5.350253,0.021742,0.058016,4.905274
2019-12-19,5.294729,0.021744,0.056114,4.887333
2019-12-20,5.239916,0.021744,0.053261,4.875675
2019-12-21,5.182335,0.021729,0.050407,4.868581
2019-12-22,5.132503,0.021197,0.048505,4.837623
2019-12-23,5.079991,0.021740,0.045652,4.836089
2019-12-24,5.028899,0.021743,0.043750,4.836852
2019-12-25,4.978276,0.021744,0.039945,4.837368
2019-12-26,4.924977,0.021728,0.038043,4.834841
2019-12-27,4.879242,0.021743,0.036141,4.826150
2019-12-28,4.831300,0.022876,0.032337,4.799706
2019-12-29,4.785016,0.022048,0.028532,4.790898
2019-12-30,4.739722,0.022046,0.028532,4.776282
2019-12-31,4.694725,0.022047,0.024728,4.791362

