time,MAR_land,MAR_ice,RACMO_land,RACMO_ice
2015-01-01,2.661115,0.023151,0.532050,3.684579
2015-01-02,2.637401,0.011308,0.523664,3.671788
2015-01-03,2.612103,0.005676,0.518564,3.664316
2015-01-04,2.587646,0.006798,0.512513,3.593844
2015-01-05,2.563570,0.004410,0.504763,3.594146
2015-01-06,2.538031,0.007483,0.498248,3.590870
2015-01-07,2.517300,0.005409,0.494315,3.572036
2015-01-08,2.495267,0.016432,0.486096,3.651819
2015-01-09,2.473482,0.021885,0.482153,3.580924
2015-01-10,2.452907,0.004698,0.474220,3.556057
2015-01-11,2.431309,0.004688,0.468253,3.581366
2015-01-12,2.413348,0.009592,0.463382,3.560496
2015-01-13,2.393868,0.018234,0.455658,3.610826
2015-01-14,2.374578,0.020507,0.452112,3.569980
2015-01-15,2.355462,0.005846,0.446537,3.592116
2015-01-16,2.334824,0.013181,0.439048,3.536213
2015-01-17,2.317390,0.025455,0.434704,3.532164
2015-01-18,2.298326,0.257900,0.923797,3.618635
2015-01-19,2.279345,0.283737,0.490821,3.501844
2015-01-20,2.260531,0.170228,0.419460,3.503030
2015-01-21,2.240646,0.131407,0.415300,3.486826
2015-01-22,2.224304,0.017106,0.409924,3.512898
2015-01-23,2.206520,0.004701,0.406651,3.539068
2015-01-24,2.189161,0.004845,0.402240,3.482886
2015-01-25,2.172074,0.004747,0.396896,3.484709
2015-01-26,2.153384,0.009088,0.391001,3.483309
2015-01-27,2.138051,0.012950,0.389283,3.470445
2015-01-28,2.121373,0.014822,0.384509,3.497763
2015-01-29,2.104919,0.021666,0.379528,3.459709
2015-01-30,2.088427,0.068171,0.374904,3.441805
2015-01-31,2.072240,0.024113,0.371046,3.436109
2015-02-01,2.054839,0.056099,0.366338,3.474246
2015-02-02,2.040512,0.016734,0.363164,3.451354
2015-02-03,2.025161,0.024838,0.376505,3.700178
2015-02-04,2.010064,0.018753,0.385985,3.407749
2015-02-05,1.995024,0.005031,0.352053,3.439039
2015-02-06,1.978347,0.009815,0.347798,3.439703
2015-02-07,1.964491,0.035880,3.005367,4.033832
2015-02-08,1.949520,0.105006,0.393198,3.398881
2015-02-09,1.934666,0.004704,0.336112,3.311562
2015-02-10,1.919850,0.004659,0.333238,3.337967
2015-02-11,1.903827,0.004657,0.329892,3.382760
2015-02-12,1.890837,0.004661,0.325754,3.306688
2015-02-13,1.877076,0.004654,0.325224,3.379652
2015-02-14,1.863426,0.004626,0.315870,3.300886
2015-02-15,1.850400,0.004681,0.316291,3.303339
2015-02-16,1.836650,0.004677,0.312393,3.314877
2015-02-17,1.825701,0.004718,0.308808,3.311497
2015-02-18,1.813789,0.004716,0.306122,3.366768
2015-02-19,1.801854,0.004662,0.302608,3.302654
2015-02-20,1.789948,0.004660,0.298272,3.294764
2015-02-21,1.776924,0.004657,0.295446,3.304677
2015-02-22,1.766416,0.004659,0.292221,3.291357
2015-02-23,1.754927,0.004660,0.288449,3.341133
2015-02-24,1.743465,0.004655,0.285892,3.283860
2015-02-25,1.732621,0.004657,0.283475,3.300376
2015-02-26,1.720956,0.004656,0.278055,3.293987
2015-02-27,1.711612,0.004655,0.279475,3.434926
2015-02-28,1.701314,0.004666,0.273024,3.321685
2015-03-01,1.690214,0.004943,0.270987,3.254592
2015-03-02,1.681430,0.006239,0.264596,3.229839
2015-03-03,1.671549,0.006380,0.264116,3.313325
2015-03-04,1.661782,0.006243,0.260163,3.265336
2015-03-05,1.652317,0.005763,0.258889,3.274410
2015-03-06,1.641923,0.004674,0.255244,3.237688
2015-03-07,1.633852,0.004655,0.251476,3.236400
2015-03-08,1.624642,0.004655,0.249394,3.272248
2015-03-09,1.615450,0.004659,0.245970,3.228450
2015-03-10,1.606201,0.004655,0.245629,3.276867
2015-03-11,1.595848,0.004653,0.241777,3.216650
2015-03-12,1.587670,0.004655,0.239356,3.201395
2015-03-13,1.578433,0.004663,0.238741,3.249444
2015-03-14,1.569260,0.004657,0.232827,5.382253
2015-03-15,1.560122,0.004656,0.232093,3.197238
2015-03-16,1.550149,0.004652,0.228861,3.155548
2015-03-17,1.542322,0.004657,0.228416,3.227909
2015-03-18,1.533367,0.004663,0.280486,3.165814
2015-03-19,1.524570,0.004657,0.447790,3.173092
2015-03-20,1.515860,0.004691,0.221954,3.174463
2015-03-21,1.506045,0.004680,0.216991,3.169227
2015-03-22,1.498475,0.004655,0.216807,3.217829
2015-03-23,1.489853,0.004666,0.214842,3.157667
2015-03-24,1.481303,0.004695,0.212349,3.153954
2015-03-25,1.472807,0.004653,0.211130,3.135961
2015-03-26,1.463291,0.004646,0.208373,3.124767
2015-03-27,1.455807,0.004654,0.205820,3.185548
2015-03-28,1.447390,0.004656,0.206085,3.115470
2015-03-29,1.438991,0.004655,0.204224,3.173988
2015-03-30,1.430543,0.004668,0.198692,3.133042
2015-03-31,1.422067,0.004652,0.199876,3.171813
2015-04-01,1.412721,0.004651,0.197650,3.118608
2015-04-02,1.405422,0.004710,0.209692,3.103593
2015-04-03,1.397191,0.004687,0.194246,3.183675
2015-04-04,1.389169,0.004658,0.188528,3.077602
2015-04-05,1.381261,0.004648,0.190776,3.100308
2015-04-06,1.372646,0.004698,0.187505,3.091939
2015-04-07,1.366189,0.004658,0.184342,3.134778
2015-04-08,1.358833,0.004652,0.184342,3.090842
2015-04-09,1.351558,0.004651,0.181800,3.077245
2015-04-10,1.344576,0.004652,0.183274,3.103289
2015-04-11,1.336656,0.004651,0.177555,3.118735
2015-04-12,1.330586,0.004689,0.175320,3.063180
2015-04-13,1.323525,0.004662,0.185557,3.112042
2015-04-14,1.316560,0.004654,0.958156,11.640754
2015-04-15,1.309662,0.004653,1.127608,10.137564
2015-04-16,1.301897,0.004674,0.597380,3.644842
2015-04-17,1.295890,0.004660,0.167759,3.105540
2015-04-18,1.289009,0.004692,0.696017,4.130578
2015-04-19,1.282192,0.004730,1.954737,3.229318
2015-04-20,1.275585,0.004654,1.223600,3.164702
2015-04-21,1.268224,0.004649,1.064290,3.091583
2015-04-22,1.262765,0.004650,2.429886,14.811545
2015-04-23,1.256513,0.004654,3.008734,10.420128
2015-04-24,1.250311,0.004656,1.586572,6.645072
2015-04-25,1.244084,0.004659,0.156693,5.077660
2015-04-26,1.236979,0.004658,0.159052,3.074075
2015-04-27,1.231636,0.004657,0.228132,3.024759
2015-04-28,1.225522,0.004664,0.721769,3.012038
2015-04-29,1.219507,0.004657,2.756400,3.062825
2015-04-30,1.213548,0.004662,2.768675,3.022712
2015-05-01,1.206931,0.004653,0.912694,3.003399
2015-05-02,1.202183,0.004671,0.172972,2.995268
2015-05-03,1.196737,0.004692,1.223283,3.024070
2015-05-04,1.191356,0.004647,4.176805,8.300553
2015-05-05,1.186003,0.004655,4.172140,9.033701
2015-05-06,1.179887,0.004654,5.906243,9.382976
2015-05-07,1.175521,0.004734,7.584686,10.565194
2015-05-08,1.170312,0.004647,7.078784,9.802772
2015-05-09,1.165201,0.004670,10.043610,9.416248
2015-05-10,1.160162,0.004664,8.337170,9.541735
2015-05-11,1.154585,0.004697,1.394839,4.853219
2015-05-12,1.150781,0.004717,0.499583,7.119766
2015-05-13,1.146144,0.004663,0.344996,6.058988
2015-05-14,1.141448,0.004652,0.345467,9.558848
2015-05-15,1.136944,0.004656,1.335269,10.414056
2015-05-16,1.131705,0.004718,3.171431,7.487606
2015-05-17,1.128085,0.004639,3.921215,5.611590
2015-05-18,1.123680,0.004647,7.882635,5.572984
2015-05-19,1.119353,0.004650,0.421129,7.251046
2015-05-20,1.114971,0.004647,3.532180,9.888626
2015-05-21,1.109734,0.004644,6.785634,5.762214
2015-05-22,1.106332,0.004685,0.547262,6.004749
2015-05-23,1.102762,0.004652,2.749755,7.621461
2015-05-24,1.099078,0.008368,2.957349,4.942482
2015-05-25,1.102852,2.328520,3.581703,7.567689
2015-05-26,1.101632,7.213506,5.318927,5.687668
2015-05-27,1.092558,7.665545,5.499502,5.681286
2015-05-28,1.078624,3.970691,6.706334,6.227094
2015-05-29,1.057336,0.652078,3.865897,14.374490
2015-05-30,1.038176,0.145604,1.923772,5.559001
2015-05-31,1.023602,0.181724,2.986043,11.343319
2015-06-01,1.012388,0.148421,1.526487,11.726497
2015-06-02,1.006727,2.866562,2.374555,7.638137
2015-06-03,1.006276,10.650682,3.545298,10.392637
2015-06-04,1.002390,15.835297,5.608643,10.622471
2015-06-05,0.983982,25.169530,6.763570,10.416801
2015-06-06,0.951101,40.194541,9.183990,18.205311
2015-06-07,0.919904,62.627710,10.316405,28.109021
2015-06-08,0.876939,49.374022,10.642858,27.004563
2015-06-09,0.862295,63.755983,11.909259,36.262229
2015-06-10,0.867271,62.865292,13.406772,34.906203
2015-06-11,0.917227,49.488931,14.068422,30.541774
2015-06-12,1.036052,100.881205,11.022156,35.627406
2015-06-13,1.161919,77.751584,13.730072,38.585432
2015-06-14,1.354823,66.840932,20.231593,55.717370
2015-06-15,1.627149,64.660885,16.151254,52.894725
2015-06-16,1.924151,201.719913,14.461703,45.870015
2015-06-17,2.530583,137.937667,17.294568,47.493328
2015-06-18,3.848576,169.366795,20.396350,57.851176
2015-06-19,5.301324,226.409347,19.582560,57.932097
2015-06-20,7.267955,160.511649,20.028898,44.885590
2015-06-21,9.851672,172.564008,20.018093,52.890534
2015-06-22,12.014849,214.023276,22.492606,53.123237
2015-06-23,14.006839,223.082904,24.609094,65.185808
2015-06-24,16.308583,208.248155,23.587603,79.140925
2015-06-25,19.001222,240.652181,22.299978,112.782051
2015-06-26,21.722108,274.033632,22.164832,108.957700
2015-06-27,24.366424,376.048283,24.726417,150.256989
2015-06-28,28.576098,373.810100,19.665590,157.759951
2015-06-29,35.546800,385.491624,19.368561,172.081429
2015-06-30,43.030424,252.565566,17.436071,172.719061
2015-07-01,49.186615,233.992032,16.731336,183.854303
2015-07-02,51.810165,270.260291,16.223856,227.435018
2015-07-03,52.026827,284.566277,14.773055,187.265487
2015-07-04,54.525823,335.631669,11.714326,184.602394
2015-07-05,57.113753,429.147428,12.587700,260.459239
2015-07-06,58.707750,450.512757,11.673645,288.875496
2015-07-07,59.310732,553.822603,11.114719,283.562513
2015-07-08,57.671049,314.685028,11.419387,262.501632
2015-07-09,54.973916,312.539196,10.979650,269.843266
2015-07-10,50.747380,294.484175,6.773676,126.457012
2015-07-11,46.968206,263.316902,7.321236,243.810964
2015-07-12,43.484297,215.681484,7.315713,245.469593
2015-07-13,40.831454,235.498593,6.788221,251.453573
2015-07-14,38.433805,273.655418,7.433526,279.802738
2015-07-15,36.128854,290.164524,7.169321,286.705845
2015-07-16,34.539916,344.220456,7.056195,314.113656
2015-07-17,33.807515,471.794670,6.478162,289.761408
2015-07-18,32.004983,327.017456,3.634905,282.214538
2015-07-19,31.724082,301.763783,2.991743,276.430265
2015-07-20,30.027714,300.110573,2.795706,279.549752
2015-07-21,27.857906,268.261228,2.627532,237.949646
2015-07-22,26.122856,254.530765,2.477825,269.685538
2015-07-23,24.294573,201.937440,2.346352,274.769345
2015-07-24,23.021502,217.350652,2.228247,215.714493
2015-07-25,21.644262,206.976574,2.122805,246.995383
2015-07-26,20.183468,219.960108,2.018890,265.517729
2015-07-27,19.447679,261.246058,1.938972,286.217846
2015-07-28,18.280018,319.470438,1.854154,257.107401
2015-07-29,17.388383,206.060435,1.778237,226.420426
2015-07-30,16.748535,183.008297,1.705283,232.998322
2015-07-31,16.048523,182.100383,1.646445,222.729237
2015-08-01,15.513660,217.704108,1.589008,210.023483
2015-08-02,15.440212,350.401616,1.535267,268.992944
2015-08-03,14.943818,425.359765,1.506544,215.750620
2015-08-04,14.234728,295.848545,1.446517,257.055384
2015-08-05,13.829500,262.321506,1.403504,240.402618
2015-08-06,13.309501,224.903266,1.369878,208.977755
2015-08-07,12.888172,232.536950,1.328332,198.803284
2015-08-08,12.514381,213.549206,1.299442,225.313525
2015-08-09,13.994101,563.950179,1.263620,364.653508
2015-08-10,12.561014,628.737728,1.236319,335.867848
2015-08-11,11.954777,425.838032,1.213838,312.956623
2015-08-12,11.431442,294.696875,1.363283,203.806995
2015-08-13,10.902550,264.417404,1.185716,184.294191
2015-08-14,10.820840,215.573355,1.175575,182.132341
2015-08-15,10.667210,200.977234,1.158081,180.347482
2015-08-16,10.321938,184.806131,1.144025,185.643871
2015-08-17,9.897206,152.355495,1.130062,178.161784
2015-08-18,9.601289,147.958178,1.114922,142.366110
2015-08-19,9.412769,184.933523,1.101261,160.749699
2015-08-20,9.195473,215.584798,1.088198,215.895523
2015-08-21,8.688876,160.181617,1.071762,128.702510
2015-08-22,8.676443,213.288238,1.060538,187.734531
2015-08-23,8.412214,193.154733,1.051978,189.494094
2015-08-24,8.229189,205.225728,1.038467,175.538466
2015-08-25,7.930338,158.649086,1.025500,129.182801
2015-08-26,8.012742,234.534181,1.012783,119.959141
2015-08-27,7.598615,159.895362,0.998261,99.778968
2015-08-28,7.573146,85.580418,1.026689,87.035551
2015-08-29,8.236309,277.985100,1.009412,281.766968
2015-08-30,7.900156,255.150141,1.209326,224.917643
2015-08-31,7.323850,323.373291,1.162866,203.517063
2015-09-01,7.815548,108.248590,1.121639,115.661835
2015-09-02,7.559428,416.984112,1.186240,200.806297
2015-09-03,7.357265,184.893282,1.082318,251.100420
2015-09-04,7.675238,469.686272,1.515933,292.865020
2015-09-05,7.184503,179.079932,1.207452,232.747382
2015-09-06,6.659289,534.867844,5.530383,342.295553
2015-09-07,6.166971,465.850476,6.952466,254.828402
2015-09-08,6.275947,143.262578,0.953633,105.625213
2015-09-09,6.871289,112.431794,0.899674,60.329688
2015-09-10,7.365873,95.972289,0.888777,53.446711
2015-09-11,7.875375,116.782765,0.867113,54.801751
2015-09-12,7.988686,160.721021,0.849657,55.758782
2015-09-13,8.227280,50.353228,0.837918,51.213592
2015-09-14,8.428619,37.381069,0.831701,52.482109
2015-09-15,8.544554,50.270031,0.825769,46.630441
2015-09-16,8.578847,25.622245,0.818338,52.674217
2015-09-17,8.726260,30.288982,0.975110,29.323215
2015-09-18,8.669353,17.635889,1.179380,33.686726
2015-09-19,9.041021,15.261455,1.014653,44.320675
2015-09-20,9.285808,14.500557,0.840840,41.012572
2015-09-21,8.989456,15.176337,1.094233,21.085408
2015-09-22,8.552394,53.526743,0.978192,61.429680
2015-09-23,7.929684,18.881072,0.838571,47.093498
2015-09-24,9.299829,26.351113,0.841833,39.792797
2015-09-25,7.734803,15.510990,0.807067,38.052695
2015-09-26,8.335158,8.696272,0.800128,31.857810
2015-09-27,7.548874,1.902444,0.794170,24.188501
2015-09-28,7.532659,2.021288,0.838142,16.021863
2015-09-29,7.547933,0.278123,0.831256,4.779090
2015-09-30,7.410119,0.000944,0.821976,6.464151
2015-10-01,7.258308,0.000405,0.779912,5.423819
2015-10-02,7.162922,0.024617,0.765769,3.787520
2015-10-03,7.063213,0.065071,0.759298,3.546115
2015-10-04,6.973260,0.007166,0.761811,5.071330
2015-10-05,6.888087,0.009269,0.754013,13.799909
2015-10-06,7.140183,0.004223,0.752253,6.695316
2015-10-07,7.345563,0.727868,0.753032,8.792958
2015-10-08,6.627570,0.114673,0.743419,3.968704
2015-10-09,6.538309,0.000788,0.831203,3.737832
2015-10-10,6.443056,0.000561,1.032531,4.223690
2015-10-11,6.357022,3.354337,3.563763,11.173121
2015-10-12,6.303146,33.910205,1.196125,8.021020
2015-10-13,6.041995,3.221192,0.776347,3.928527
2015-10-14,5.835160,0.041640,0.852161,4.621144
2015-10-15,5.907350,5.523868,1.638677,11.087416
2015-10-16,5.948677,1.973377,1.065602,5.928581
2015-10-17,5.777765,0.461893,0.952158,3.568643
2015-10-18,5.832268,0.001771,0.860423,3.487269
2015-10-19,5.919179,0.000132,0.874367,3.373841
2015-10-20,5.999977,0.000067,0.892439,3.355402
2015-10-21,6.056996,0.000022,0.907362,3.357608
2015-10-22,6.103968,0.000108,0.913122,3.346045
2015-10-23,6.128010,0.000122,0.918943,3.329750
2015-10-24,6.131742,0.000116,0.923405,3.339265
2015-10-25,6.119398,0.000082,0.925224,3.323008
2015-10-26,6.089035,0.000119,1.354192,3.318395
2015-10-27,6.055106,0.000127,1.507002,3.597299
2015-10-28,6.007748,0.000150,0.934908,3.291949
2015-10-29,5.951322,0.000131,1.781823,3.660999
2015-10-30,5.887810,0.000051,1.423879,3.508753
2015-10-31,5.818899,0.000069,1.213464,3.251671
2015-11-01,5.746473,0.024108,1.281264,3.268956
2015-11-02,5.674020,0.002575,1.081162,3.186254
2015-11-03,5.593033,0.000094,1.098852,3.494497
2015-11-04,5.510537,0.000040,1.114863,3.240189
2015-11-05,5.426386,0.000026,1.127996,3.243893
2015-11-06,5.339934,0.000016,1.232047,3.288675
2015-11-07,5.267866,0.000019,1.137766,3.215535
2015-11-08,5.192903,0.000047,1.138795,3.226036
2015-11-09,5.118340,0.035287,1.146049,3.150800
2015-11-10,5.043480,0.021810,1.141356,3.198866
2015-11-11,4.966235,0.000226,1.134541,3.214205
2015-11-12,4.897119,0.000121,1.131279,3.176573
2015-11-13,4.826392,0.000165,1.126225,3.183331
2015-11-14,4.759630,0.000173,1.119054,3.157980
2015-11-15,4.693718,0.000205,1.110219,3.166712
2015-11-16,4.624686,0.000204,1.103307,3.161331
2015-11-17,4.563015,0.000039,1.094010,3.124957
2015-11-18,4.498199,0.000032,1.085342,3.128591
2015-11-19,4.434799,0.000049,1.074147,3.481352
2015-11-20,4.372695,0.000070,1.275080,3.199179
2015-11-21,4.308493,0.000019,1.056024,3.134188
2015-11-22,4.250621,0.000016,1.053356,3.120242
2015-11-23,4.190115,0.000016,1.033989,3.087739
2015-11-24,4.133833,0.010327,1.025482,3.104947
2015-11-25,4.079137,0.030292,1.018399,3.131686
2015-11-26,4.022374,0.000177,1.002268,3.088187
2015-11-27,3.971725,0.000098,0.990481,3.099764
2015-11-28,3.919251,0.000078,0.981419,3.069194
2015-11-29,3.870135,0.000017,0.968817,3.093743
2015-11-30,3.822216,0.000016,0.955614,3.078610
2015-12-01,3.771713,0.000019,0.945541,3.117878
2015-12-02,3.726593,0.000017,0.933758,3.066862
2015-12-03,3.679342,0.000018,0.921932,3.059575
2015-12-04,3.632929,0.000019,0.910528,3.062881
2015-12-05,3.586658,0.000035,0.896082,3.063766
2015-12-06,3.539459,0.000027,0.880143,3.048482
2015-12-07,3.499197,0.000035,0.870787,3.056090
2015-12-08,3.457543,0.000025,0.859296,3.025588
2015-12-09,3.418420,0.000021,0.915041,3.040493
2015-12-10,3.379561,0.000017,0.831154,3.032788
2015-12-11,3.339260,0.000016,0.817690,3.022875
2015-12-12,3.304494,0.000016,0.804099,3.019809
2015-12-13,3.267878,0.000024,0.796894,3.015317
2015-12-14,3.231581,0.000030,0.781110,2.978949
2015-12-15,3.195720,0.000081,0.766641,3.002303
2015-12-16,3.158318,0.000097,0.759800,3.000385
2015-12-17,3.125812,0.000089,1.391074,3.011852
2015-12-18,3.093535,0.000086,0.731929,2.970929
2015-12-19,3.062171,0.000061,0.721887,2.951982
2015-12-20,3.031016,0.000060,0.709731,2.962260
2015-12-21,2.997961,0.000060,0.700854,2.938576
2015-12-22,2.969640,0.000061,0.688771,2.935409
2015-12-23,2.939965,0.000061,0.678492,2.917978
2015-12-24,2.910557,0.000028,0.668785,2.926395
2015-12-25,2.881317,0.000020,0.657710,2.922478
2015-12-26,2.850530,0.000083,0.676586,2.919785
2015-12-27,2.824211,0.000115,0.674826,2.868309
2015-12-28,2.796312,0.000101,0.635996,2.891466
2015-12-29,2.768754,0.000017,0.619720,2.894456
2015-12-30,2.741270,0.000019,0.612008,2.876398
2015-12-31,2.713879,0.000016,0.598666,2.908280
2016-01-01,2.696954,0.002920,0.592620,2.884263
2016-01-02,2.672023,0.003068,0.584419,2.890317
2016-01-03,2.646188,0.003445,0.574675,2.866129
2016-01-04,2.620761,0.004072,0.573858,2.882179
2016-01-05,2.595677,0.004590,0.556240,2.865543
2016-01-06,2.569120,0.003802,0.595517,2.845669
2016-01-07,2.546872,0.002651,2.526251,2.882790
2016-01-08,2.523044,0.002471,1.029718,2.825383
2016-01-09,2.499607,0.001747,0.525871,2.800673
2016-01-10,2.476591,0.001744,0.519936,2.813906
2016-01-11,2.452634,0.001743,0.511293,2.797087
2016-01-12,2.433282,0.001744,0.508072,2.780833
2016-01-13,2.412412,0.001744,0.497474,2.795605
2016-01-14,2.391373,0.001744,0.489716,2.812651
2016-01-15,2.370461,0.001744,0.512180,2.756501
2016-01-16,2.348239,0.001743,0.708027,2.777938
2016-01-17,2.330064,0.001808,0.986632,2.808115
2016-01-18,2.310720,0.001743,0.553413,2.767671
2016-01-19,2.291485,0.001746,2.717102,2.747875
2016-01-20,2.272187,0.006650,6.812705,2.758596
2016-01-21,2.252394,0.010713,11.742328,2.958335
2016-01-22,2.236228,0.010731,2.572211,2.908666
2016-01-23,2.218504,0.010717,0.448316,2.732681
2016-01-24,2.200937,0.010728,0.447551,2.739598
2016-01-25,2.183885,0.010730,0.445073,2.710156
2016-01-26,2.165642,0.010691,0.438347,2.722807
2016-01-27,2.150894,0.007862,0.436797,2.711309
2016-01-28,2.134907,0.001794,0.438512,2.690982
2016-01-29,2.118831,0.001743,0.435472,2.707982
2016-01-30,2.103047,0.001744,0.434091,4.213667
2016-01-31,2.087351,0.004217,0.431889,2.686892
2016-02-01,2.070218,0.010852,0.429939,2.702115
2016-02-02,2.056242,0.011268,0.428852,2.671811
2016-02-03,2.041043,0.012239,0.424258,2.665638
2016-02-04,2.026130,0.011094,0.426244,2.688845
2016-02-05,2.011703,0.010973,0.421846,2.667394
2016-02-06,1.995920,0.002903,0.418782,2.686364
2016-02-07,1.982901,0.001745,0.416132,2.655210
2016-02-08,1.968457,0.001744,0.409456,2.648983
2016-02-09,1.954227,0.001744,0.409816,2.667527
2016-02-10,1.940173,0.001744,0.406033,2.664956
2016-02-11,1.925074,0.001743,0.403079,2.648943
2016-02-12,1.912627,0.001744,0.402374,2.651061
2016-02-13,1.898820,0.001744,0.397370,2.668602
2016-02-14,1.885046,0.001744,0.394003,2.731540
2016-02-15,1.871745,0.001744,0.393202,2.641991
2016-02-16,1.857420,0.001743,0.385963,2.642110
2016-02-17,1.845760,0.001744,0.390027,2.634247
2016-02-18,1.832936,0.001744,0.387969,2.753722
2016-02-19,1.820239,0.001744,0.383905,2.644266
2016-02-20,1.807718,0.001744,0.375438,2.631090
2016-02-21,1.794206,0.001743,0.376464,2.601607
2016-02-22,1.783500,0.001744,0.376254,2.614564
2016-02-23,1.771529,0.001744,0.395000,2.642091
2016-02-24,1.759505,0.001872,0.407769,2.627165
2016-02-25,1.747569,0.001913,0.364478,2.601229
2016-02-26,1.734539,0.001913,0.360806,2.608437
2016-02-27,1.724179,0.001915,0.358402,2.657449
2016-02-28,1.712837,0.001911,1.291306,2.599637
2016-02-29,1.700248,0.001911,0.434003,2.593188
2016-03-01,1.688231,0.001914,0.351474,2.579822
2016-03-02,1.678988,0.001913,0.352033,2.587287
2016-03-03,1.668568,0.001911,0.934604,2.582837
2016-03-04,1.658192,0.001910,0.456270,3.150459
2016-03-05,1.648003,0.001912,0.349640,3.048176
2016-03-06,1.636767,0.001908,0.338681,2.584105
2016-03-07,1.627832,0.001909,0.333563,2.567264
2016-03-08,1.617806,0.001910,0.333543,2.577313
2016-03-09,1.607609,0.001726,0.336416,2.567231
2016-03-10,1.597604,0.001669,0.345515,2.582545
2016-03-11,1.587217,0.001668,0.324505,2.552042
2016-03-12,1.579312,0.001669,0.326342,2.555944
2016-03-13,1.570317,0.001669,0.319036,2.585983
2016-03-14,1.561354,0.001669,0.320011,2.559533
2016-03-15,1.552488,0.001669,0.317306,2.568890
2016-03-16,1.542690,0.001668,0.313042,2.557312
2016-03-17,1.535025,0.001669,5.715701,3.138470
2016-03-18,1.526270,0.001688,4.374415,2.932191
2016-03-19,1.517585,0.001913,0.374003,2.534786
2016-03-20,1.509111,0.001917,0.375508,2.534621
2016-03-21,1.499727,0.001912,0.675913,2.542969
2016-03-22,1.492547,0.001912,0.297566,2.533673
2016-03-23,1.484378,0.001913,0.336352,2.500201
2016-03-24,1.476160,0.001915,0.332497,2.513595
2016-03-25,1.467970,0.001912,0.306330,2.492115
2016-03-26,1.458753,0.001913,0.291632,2.488481
2016-03-27,1.451533,0.001913,0.288874,2.493981
2016-03-28,1.443270,0.001915,0.289999,2.475901
2016-03-29,1.435081,0.001887,0.285096,2.504127
2016-03-30,1.427007,0.001900,0.287495,2.490550
2016-03-31,1.418938,0.001884,0.307035,2.469541
2016-04-01,1.410073,0.015125,0.297823,2.467331
2016-04-02,1.403268,0.001404,0.287609,2.463292
2016-04-03,1.395491,0.001289,0.432286,2.456813
2016-04-04,1.387712,0.001272,0.703903,2.465014
2016-04-05,1.379986,0.001245,1.956165,3.041667
2016-04-06,1.371415,0.001203,0.497520,2.418238
2016-04-07,1.364875,0.001141,0.640599,2.437727
2016-04-08,1.357375,0.001141,0.851674,4.784559
2016-04-09,1.349995,0.013059,0.287128,4.740717
2016-04-10,1.342831,0.081510,0.629809,8.452460
2016-04-11,1.334880,0.001219,1.153286,4.572542
2016-04-12,1.328790,0.001156,2.003571,4.209184
2016-04-13,1.321849,0.001145,1.980002,4.388861
2016-04-14,1.314883,0.001419,2.234796,4.400943
2016-04-15,1.308084,0.001683,3.038189,3.659757
2016-04-16,1.300389,0.001351,1.725687,5.880501
2016-04-17,1.294562,0.001783,0.547360,4.630889
2016-04-18,1.287895,0.002712,0.313217,2.382026
2016-04-19,1.281418,0.002727,0.701976,7.725016
2016-04-20,1.275172,0.002720,0.372102,2.356409
2016-04-21,1.268184,0.002719,1.470239,6.404311
2016-04-22,1.263011,0.002549,3.500373,4.814238
2016-04-23,1.256925,1.752031,4.377285,4.186783
2016-04-24,1.250872,7.884562,4.255170,4.086592
2016-04-25,1.245587,5.320584,4.829301,4.251422
2016-04-26,1.239519,10.248089,5.429109,4.354626
2016-04-27,1.235396,11.843677,4.374455,7.838127
2016-04-28,1.229116,1.223118,2.138769,5.906361
2016-04-29,1.220207,0.002855,1.451970,3.282560
2016-04-30,1.213451,0.001421,0.675660,5.490334
2016-05-01,1.206159,0.001127,1.087064,8.880959
2016-05-02,1.201088,0.002377,1.377113,6.372770
2016-05-03,1.196032,0.040881,1.276849,5.361173
2016-05-04,1.191619,0.031140,1.469877,5.304691
2016-05-05,1.188987,0.003961,1.990953,5.314033
2016-05-06,1.182416,0.034201,2.768276,4.711784
2016-05-07,1.173427,3.096722,4.450926,4.499646
2016-05-08,1.158635,13.911966,5.013253,4.228294
2016-05-09,1.133904,10.604778,4.671707,4.993326
2016-05-10,1.102021,31.703855,4.708697,5.213669
2016-05-11,1.070184,67.962265,6.520377,4.649500
2016-05-12,1.009003,67.356561,6.466530,5.777536
2016-05-13,0.948927,70.630886,7.758606,9.575211
2016-05-14,0.928958,90.405430,9.145749,9.377152
2016-05-15,0.937410,129.127874,10.786303,11.884482
2016-05-16,0.975449,66.938303,7.986605,37.181447
2016-05-17,1.087862,47.533625,6.150121,12.976745
2016-05-18,1.268129,39.275696,6.584655,13.755784
2016-05-19,1.464033,77.634829,8.024533,28.968647
2016-05-20,1.656766,57.637740,6.420662,11.461990
2016-05-21,1.905046,54.806409,6.713184,28.965336
2016-05-22,2.195998,41.996449,6.490064,22.395223
2016-05-23,2.592357,35.417796,8.071538,26.590991
2016-05-24,3.023702,36.357744,7.814931,25.458682
2016-05-25,3.536917,72.447505,10.802719,40.565301
2016-05-26,4.024885,74.797752,9.275524,18.294020
2016-05-27,4.565610,30.809167,9.789737,21.493690
2016-05-28,5.277183,17.937557,10.588825,20.602164
2016-05-29,6.032945,20.239013,11.746985,18.832031
2016-05-30,6.744016,23.986025,9.175487,20.268675
2016-05-31,7.304299,35.223440,11.565306,36.626994
2016-06-01,7.706142,37.816083,13.689026,22.270100
2016-06-02,8.177734,85.825501,19.330313,60.415693
2016-06-03,8.569998,350.819486,28.563350,78.230632
2016-06-04,9.964090,221.924495,19.081817,58.547306
2016-06-05,13.293036,166.287671,18.108743,43.884456
2016-06-06,16.622517,181.299268,18.311614,40.346567
2016-06-07,19.097964,218.977651,19.933544,53.000690
2016-06-08,21.783466,247.038710,24.154870,74.948856
2016-06-09,25.712803,804.508723,59.988429,174.556045
2016-06-10,43.125498,1064.626594,74.770295,240.689358
2016-06-11,78.179183,474.355362,39.874851,168.169494
2016-06-12,90.622367,451.164206,39.662279,209.595481
2016-06-13,96.488996,379.442357,31.066080,199.780927
2016-06-14,96.249909,268.585692,25.530349,161.090934
2016-06-15,89.608948,250.058346,23.156612,161.533196
2016-06-16,81.619175,172.921725,27.190316,133.327737
2016-06-17,75.247774,122.803353,25.882111,90.228434
2016-06-18,68.667402,424.852609,37.098356,256.584031
2016-06-19,77.921436,651.041932,39.719274,339.073894
2016-06-20,106.941768,431.906281,26.308124,314.841491
2016-06-21,113.687322,273.033611,24.493368,236.036388
2016-06-22,106.112416,336.999871,23.268262,289.941109
2016-06-23,97.229823,386.924232,20.785243,306.310488
2016-06-24,92.121423,327.320239,20.102737,281.932871
2016-06-25,88.056121,301.786538,19.388967,230.279237
2016-06-26,83.825563,295.200862,19.049724,253.124097
2016-06-27,80.247054,313.132850,20.337435,266.869535
2016-06-28,77.923336,257.432519,18.189562,204.741759
2016-06-29,77.058460,269.959380,19.360220,266.761442
2016-06-30,74.547094,280.875938,20.643514,262.689112
2016-07-01,72.542673,255.497255,18.330461,236.652138
2016-07-02,70.746073,245.573984,19.226225,232.026023
2016-07-03,68.313648,271.351164,19.433815,278.459653
2016-07-04,65.654842,254.154197,21.702724,240.224027
2016-07-05,63.276504,243.078810,19.987119,199.793041
2016-07-06,62.788202,358.125987,26.693005,356.264442
2016-07-07,65.930927,310.780703,21.702436,307.926107
2016-07-08,67.998778,255.730585,19.850956,293.829089
2016-07-09,67.329649,258.355381,15.297213,199.311307
2016-07-10,63.696732,237.168089,14.074582,242.086409
2016-07-11,60.841806,258.271561,13.369562,246.639585
2016-07-12,57.389660,241.788472,11.277559,202.618821
2016-07-13,54.422862,250.913624,10.955188,201.665703
2016-07-14,51.053427,262.706599,11.113730,200.238750
2016-07-15,48.664907,412.233808,10.126406,246.972893
2016-07-16,45.924737,448.646965,11.189271,324.739447
2016-07-17,43.641410,402.419431,11.998766,330.627103
2016-07-18,41.865781,356.336749,11.351627,292.353595
2016-07-19,40.030842,400.451423,11.112288,308.563507
2016-07-20,37.757083,364.492638,10.798107,291.668041
2016-07-21,35.686981,343.466610,10.994000,282.720114
2016-07-22,34.109816,452.209856,11.146824,350.995904
2016-07-23,32.748734,532.659156,10.411180,396.784011
2016-07-24,32.153009,475.035111,10.363112,374.618762
2016-07-25,31.331627,498.233267,10.362179,322.717739
2016-07-26,30.998507,348.875774,15.789444,306.295442
2016-07-27,30.348860,339.233975,11.204065,299.510944
2016-07-28,29.134925,339.283605,10.613159,304.296958
2016-07-29,27.957350,320.162412,9.705101,286.143301
2016-07-30,26.858420,324.908765,9.042907,255.211969
2016-07-31,26.553354,373.664872,8.367746,227.292103
2016-08-01,25.448268,249.558972,8.003232,231.656832
2016-08-02,25.229233,233.169200,7.778005,245.559921
2016-08-03,23.805773,249.989743,7.731672,257.033447
2016-08-04,22.134949,276.600650,6.834865,213.102628
2016-08-05,20.605750,213.690121,6.934197,206.136594
2016-08-06,19.484309,224.495315,6.973026,212.863217
2016-08-07,18.795758,311.786810,7.041641,250.769042
2016-08-08,17.898834,363.164587,5.956286,216.075519
2016-08-09,17.027189,432.701405,5.040226,264.599306
2016-08-10,16.711309,516.011991,5.760221,220.543741
2016-08-11,15.962891,352.349916,5.420134,287.005633
2016-08-12,15.494591,225.945294,3.475417,182.714454
2016-08-13,15.365669,287.731291,2.895019,191.540662
2016-08-14,14.203175,385.562933,3.288462,454.292639
2016-08-15,14.371657,601.810657,2.989687,389.425936
2016-08-16,13.892736,340.176450,2.266342,211.682576
2016-08-17,13.324568,340.062664,2.142866,226.662984
2016-08-18,12.913608,341.009340,2.012984,209.892717
2016-08-19,12.660336,338.171702,2.021670,203.149874
2016-08-20,12.174450,206.431779,1.949121,227.506591
2016-08-21,11.960310,190.598409,2.170182,166.248642
2016-08-22,11.793393,286.184631,3.064319,182.614973
2016-08-23,11.469075,259.055029,3.327409,216.320382
2016-08-24,10.955829,217.503766,3.495303,182.044489
2016-08-25,10.710764,212.569591,3.536222,154.333715
2016-08-26,10.524379,288.984112,3.512766,143.706932
2016-08-27,10.099003,261.673780,3.301364,161.779208
2016-08-28,9.960686,182.238166,3.083187,125.764686
2016-08-29,9.604665,143.179995,2.859307,107.595535
2016-08-30,9.329987,141.761313,2.660317,92.837010
2016-08-31,9.171316,131.139702,2.448409,96.268577
2016-09-01,8.977304,130.645996,2.282058,79.524146
2016-09-02,8.759214,128.854617,2.132449,75.047385
2016-09-03,8.361725,159.453925,2.004973,73.793406
2016-09-04,8.404738,167.499871,2.070275,111.196316
2016-09-05,8.011063,63.386903,1.786284,91.001293
2016-09-06,7.835300,162.100817,1.725783,69.521053
2016-09-07,7.619454,150.070117,1.615422,92.904019
2016-09-08,7.368202,81.289889,1.540440,95.274335
2016-09-09,7.161013,131.734151,1.471700,111.985234
2016-09-10,7.601351,236.232623,1.416802,135.773294
2016-09-11,6.833527,184.048677,1.349654,79.687180
2016-09-12,6.717526,86.677661,1.300126,51.118793
2016-09-13,6.825712,173.338287,1.685427,124.984921
2016-09-14,6.663453,476.950375,2.401393,313.590111
2016-09-15,6.244757,191.074401,1.250513,115.932542
2016-09-16,6.256469,72.959813,1.150688,82.246171
2016-09-17,6.667686,35.747267,1.182893,38.083583
2016-09-18,6.695650,71.829837,1.267275,22.355253
2016-09-19,6.786531,60.845376,1.139087,43.443499
2016-09-20,6.750457,14.365934,1.065352,22.307081
2016-09-21,7.499793,7.512935,1.060669,12.500858
2016-09-22,6.853270,0.043903,0.997850,10.882521
2016-09-23,6.978937,0.047392,0.984927,13.771075
2016-09-24,6.865239,2.588169,0.973008,15.120146
2016-09-25,6.862247,0.445756,0.951545,19.098696
2016-09-26,6.908163,0.040440,0.926602,16.374928
2016-09-27,6.957515,0.040112,0.908946,14.656268
2016-09-28,6.988805,0.034440,0.883858,6.827541
2016-09-29,7.002478,0.040524,0.867484,7.680783
2016-09-30,6.995844,0.029283,0.844622,14.577005
2016-10-01,7.092445,0.041819,0.828149,4.087484
2016-10-02,6.925732,0.025505,0.903144,4.873852
2016-10-03,6.871958,16.843539,1.938723,72.180362
2016-10-04,6.929333,147.976220,2.785667,135.472337
2016-10-05,6.277830,95.024102,1.300060,136.878911
2016-10-06,6.238194,84.015856,0.967948,67.612417
2016-10-07,6.567079,181.006161,1.642439,97.654945
2016-10-08,7.234529,248.969393,1.538453,136.182050
2016-10-09,8.991716,13.116840,0.862728,11.853245
2016-10-10,11.502265,13.709315,1.135881,15.805521
2016-10-11,13.252681,7.877764,0.768963,18.848420
2016-10-12,14.624090,2.011119,0.755119,20.412277
2016-10-13,15.057332,0.360906,0.741056,17.672310
2016-10-14,15.156853,0.822862,0.769370,23.116146
2016-10-15,15.302485,2.694122,0.985241,12.410789
2016-10-16,15.317932,5.615931,1.113985,18.861552
2016-10-17,14.893046,0.676875,0.832525,16.108637
2016-10-18,14.503057,0.027283,0.765712,8.206851
2016-10-19,14.534880,0.025419,0.787681,4.674848
2016-10-20,13.714089,0.006186,0.744376,3.824665
2016-10-21,13.328647,0.008822,0.885202,4.415790
2016-10-22,12.952235,0.015298,0.758043,3.980530
2016-10-23,12.564096,0.027820,0.744938,3.788158
2016-10-24,12.175639,0.031744,0.746491,3.782385
2016-10-25,11.800390,0.033412,0.754577,3.778551
2016-10-26,11.427179,0.026673,0.742817,3.756037
2016-10-27,11.103953,0.021969,0.739953,3.760942
2016-10-28,10.791743,0.017217,0.737610,3.742712
2016-10-29,10.486291,0.019410,0.732809,3.735601
2016-10-30,10.184596,0.014705,0.727177,3.735387
2016-10-31,9.890014,0.022685,2.292098,3.946066
2016-11-01,9.601106,0.013904,2.331104,4.090827
2016-11-02,9.338189,0.003957,0.710620,3.681566
2016-11-03,9.079951,0.018830,0.723106,3.652830
2016-11-04,8.826842,0.020937,1.395360,3.717041
2016-11-05,8.595339,0.027140,3.987961,4.393401
2016-11-06,8.377765,0.028805,1.687381,4.374013
2016-11-07,8.175463,0.013193,0.683976,3.949313
2016-11-08,7.970868,0.010529,0.685456,3.624503
2016-11-09,7.773518,0.007115,0.683639,3.624856
2016-11-10,7.587690,0.011055,0.680515,3.593610
2016-11-11,7.402389,0.009446,0.680093,3.613937
2016-11-12,7.231172,0.002633,0.676049,3.614385
2016-11-13,7.060634,0.005265,0.682512,3.591568
2016-11-14,6.899884,0.009570,0.706582,3.573082
2016-11-15,6.746385,0.014233,0.661911,3.559491
2016-11-16,6.592297,0.007036,0.654425,3.571946
2016-11-17,6.457740,0.018571,0.650770,3.556157
2016-11-18,6.329119,0.017253,0.664030,3.544459
2016-11-19,6.206578,0.014658,0.637557,3.535962
2016-11-20,6.087298,0.013867,0.632427,3.533217
2016-11-21,5.965580,0.014122,0.758328,3.522614
2016-11-22,5.854786,0.077394,0.744642,3.522140
2016-11-23,5.743274,0.012450,1.051144,3.585387
2016-11-24,5.634761,0.003011,0.653270,3.545187
2016-11-25,5.527724,0.002464,0.605133,3.528829
2016-11-26,5.421468,0.005982,1.722151,3.491071
2016-11-27,5.327869,0.001462,4.098520,3.444051
2016-11-28,5.231900,0.001238,0.589973,3.453252
2016-11-29,5.137349,0.001612,0.579186,3.527944
2016-11-30,5.047305,0.001922,0.579486,3.422796
2016-12-01,4.959157,0.001972,0.572952,3.440320
2016-12-02,4.877907,0.002371,0.569919,3.434981
2016-12-03,4.796616,0.002480,0.563167,3.433077
2016-12-04,4.724239,0.002323,0.654977,3.421572
2016-12-05,4.653484,0.002724,5.862817,3.522143
2016-12-06,4.580137,0.069915,21.666012,9.077596
2016-12-07,4.527004,5.258625,6.893550,7.086157
2016-12-08,4.465054,0.023483,2.019139,3.686255
2016-12-09,4.378782,0.001136,0.592749,3.338771
2016-12-10,4.298291,0.001140,1.663874,3.334495
2016-12-11,4.222157,0.001140,0.859425,3.315790
2016-12-12,4.158150,0.001144,0.717689,3.296241
2016-12-13,4.097726,0.001326,0.645945,3.269220
2016-12-14,4.041343,0.001199,0.667181,3.288320
2016-12-15,3.987605,0.001265,0.676236,3.284115
2016-12-16,3.933414,0.001712,0.689766,3.344709
2016-12-17,3.886707,0.001862,0.710724,3.288874
2016-12-18,3.838958,0.001261,0.702369,3.247018
2016-12-19,3.792721,0.001224,0.708148,3.272937
2016-12-20,3.748147,0.001230,0.709338,3.261365
2016-12-21,3.702782,0.001260,0.711436,3.241083
2016-12-22,3.663267,0.001260,0.707559,3.256604
2016-12-23,3.621950,0.001135,0.708550,3.228585
2016-12-24,3.584087,0.001141,0.705563,3.240813
2016-12-25,3.546679,0.001141,0.700514,3.239390
2016-12-26,3.507321,0.001140,0.697968,3.228317
2016-12-27,3.475621,0.001141,0.691818,3.206272
2016-12-28,3.442438,0.001141,0.688268,3.219126
2016-12-29,3.409145,0.001141,0.681211,3.211576
2016-12-30,3.376020,0.001141,0.676402,3.197413
2016-12-31,3.343983,0.001141,0.712476,3.203673
2017-01-01,3.330256,0.020983,1.991863,3.256106
2017-01-02,3.301064,0.000053,0.695127,3.189542
2017-01-03,3.270020,0.000028,0.650998,3.177217
2017-01-04,3.238676,0.000059,0.657312,3.180848
2017-01-05,3.207047,0.000043,0.641424,3.175044
2017-01-06,3.173840,0.000134,0.636578,3.188100
2017-01-07,3.145479,0.000074,0.630226,3.160874
2017-01-08,3.115444,0.000057,0.627687,3.152840
2017-01-09,3.085259,0.000043,0.618517,3.199444
2017-01-10,3.055100,0.000038,0.613882,3.152833
2017-01-11,3.022857,0.000037,0.609434,3.148024
2017-01-12,2.995055,0.000041,0.602484,3.152511
2017-01-13,2.965469,0.000042,0.599021,3.138026
2017-01-14,2.936246,0.000072,0.592648,3.117438
2017-01-15,2.906767,0.000064,0.584622,3.195855
2017-01-16,2.876224,0.000883,0.585243,3.129997
2017-01-17,2.850685,0.000063,0.572960,3.183462
2017-01-18,2.823333,0.000061,0.569741,3.200468
2017-01-19,2.796015,0.000069,0.566600,3.172711
2017-01-20,2.769079,0.000069,0.556770,3.164267
2017-01-21,2.740233,0.000063,0.555208,3.166628
2017-01-22,2.715961,0.000064,0.572779,3.155584
2017-01-23,2.690506,0.000052,1.210684,3.158245
2017-01-24,2.665301,0.000001,0.782073,3.155251
2017-01-25,2.639784,0.000000,0.531422,3.137511
2017-01-26,2.613164,0.000000,0.523429,3.133449
2017-01-27,2.591263,0.000000,0.521003,3.133975
2017-01-28,2.567857,0.000000,0.511623,3.122773
2017-01-29,2.544705,0.000000,0.546067,3.183262
2017-01-30,2.522201,0.000000,0.577051,3.130266
2017-01-31,2.500145,0.000000,0.494074,3.044676
2017-02-01,2.477414,0.000000,0.500638,3.102131
2017-02-02,2.458747,0.000000,0.485751,3.094415
2017-02-03,2.438200,0.000000,0.479979,3.092296
2017-02-04,2.417557,0.000000,0.477842,3.089036
2017-02-05,2.397211,0.000000,0.532593,3.067395
2017-02-06,2.375371,0.000000,0.476475,3.054794
2017-02-07,2.357227,0.000000,0.531302,3.066802
2017-02-08,2.338099,0.000000,0.476191,3.131334
2017-02-09,2.319208,0.000000,0.452864,3.046728
2017-02-10,2.301521,0.000000,0.446637,3.043431
2017-02-11,2.282584,0.000000,0.800195,3.038158
2017-02-12,2.266780,0.000000,0.639915,3.099266
2017-02-13,2.249279,0.000000,0.432585,3.016836
2017-02-14,2.231770,0.000000,0.428130,3.016103
2017-02-15,2.214494,0.000000,0.425658,2.983943
2017-02-16,2.196246,0.000000,0.420142,3.032326
2017-02-17,2.181231,0.000000,0.487167,3.028882
2017-02-18,2.164748,0.000000,0.414683,3.087109
2017-02-19,2.148244,0.000000,0.408486,2.983091
2017-02-20,2.131932,0.000000,0.403956,3.014348
2017-02-21,2.114215,0.000000,0.400295,3.005669
2017-02-22,2.099588,0.000000,0.394449,3.014882
2017-02-23,2.083555,0.000000,0.392274,2.994464
2017-02-24,2.067601,0.000000,0.387110,2.997390
2017-02-25,2.051863,0.000000,0.382618,3.000505
2017-02-26,2.035009,0.000000,0.379154,2.992054
2017-02-27,2.021331,0.000000,0.377771,2.984110
2017-02-28,2.006425,0.000000,0.517117,2.981891
2017-03-01,1.990067,0.000000,0.367677,2.950913
2017-03-02,1.976438,0.000000,0.363365,2.976864
2017-03-03,1.961362,0.000000,0.360095,2.955309
2017-03-04,1.946340,0.000000,0.356746,2.930983
2017-03-05,1.931616,0.000000,0.352401,2.893413
2017-03-06,1.915998,0.000000,0.347396,2.936670
2017-03-07,1.903556,0.000000,0.347130,2.920837
2017-03-08,1.890037,0.000000,0.339199,2.899907
2017-03-09,1.876378,0.000000,0.341247,2.946931
2017-03-10,1.862717,0.000000,0.333939,2.913110
2017-03-11,1.847964,0.000000,0.332284,2.920260
2017-03-12,1.836227,0.000000,0.407894,2.930250
2017-03-13,1.823590,0.000000,0.327371,2.914881
2017-03-14,1.811199,0.000000,0.320706,2.892279
2017-03-15,1.798550,0.000000,0.319070,2.878216
2017-03-16,1.784683,0.000000,0.315078,2.892205
2017-03-17,1.773883,0.000000,0.307551,2.891140
2017-03-18,1.762157,0.000000,0.310365,2.841515
2017-03-19,1.750584,0.000001,0.306468,2.844112
2017-03-20,1.739101,0.000063,0.302174,2.867632
2017-03-21,1.726665,0.000000,0.298852,2.863641
2017-03-22,1.716774,0.000056,0.297517,3.660025
2017-03-23,1.705608,0.006891,0.342608,2.867222
2017-03-24,1.694839,0.007631,0.290181,2.853751
2017-03-25,1.684486,0.000021,0.288930,2.831562
2017-03-26,1.673052,0.000000,0.284625,2.856156
2017-03-27,1.663972,0.000000,0.281291,2.841575
2017-03-28,1.653753,0.000000,0.288871,3.595081
2017-03-29,1.643554,0.000000,0.274453,2.847217
2017-03-30,1.633492,0.000000,0.274660,2.848846
2017-03-31,1.623693,0.000000,0.270459,2.823205
2017-04-01,1.613111,0.000000,0.270459,2.849957
2017-04-02,1.605186,0.000066,0.265888,2.808576
2017-04-03,1.596076,0.000080,0.261739,5.249580
2017-04-04,1.586993,0.000002,0.259952,2.842379
2017-04-05,1.578188,0.000003,0.260218,2.837031
2017-04-06,1.568380,0.000013,0.254962,2.821069
2017-04-07,1.560807,0.000000,0.251929,2.822127
2017-04-08,1.552223,0.000000,0.251630,2.815981
2017-04-09,1.543633,0.000058,0.250174,3.933368
2017-04-10,1.534944,0.000050,0.307826,2.810698
2017-04-11,1.525136,0.000003,0.293424,5.241901
2017-04-12,1.517577,0.000044,0.664055,2.831964
2017-04-13,1.509068,0.000000,0.239498,2.802761
2017-04-14,1.500571,0.000000,0.234963,2.807598
2017-04-15,1.492044,0.000036,0.237334,2.805302
2017-04-16,1.482621,0.000215,0.237517,2.827265
2017-04-17,1.473645,0.000256,0.301557,2.797996
2017-04-18,1.465415,0.000071,0.227525,2.764761
2017-04-19,1.457163,0.000000,0.226878,2.799387
2017-04-20,1.448881,0.000000,0.225548,2.776960
2017-04-21,1.439788,0.000000,0.424917,2.777458
2017-04-22,1.432757,0.000000,0.243241,6.350599
2017-04-23,1.424716,0.000000,0.295417,6.094492
2017-04-24,1.416706,0.000059,0.616877,4.360588
2017-04-25,1.408838,0.000159,1.681958,6.829622
2017-04-26,1.400187,0.000034,0.710349,6.886372
2017-04-27,1.393682,0.000027,0.211193,2.749063
2017-04-28,1.386180,0.000041,0.210826,2.751279
2017-04-29,1.378613,0.000000,0.687617,7.417336
2017-04-30,1.371003,0.000031,1.480802,4.919812
2017-05-01,1.362486,0.000001,2.009497,5.249746
2017-05-02,1.355886,0.000464,4.812902,7.035103
2017-05-03,1.348376,0.002487,10.856779,4.190592
2017-05-04,1.341007,0.004186,11.940005,4.883103
2017-05-05,1.332604,0.004175,11.089235,6.957641
2017-05-06,1.334690,0.056640,7.111423,10.487822
2017-05-07,1.345441,8.833757,6.167458,6.928904
2017-05-08,1.326136,18.801958,7.172308,7.791106
2017-05-09,1.287912,64.084542,11.491528,12.547223
2017-05-10,1.208863,40.667893,7.544113,12.960258
2017-05-11,1.120705,19.151938,7.497996,7.692524
2017-05-12,1.097689,3.874420,3.225526,6.521811
2017-05-13,1.102694,0.247812,4.377412,5.573989
2017-05-14,1.131741,1.352726,5.991109,5.479800
2017-05-15,1.189658,50.096216,9.534087,17.239677
2017-05-16,1.224956,50.611067,7.901880,17.434965
2017-05-17,1.234376,62.049280,9.533041,13.338196
2017-05-18,1.267683,56.814231,7.886885,14.629003
2017-05-19,1.343442,112.440237,8.179203,37.137911
2017-05-20,1.428095,116.628151,10.097567,41.593383
2017-05-21,1.623102,126.635596,12.825295,40.237190
2017-05-22,1.946223,169.983429,11.135027,35.410968
2017-05-23,2.339469,117.896313,13.054811,37.785769
2017-05-24,2.977891,89.937290,12.531620,28.672699
2017-05-25,3.834442,103.220819,9.965255,25.625960
2017-05-26,4.675110,74.335272,10.044274,38.965556
2017-05-27,5.597578,31.071063,8.029671,38.657541
2017-05-28,6.724723,38.794930,9.770573,39.434554
2017-05-29,7.808266,70.648693,10.454288,28.164761
2017-05-30,8.638223,65.328707,11.491765,30.540247
2017-05-31,9.707327,16.950296,10.143178,36.065942
2017-06-01,11.088198,21.854777,11.523930,49.114300
2017-06-02,12.275871,72.745521,12.330264,38.838609
2017-06-03,12.635321,120.567068,13.880054,47.678174
2017-06-04,13.336880,125.177461,13.541142,38.922461
2017-06-05,15.001891,119.039308,14.601293,42.789339
2017-06-06,17.023085,150.152543,15.725755,47.085580
2017-06-07,18.774758,161.533621,17.520608,41.366198
2017-06-08,20.932858,169.469252,15.553632,45.661192
2017-06-09,22.255643,152.132915,18.001724,44.051368
2017-06-10,23.369793,117.119658,18.381769,46.608500
2017-06-11,24.845399,150.591642,19.559861,50.327414
2017-06-12,25.619228,172.939831,19.513089,53.861446
2017-06-13,25.958057,161.920995,17.469227,43.691334
2017-06-14,27.284282,255.800321,19.432192,61.631327
2017-06-15,29.601518,284.772930,18.707842,81.232814
2017-06-16,33.241335,322.481569,18.193051,84.291197
2017-06-17,40.252610,213.015989,18.987684,78.478365
2017-06-18,45.452641,226.243308,18.771249,92.106255
2017-06-19,47.323358,245.767313,17.353779,111.588521
2017-06-20,47.458954,206.840714,16.685507,118.904625
2017-06-21,48.800174,246.375428,16.284856,141.171195
2017-06-22,49.744291,236.576185,15.686444,158.496585
2017-06-23,50.479679,228.066395,15.416175,161.466141
2017-06-24,50.473356,266.644769,15.277169,182.157267
2017-06-25,49.301624,283.959768,14.230720,187.361146
2017-06-26,48.041089,215.626087,13.203889,159.409538
2017-06-27,47.574881,253.410403,14.111715,218.116049
2017-06-28,48.382708,249.200930,13.788423,222.363991
2017-06-29,48.052865,235.167763,14.461906,209.979776
2017-06-30,49.397285,227.286502,13.527263,194.376499
2017-07-01,48.170153,233.723507,12.729575,209.184215
2017-07-02,45.666529,412.834600,13.228342,291.221573
2017-07-03,42.035825,263.544119,11.718428,226.486938
2017-07-04,38.958055,171.359824,10.243767,101.890868
2017-07-05,37.153434,160.515490,9.304070,182.215451
2017-07-06,34.773548,305.134118,7.587161,119.248000
2017-07-07,33.506864,390.384099,8.209744,184.665769
2017-07-08,33.568718,315.445827,8.344684,211.801718
2017-07-09,33.828297,311.334533,9.488887,271.084552
2017-07-10,32.733625,264.657362,9.117267,235.668730
2017-07-11,31.469784,244.955344,6.928276,146.669152
2017-07-12,30.419091,311.465178,9.156703,302.664865
2017-07-13,28.637832,260.671778,10.516617,172.826205
2017-07-14,27.865317,283.589641,9.227913,252.333818
2017-07-15,27.387634,268.324443,6.950352,259.470213
2017-07-16,26.619968,260.943439,7.582985,270.830055
2017-07-17,26.775467,206.378708,6.997907,201.124600
2017-07-18,26.753833,207.716798,7.543294,223.087504
2017-07-19,26.975945,332.435354,7.173872,286.040580
2017-07-20,25.207549,337.561272,7.494733,299.678139
2017-07-21,23.538647,288.252919,9.057425,285.383252
2017-07-22,22.387953,264.365348,7.759382,246.421010
2017-07-23,21.424696,300.210542,8.212436,272.452518
2017-07-24,20.572735,518.856845,10.611799,246.127545
2017-07-25,20.089614,471.260956,5.033924,279.346535
2017-07-26,20.659027,825.207700,17.007635,613.056581
2017-07-27,20.524498,823.184829,6.694466,437.256451
2017-07-28,20.898316,452.160646,6.102342,297.062956
2017-07-29,21.176068,347.515601,6.598405,304.828281
2017-07-30,21.047564,377.258007,6.972022,286.122501
2017-07-31,20.635767,422.725896,6.903622,270.025261
2017-08-01,19.951825,356.432958,6.668333,266.178990
2017-08-02,19.387495,289.460884,6.669551,249.958020
2017-08-03,18.911952,315.536762,6.811750,252.145210
2017-08-04,18.134958,282.987620,6.747017,225.914652
2017-08-05,17.398773,261.140743,6.601537,245.476306
2017-08-06,16.746529,191.076386,6.725945,253.566869
2017-08-07,16.619461,258.347292,6.523537,333.475820
2017-08-08,16.668416,415.872666,5.738442,382.339573
2017-08-09,15.419945,344.993778,4.855091,230.414381
2017-08-10,14.971064,297.348880,5.173245,263.360970
2017-08-11,14.616639,307.633848,5.278082,230.843977
2017-08-12,14.042397,261.058081,5.155439,207.884279
2017-08-13,13.544758,260.629529,5.287806,202.166920
2017-08-14,13.144218,288.542190,5.483119,221.154947
2017-08-15,12.527319,226.837917,4.963527,185.544257
2017-08-16,12.203570,215.581371,5.262908,186.162596
2017-08-17,11.933256,256.713128,4.959058,180.523290
2017-08-18,11.238369,223.674355,4.018675,134.849260
2017-08-19,11.054845,187.019579,3.463644,167.068430
2017-08-20,10.842643,191.581812,3.038297,188.560225
2017-08-21,10.453664,193.062614,2.223434,149.778636
2017-08-22,10.249466,269.646115,3.146123,182.581585
2017-08-23,10.072019,307.781585,1.794382,219.463237
2017-08-24,10.154173,269.922192,1.553972,196.481881
2017-08-25,9.757204,216.540979,1.390914,164.597579
2017-08-26,9.623159,243.044542,1.443651,176.539550
2017-08-27,9.202976,241.003889,1.181356,182.171528
2017-08-28,8.818119,198.250678,1.000028,169.386321
2017-08-29,9.351299,313.283308,0.936584,184.814432
2017-08-30,10.421155,642.509345,0.909345,345.921821
2017-08-31,9.902408,709.385063,0.886271,266.810210
2017-09-01,9.136929,481.104700,0.867620,200.864588
2017-09-02,8.481540,237.948996,0.853254,179.072018
2017-09-03,7.930083,163.351167,0.832395,112.007584
2017-09-04,7.779393,126.321194,0.823738,68.686782
2017-09-05,7.703224,105.910228,0.813172,71.009356
2017-09-06,7.505906,83.008615,0.804133,90.747014
2017-09-07,7.734734,153.884166,0.799601,122.543400
2017-09-08,7.258810,101.915460,0.842702,109.666542
2017-09-09,7.260760,110.879651,0.877123,78.408979
2017-09-10,6.711520,73.912176,0.816752,56.634978
2017-09-11,7.333095,104.855193,0.913635,44.748114
2017-09-12,6.603910,173.857688,0.850682,80.345912
2017-09-13,6.271022,53.498220,0.849266,52.491848
2017-09-14,7.208004,247.379160,1.986337,227.789896
2017-09-15,7.677308,601.780846,2.892891,233.151374
2017-09-16,5.431818,89.752572,1.085158,48.037526
2017-09-17,5.680292,90.305596,1.120749,31.808848
2017-09-18,5.466464,82.953591,1.122942,43.946621
2017-09-19,5.562988,57.185667,1.182755,41.595169
2017-09-20,5.674988,61.268407,1.303867,40.960909
2017-09-21,5.775326,43.403989,1.442041,39.382874
2017-09-22,6.039906,51.970939,1.614400,37.586788
2017-09-23,6.399152,19.244040,1.781311,21.941468
2017-09-24,7.145967,6.998895,1.898969,13.412973
2017-09-25,6.999786,12.809211,1.960556,4.167460
2017-09-26,6.090149,253.671957,3.220310,64.292956
2017-09-27,5.707196,18.803543,1.896277,7.240634
2017-09-28,5.714698,2.496257,1.791833,12.395439
2017-09-29,5.806207,2.663430,1.656620,12.326356
2017-09-30,6.152902,0.935413,1.613606,11.689267
2017-10-01,6.461390,0.117283,1.524632,9.560986
2017-10-02,6.723663,5.308377,1.603103,6.284696
2017-10-03,7.523955,2.300160,1.427545,4.232038
2017-10-04,7.344856,0.227024,1.357609,6.802845
2017-10-05,7.415509,0.527331,1.427663,6.739711
2017-10-06,7.551680,1.612087,1.698186,10.963150
2017-10-07,7.434240,7.493050,1.388550,11.163807
2017-10-08,7.359401,0.026907,1.391510,5.186230
2017-10-09,7.618796,0.004525,1.194886,4.186823
2017-10-10,7.100215,0.044173,1.159718,3.836648
2017-10-11,7.438342,0.147296,1.168346,5.708980
2017-10-12,7.474898,0.017674,1.423545,3.745278
2017-10-13,7.447372,0.670834,1.146937,6.282930
2017-10-14,7.220722,0.179803,1.061087,4.375702
2017-10-15,7.207711,0.089286,1.051674,3.575151
2017-10-16,7.510601,0.116496,1.155796,6.496330
2017-10-17,7.288107,7.117130,1.168783,9.930603
2017-10-18,7.119039,0.186772,1.017683,7.542020
2017-10-19,7.019233,0.004863,1.013315,3.933383
2017-10-20,7.042771,0.004494,0.997867,4.021026
2017-10-21,7.092151,0.004498,1.060786,3.770790
2017-10-22,7.143682,0.004497,1.040829,3.507874
2017-10-23,7.170041,0.004493,0.971565,3.532450
2017-10-24,7.710527,0.631882,1.039793,9.046045
2017-10-25,7.165644,0.011821,0.955340,3.605187
2017-10-26,9.273326,84.546547,1.438171,13.203650
2017-10-27,9.148322,432.215388,1.377751,36.250770
2017-10-28,7.010823,91.745910,0.983749,7.135106
2017-10-29,6.823997,3.385656,0.926520,5.775922
2017-10-30,7.138403,7.363450,0.971385,6.342443
2017-10-31,6.634791,0.930186,0.906660,3.570895
2017-11-01,7.277187,0.088422,0.959050,3.724978
2017-11-02,7.743437,0.010920,0.883668,3.521696
2017-11-03,6.703650,0.005034,0.877201,3.486270
2017-11-04,6.696695,0.000131,0.874698,3.497945
2017-11-05,6.674804,0.000005,0.888028,3.487521
2017-11-06,6.639122,0.000000,0.853679,3.494264
2017-11-07,6.603938,0.000000,0.841785,3.458101
2017-11-08,6.552286,0.000000,0.833888,3.483263
2017-11-09,6.491987,0.000000,0.824701,3.456486
2017-11-10,6.425795,0.000000,0.815714,3.471590
2017-11-11,6.352562,0.000000,0.871696,3.464236
2017-11-12,6.283673,0.000000,0.795122,3.456535
2017-11-13,6.205505,0.000000,0.780107,3.446770
2017-11-14,6.122799,0.000000,0.773612,3.439386
2017-11-15,6.037546,0.000000,0.760721,3.448767
2017-11-16,5.946501,0.000000,0.752088,3.412330
2017-11-17,5.861381,0.000000,0.737472,3.434709
2017-11-18,5.770004,0.000000,0.730927,3.413411
2017-11-19,5.678123,0.000000,0.717352,3.406729
2017-11-20,5.587039,0.000000,0.707106,3.391908
2017-11-21,5.492354,0.000000,0.694464,3.386772
2017-11-22,5.405713,0.000000,0.683776,3.378671
2017-11-23,5.317061,0.000000,0.673378,3.366384
2017-11-24,5.228823,0.000000,0.663690,3.382364
2017-11-25,5.143735,0.000000,4.252416,3.530689
2017-11-26,5.060414,0.000000,0.774510,3.328440
2017-11-27,4.987143,0.000000,0.866668,3.397194
2017-11-28,4.913428,0.000000,4.095415,6.215940
2017-11-29,4.841083,0.000000,3.767471,9.067188
2017-11-30,4.769656,0.000000,1.830214,5.248095
2017-12-01,4.696476,0.000000,0.692057,3.278576
2017-12-02,4.631649,0.000000,0.650315,3.264714
2017-12-03,4.564512,0.000000,0.659649,3.258747
2017-12-04,4.498029,0.000000,0.664057,3.248858
2017-12-05,4.433380,0.000000,0.675519,3.259875
2017-12-06,4.367184,0.000000,0.678329,3.248830
2017-12-07,4.309504,0.000000,0.683177,3.233018
2017-12-08,4.250551,0.000000,0.814502,3.223994
2017-12-09,4.191473,0.000000,4.339917,3.213896
2017-12-10,4.133159,0.000000,1.603306,3.197564
2017-12-11,4.072356,0.000000,0.871394,3.202752
2017-12-12,4.017658,0.000000,0.788339,3.210221
2017-12-13,3.961121,0.000000,0.724225,3.184689
2017-12-14,3.905331,0.000000,0.734225,3.182319
2017-12-15,3.850029,0.000000,0.744003,3.179814
2017-12-16,3.794519,0.000000,0.777300,3.184031
2017-12-17,3.746209,0.000000,0.753029,3.166549
2017-12-18,3.698059,0.000000,0.762874,3.158922
2017-12-19,3.653892,0.000000,0.756220,3.153288
2017-12-20,3.610444,0.000000,0.756712,3.155663
2017-12-21,3.565025,0.000000,0.755431,3.151841
2017-12-22,3.525915,0.000000,0.753843,3.153106
2017-12-23,3.487030,0.000000,0.750104,3.142146
2017-12-24,3.448751,0.000000,0.746561,3.125884
2017-12-25,3.410684,0.000000,0.742485,3.129847
2017-12-26,3.370032,0.000000,0.738487,3.132796
2017-12-27,3.334718,0.000000,0.742819,3.149627
2017-12-28,3.297903,0.000000,0.729709,3.116461
2017-12-29,3.261409,0.000000,0.721750,3.128809
2017-12-30,3.225092,0.000000,0.721101,3.108251
2017-12-31,3.188685,0.000000,0.713207,3.078179
2018-01-01,3.180381,0.089357,0.709661,3.092030
2018-01-02,3.146685,0.029600,0.703906,3.073536
2018-01-03,3.111332,0.027577,0.699923,3.071777
2018-01-04,3.076337,0.026622,0.692704,3.074868
2018-01-05,3.042333,0.026389,0.687557,3.052540
2018-01-06,3.007655,0.027458,0.681504,3.047885
2018-01-07,2.978102,0.027770,0.677512,3.039921
2018-01-08,2.947039,0.027085,0.668622,3.051302
2018-01-09,2.915965,0.026423,0.664121,3.028145
2018-01-10,2.885204,0.026830,0.735322,3.028636
2018-01-11,2.853555,0.052990,0.657626,3.036384
2018-01-12,2.826371,0.115858,0.646580,3.020203
2018-01-13,2.797362,0.088748,0.640059,3.016147
2018-01-14,2.768523,0.008758,0.632955,3.015890
2018-01-15,2.739798,0.007982,0.628155,3.015762
2018-01-16,2.709573,0.008053,0.620758,3.006740
2018-01-17,2.683794,0.004464,0.616246,3.008284
2018-01-18,2.656456,0.002031,0.609923,2.988294
2018-01-19,2.630664,0.004548,0.602165,2.991746
2018-01-20,2.606445,0.008019,0.598789,2.984326
2018-01-21,2.581541,0.008017,0.592549,2.985095
2018-01-22,2.560974,0.008103,0.584719,2.950310
2018-01-23,2.539060,0.008182,0.578471,2.957682
2018-01-24,2.517301,0.076539,0.572733,2.937477
2018-01-25,2.496122,0.117068,0.567621,2.935086
2018-01-26,2.474126,0.116345,0.562432,3.116429
2018-01-27,2.455859,0.058316,0.555610,2.921430
2018-01-28,2.436004,0.027644,0.549555,2.928335
2018-01-29,2.416288,0.026568,0.546016,2.930957
2018-01-30,2.396669,0.027538,0.538871,2.910627
2018-01-31,2.377312,0.021951,0.532622,2.907827
2018-02-01,2.356523,0.023405,0.547963,2.911548
2018-02-02,2.339203,0.009359,0.523362,2.906808
2018-02-03,2.320491,0.010764,0.535427,2.972971
2018-02-04,2.301958,0.010632,0.512007,2.899616
2018-02-05,2.283656,0.002543,0.506073,2.894488
2018-02-06,2.263757,0.005824,0.502656,2.870762
2018-02-07,2.247217,0.004620,0.493537,3.508927
2018-02-08,2.229205,0.001766,0.492440,2.877054
2018-02-09,2.211331,0.001760,0.485166,2.905426
2018-02-10,2.193461,0.001761,0.480311,2.883455
2018-02-11,2.174166,0.001759,0.474922,2.892642
2018-02-12,2.158285,0.001760,0.468991,2.871418
2018-02-13,2.141486,0.001849,0.465646,2.873187
2018-02-14,2.124793,0.001858,0.460851,2.865172
2018-02-15,2.108287,0.001936,0.455483,2.893647
2018-02-16,2.090408,0.001899,0.450349,2.856203
2018-02-17,2.075520,0.002900,0.445242,2.873258
2018-02-18,2.059199,0.004710,0.443764,2.859305
2018-02-19,2.042784,0.008045,0.439266,2.866804
2018-02-20,2.026590,0.002702,0.432661,2.805865
2018-02-21,2.009274,0.002254,0.427609,2.833496
2018-02-22,1.994789,0.002769,0.421624,2.859824
2018-02-23,1.979065,0.001845,0.416698,2.842686
2018-02-24,1.963879,0.002755,0.416058,2.831859
2018-02-25,1.949661,0.002769,0.410601,2.829597
2018-02-26,1.934698,0.001868,0.405361,2.844621
2018-02-27,1.922523,0.001874,0.399038,2.839190
2018-02-28,1.909058,0.001778,0.428927,3.295910
2018-03-01,1.894222,0.001894,0.421198,2.828228
2018-03-02,1.882117,0.001761,0.391455,2.825872
2018-03-03,1.868809,0.001760,0.388359,2.830321
2018-03-04,1.855638,0.001760,0.379254,2.814840
2018-03-05,1.842660,0.006357,0.379660,2.828635
2018-03-06,1.828446,0.125554,0.368911,2.814981
2018-03-07,1.816618,0.125937,0.368126,2.810666
2018-03-08,1.803496,0.010064,0.364418,2.824460
2018-03-09,1.790617,0.004283,0.360748,2.807602
2018-03-10,1.778767,0.004280,0.357855,2.814794
2018-03-11,1.766229,0.006721,0.351569,2.809199
2018-03-12,1.756575,0.004772,0.348578,2.805831
2018-03-13,1.745982,0.004280,0.346466,2.797353
2018-03-14,1.735373,0.004280,0.341526,2.787427
2018-03-15,1.724758,0.004280,0.339158,2.787711
2018-03-16,1.713371,0.004277,0.333815,2.795505
2018-03-17,1.704621,0.006952,2.109517,3.174035
2018-03-18,1.694927,0.019190,2.269874,3.472087
2018-03-19,1.685473,0.050973,3.661780,3.424960
2018-03-20,1.676131,0.101290,0.448252,3.698930
2018-03-21,1.665767,0.012411,0.470521,2.786835
2018-03-22,1.657745,0.010571,0.314303,2.771689
2018-03-23,1.648482,0.010407,0.310552,2.775346
2018-03-24,1.639187,0.004658,0.310774,2.763975
2018-03-25,1.629773,0.004696,0.304944,2.756971
2018-03-26,1.619161,0.006569,0.302156,3.039684
2018-03-27,1.610792,0.005586,0.298717,2.756923
2018-03-28,1.601381,0.004336,0.329787,2.760080
2018-03-29,1.592159,0.004280,0.388189,2.741782
2018-03-30,1.583019,0.004279,0.529402,2.757010
2018-03-31,1.573991,0.004280,0.500900,2.737056
2018-04-01,1.563987,0.004277,0.437615,2.738886
2018-04-02,1.556084,0.004281,0.283042,2.723114
2018-04-03,1.547031,0.004281,0.278699,6.079605
2018-04-04,1.538204,0.004280,0.278183,2.719745
2018-04-05,1.529452,0.004280,0.273070,2.723713
2018-04-06,1.519859,0.004853,0.273780,2.724033
2018-04-07,1.512434,0.009001,1.159310,2.736182
2018-04-08,1.503818,0.028666,0.268427,2.700249
2018-04-09,1.495129,0.117386,0.263899,2.708156
2018-04-10,1.486457,0.122022,0.261898,2.686128
2018-04-11,1.476755,0.283321,0.416891,2.771672
2018-04-12,1.469045,0.223709,0.276325,3.722177
2018-04-13,1.460314,0.157251,0.255533,2.644978
2018-04-14,1.451655,0.004821,0.256766,3.373353
2018-04-15,1.443175,0.002600,0.249502,2.748687
2018-04-16,1.433704,0.104609,6.966851,4.740302
2018-04-17,1.426208,0.054568,14.327054,3.423276
2018-04-18,1.417641,0.009344,3.923177,4.305387
2018-04-19,1.409261,0.009395,3.532645,4.686525
2018-04-20,1.400246,0.009403,3.967595,4.529331
2018-04-21,1.396318,1.453639,4.357335,4.688411
2018-04-22,1.405236,7.382290,2.387567,4.193708
2018-04-23,1.401130,1.189414,0.439441,4.864664
2018-04-24,1.370134,1.073586,0.799823,5.420276
2018-04-25,1.343583,0.586092,0.540558,6.034049
2018-04-26,1.320645,0.535592,0.786237,5.988510
2018-04-27,1.303090,1.079548,2.536762,5.206376
2018-04-28,1.288453,0.240925,1.519105,8.987746
2018-04-29,1.274783,0.003865,1.719687,6.939846
2018-04-30,1.263209,0.002585,1.558972,6.323396
2018-05-01,1.253692,0.002594,0.480285,2.626636
2018-05-02,1.248551,0.002600,0.462381,2.710825
2018-05-03,1.244497,0.002600,1.400677,5.410988
2018-05-04,1.241974,0.002600,2.314883,6.451840
2018-05-05,1.240659,0.002600,5.529183,5.841941
2018-05-06,1.239504,0.002598,4.376554,6.411000
2018-05-07,1.240817,0.002600,6.407116,5.601081
2018-05-08,1.241982,0.002600,4.070354,2.586175
2018-05-09,1.243492,0.002600,4.196888,2.593044
2018-05-10,1.245404,0.008680,6.162687,5.532974
2018-05-11,1.246919,0.006677,6.206755,3.869049
2018-05-12,1.250326,0.007595,1.583921,3.601338
2018-05-13,1.253167,0.016605,2.691153,5.052854
2018-05-14,1.255864,0.002622,1.375517,6.870571
2018-05-15,1.258346,0.002600,1.339294,5.659580
2018-05-16,1.259451,0.002599,2.502823,13.147743
2018-05-17,1.262352,0.002601,1.876706,6.182502
2018-05-18,1.269581,0.002600,1.305862,4.763703
2018-05-19,1.269884,0.002600,1.429940,53.211232
2018-05-20,1.266784,0.002600,1.416565,6.351234
2018-05-21,1.262795,0.002598,1.575564,5.265030
2018-05-22,1.261672,0.002600,3.237523,6.388417
2018-05-23,1.259617,1.673011,2.846127,6.323181
2018-05-24,1.263920,1.828953,3.471121,7.469627
2018-05-25,1.264600,0.337232,1.496752,4.007843
2018-05-26,1.254619,1.920784,3.192223,5.713126
2018-05-27,1.255130,5.573745,3.535889,5.871598
2018-05-28,1.247971,3.439033,3.860070,7.523803
2018-05-29,1.223513,9.574964,4.673255,6.928036
2018-05-30,1.207358,13.712311,4.438780,17.210301
2018-05-31,1.187952,29.445780,8.775545,19.994936
2018-06-01,1.168099,23.902113,12.829119,15.090985
2018-06-02,1.185550,53.919254,14.413241,23.160091
2018-06-03,1.198018,92.103438,14.002015,31.750774
2018-06-04,1.245236,150.701615,14.786575,59.199940
2018-06-05,1.307992,264.891324,45.280950,112.741557
2018-06-06,1.469613,346.383181,30.684346,83.276899
2018-06-07,2.778136,127.454001,16.001916,53.286912
2018-06-08,4.424260,121.619909,15.142788,37.556021
2018-06-09,6.028535,168.017175,17.019881,46.045546
2018-06-10,7.579500,152.904244,15.296919,41.865851
2018-06-11,8.932137,102.973408,16.482429,55.017082
2018-06-12,10.639750,136.446872,13.042987,45.210324
2018-06-13,12.812524,155.050225,13.244761,57.110022
2018-06-14,15.044921,120.413796,11.300207,29.178614
2018-06-15,16.976740,132.118531,13.556153,48.827778
2018-06-16,18.633663,101.872013,13.689859,50.134117
2018-06-17,20.851391,125.599881,13.947118,39.291195
2018-06-18,22.559408,164.396925,15.138508,48.294531
2018-06-19,23.834184,187.968120,15.654390,47.463682
2018-06-20,24.338292,82.767536,13.472678,34.505707
2018-06-21,25.431841,164.316843,15.863995,75.871087
2018-06-22,27.384667,111.080217,12.109690,34.748995
2018-06-23,30.994812,177.432010,14.237168,66.142455
2018-06-24,31.900187,126.908717,12.984044,40.211835
2018-06-25,33.789886,181.694895,17.143852,73.534094
2018-06-26,34.679174,229.234503,18.308781,79.450136
2018-06-27,35.538375,187.877913,22.306430,66.868471
2018-06-28,36.546245,150.830409,25.151248,93.521932
2018-06-29,39.294914,237.503185,19.244711,121.128843
2018-06-30,43.553938,123.025681,14.772839,52.712159
2018-07-01,46.606603,151.370028,15.061846,78.503438
2018-07-02,47.729532,173.384005,15.010072,112.092454
2018-07-03,49.228358,168.572296,15.780713,130.719266
2018-07-04,49.660006,82.630858,12.348685,46.856901
2018-07-05,49.553224,158.451766,20.288790,118.121123
2018-07-06,50.426968,288.412906,16.121889,165.893916
2018-07-07,54.543348,210.023978,14.184874,111.628563
2018-07-08,56.127859,170.994651,13.460777,89.968392
2018-07-09,58.160346,200.991057,11.727021,131.639323
2018-07-10,59.930895,196.702332,12.330867,94.934091
2018-07-11,60.306480,306.607839,19.076287,209.412788
2018-07-12,59.297064,429.516130,18.915358,239.416236
2018-07-13,59.060015,400.852212,17.528141,195.181487
2018-07-14,65.817763,366.929988,17.986461,220.909160
2018-07-15,66.659030,565.613743,20.013615,270.966017
2018-07-16,65.945236,323.764612,17.626206,218.093943
2018-07-17,67.857769,756.273955,20.360535,396.897020
2018-07-18,64.715180,690.380893,22.610305,482.251107
2018-07-19,63.336000,500.977523,14.296758,237.171066
2018-07-20,59.782258,424.108986,12.311887,255.546195
2018-07-21,55.632420,445.230090,12.284454,248.022482
2018-07-22,51.406246,309.448752,12.443065,250.960935
2018-07-23,48.204770,313.243128,11.996047,232.240066
2018-07-24,44.108215,227.849973,12.109918,179.562756
2018-07-25,40.407062,359.574043,14.483267,300.987224
2018-07-26,38.347060,220.585328,10.556791,207.335379
2018-07-27,36.478047,220.549314,11.323965,228.406067
2018-07-28,34.298871,263.416933,11.149452,249.295588
2018-07-29,32.800978,403.547117,11.423389,280.496089
2018-07-30,32.065442,784.079590,14.146987,442.091224
2018-07-31,31.009683,431.664133,10.357409,324.666238
2018-08-01,31.289466,360.906817,10.206620,314.439744
2018-08-02,31.723653,420.665519,10.493292,288.871738
2018-08-03,30.135245,283.336375,10.255061,243.584643
2018-08-04,28.813882,259.167231,9.237454,251.499117
2018-08-05,27.055203,284.079152,8.049053,249.237581
2018-08-06,25.158644,298.732398,7.511272,263.597090
2018-08-07,23.611113,297.788331,7.333140,261.821331
2018-08-08,22.636188,356.481454,7.102689,335.368587
2018-08-09,21.604206,447.739267,8.124329,364.270949
2018-08-10,20.441034,443.221093,6.868378,251.396097
2018-08-11,19.485314,296.636288,6.647375,232.047256
2018-08-12,19.403607,503.667757,5.225473,417.303613
2018-08-13,19.197648,738.793978,6.699948,555.161781
2018-08-14,19.014970,763.401993,8.658052,542.099882
2018-08-15,17.981568,335.633508,5.692844,206.510250
2018-08-16,17.254619,321.325730,7.434486,154.675021
2018-08-17,17.118056,255.951615,4.882501,170.499727
2018-08-18,16.812786,232.046018,4.593314,187.885741
2018-08-19,16.310447,244.628782,4.345320,169.924918
2018-08-20,15.873414,193.566129,4.064304,157.464331
2018-08-21,15.778129,212.173593,3.758883,187.613397
2018-08-22,14.976181,182.114915,3.436854,159.237125
2018-08-23,14.658720,181.164475,3.130045,167.591954
2018-08-24,14.056143,122.949967,2.967739,82.545325
2018-08-25,13.803808,153.565655,2.724253,119.249044
2018-08-26,13.450226,99.690788,2.642560,70.668749
2018-08-27,12.682987,128.685752,2.262532,96.205558
2018-08-28,12.240517,68.652083,2.105923,82.875249
2018-08-29,12.682278,44.331593,2.451806,55.946791
2018-08-30,12.468093,117.251343,4.661291,177.624834
2018-08-31,10.872519,102.817523,2.301587,98.364311
2018-09-01,10.229426,82.694309,2.420163,73.189810
2018-09-02,10.563028,43.848605,2.710071,69.923752
2018-09-03,10.512653,79.150102,2.838852,101.489370
2018-09-04,10.456102,55.274986,3.035126,86.632145
2018-09-05,10.606320,161.049826,10.545256,71.691597
2018-09-06,10.307214,122.582442,10.129048,163.228695
2018-09-07,9.862964,125.820709,5.112767,101.255092
2018-09-08,10.874383,72.598223,4.631669,71.078895
2018-09-09,11.753413,92.116863,4.627165,79.493094
2018-09-10,12.591461,35.858344,4.343356,54.476993
2018-09-11,13.120133,28.473084,4.115041,54.671965
2018-09-12,13.452144,39.127174,3.847313,57.612525
2018-09-13,13.561094,42.223663,3.603556,44.340048
2018-09-14,13.728494,61.630603,3.595373,18.048750
2018-09-15,13.512272,56.217804,3.360921,62.518556
2018-09-16,14.095363,50.348278,3.174354,28.809198
2018-09-17,13.308653,44.653311,3.307791,37.537392
2018-09-18,12.641217,118.698886,3.279642,47.039846
2018-09-19,11.725256,20.157065,2.710196,53.784293
2018-09-20,11.450888,5.963188,2.643362,16.420088
2018-09-21,11.575147,3.971468,2.589266,11.701870
2018-09-22,11.947599,1.256627,2.557733,7.763330
2018-09-23,11.945303,41.273274,5.032704,11.826720
2018-09-24,11.695862,6.493592,2.438178,5.988330
2018-09-25,11.652277,0.865440,2.394615,3.930230
2018-09-26,11.939980,0.679728,2.366255,3.944172
2018-09-27,12.199518,0.124365,2.445962,6.487896
2018-09-28,13.667293,1.390488,2.587223,10.655316
2018-09-29,12.346398,0.437409,2.304150,8.818444
2018-09-30,12.357099,1.711503,2.629316,9.142347
2018-10-01,11.980929,0.176856,2.241813,4.268249
2018-10-02,11.735847,0.000448,2.227741,4.318791
2018-10-03,11.475963,0.000151,2.189948,4.048729
2018-10-04,11.228349,0.000150,2.169501,3.991683
2018-10-05,10.978543,0.000150,2.242730,4.383954
2018-10-06,10.725485,0.000176,2.778581,3.831764
2018-10-07,10.486777,0.000146,2.138729,3.848328
2018-10-08,10.236205,0.000149,2.114997,3.795924
2018-10-09,9.987349,0.000155,2.099616,3.805168
2018-10-10,9.736933,0.000162,2.080536,3.806099
2018-10-11,9.483729,0.000156,2.060854,3.790319
2018-10-12,9.244062,0.000156,3.003705,4.399768
2018-10-13,8.999064,0.000773,2.498726,3.773244
2018-10-14,8.758287,0.001082,2.026029,3.763815
2018-10-15,8.533979,0.000652,2.019641,3.728327
2018-10-16,8.322460,0.001164,2.010718,3.759154
2018-10-17,8.127972,0.000791,1.981241,3.664750
2018-10-18,7.931237,0.001084,1.961714,3.721399
2018-10-19,7.739157,0.000861,1.944374,3.715699
2018-10-20,7.551163,0.001600,1.903024,3.695660
2018-10-21,7.366766,0.001463,1.868927,3.700094
2018-10-22,7.199203,0.001370,1.863649,3.864441
2018-10-23,7.033082,0.001185,1.807270,3.681759
2018-10-24,6.874612,0.000828,1.773834,3.654582
2018-10-25,6.723152,0.000427,1.742421,3.657438
2018-10-26,6.571248,0.000953,1.788900,3.916295
2018-10-27,6.441310,0.001005,2.261624,3.714399
2018-10-28,6.316640,0.001441,1.646092,3.570464
2018-10-29,6.194021,0.001723,1.618109,3.633380
2018-10-30,6.072931,0.000929,1.595333,3.607458
2018-10-31,5.957839,0.001036,1.568084,3.602262
2018-11-01,5.841818,0.000993,1.541026,3.581444
2018-11-02,5.736023,0.000318,1.529969,3.579891
2018-11-03,5.628428,0.000359,1.494415,3.580482
2018-11-04,5.522189,0.001059,1.464430,3.584045
2018-11-05,5.418378,0.000606,1.440946,3.543850
2018-11-06,5.315373,0.000434,1.430899,3.585659
2018-11-07,5.223228,0.000423,1.410934,3.532867
2018-11-08,5.128698,0.000439,2.076791,3.547383
2018-11-09,5.039208,0.000452,2.720980,3.826782
2018-11-10,4.950186,0.000261,1.367232,3.515964
2018-11-11,4.862076,0.000259,1.332281,3.502376
2018-11-12,4.789163,0.012234,1.408458,3.502243
2018-11-13,4.716656,0.034457,1.292478,3.487263
2018-11-14,4.645354,0.002299,1.244556,3.465201
2018-11-15,4.575939,0.000551,1.231813,3.467286
2018-11-16,4.506081,0.006902,1.214930,3.470366
2018-11-17,4.444704,0.043456,5.580098,3.683971
2018-11-18,4.381561,0.049223,1.384468,3.425154
2018-11-19,4.319140,0.043725,3.864028,3.472872
2018-11-20,4.257592,0.385791,10.758931,7.844552
2018-11-21,4.194785,0.370390,1.245710,3.421727
2018-11-22,4.138573,0.171412,1.376288,3.412110
2018-11-23,4.080592,0.000591,1.537926,3.358691
2018-11-24,4.025102,0.000420,2.249996,3.401609
2018-11-25,3.969863,0.000349,2.161688,3.378245
2018-11-26,3.912840,0.000166,1.500651,3.363060
2018-11-27,3.862912,0.000320,1.477130,3.357589
2018-11-28,3.810626,0.000491,1.490916,3.355860
2018-11-29,3.759266,0.000356,1.490374,3.361454
2018-11-30,3.710581,0.000243,1.487002,3.338770
2018-12-01,3.659495,0.000222,1.479305,3.332892
2018-12-02,3.615171,0.000449,1.471132,3.327904
2018-12-03,3.569898,0.000461,1.454999,3.328729
2018-12-04,3.525108,0.001104,1.441651,3.293700
2018-12-05,3.483348,0.117176,1.427455,3.250564
2018-12-06,3.442931,0.028916,1.409823,3.316063
2018-12-07,3.407646,0.000368,1.391276,3.305877
2018-12-08,3.369835,0.000536,1.370115,3.313695
2018-12-09,3.332232,0.025203,1.349725,3.207037
2018-12-10,3.295365,0.198238,1.352544,3.304410
2018-12-11,3.256802,0.207693,1.387226,3.277195
2018-12-12,3.223567,0.208041,1.307663,3.189367
2018-12-13,3.188710,0.208438,2.332016,3.311189
2018-12-14,3.153911,0.207980,1.712627,3.260013
2018-12-15,3.119535,0.208585,1.555427,3.262847
2018-12-16,3.083719,0.108596,1.235069,3.229864
2018-12-17,3.052776,0.004945,1.175695,3.249948
2018-12-18,3.019943,0.001367,1.157219,3.255401
2018-12-19,2.987810,0.000138,1.139604,3.244612
2018-12-20,2.957083,0.000138,1.341334,3.237146
2018-12-21,2.924878,0.000138,1.099683,3.233125
2018-12-22,2.896920,0.000139,1.094787,3.224825
2018-12-23,2.867366,0.000212,1.638040,3.259931
2018-12-24,2.837827,0.000142,2.228683,3.294414
2018-12-25,2.809089,0.000211,1.199121,3.218153
2018-12-26,2.779317,0.000295,1.039693,3.195514
2018-12-27,2.754182,0.007976,1.028100,3.218478
2018-12-28,2.727127,0.007798,1.012176,3.150281
2018-12-29,2.700153,0.000304,0.999492,3.179065
2018-12-30,2.673361,0.000297,0.981424,3.187977
2018-12-31,2.647156,0.000179,0.980443,3.171788
2019-01-01,2.628824,0.044670,0.990452,3.182495
2019-01-02,2.605344,0.033274,1.072640,3.170654
2019-01-03,2.580845,0.015693,0.963585,3.191246
2019-01-04,2.556879,0.029139,1.019295,3.220956
2019-01-05,2.533755,0.006610,0.927169,3.143911
2019-01-06,2.508976,0.001126,0.922015,3.147137
2019-01-07,2.487999,0.007559,0.905870,3.122431
2019-01-08,2.466613,0.011137,1.090207,3.121717
2019-01-09,2.445630,0.001014,0.994744,3.089835
2019-01-10,2.425757,0.001081,0.878961,3.115173
2019-01-11,2.404685,0.001123,0.868038,3.093807
2019-01-12,2.386993,0.001376,0.859590,3.127350
2019-01-13,2.367684,0.000984,0.848798,6.588942
2019-01-14,2.348796,0.019418,0.837633,3.068546
2019-01-15,2.330232,0.002858,0.830061,3.097679
2019-01-16,2.310311,0.001631,0.819715,3.085010
2019-01-17,2.293553,0.001073,0.811173,3.073211
2019-01-18,2.275219,0.002351,0.804849,3.054005
2019-01-19,2.257195,0.001665,0.789430,3.064285
2019-01-20,2.239457,0.001151,0.783272,3.053516
2019-01-21,2.220238,0.000894,0.774429,3.077945
2019-01-22,2.204324,0.005612,0.763747,3.049992
2019-01-23,2.186979,0.002280,0.751218,3.597204
2019-01-24,2.169754,0.000907,0.746773,3.059380
2019-01-25,2.152589,0.000708,0.734426,3.046222
2019-01-26,2.134052,0.002396,0.724003,3.047465
2019-01-27,2.118820,0.004846,0.718371,2.980289
2019-01-28,2.102394,0.001169,0.708479,3.034131
2019-01-29,2.086046,0.000899,0.698151,2.954971
2019-01-30,2.069709,0.000906,0.689250,3.008512
2019-01-31,2.053260,0.000630,0.681893,3.015037
2019-02-01,2.035456,0.001141,0.674941,3.058567
2019-02-02,2.020918,0.003518,0.663502,3.000106
2019-02-03,2.005137,0.002667,0.652037,3.040943
2019-02-04,1.989819,0.002095,0.645866,3.024450
2019-02-05,1.974924,0.000019,0.636456,2.999187
2019-02-06,1.958601,0.000000,0.626334,2.989735
2019-02-07,1.945183,0.000000,0.621215,2.985880
2019-02-08,1.931009,0.000000,0.612885,2.971588
2019-02-09,1.917317,0.000000,0.603501,2.958371
2019-02-10,1.903716,0.000000,0.596110,2.987903
2019-02-11,1.889125,0.000000,0.588503,2.952367
2019-02-12,1.877334,0.000000,0.581112,2.954153
2019-02-13,1.864383,0.000000,0.573628,2.955276
2019-02-14,1.851498,0.000000,0.570126,2.965797
2019-02-15,1.838625,0.001270,0.556391,2.909208
2019-02-16,1.824824,0.005988,0.555684,2.925677
2019-02-17,1.813761,0.011182,0.548280,2.918008
2019-02-18,1.801532,0.015339,0.558295,2.988302
2019-02-19,1.789240,0.034058,0.554469,2.932732
2019-02-20,1.777030,0.039936,0.527006,2.939887
2019-02-21,1.763733,0.039749,1.134816,2.940806
2019-02-22,1.753160,0.040838,0.516837,2.929822
2019-02-23,1.741669,0.040630,0.509451,2.930631
2019-02-24,1.730505,0.040423,0.503746,2.937550
2019-02-25,1.719183,0.040550,0.502307,2.951826
2019-02-26,1.706885,0.040503,0.494282,2.890996
2019-02-27,1.697672,0.040573,0.487817,2.923052
2019-02-28,1.687352,0.040888,0.498722,2.898917
2019-03-01,1.675982,3.456599,0.501279,2.897154
2019-03-02,1.667607,0.042157,0.470429,2.898043
2019-03-03,1.658243,0.033606,0.465982,2.873293
2019-03-04,1.648927,0.006530,0.461981,2.891262
2019-03-05,1.639633,0.005420,0.457498,2.876560
2019-03-06,1.629160,0.005449,0.450056,2.886498
2019-03-07,1.621066,0.005545,0.446773,2.905498
2019-03-08,1.611922,0.005587,0.441344,2.841438
2019-03-09,1.602706,0.005543,0.438297,2.852788
2019-03-10,1.593491,0.005529,0.434111,2.822630
2019-03-11,1.583146,0.004093,0.427136,2.827423
2019-03-12,1.575009,0.000057,0.426321,2.840118
2019-03-13,1.565833,0.000007,0.417737,2.827786
2019-03-14,1.556786,0.000006,0.414724,2.777039
2019-03-15,1.547765,0.000007,0.412861,2.811462
2019-03-16,1.537609,0.000003,0.406240,2.815200
2019-03-17,1.529788,0.000000,0.406037,2.792543
2019-03-18,1.521020,0.000000,0.400333,2.800996
2019-03-19,1.512176,0.000000,0.394817,2.794324
2019-03-20,1.503375,0.000006,0.389098,2.794470
2019-03-21,1.493809,0.000011,0.389437,2.757279
2019-03-22,1.486380,0.000002,0.382064,2.740839
2019-03-23,1.477944,0.000000,0.380452,2.748978
2019-03-24,1.469423,0.000000,0.374682,3.531187
2019-03-25,1.460921,0.000000,0.371477,2.746137
2019-03-26,1.451502,0.000000,0.368051,2.732118
2019-03-27,1.444192,0.000000,0.364581,2.780074
2019-03-28,1.435908,0.000000,0.359848,2.767563
2019-03-29,1.427696,0.000000,0.356310,2.736521
2019-03-30,1.419570,0.000000,0.352202,2.781928
2019-03-31,1.411610,0.000000,0.350879,2.726577
2019-04-01,1.402766,0.000000,0.345366,2.756274
2019-04-02,1.395904,0.000000,0.397235,3.543568
2019-04-03,1.388156,0.000000,0.490707,2.732160
2019-04-04,1.380451,0.000000,0.333574,2.744053
2019-04-05,1.372768,0.000000,0.332104,2.686519
2019-04-06,1.364102,0.000000,1.145495,4.187763
2019-04-07,1.357412,0.000000,2.949127,4.436378
2019-04-08,1.349924,0.000000,2.925639,3.926818
2019-04-09,1.342409,0.000000,2.532701,3.453308
2019-04-10,1.334862,0.000000,3.304537,3.506606
2019-04-11,1.326509,0.000000,1.803257,5.164151
2019-04-12,1.320187,0.000000,11.019645,3.686084
2019-04-13,1.313098,0.000000,4.479304,5.821233
2019-04-14,1.306047,0.000000,9.597133,5.526526
2019-04-15,1.298969,0.000000,2.596189,7.351559
2019-04-16,1.291208,0.000000,0.689356,6.771377
2019-04-17,1.285364,0.000000,0.435199,6.168706
2019-04-18,1.278624,0.000000,0.752950,3.671621
2019-04-19,1.272013,0.000000,1.439040,6.865595
2019-04-20,1.265525,0.000000,0.898359,6.553190
2019-04-21,1.258328,0.000000,0.644152,6.556274
2019-04-22,1.253040,0.000000,0.606979,2.675448
2019-04-23,1.246961,0.000000,0.611364,2.639060
2019-04-24,1.240926,0.000000,0.659038,4.107895
2019-04-25,1.235096,0.000000,0.647743,2.655460
2019-04-26,1.228471,0.000000,1.107890,5.808980
2019-04-27,1.223521,0.000000,3.252632,5.029201
2019-04-28,1.217695,0.000000,6.023042,3.983491
2019-04-29,1.216905,1.247156,11.180977,8.837188
2019-04-30,1.225160,12.058425,7.556444,8.850663
2019-05-01,1.165748,23.414486,11.183390,9.686666
2019-05-02,1.070927,27.296423,7.897469,21.705626
2019-05-03,1.012800,0.560610,3.576345,7.378648
2019-05-04,1.049284,32.001034,13.877997,22.655777
2019-05-05,1.081012,80.358838,14.712824,32.440472
2019-05-06,1.075329,81.673195,19.106679,30.232602
2019-05-07,1.311634,34.050017,8.231749,19.565799
2019-05-08,1.765043,26.004472,7.917874,21.638488
2019-05-09,2.231749,25.171182,8.475062,35.973818
2019-05-10,2.667935,5.655082,7.313743,11.316049
2019-05-11,3.086909,8.356921,7.365616,15.929561
2019-05-12,3.512134,1.861897,5.963417,4.806113
2019-05-13,3.830706,0.185925,5.934992,5.100084
2019-05-14,4.122161,15.272456,13.475130,26.548513
2019-05-15,4.426749,62.649630,11.922940,54.255105
2019-05-16,4.315966,96.799872,9.194155,48.735113
2019-05-17,4.402219,69.995095,8.254530,25.738819
2019-05-18,5.121364,68.956091,9.523926,46.184913
2019-05-19,6.198151,92.089360,10.345583,55.230917
2019-05-20,7.426633,63.584354,9.327643,42.997078
2019-05-21,8.921351,62.703843,9.502333,34.219029
2019-05-22,10.214059,81.921507,12.090017,50.396586
2019-05-23,11.537289,114.720399,15.162147,58.854964
2019-05-24,13.276527,92.963001,12.360235,57.485548
2019-05-25,15.641992,69.312395,11.079621,49.058084
2019-05-26,17.417479,123.626648,15.543962,71.934604
2019-05-27,19.246609,85.798140,10.930815,55.776631
2019-05-28,21.512407,72.191588,10.699643,37.637863
2019-05-29,22.697066,79.018916,11.231180,43.322065
2019-05-30,23.496743,69.210302,11.320402,47.495569
2019-05-31,24.173244,75.114524,11.362992,45.887079
2019-06-01,24.421392,70.255637,10.903639,25.792820
2019-06-02,24.681591,82.870213,11.647167,42.199590
2019-06-03,24.553482,102.164750,12.417387,42.809010
2019-06-04,24.473860,111.387737,13.077113,46.283802
2019-06-05,24.587102,94.373100,14.068435,42.454173
2019-06-06,25.279532,86.661337,11.168758,30.985493
2019-06-07,25.900193,129.823952,12.860495,44.074427
2019-06-08,26.388799,100.992217,12.687958,40.725956
2019-06-09,27.865227,182.481045,15.100256,65.979478
2019-06-10,28.672797,117.805150,17.492388,54.673495
2019-06-11,30.067598,235.712029,33.484542,102.453692
2019-06-12,36.871992,227.601735,31.582420,103.335021
2019-06-13,44.160709,295.799251,24.633665,99.123342
2019-06-14,47.821028,248.443690,20.776303,79.118120
2019-06-15,50.284284,255.989585,20.041083,69.470522
2019-06-16,51.935238,283.965657,20.975923,75.651070
2019-06-17,52.978775,328.132138,21.796807,86.587689
2019-06-18,54.347836,257.467735,20.567362,70.892291
2019-06-19,58.142465,289.668130,21.659781,101.811323
2019-06-20,58.936734,282.662625,21.133803,103.273208
2019-06-21,59.442378,261.982663,21.474903,101.436896
2019-06-22,59.492602,239.836079,22.149885,103.785954
2019-06-23,58.728298,262.722731,22.166325,108.518476
2019-06-24,57.022852,258.447704,22.682664,134.261995
2019-06-25,56.911196,374.560869,26.556971,174.608011
2019-06-26,56.415523,426.493956,26.691729,195.076441
2019-06-27,60.760909,387.271686,26.870845,183.358210
2019-06-28,64.698386,304.215909,28.223039,176.577621
2019-06-29,67.156507,254.698926,26.968448,157.300939
2019-06-30,68.803979,223.406939,24.537039,158.108596
2019-07-01,68.270030,173.649044,25.034821,150.689090
2019-07-02,65.991399,213.697753,24.733767,142.679646
2019-07-03,65.620680,225.653214,20.919520,174.218382
2019-07-04,67.431319,232.024243,21.654229,169.881040
2019-07-05,66.728795,292.522382,23.288976,199.850638
2019-07-06,64.943140,293.797803,21.197083,180.448891
2019-07-07,63.916492,323.884388,20.480491,209.314855
2019-07-08,62.928367,390.254748,19.051886,198.952743
2019-07-09,64.291139,331.860516,22.384317,224.918285
2019-07-10,69.365417,240.936146,19.462770,220.165885
2019-07-11,70.803673,266.766774,20.306217,229.487834
2019-07-12,67.787762,273.710145,18.341131,208.632883
2019-07-13,64.073244,254.473307,18.278004,222.130856
2019-07-14,61.198390,313.459011,21.193998,247.798849
2019-07-15,58.508419,389.899134,19.110120,189.028264
2019-07-16,58.607083,309.743699,21.136246,261.872911
2019-07-17,60.095938,353.035812,18.663868,252.605380
2019-07-18,61.426285,328.262093,19.515787,257.868904
2019-07-19,62.945716,332.580480,17.662649,247.933435
2019-07-20,60.705837,314.787449,18.662999,259.792086
2019-07-21,58.071499,322.986821,17.441547,264.515869
2019-07-22,54.205561,311.485528,17.943031,261.825271
2019-07-23,50.604326,323.853153,17.974886,240.178357
2019-07-24,46.919038,271.893558,15.731958,249.191992
2019-07-25,44.598230,300.737644,13.634553,221.306486
2019-07-26,41.566427,234.513575,12.213477,196.649931
2019-07-27,39.718336,294.069053,14.004844,260.521828
2019-07-28,37.081206,208.757731,12.633235,179.994552
2019-07-29,36.113844,398.440140,21.231004,328.526212
2019-07-30,35.758826,589.932587,17.607702,281.380369
2019-07-31,36.308643,846.844668,21.849642,492.321789
2019-08-01,37.626088,709.867779,19.477643,394.940367
2019-08-02,38.262193,472.724187,14.436736,296.105052
2019-08-03,37.709654,463.938661,12.134606,288.153577
2019-08-04,35.736133,364.829689,10.242809,268.801162
2019-08-05,34.265873,409.398794,10.117051,267.562931
2019-08-06,32.045253,312.075308,9.552246,229.218796
2019-08-07,30.725365,285.109683,9.359515,235.078312
2019-08-08,29.280924,271.935323,8.743262,229.091626
2019-08-09,27.687557,258.852930,9.051968,176.686593
2019-08-10,26.325243,259.775362,8.548878,234.015564
2019-08-11,25.023578,200.679436,7.713556,147.282057
2019-08-12,23.787234,178.674810,7.788280,200.305399
2019-08-13,22.815623,451.289293,8.737865,282.297035
2019-08-14,22.225757,223.566432,8.685588,217.814826
2019-08-15,22.315790,195.034543,8.105357,176.375212
2019-08-16,22.028541,240.569435,7.967941,154.059496
2019-08-17,21.259104,236.484634,7.863942,169.574098
2019-08-18,20.981734,226.121192,6.381235,126.513529
2019-08-19,20.341491,228.316792,6.697382,176.646088
2019-08-20,19.551879,230.436206,7.792647,194.132330
2019-08-21,18.433904,154.519949,7.050408,119.718329
2019-08-22,17.304097,122.422815,6.890931,110.255347
2019-08-23,16.493898,114.649399,7.497524,107.412580
2019-08-24,15.547766,97.511577,7.776930,66.477650
2019-08-25,15.152519,252.900283,8.480627,170.276561
2019-08-26,14.119731,193.109625,5.935391,134.373678
2019-08-27,13.565344,138.140670,6.062948,139.097344
2019-08-28,12.655665,123.254488,5.745175,152.186107
2019-08-29,12.128684,104.889659,5.732024,76.131316
2019-08-30,11.693886,74.238560,6.467126,79.438140
2019-08-31,11.317040,93.727287,5.816046,76.612213
2019-09-01,11.153778,120.219554,4.502538,91.794724
2019-09-02,10.676876,134.188564,4.238186,101.331694
2019-09-03,11.038707,176.648712,4.882209,120.629628
2019-09-04,10.315067,199.896682,4.122213,135.689642
2019-09-05,9.627348,103.330750,4.361768,81.611227
2019-09-06,9.431848,169.655664,5.219600,130.262531
2019-09-07,9.268260,151.260160,5.269456,150.851732
2019-09-08,8.849551,139.837350,4.033074,71.827521
2019-09-09,8.587925,52.524565,4.254002,54.348068
2019-09-10,8.430988,109.325050,3.663884,57.536266
2019-09-11,8.155979,46.827777,3.600604,53.241746
2019-09-12,7.936138,28.216314,3.380268,46.443395
2019-09-13,7.717097,25.717388,3.313012,45.633999
2019-09-14,7.509316,46.289325,3.704378,51.924300
2019-09-15,7.310230,26.443049,3.170895,46.818892
2019-09-16,7.118099,18.351437,3.581225,51.030398
2019-09-17,6.948354,3.677855,3.144808,33.055505
2019-09-18,7.193556,2.917805,3.584273,35.927087
2019-09-19,7.222910,49.992273,2.992735,32.280379
2019-09-20,6.884227,86.242556,3.253776,47.443267
2019-09-21,6.363336,61.942892,2.963097,38.662272
2019-09-22,6.285655,180.857869,6.705918,122.358663
2019-09-23,6.301373,245.779230,5.151306,168.226864
2019-09-24,5.822628,196.045622,4.689024,178.830786
2019-09-25,5.562359,154.871454,3.090159,117.125856
2019-09-26,5.484762,95.895952,3.016494,40.940862
2019-09-27,6.147965,323.874257,4.120451,42.837748
2019-09-28,6.394853,411.339145,8.372566,269.246285
2019-09-29,5.621185,120.239392,3.059442,50.870475
2019-09-30,5.762519,44.844799,2.959967,31.326539
2019-10-01,6.425326,20.400727,6.015544,39.979322
2019-10-02,6.066573,28.028516,14.171235,47.848909
2019-10-03,5.920518,65.985241,11.046465,55.437237
2019-10-04,6.066936,121.477211,18.789259,107.482934
2019-10-05,6.686340,226.017832,13.207207,136.504303
2019-10-06,8.482265,303.006713,8.601714,145.035692
2019-10-07,12.461643,61.555825,4.934340,47.980808
2019-10-08,16.940276,3.598952,5.240382,26.109735
2019-10-09,19.404554,19.413707,5.153466,19.616116
2019-10-10,20.281306,6.313107,4.331252,10.785805
2019-10-11,20.036627,0.508730,4.183563,12.496905
2019-10-12,19.565955,0.087238,3.680741,6.447954
2019-10-13,18.984812,0.212024,3.742120,5.293619
2019-10-14,18.833150,0.392630,3.962440,5.255914
2019-10-15,18.327883,0.210150,4.253089,5.044103
2019-10-16,16.927587,0.096197,4.027975,6.492601
2019-10-17,16.373011,0.073670,3.814051,5.537641
2019-10-18,15.586063,0.105526,3.296070,5.785684
2019-10-19,14.929980,2.461647,3.761173,6.145398
2019-10-20,14.507831,2.759309,2.792489,5.411313
2019-10-21,13.754600,0.214220,2.550907,4.917878
2019-10-22,13.198361,0.089024,2.384410,4.908676
2019-10-23,12.904009,0.139640,2.224263,4.910296
2019-10-24,12.209385,0.242618,2.099752,4.881467
2019-10-25,11.779573,0.263360,1.977257,4.873368
2019-10-26,11.363715,0.328146,1.874088,4.858878
2019-10-27,11.001192,0.303638,1.783461,4.851343
2019-10-28,11.224592,1.065919,2.290898,4.988710
2019-10-29,10.457190,1.184689,1.721372,4.827948
2019-10-30,10.045492,0.110467,1.566665,4.787674
2019-10-31,9.694694,0.272657,1.506029,4.806250
2019-11-01,9.365387,0.300902,1.502892,4.844326
2019-11-02,9.090872,0.158798,1.453038,4.786909
2019-11-03,8.837907,0.094794,1.362364,4.755998
2019-11-04,8.610805,0.105616,1.335090,4.738207
2019-11-05,8.403535,0.014597,1.587942,4.761108
2019-11-06,8.200738,0.020972,1.348186,4.730112
2019-11-07,8.026114,0.194483,1.549450,4.857212
2019-11-08,7.852569,0.262109,3.177435,4.886174
2019-11-09,7.682241,0.121657,1.389352,4.690534
2019-11-10,7.514361,0.026061,4.360111,5.254553
2019-11-11,7.346240,0.005586,2.003115,5.083452
2019-11-12,7.192738,0.093376,1.172389,4.756013
2019-11-13,7.036878,0.015264,1.564556,4.633441
2019-11-14,6.888413,0.002351,2.150438,4.952077
2019-11-15,6.742743,0.001126,1.196520,4.645792
2019-11-16,6.595000,0.003217,1.216970,4.702556
2019-11-17,6.461055,0.000885,1.599737,4.651095
2019-11-18,6.329487,0.003700,5.286413,4.626309
2019-11-19,6.205865,0.001322,1.611772,4.607531
2019-11-20,6.088593,0.009719,1.353842,4.596461
2019-11-21,5.973417,0.009146,1.438147,4.593317
2019-11-22,5.868798,0.008179,1.384524,4.634317
2019-11-23,5.762556,0.011954,1.388033,4.562760
2019-11-24,5.658432,0.003644,1.392872,4.631880
2019-11-25,5.555694,0.000211,1.392926,4.613531
2019-11-26,5.452600,0.000166,1.385375,4.613356
2019-11-27,5.359754,0.000210,1.377529,5.308114
2019-11-28,5.263858,0.001648,1.365398,4.588765
2019-11-29,5.169971,0.002762,1.351681,4.594987
2019-11-30,5.082797,0.004004,1.455990,4.710344
2019-12-01,4.994823,0.001654,1.693276,4.541862
2019-12-02,4.914982,0.000856,2.741703,4.598101
2019-12-03,4.833329,0.000206,1.285130,4.459337
2019-12-04,4.752876,0.000193,1.269670,4.481708
2019-12-05,4.673986,0.000183,1.254981,4.456718
2019-12-06,4.596663,0.000183,1.238712,4.461814
2019-12-07,4.530070,0.000185,1.232686,4.524959
2019-12-08,4.462991,0.000900,1.208761,4.427884
2019-12-09,4.396798,0.002083,1.191785,4.626192
2019-12-10,4.331812,0.002323,1.180364,4.410178
2019-12-11,4.267119,0.002688,1.161789,4.652530
2019-12-12,4.210601,0.001195,1.148853,4.406118
2019-12-13,4.151429,0.000999,1.134095,4.455150
2019-12-14,4.093139,0.002419,1.118372,4.390520
2019-12-15,4.037061,0.001127,1.104190,4.441257
2019-12-16,3.978946,0.000944,1.088895,4.362899
2019-12-17,3.927295,0.002775,1.075112,4.463881
2019-12-18,3.874335,0.000919,1.061175,4.361383
2019-12-19,3.822350,0.002976,1.044423,4.402775
2019-12-20,3.770735,0.001127,1.033435,4.355166
2019-12-21,3.718258,0.001868,1.018399,4.325213
2019-12-22,3.671457,0.002353,1.004808,4.321556
2019-12-23,3.623128,0.000525,0.991042,4.320501
2019-12-24,3.577718,0.000163,0.975475,4.309266
2019-12-25,3.532861,0.000177,0.965637,4.379992
2019-12-26,3.485334,0.000918,0.949578,4.301031
2019-12-27,3.441291,0.000901,0.936296,4.284141
2019-12-28,3.399351,0.001149,0.928661,4.409220
2019-12-29,3.358482,0.001733,0.911781,4.276155
2019-12-30,3.320386,0.000540,0.901782,4.336027
2019-12-31,3.284443,0.000139,0.889489,4.252292

