time,MAR_land,MAR_ice,RACMO_land,RACMO_ice
2015-01-01,2.926131,0.983738,0.702814,5.454380
2015-01-02,2.903886,0.650299,0.692876,5.488446
2015-01-03,2.879859,0.432826,0.690259,5.429749
2015-01-04,2.856613,0.048835,0.678164,5.386782
2015-01-05,2.833542,0.040207,0.673170,5.402949
2015-01-06,2.808626,0.284097,0.665931,5.380676
2015-01-07,2.788381,0.313190,0.659401,5.369860
2015-01-08,2.766836,0.490321,0.652037,5.361241
2015-01-09,2.745416,0.495193,0.642818,5.341162
2015-01-10,2.723778,0.543960,0.639467,5.329933
2015-01-11,2.700235,0.353731,0.631031,5.414139
2015-01-12,2.680548,0.127464,0.623102,5.370591
2015-01-13,2.659575,0.130248,0.621022,5.364239
2015-01-14,2.638842,0.505824,0.614842,5.421158
2015-01-15,2.618306,0.655317,0.602319,5.425457
2015-01-16,2.595795,0.402321,0.599017,5.372944
2015-01-17,2.577044,0.620736,0.595102,5.390094
2015-01-18,2.556918,0.815116,0.778734,5.475306
2015-01-19,2.537372,0.830384,0.651957,5.383408
2015-01-20,2.518136,0.610829,0.573865,5.393792
2015-01-21,2.497329,0.497173,0.567997,5.364033
2015-01-22,2.479730,0.190226,0.563454,5.367440
2015-01-23,2.460461,0.138042,0.558061,5.387476
2015-01-24,2.441590,0.138664,0.552650,5.353532
2015-01-25,2.422816,0.102596,0.542875,5.348256
2015-01-26,2.402866,0.036069,0.541444,5.345048
2015-01-27,2.387015,0.032197,0.541132,5.321338
2015-01-28,2.369723,0.028098,0.528126,5.315653
2015-01-29,2.352856,0.303433,0.525257,5.328787
2015-01-30,2.336081,0.571058,0.519015,5.286723
2015-01-31,2.319425,0.596031,0.514761,5.270805
2015-02-01,2.301793,0.621609,0.509643,5.255054
2015-02-02,2.288003,0.649663,0.506457,5.315506
2015-02-03,2.272744,0.685214,0.506792,6.190117
2015-02-04,2.257558,0.726602,0.506188,5.212907
2015-02-05,2.242364,0.502743,0.493904,5.210191
2015-02-06,2.225580,0.492828,0.483942,5.242718
2015-02-07,2.212064,0.219795,2.489252,6.412831
2015-02-08,2.197412,0.042774,0.556736,5.142737
2015-02-09,2.183113,0.026628,0.469651,5.136034
2015-02-10,2.169315,0.026556,0.467489,5.221491
2015-02-11,2.154303,0.027905,0.459339,5.193325
2015-02-12,2.142516,0.027775,0.459438,5.188522
2015-02-13,2.129285,0.023095,0.453933,5.104527
2015-02-14,2.116697,0.071965,0.454768,5.143681
2015-02-15,2.104539,0.169971,0.444635,5.169318
2015-02-16,2.090879,0.160494,0.443815,5.156798
2015-02-17,2.080229,0.395927,0.440135,5.136961
2015-02-18,2.068042,0.376190,0.435179,5.118993
2015-02-19,2.055843,0.041815,0.432181,5.104802
2015-02-20,2.043900,0.026365,0.426317,5.086866
2015-02-21,2.030629,0.027358,0.424311,5.091960
2015-02-22,2.020461,0.025935,0.422779,5.105434
2015-02-23,2.009076,0.026565,0.415430,5.058270
2015-02-24,1.997503,0.026434,0.412935,5.039279
2015-02-25,1.985931,0.026525,0.409322,5.120615
2015-02-26,1.973013,0.026671,0.406682,4.980425
2015-02-27,1.962896,0.026438,0.402195,14.213809
2015-02-28,1.951509,0.037725,0.400491,5.045202
2015-03-01,1.938974,0.490992,0.395003,5.110976
2015-03-02,1.929093,1.087522,0.393678,5.068346
2015-03-03,1.917948,1.379130,0.387946,5.064374
2015-03-04,1.906738,1.161959,0.384188,5.082678
2015-03-05,1.895593,0.771442,0.383429,5.041561
2015-03-06,1.883320,0.039864,0.377952,5.040727
2015-03-07,1.873824,0.010113,0.376053,5.040719
2015-03-08,1.863106,0.011457,0.372060,5.017263
2015-03-09,1.852362,0.017136,0.368212,5.025613
2015-03-10,1.841625,0.010728,0.367671,5.063813
2015-03-11,1.829630,0.012913,0.362260,5.008926
2015-03-12,1.820178,0.010910,0.358845,5.020682
2015-03-13,1.809609,0.023939,0.361238,5.370113
2015-03-14,1.799152,0.013277,0.350537,5.345718
2015-03-15,1.788723,0.011565,0.352954,5.035622
2015-03-16,1.777239,0.011250,0.346296,4.974939
2015-03-17,1.768230,0.013830,0.342756,4.987678
2015-03-18,1.757979,0.024005,0.347144,5.017055
2015-03-19,1.747797,0.013575,0.383548,6.782237
2015-03-20,1.737678,0.073324,0.336573,4.976631
2015-03-21,1.726442,0.060060,0.333875,5.014247
2015-03-22,1.718003,0.010390,0.329517,4.951846
2015-03-23,1.708461,0.029260,0.332951,4.966534
2015-03-24,1.699100,0.079112,0.324757,4.925464
2015-03-25,1.689733,0.014020,0.323040,4.944718
2015-03-26,1.679177,0.013323,0.319983,4.931677
2015-03-27,1.671006,0.016631,0.314665,4.934474
2015-03-28,1.661897,0.017579,0.316038,4.918743
2015-03-29,1.652867,0.015813,0.313714,4.959796
2015-03-30,1.644090,0.033748,0.307733,4.870713
2015-03-31,1.635505,0.010379,0.307004,4.928009
2015-04-01,1.625825,0.010068,0.304468,4.897839
2015-04-02,1.618519,0.035568,0.303114,4.895391
2015-04-03,1.610129,0.021554,0.297938,4.880800
2015-04-04,1.601746,0.024270,0.297489,4.874145
2015-04-05,1.593369,0.010276,0.295176,4.863842
2015-04-06,1.583917,0.089699,0.291194,4.864901
2015-04-07,1.576646,0.023881,0.290361,4.817228
2015-04-08,1.568412,0.012999,0.287496,4.859764
2015-04-09,1.560502,0.016581,0.282059,4.848946
2015-04-10,1.552722,0.018134,0.285493,4.848492
2015-04-11,1.544088,0.018625,0.278791,4.843165
2015-04-12,1.537761,0.060468,0.279564,4.801694
2015-04-13,1.530323,0.011408,0.281316,4.814060
2015-04-14,1.522912,0.010073,0.597111,19.682773
2015-04-15,1.515578,0.010054,0.686340,16.095969
2015-04-16,1.507268,0.043314,0.362598,11.005821
2015-04-17,1.501157,0.024308,0.267024,4.797075
2015-04-18,1.494261,0.062448,0.355680,9.832537
2015-04-19,1.487510,0.112155,0.850625,18.219917
2015-04-20,1.480829,0.015686,0.325832,5.712226
2015-04-21,1.473152,0.014815,0.447883,4.781653
2015-04-22,1.467449,0.015267,0.875478,23.103511
2015-04-23,1.460722,0.014932,1.140965,17.774433
2015-04-24,1.454299,0.014829,0.872678,16.129476
2015-04-25,1.448005,0.018443,0.255479,10.912200
2015-04-26,1.440915,0.028570,0.261821,4.759123
2015-04-27,1.435902,0.019690,0.381426,4.756876
2015-04-28,1.429884,0.033415,0.704514,4.756615
2015-04-29,1.423855,0.016507,1.889758,4.750592
2015-04-30,1.417830,0.058551,1.547756,4.745492
2015-05-01,1.410815,0.022609,0.920267,4.743225
2015-05-02,1.406009,0.031479,0.381715,4.727500
2015-05-03,1.400412,0.034043,0.376710,4.634696
2015-05-04,1.394876,0.011870,2.138935,18.236858
2015-05-05,1.389309,0.018684,2.030040,16.285486
2015-05-06,1.382743,0.016220,2.978408,15.769828
2015-05-07,1.378080,0.034418,4.168600,17.440571
2015-05-08,1.372446,0.017268,3.613903,14.942431
2015-05-09,1.366941,0.094353,6.199102,13.794236
2015-05-10,1.361557,0.055460,7.184869,17.791725
2015-05-11,1.355366,0.076887,1.408501,12.013314
2015-05-12,1.351181,0.105247,0.473372,14.133935
2015-05-13,1.346039,0.031142,0.386143,11.990523
2015-05-14,1.340868,0.018638,0.477655,18.408597
2015-05-15,1.335711,0.026146,1.126625,18.577404
2015-05-16,1.328731,0.016593,2.595495,11.420581
2015-05-17,1.327473,0.019596,3.103246,8.712440
2015-05-18,1.326932,0.164980,7.645423,8.665315
2015-05-19,1.325132,0.090954,0.363990,13.629663
2015-05-20,1.317055,0.009643,2.739531,15.386896
2015-05-21,1.305182,0.009257,5.871034,9.369198
2015-05-22,1.297919,0.074451,0.731113,14.461726
2015-05-23,1.284828,0.178961,2.243319,12.257581
2015-05-24,1.276803,1.214237,2.018826,7.533467
2015-05-25,1.269426,1.108581,2.734152,28.178699
2015-05-26,1.242984,3.717700,4.215903,19.002443
2015-05-27,1.214845,3.414187,4.897220,18.378051
2015-05-28,1.181779,1.058909,5.719895,18.231784
2015-05-29,1.153992,0.148878,3.156901,85.293246
2015-05-30,1.141348,0.085037,2.261340,53.213224
2015-05-31,1.139726,0.104575,3.936883,58.144423
2015-06-01,1.147806,0.142198,2.403743,83.165956
2015-06-02,1.165645,1.589245,2.890542,32.611395
2015-06-03,1.188541,7.875887,4.038739,29.365596
2015-06-04,1.213759,8.992836,5.885028,31.777573
2015-06-05,1.247341,18.122328,6.729578,27.673617
2015-06-06,1.291859,34.442275,9.047706,27.307873
2015-06-07,1.365231,67.979678,13.028251,40.211659
2015-06-08,1.407596,35.793894,12.945068,33.975840
2015-06-09,1.505136,65.839621,13.475970,34.887150
2015-06-10,1.662824,68.150862,14.680193,34.798139
2015-06-11,1.915870,50.376027,15.124624,25.362372
2015-06-12,2.260288,115.846225,14.823991,31.651034
2015-06-13,2.565335,72.527125,16.795207,40.494126
2015-06-14,2.960856,72.302395,24.304535,50.218117
2015-06-15,3.462282,52.834349,21.895668,51.399908
2015-06-16,4.736507,183.280981,17.003041,52.014393
2015-06-17,5.353226,159.130195,20.148909,69.884336
2015-06-18,7.369410,230.098409,23.808881,80.524022
2015-06-19,8.817938,285.987192,24.508361,99.719852
2015-06-20,10.150435,216.423140,23.903803,83.698272
2015-06-21,11.624670,245.349971,24.045136,104.145221
2015-06-22,14.450387,328.377774,22.938478,101.446216
2015-06-23,14.305951,353.083621,25.667462,125.759732
2015-06-24,15.987085,287.724975,25.605510,124.888234
2015-06-25,19.417060,302.412077,21.968862,145.804426
2015-06-26,20.091917,347.465839,22.097585,156.648257
2015-06-27,22.476176,502.481232,22.428771,219.572863
2015-06-28,24.061226,539.060416,18.622318,226.226399
2015-06-29,25.945352,543.071724,16.680997,232.831186
2015-06-30,28.652552,360.718292,15.437135,233.036543
2015-07-01,31.244855,340.910545,16.045261,246.972127
2015-07-02,32.177913,378.630972,16.523894,295.306325
2015-07-03,32.755695,385.162643,13.534959,273.629011
2015-07-04,32.888455,466.276472,11.916283,213.054745
2015-07-05,33.199097,598.609782,12.688938,328.408805
2015-07-06,35.171518,593.221604,12.262996,356.078733
2015-07-07,36.420679,740.819681,11.733833,322.929529
2015-07-08,38.398249,465.128057,11.446147,339.311168
2015-07-09,38.768889,442.714731,10.910848,341.148032
2015-07-10,37.557503,393.601732,8.961687,178.834044
2015-07-11,36.478936,379.960299,8.976411,273.971416
2015-07-12,35.476936,309.027862,8.362668,340.492152
2015-07-13,34.352954,353.031814,8.074110,354.416764
2015-07-14,33.219893,421.071551,7.943634,379.849620
2015-07-15,31.426186,464.001890,7.672728,395.541871
2015-07-16,30.041059,556.538279,7.617289,427.284506
2015-07-17,27.738298,696.805289,7.138562,408.646527
2015-07-18,26.422801,506.011680,6.636514,395.627978
2015-07-19,25.066110,481.944947,6.759791,385.637732
2015-07-20,23.669045,461.166901,6.233837,382.377760
2015-07-21,22.335891,431.330527,6.439391,323.432374
2015-07-22,21.217462,429.735340,5.889756,365.365581
2015-07-23,20.124261,327.018825,5.938566,363.286767
2015-07-24,19.220297,349.189937,5.534114,281.257921
2015-07-25,18.420316,345.320051,5.516585,309.469783
2015-07-26,17.497860,331.347393,5.646065,353.184286
2015-07-27,16.945315,445.222210,5.637176,365.492571
2015-07-28,16.239492,417.941085,5.215055,334.434293
2015-07-29,15.551909,278.596830,4.828112,294.263376
2015-07-30,15.000690,253.254835,4.712178,299.824975
2015-07-31,14.691736,241.411901,4.519755,284.059064
2015-08-01,14.186467,265.771902,4.561002,263.494538
2015-08-02,13.829714,410.391779,5.060377,364.552638
2015-08-03,13.719563,525.388786,3.979245,303.738784
2015-08-04,13.301096,427.446534,4.856598,347.300975
2015-08-05,12.950218,417.223509,4.790724,332.348534
2015-08-06,12.593132,340.649754,4.697700,280.447514
2015-08-07,12.582492,320.671741,3.766684,247.502958
2015-08-08,12.395705,305.865367,4.303953,299.701088
2015-08-09,15.342820,1051.322174,5.397639,537.956171
2015-08-10,10.901837,1092.258432,7.152050,483.792148
2015-08-11,10.693592,733.524086,5.958477,434.621710
2015-08-12,10.951355,278.610780,5.524482,251.684686
2015-08-13,10.354606,297.318757,2.633516,199.138942
2015-08-14,10.113349,305.782899,2.773913,242.372874
2015-08-15,9.848643,301.873077,3.047549,221.247253
2015-08-16,9.506473,281.141798,3.477237,229.944068
2015-08-17,9.246248,231.393450,3.387697,210.657874
2015-08-18,8.980636,223.225350,2.926593,173.348063
2015-08-19,8.747076,251.766363,3.351341,207.210202
2015-08-20,8.535156,315.169317,2.943601,282.507652
2015-08-21,8.236971,231.070519,2.456393,142.652554
2015-08-22,8.073875,284.045145,2.889710,208.443820
2015-08-23,7.887033,275.299692,2.967107,253.546600
2015-08-24,7.712649,265.786954,2.659141,204.207863
2015-08-25,7.531060,210.275250,2.496911,146.163788
2015-08-26,7.390564,275.371415,2.500657,136.311246
2015-08-27,7.215783,216.946193,2.402573,109.859616
2015-08-28,7.108118,170.233343,2.410614,123.810830
2015-08-29,7.124084,501.178479,4.444329,414.097905
2015-08-30,7.040535,444.991046,5.002702,298.455921
2015-08-31,6.751633,414.664770,2.876800,242.016228
2015-09-01,6.737958,138.895937,3.002131,170.871545
2015-09-02,6.960717,582.713261,4.559751,277.246414
2015-09-03,6.661605,339.762873,4.260293,372.895393
2015-09-04,6.303146,754.070374,5.241654,374.641145
2015-09-05,5.959303,343.112141,4.609181,332.206071
2015-09-06,5.926627,777.889581,16.238526,376.563218
2015-09-07,5.402719,491.997200,15.237886,274.424619
2015-09-08,5.152053,124.607713,1.377497,132.753530
2015-09-09,5.569422,109.805285,0.735771,57.971120
2015-09-10,6.114395,91.646837,0.872649,55.726368
2015-09-11,6.636588,98.126172,0.884470,66.364751
2015-09-12,7.060096,130.067697,1.038076,59.024225
2015-09-13,7.425939,56.470403,1.232122,61.962080
2015-09-14,7.719022,41.704416,0.894844,70.075223
2015-09-15,7.934024,50.580686,1.057109,56.331976
2015-09-16,8.080777,29.697925,1.731069,56.420570
2015-09-17,8.614063,37.218816,2.431635,41.399807
2015-09-18,8.354542,11.676902,2.786815,48.748579
2015-09-19,8.615839,13.237704,1.625574,39.330578
2015-09-20,8.297543,13.756795,0.774424,44.910539
2015-09-21,8.950857,21.208607,1.897553,32.477685
2015-09-22,9.098601,48.277687,1.427895,66.398399
2015-09-23,8.122618,19.629943,0.824865,52.856282
2015-09-24,8.731457,22.546573,0.856712,36.710320
2015-09-25,7.982310,12.512232,0.754028,37.354070
2015-09-26,9.127707,4.924007,0.740628,34.970514
2015-09-27,7.831784,1.365428,0.735992,25.489919
2015-09-28,8.383544,0.966863,0.977304,14.463895
2015-09-29,8.146857,0.187258,0.767520,27.290718
2015-09-30,7.845728,0.017137,0.966683,26.476521
2015-10-01,7.284266,0.011028,0.707670,32.963280
2015-10-02,7.175378,0.011168,0.696569,8.588796
2015-10-03,7.051275,0.011478,0.684925,5.447642
2015-10-04,6.934021,0.010859,0.685782,9.374183
2015-10-05,6.824351,0.010808,0.674439,6.432893
2015-10-06,6.716569,0.010761,0.664290,7.069800
2015-10-07,6.624260,0.686231,0.731860,6.562784
2015-10-08,6.529426,0.101850,0.657489,6.366273
2015-10-09,6.437941,0.010837,0.752651,7.298878
2015-10-10,6.435619,0.010599,1.443740,9.143575
2015-10-11,6.373639,0.809203,5.823734,24.710025
2015-10-12,6.240595,19.658590,1.306897,21.943200
2015-10-13,6.037049,1.658390,0.759339,12.747802
2015-10-14,5.879483,0.012088,0.848968,12.402063
2015-10-15,5.782770,5.969381,4.597066,27.211579
2015-10-16,5.703908,0.478833,1.561042,20.074207
2015-10-17,5.632649,0.041364,1.022658,8.325987
2015-10-18,5.586828,0.022993,0.835044,5.578134
2015-10-19,5.566154,0.006507,0.854430,5.210802
2015-10-20,5.564643,0.019835,0.879677,5.216205
2015-10-21,5.564226,0.005350,0.899411,5.127297
2015-10-22,5.570368,0.015317,0.910122,5.179535
2015-10-23,5.569054,0.041447,0.921466,5.157862
2015-10-24,5.562994,0.005210,0.925707,5.131834
2015-10-25,5.551092,0.004785,0.931006,5.127990
2015-10-26,5.528832,0.071582,2.490231,5.219453
2015-10-27,5.507358,0.082275,1.813188,8.835361
2015-10-28,5.476639,0.021404,0.953887,5.096483
2015-10-29,5.443045,0.011141,3.393582,5.962301
2015-10-30,5.405724,0.047459,1.994447,5.678033
2015-10-31,5.372133,0.047804,1.427346,5.083974
2015-11-01,5.345514,0.041176,1.841892,5.021880
2015-11-02,5.278252,0.009900,1.211468,5.058103
2015-11-03,5.191518,0.043973,1.266778,5.102972
2015-11-04,5.133680,0.019338,1.305309,5.004922
2015-11-05,5.087973,0.017545,1.333567,4.978698
2015-11-06,5.047208,0.007106,1.567044,6.484656
2015-11-07,5.018133,0.019702,1.353653,4.959138
2015-11-08,4.987518,0.013199,1.365790,4.965745
2015-11-09,4.956800,0.010284,1.384516,4.975645
2015-11-10,4.926044,0.019245,1.379987,4.958947
2015-11-11,4.891238,0.017283,1.366354,4.922542
2015-11-12,4.862162,0.007173,1.361445,4.963801
2015-11-13,4.827977,0.065680,1.356661,4.897703
2015-11-14,4.791834,0.027091,1.347781,4.887637
2015-11-15,4.754261,0.004913,1.338722,4.859917
2015-11-16,4.712654,0.004873,1.325249,4.872175
2015-11-17,4.676120,0.004771,1.314928,4.877548
2015-11-18,4.635352,0.004769,1.300233,4.861225
2015-11-19,4.594424,0.004773,1.288357,7.160024
2015-11-20,4.553810,0.004782,3.927568,5.018164
2015-11-21,4.508539,0.055943,1.262074,4.940233
2015-11-22,4.477791,0.004922,1.256724,4.827297
2015-11-23,4.433877,0.004766,1.234443,4.811391
2015-11-24,4.386394,0.018729,1.230486,4.789427
2015-11-25,4.340637,0.049308,1.286392,4.863516
2015-11-26,4.294725,0.018964,1.195477,4.784708
2015-11-27,4.250956,0.010068,1.185053,4.765745
2015-11-28,4.203772,0.010045,1.172588,4.769731
2015-11-29,4.157348,0.010013,1.159814,4.752734
2015-11-30,4.112611,0.010013,1.147590,4.734638
2015-12-01,4.066111,0.023437,1.135443,6.465925
2015-12-02,4.026536,0.013593,1.122060,4.732770
2015-12-03,3.985309,0.020241,1.108265,4.727151
2015-12-04,3.946331,0.022815,1.099618,4.745186
2015-12-05,3.908936,0.080484,1.085591,4.710652
2015-12-06,3.869258,0.055056,1.070616,4.745765
2015-12-07,3.835006,0.079814,1.060868,4.459176
2015-12-08,3.798915,0.048529,1.046997,4.720113
2015-12-09,3.763885,0.026050,1.103340,4.694723
2015-12-10,3.729352,0.015014,1.020135,4.673446
2015-12-11,3.692655,0.004782,1.007354,4.668565
2015-12-12,3.660800,0.009552,0.992402,4.679041
2015-12-13,3.626653,0.047498,0.977502,4.621555
2015-12-14,3.593034,0.054071,0.970315,4.678048
2015-12-15,3.559164,0.005405,0.958473,4.646694
2015-12-16,3.523002,0.007938,0.940357,4.604402
2015-12-17,3.494164,0.041074,1.189982,4.625304
2015-12-18,3.464215,0.021398,0.913403,4.598699
2015-12-19,3.434401,0.010038,0.902885,6.477515
2015-12-20,3.404566,0.027246,0.889467,4.583476
2015-12-21,3.372578,0.028983,0.876021,4.575484
2015-12-22,3.345778,0.011474,0.866929,4.566484
2015-12-23,3.316937,0.005959,0.854274,4.591433
2015-12-24,3.288943,0.004770,0.841494,4.553928
2015-12-25,3.260957,0.029554,0.827693,4.546761
2015-12-26,3.230837,0.162837,0.820389,4.534764
2015-12-27,3.204963,0.113392,0.814537,4.525008
2015-12-28,3.176884,0.083048,0.799543,4.505723
2015-12-29,3.149288,0.014689,0.785230,4.475588
2015-12-30,3.122718,0.022133,0.773345,4.500045
2015-12-31,3.096595,0.004824,0.767540,4.453162
2016-01-01,3.034614,0.002065,0.752599,4.463579
2016-01-02,3.011307,0.002067,0.744221,4.518565
2016-01-03,2.986637,0.002069,0.734737,4.436521
2016-01-04,2.962136,0.002180,0.723398,4.445524
2016-01-05,2.937930,0.002232,0.712751,4.428698
2016-01-06,2.911783,0.002126,0.708530,4.452597
2016-01-07,2.889978,0.002121,1.891463,4.418099
2016-01-08,2.866307,0.002108,1.147881,4.406208
2016-01-09,2.842767,0.002063,0.677420,4.388229
2016-01-10,2.819368,0.002062,0.668705,4.349585
2016-01-11,2.794438,0.002061,0.661539,4.352019
2016-01-12,2.773721,0.002063,0.652287,4.341014
2016-01-13,2.751880,0.002063,0.645760,4.360542
2016-01-14,2.730276,0.002063,0.637587,4.329364
2016-01-15,2.708889,0.002063,0.638879,4.330328
2016-01-16,2.685894,0.002061,0.653184,4.309700
2016-01-17,2.666966,0.002058,0.726976,4.320220
2016-01-18,2.646120,0.002063,0.637762,4.365243
2016-01-19,2.625413,0.002063,1.468789,4.354831
2016-01-20,2.604682,0.002094,7.754930,4.331545
2016-01-21,2.582151,0.002120,8.667034,5.149661
2016-01-22,2.565000,0.002122,2.267170,6.643175
2016-01-23,2.557836,0.002122,0.588505,4.271886
2016-01-24,2.533752,0.002122,0.604973,4.291173
2016-01-25,2.505649,0.002122,0.598618,4.274754
2016-01-26,2.479708,0.002120,0.606065,4.266516
2016-01-27,2.459553,0.002102,0.611982,4.263107
2016-01-28,2.439188,0.002063,0.617999,4.566155
2016-01-29,2.420270,0.002063,0.619582,4.228456
2016-01-30,2.402549,0.002063,0.624092,4.442743
2016-01-31,2.385750,0.002078,0.625893,4.262735
2016-02-01,2.368156,0.002121,0.626206,4.256818
2016-02-02,2.354581,0.002144,0.626573,4.264301
2016-02-03,2.339901,0.002194,0.632342,4.288198
2016-02-04,2.325758,0.002130,0.630650,4.227804
2016-02-05,2.311741,0.002123,0.621815,4.296611
2016-02-06,2.296362,0.002069,0.621184,4.508823
2016-02-07,2.284913,0.002063,0.621252,4.203090
2016-02-08,2.272042,0.002063,0.617859,4.520714
2016-02-09,2.259296,0.002063,0.617233,4.186259
2016-02-10,2.246825,0.002063,0.612079,4.200742
2016-02-11,2.233316,0.002061,0.609326,4.200754
2016-02-12,2.223236,0.002063,0.607473,4.185934
2016-02-13,2.211523,0.002063,0.604545,4.170468
2016-02-14,2.199790,0.002063,0.601343,4.337339
2016-02-15,2.187992,0.002063,0.595830,4.188309
2016-02-16,2.174621,0.002061,0.598408,4.141429
2016-02-17,2.164190,0.002063,0.590006,4.148517
2016-02-18,2.152185,0.002063,0.587573,4.301038
2016-02-19,2.140146,0.002063,0.585509,4.182650
2016-02-20,2.128253,0.002063,0.579593,4.126220
2016-02-21,2.114744,0.002061,0.581012,4.126215
2016-02-22,2.104133,0.002063,0.572506,4.152060
2016-02-23,2.092070,0.002063,0.576098,4.126563
2016-02-24,2.080480,0.002057,0.575178,4.170731
2016-02-25,2.069264,0.002055,0.564450,4.122007
2016-02-26,2.056662,0.002054,0.561486,4.128202
2016-02-27,2.046985,0.002055,0.556018,4.152746
2016-02-28,2.035902,0.002055,0.969375,4.093650
2016-02-29,2.024631,0.002055,0.581703,4.100546
2016-03-01,2.011837,0.002054,0.553564,4.098651
2016-03-02,2.001965,0.002055,0.542114,4.083193
2016-03-03,1.990747,0.002055,0.590829,4.382576
2016-03-04,1.979925,0.002055,0.650509,5.405843
2016-03-05,1.969193,0.002055,0.567957,5.419711
2016-03-06,1.956924,0.002054,0.530930,4.025044
2016-03-07,1.947431,0.002055,0.521352,4.008702
2016-03-08,1.936905,0.002055,0.519896,4.044074
2016-03-09,1.926415,0.002059,0.539845,3.992704
2016-03-10,1.915742,0.002062,0.519501,4.037951
2016-03-11,1.903674,0.002061,0.507975,4.016575
2016-03-12,1.894385,0.002062,0.505866,4.020960
2016-03-13,1.883703,0.002062,0.503692,3.998040
2016-03-14,1.873163,0.002062,0.497930,4.018031
2016-03-15,1.862873,0.002062,0.495402,4.014734
2016-03-16,1.851377,0.002061,0.493361,4.011244
2016-03-17,1.842411,0.002062,4.589621,4.772311
2016-03-18,1.831987,0.002061,3.631037,5.324060
2016-03-19,1.821478,0.002055,0.503707,3.970238
2016-03-20,1.811005,0.002055,0.497097,3.996131
2016-03-21,1.799554,0.002054,0.554503,3.957200
2016-03-22,1.790847,0.002055,0.476566,3.995520
2016-03-23,1.780939,0.002055,0.502529,3.971708
2016-03-24,1.771015,0.002055,0.484817,3.911204
2016-03-25,1.761064,0.002055,0.473984,3.915101
2016-03-26,1.749906,0.002054,0.468649,3.914208
2016-03-27,1.741272,0.002055,0.465743,3.916886
2016-03-28,1.731584,0.002055,0.465080,3.891477
2016-03-29,1.721981,0.002057,0.463098,3.954808
2016-03-30,1.712484,0.002056,0.473179,3.896977
2016-03-31,1.703320,0.002057,0.461375,3.867082
2016-04-01,1.692952,0.002963,0.457494,3.897001
2016-04-02,1.685070,0.002056,0.461299,3.871393
2016-04-03,1.676108,0.002055,0.597560,3.867833
2016-04-04,1.667198,0.002056,0.660626,3.869708
2016-04-05,1.658721,0.002056,1.071422,5.643492
2016-04-06,1.649462,0.002056,0.596866,4.048619
2016-04-07,1.642525,0.002061,0.911325,4.022013
2016-04-08,1.634745,0.002061,1.176136,9.727918
2016-04-09,1.627020,0.017809,0.471667,14.086789
2016-04-10,1.619283,0.108125,1.074922,12.420564
2016-04-11,1.610516,0.002157,1.377837,7.397514
2016-04-12,1.603963,0.002075,2.481636,7.025483
2016-04-13,1.596184,0.002061,2.175685,7.244109
2016-04-14,1.588418,0.002221,2.089971,7.268129
2016-04-15,1.580756,0.002112,3.138905,6.384640
2016-04-16,1.572258,0.002075,1.748560,8.827013
2016-04-17,1.566173,0.003523,0.717248,8.474299
2016-04-18,1.559055,0.004643,0.658105,3.970170
2016-04-19,1.551990,0.004661,0.925128,13.216603
2016-04-20,1.545065,0.004652,0.804351,3.970681
2016-04-21,1.537126,0.004650,1.348081,12.037051
2016-04-22,1.531305,0.004401,3.072406,8.324319
2016-04-23,1.523419,0.366734,4.301675,7.226750
2016-04-24,1.520329,5.203745,4.025673,6.932548
2016-04-25,1.525741,7.058603,4.493633,7.390851
2016-04-26,1.526939,13.480257,4.780340,7.407321
2016-04-27,1.514841,20.732738,3.549071,11.348443
2016-04-28,1.490425,3.134504,1.803480,9.640063
2016-04-29,1.450107,0.148775,1.668771,14.440043
2016-04-30,1.400922,0.008094,1.165474,10.114767
2016-05-01,1.363513,0.043641,1.747957,13.560879
2016-05-02,1.354516,1.561661,2.036690,10.382441
2016-05-03,1.349821,3.720331,1.836822,8.985374
2016-05-04,1.346910,3.061600,1.955045,8.884389
2016-05-05,1.348763,2.303557,2.130712,8.405293
2016-05-06,1.355126,2.370550,2.613979,7.742367
2016-05-07,1.367317,13.215604,4.444762,11.542204
2016-05-08,1.386462,30.821924,5.032369,15.053798
2016-05-09,1.404256,16.015870,5.484011,32.193067
2016-05-10,1.428115,40.267298,6.165224,45.849330
2016-05-11,1.461177,97.299798,7.732862,34.333763
2016-05-12,1.499413,93.133967,7.169244,35.153055
2016-05-13,1.582850,100.606421,8.666439,26.104791
2016-05-14,1.745893,123.739532,9.549480,25.672945
2016-05-15,1.958615,168.948500,11.344354,26.567574
2016-05-16,2.168298,116.198556,5.487156,57.128286
2016-05-17,2.487731,81.225117,8.808042,23.415800
2016-05-18,2.932672,43.351928,10.344554,21.820379
2016-05-19,3.449956,97.178878,11.245188,36.121030
2016-05-20,3.991462,60.164235,8.176914,23.008476
2016-05-21,4.682771,70.004126,7.907434,29.357687
2016-05-22,5.372175,53.285662,8.406227,19.603502
2016-05-23,6.167219,48.689581,9.805397,33.624583
2016-05-24,6.981657,49.012959,9.849650,23.976846
2016-05-25,7.790070,96.871735,12.723071,43.530207
2016-05-26,8.577173,85.328234,12.061830,24.449708
2016-05-27,9.421689,34.915336,11.783259,25.735886
2016-05-28,10.559944,17.072257,11.957955,19.661601
2016-05-29,11.653050,13.954243,13.595990,17.138830
2016-05-30,12.563221,8.915227,13.230313,23.405274
2016-05-31,13.221492,20.858969,14.362942,50.841043
2016-06-01,13.729132,24.542831,18.858062,55.456681
2016-06-02,14.297254,108.835924,30.917446,66.729945
2016-06-03,14.765234,553.994470,38.417936,87.504753
2016-06-04,17.266111,338.395813,21.200976,110.525704
2016-06-05,21.899621,267.314020,18.157222,93.164330
2016-06-06,25.719054,254.192763,19.375528,99.111135
2016-06-07,28.230773,304.109309,21.547346,97.749322
2016-06-08,31.940164,334.190367,27.948717,131.969260
2016-06-09,40.197036,962.165045,76.081295,340.219521
2016-06-10,53.366609,1304.233657,87.754886,414.173310
2016-06-11,80.498667,605.848086,41.660208,214.071001
2016-06-12,96.518027,527.877714,48.682771,309.626121
2016-06-13,100.343559,504.524371,29.199632,246.296490
2016-06-14,100.365139,441.058150,24.708101,221.858572
2016-06-15,96.938104,388.588091,21.843364,209.277776
2016-06-16,89.681846,229.334904,23.021393,186.817173
2016-06-17,85.102738,129.005315,21.305766,124.162704
2016-06-18,80.111202,355.245208,36.538656,277.598811
2016-06-19,78.081005,571.221720,44.045500,403.059323
2016-06-20,88.327480,477.083266,24.262889,342.612688
2016-06-21,89.585796,387.427409,21.132249,291.570254
2016-06-22,85.433981,533.643786,26.423473,324.239511
2016-06-23,79.734325,648.297534,22.468786,410.251474
2016-06-24,75.780567,545.046051,19.704621,360.455840
2016-06-25,72.910947,430.566255,20.083396,305.481700
2016-06-26,70.291678,482.345102,19.187781,349.315322
2016-06-27,66.929975,427.421928,20.902883,333.581741
2016-06-28,63.640639,341.187245,19.886395,236.122536
2016-06-29,61.040053,334.696001,21.445092,340.802660
2016-06-30,57.424817,384.212133,21.515035,318.662713
2016-07-01,54.807485,416.832793,20.630605,322.107215
2016-07-02,52.832386,418.995143,22.078050,329.465167
2016-07-03,51.661128,426.809005,20.162164,324.841239
2016-07-04,49.925839,396.399114,20.845194,309.812431
2016-07-05,48.022399,339.370738,23.443898,220.075745
2016-07-06,47.180797,468.569973,31.358349,424.217214
2016-07-07,47.606246,460.467903,19.056880,415.018207
2016-07-08,47.240076,436.277117,18.303512,399.357277
2016-07-09,45.746672,417.543373,15.121864,277.992117
2016-07-10,43.235349,338.756332,16.093992,321.400993
2016-07-11,40.997955,386.643006,13.263766,320.074859
2016-07-12,38.444941,384.135167,12.337247,287.716028
2016-07-13,37.381025,384.305529,11.397572,298.532350
2016-07-14,34.484066,359.497102,10.683473,287.629665
2016-07-15,34.322493,519.565686,10.226595,302.659222
2016-07-16,33.556773,561.625858,13.202342,454.796188
2016-07-17,32.867150,599.754447,14.041803,463.843807
2016-07-18,32.184868,603.261298,12.030352,426.710431
2016-07-19,31.701195,692.458801,11.725160,450.487894
2016-07-20,30.497131,599.154384,11.398196,428.584399
2016-07-21,29.283933,509.218667,10.829818,390.374819
2016-07-22,29.901316,591.275826,9.667005,480.950025
2016-07-23,28.579248,744.443651,10.090663,541.432902
2016-07-24,29.003106,683.914873,9.947059,498.392216
2016-07-25,27.780139,786.510483,9.992449,426.943703
2016-07-26,25.468611,572.802900,9.490537,408.752615
2016-07-27,23.826764,554.225466,8.847269,402.705546
2016-07-28,22.258796,573.967292,8.120644,401.633025
2016-07-29,21.030016,547.205002,7.663494,378.513463
2016-07-30,19.988184,530.541078,7.126817,332.454467
2016-07-31,19.265445,566.487261,6.696988,291.532036
2016-08-01,17.745790,397.914043,6.732285,284.924741
2016-08-02,16.854948,410.827296,6.175806,326.922433
2016-08-03,16.191823,410.451782,6.262277,312.972294
2016-08-04,15.498989,377.851161,5.208655,272.085284
2016-08-05,14.600468,301.988887,5.085417,253.096578
2016-08-06,14.072760,352.336251,5.048744,265.528626
2016-08-07,14.160884,528.587006,5.184698,343.952709
2016-08-08,14.063751,546.567963,6.082605,314.323566
2016-08-09,14.255513,766.494482,5.434819,356.301858
2016-08-10,14.618614,865.696682,3.833842,316.936409
2016-08-11,13.135742,627.952798,3.575581,394.763338
2016-08-12,12.033317,364.131468,3.306282,235.050855
2016-08-13,12.522882,459.374181,4.561498,278.893915
2016-08-14,11.603887,474.186838,15.240127,566.300719
2016-08-15,12.371537,677.859495,9.854310,517.137138
2016-08-16,11.317122,415.389676,3.078581,264.765732
2016-08-17,10.726611,376.032058,3.536770,314.100050
2016-08-18,10.503024,400.253908,3.490310,259.315983
2016-08-19,10.439833,375.879218,3.779434,270.902783
2016-08-20,9.476228,283.737017,4.225062,286.168635
2016-08-21,9.267694,249.799578,3.138234,190.045684
2016-08-22,9.493357,331.843065,3.491494,222.191084
2016-08-23,9.340889,379.208746,3.676655,287.058052
2016-08-24,8.807031,319.566614,3.507156,234.396053
2016-08-25,8.556054,355.154950,2.638918,150.776050
2016-08-26,8.944113,413.484479,3.606106,259.344327
2016-08-27,8.255739,316.220015,2.842628,189.543253
2016-08-28,7.919466,244.156779,2.614702,146.319663
2016-08-29,7.578034,211.432037,2.506189,119.722962
2016-08-30,7.235482,154.052686,2.791971,101.199541
2016-08-31,7.178362,174.897945,2.434346,109.836483
2016-09-01,7.001022,183.567181,2.327824,86.949490
2016-09-02,6.924879,169.727532,2.366457,86.488743
2016-09-03,6.556749,168.662335,2.501804,76.160738
2016-09-04,6.686377,137.129604,3.998833,109.046970
2016-09-05,6.209487,70.181469,2.487432,107.536089
2016-09-06,6.131708,167.743257,2.316729,85.644356
2016-09-07,6.001801,132.890719,2.246254,103.211417
2016-09-08,5.896514,79.779178,2.367070,111.200544
2016-09-09,5.778421,119.436134,2.826832,107.272020
2016-09-10,5.691192,196.351739,2.572854,129.911971
2016-09-11,5.786732,166.394289,2.040776,70.029350
2016-09-12,5.453303,86.964046,2.033124,59.488043
2016-09-13,5.408232,165.608801,7.464672,130.372729
2016-09-14,5.392941,406.724693,13.562892,307.900581
2016-09-15,5.401597,168.746926,2.023972,117.865385
2016-09-16,5.014146,83.728747,1.065896,78.588956
2016-09-17,5.231080,50.921406,1.331852,44.342546
2016-09-18,5.142726,56.582980,1.278855,38.529898
2016-09-19,4.702973,35.281057,1.760602,62.258515
2016-09-20,4.571290,8.138428,0.731491,40.032026
2016-09-21,5.234937,5.267165,0.833343,53.369815
2016-09-22,4.699318,0.458030,0.686092,55.005215
2016-09-23,4.588366,0.539822,0.672201,50.979061
2016-09-24,4.575561,2.013994,0.660739,39.726131
2016-09-25,4.597236,1.184032,0.649866,49.272501
2016-09-26,4.629014,1.078793,0.637837,35.974296
2016-09-27,4.678155,0.812291,0.627719,34.894687
2016-09-28,4.724456,0.693576,0.615937,12.861414
2016-09-29,4.767082,1.349133,0.613255,12.134952
2016-09-30,4.803608,2.140624,0.596380,36.876515
2016-10-01,5.541040,0.702022,0.635624,7.442444
2016-10-02,5.069222,0.430966,1.234805,24.144910
2016-10-03,4.876537,10.236660,8.905766,90.982525
2016-10-04,5.173230,126.612657,12.561574,129.419494
2016-10-05,4.945598,53.565798,8.764026,146.499248
2016-10-06,4.695638,47.462987,1.913786,65.619393
2016-10-07,4.581009,176.338335,5.987884,91.736914
2016-10-08,4.825543,205.984755,5.767140,122.424772
2016-10-09,4.571939,11.832436,1.102637,23.253730
2016-10-10,4.868115,10.467403,1.913846,32.624408
2016-10-11,5.375398,1.131394,0.691240,23.500328
2016-10-12,5.942617,0.221584,0.678448,23.811562
2016-10-13,6.857006,0.151854,0.708729,22.085081
2016-10-14,6.855866,0.421445,0.734680,25.277901
2016-10-15,7.264508,1.167451,1.627213,24.552712
2016-10-16,7.658171,1.665946,2.258189,28.505314
2016-10-17,7.833770,0.375448,1.085409,19.565398
2016-10-18,7.921129,0.156634,0.927041,9.348892
2016-10-19,8.621874,0.164072,0.998264,11.332625
2016-10-20,8.086189,0.124233,0.860634,5.539194
2016-10-21,8.243511,0.071319,1.133104,10.937030
2016-10-22,8.129127,0.101706,0.905140,5.844775
2016-10-23,8.121051,0.120088,0.897148,5.477935
2016-10-24,8.087463,0.138662,0.906477,5.627767
2016-10-25,8.037909,0.159709,0.916014,5.503298
2016-10-26,7.968400,0.171627,0.904776,5.486936
2016-10-27,7.899701,0.157458,0.903322,5.479289
2016-10-28,7.817904,0.159569,0.900956,5.471649
2016-10-29,7.728623,0.112942,0.897108,5.446613
2016-10-30,7.634131,0.096298,0.890734,5.452072
2016-10-31,7.534814,0.260148,3.064223,5.863824
2016-11-01,7.435924,0.180959,3.004383,6.301669
2016-11-02,7.351683,0.064933,0.872087,5.401754
2016-11-03,7.247713,0.153046,0.959138,5.389534
2016-11-04,7.137005,0.169215,1.588311,5.607927
2016-11-05,7.025158,0.185540,6.782590,6.679408
2016-11-06,6.908906,0.134449,1.377502,10.646226
2016-11-07,6.802720,0.154198,0.884289,5.917189
2016-11-08,6.693854,0.057876,0.904287,5.320345
2016-11-09,6.587506,0.045583,0.914814,5.325608
2016-11-10,6.483785,0.063652,0.927011,5.303632
2016-11-11,6.375886,0.065274,0.938024,5.289519
2016-11-12,6.282266,0.044556,0.938236,5.279686
2016-11-13,6.189700,0.062474,0.951619,5.293015
2016-11-14,6.097545,0.093039,0.962291,5.261936
2016-11-15,6.006574,0.108960,0.939126,5.237141
2016-11-16,5.913523,0.084607,0.934194,5.245163
2016-11-17,5.830132,0.104022,0.931101,5.232224
2016-11-18,5.745370,0.121236,0.948676,5.222780
2016-11-19,5.666269,0.113770,0.924301,5.200181
2016-11-20,5.591013,0.118407,0.917598,5.204114
2016-11-21,5.512050,0.127736,1.034842,5.191075
2016-11-22,5.440842,0.234610,1.181362,5.156460
2016-11-23,7.592247,0.091155,1.736292,5.663118
2016-11-24,5.294279,0.076342,0.920639,5.117395
2016-11-25,5.223660,0.056412,0.887902,4.865929
2016-11-26,5.148826,0.037580,1.699933,5.119084
2016-11-27,5.082060,0.015259,2.950931,5.115490
2016-11-28,5.013098,0.005654,0.876145,5.116670
2016-11-29,4.944492,0.019167,0.872863,4.886625
2016-11-30,4.875996,0.029963,0.869892,5.164836
2016-12-01,4.806138,0.045839,0.867661,5.150352
2016-12-02,4.743849,0.120856,0.866497,5.139175
2016-12-03,4.678556,0.046168,0.866911,4.810333
2016-12-04,4.615813,0.043233,0.884083,5.120603
2016-12-05,4.553777,0.062223,3.185395,5.222589
2016-12-06,4.498545,5.046795,17.203385,49.757283
2016-12-07,4.503449,7.798216,8.048853,12.876356
2016-12-08,4.297948,0.048330,2.828667,7.510702
2016-12-09,4.217609,0.003959,1.138325,5.052403
2016-12-10,4.174779,0.003771,2.182805,5.065079
2016-12-11,4.593661,0.003769,1.419788,5.045678
2016-12-12,5.161432,0.003769,1.449272,5.027295
2016-12-13,4.127603,0.003766,1.462344,4.972271
2016-12-14,4.119320,0.003768,1.506892,4.999282
2016-12-15,4.112628,0.003777,1.535004,4.946769
2016-12-16,4.103812,0.003811,1.547745,4.648575
2016-12-17,4.100776,0.003826,1.559077,4.997878
2016-12-18,4.093316,0.003767,1.550452,4.927179
2016-12-19,4.083941,0.003766,1.550135,4.931276
2016-12-20,4.072715,0.003767,1.540504,4.920752
2016-12-21,4.055755,0.003764,1.536394,4.899166
2016-12-22,4.042480,0.003766,1.523431,8.121776
2016-12-23,4.023917,0.003772,1.511276,4.896725
2016-12-24,4.003510,0.003771,1.499209,4.870455
2016-12-25,3.980917,0.003771,1.485969,4.872611
2016-12-26,3.953777,0.003768,1.470553,4.868915
2016-12-27,3.931131,0.003770,1.451678,4.862013
2016-12-28,3.904257,0.003812,1.435442,4.843482
2016-12-29,3.875784,0.003798,1.415826,4.838387
2016-12-30,3.846611,0.003771,1.401809,4.834642
2016-12-31,3.816963,0.003771,1.390677,4.827224
2017-01-01,3.834604,0.007708,2.637854,4.935142
2017-01-02,3.806094,0.005475,1.361555,4.812153
2017-01-03,3.774648,0.011026,1.321765,4.811162
2017-01-04,3.742664,0.013882,1.321675,4.792121
2017-01-05,3.710032,0.035655,1.284247,4.804905
2017-01-06,3.674678,0.046754,1.280890,4.793760
2017-01-07,3.644161,0.041352,1.248176,4.789771
2017-01-08,3.611145,0.012596,1.232400,4.790011
2017-01-09,3.578342,0.007335,1.213914,4.760226
2017-01-10,3.545494,0.007577,1.197429,4.767828
2017-01-11,3.509629,0.003020,1.178911,4.772354
2017-01-12,3.479265,0.004555,1.160819,4.742894
2017-01-13,3.447429,0.029857,1.145133,4.753220
2017-01-14,3.416245,0.326038,1.126876,4.781438
2017-01-15,3.385609,0.336226,1.108574,4.733211
2017-01-16,3.353300,0.331309,1.096949,4.442897
2017-01-17,3.325875,0.330222,1.075455,4.727559
2017-01-18,3.296122,0.306975,1.058956,4.687034
2017-01-19,3.266276,0.014471,1.044883,4.669019
2017-01-20,3.236744,0.002709,1.027130,4.670160
2017-01-21,3.207449,0.002705,1.011255,4.669890
2017-01-22,3.182999,0.004080,1.034342,4.654401
2017-01-23,3.156264,0.003579,1.544539,4.663353
2017-01-24,3.129550,0.007542,1.002505,4.667493
2017-01-25,3.102606,0.006431,0.964425,4.663779
2017-01-26,3.073664,0.002709,0.935806,4.651572
2017-01-27,3.049494,0.002713,0.922632,4.648130
2017-01-28,3.023861,0.008353,0.908331,4.700198
2017-01-29,2.999092,0.010117,0.900886,4.459657
2017-01-30,2.974575,0.008798,0.901529,4.337563
2017-01-31,2.951117,0.013239,0.868073,4.383834
2017-02-01,2.925954,0.011428,0.870796,4.318397
2017-02-02,2.904919,0.004428,0.842687,4.306171
2017-02-03,2.881893,0.003302,0.830005,4.295737
2017-02-04,2.858642,0.004556,0.817226,4.308772
2017-02-05,2.835434,0.011090,0.833245,4.282211
2017-02-06,2.810827,0.007592,0.794369,4.344950
2017-02-07,2.790224,0.007988,0.833364,4.677605
2017-02-08,2.767916,0.005788,0.783623,4.649605
2017-02-09,2.745736,0.003802,0.761324,4.609947
2017-02-10,2.723628,0.007684,0.751650,4.597930
2017-02-11,2.700195,0.011065,0.859742,4.625194
2017-02-12,2.680837,0.007675,0.766899,4.727921
2017-02-13,2.659699,0.003463,0.723255,4.618956
2017-02-14,2.638637,0.004055,0.709722,4.602828
2017-02-15,2.617803,0.003641,0.700597,4.628606
2017-02-16,2.595196,0.004061,0.693496,4.456852
2017-02-17,2.576664,0.004074,0.721250,4.620917
2017-02-18,2.556315,0.043900,0.687957,4.612992
2017-02-19,2.536059,0.086047,0.671950,4.563605
2017-02-20,2.516038,0.088204,0.657848,4.585084
2017-02-21,2.494403,0.066499,0.649702,4.585102
2017-02-22,2.476470,0.003170,0.643765,4.565677
2017-02-23,2.457280,0.002707,0.632164,4.584258
2017-02-24,2.438166,0.002707,0.626301,4.577633
2017-02-25,2.419601,0.002707,0.617315,4.550149
2017-02-26,2.400413,0.002705,0.613302,4.558738
2017-02-27,2.385003,0.003010,0.606988,4.554794
2017-02-28,2.367955,0.013291,0.630478,4.566601
2017-03-01,2.349233,0.014354,0.589342,4.517110
2017-03-02,2.333944,0.004008,0.582844,4.527473
2017-03-03,2.317509,0.010899,0.576877,4.527180
2017-03-04,2.301520,0.005755,0.570057,4.492069
2017-03-05,2.285709,0.003235,0.563241,4.468355
2017-03-06,2.268624,0.004213,0.554104,4.493790
2017-03-07,2.255272,0.007545,0.548045,4.480070
2017-03-08,2.240413,0.009146,0.542667,4.449178
2017-03-09,2.225714,0.002901,0.541478,4.517429
2017-03-10,2.211105,0.005498,0.530904,4.509131
2017-03-11,2.195416,0.004222,0.525040,4.483964
2017-03-12,2.183224,0.009770,0.540893,4.457387
2017-03-13,2.169527,0.011447,0.514289,4.483499
2017-03-14,2.155768,0.002851,0.508797,7.777125
2017-03-15,2.141896,0.002707,0.502217,4.397058
2017-03-16,2.126491,0.002705,0.499073,4.484270
2017-03-17,2.114004,0.002956,0.490142,4.447762
2017-03-18,2.100076,0.002709,0.489140,4.420951
2017-03-19,2.086072,0.007416,0.482065,4.412007
2017-03-20,2.072161,0.008390,0.475612,4.421102
2017-03-21,2.056963,0.002730,0.473841,4.433220
2017-03-22,2.045136,0.008694,0.467718,5.004428
2017-03-23,2.032346,0.110910,0.485198,4.382808
2017-03-24,2.019757,0.113914,0.454851,4.401878
2017-03-25,2.007734,0.003046,0.453923,4.358711
2017-03-26,1.994388,0.003031,0.448855,4.394660
2017-03-27,1.983867,0.004527,0.443221,4.379653
2017-03-28,1.972327,0.004590,0.449657,5.035587
2017-03-29,1.960746,0.002765,0.435989,4.374923
2017-03-30,1.949174,0.010782,0.429443,4.364829
2017-03-31,1.937651,0.080933,0.426794,4.378407
2017-04-01,1.924739,0.019689,0.420500,4.347472
2017-04-02,1.914482,0.007280,0.420189,4.778435
2017-04-03,1.903066,0.005017,0.414540,7.362835
2017-04-04,1.891754,0.003092,0.497351,4.268265
2017-04-05,1.880441,0.003215,0.510512,4.282632
2017-04-06,1.867855,0.005599,0.402071,4.255267
2017-04-07,1.858048,0.003459,0.400792,4.252683
2017-04-08,1.846907,0.003467,0.399780,4.245919
2017-04-09,1.835758,0.010650,0.438465,6.312050
2017-04-10,1.824706,0.009723,0.456729,4.234659
2017-04-11,1.812387,0.003419,0.536382,7.087267
2017-04-12,1.802651,0.009753,0.519496,4.238262
2017-04-13,1.791908,0.002745,0.377231,4.670929
2017-04-14,1.781193,0.003357,0.370302,4.227206
2017-04-15,1.770641,0.009880,0.371168,4.198429
2017-04-16,1.759720,0.203494,0.368689,4.219013
2017-04-17,1.751733,0.793182,0.406106,4.214054
2017-04-18,1.742566,0.791441,0.360189,4.211493
2017-04-19,1.733468,0.136856,0.357099,4.216581
2017-04-20,1.724356,0.000047,0.354747,4.194732
2017-04-21,1.714087,0.000053,0.443075,4.186720
2017-04-22,1.706273,0.000108,0.404464,9.822958
2017-04-23,1.697352,0.000058,0.435831,10.575568
2017-04-24,1.688646,0.003013,0.693674,7.094548
2017-04-25,1.680083,0.005550,1.247875,8.644530
2017-04-26,1.670478,0.003025,0.523263,9.761548
2017-04-27,1.663293,0.000709,0.332000,4.155816
2017-04-28,1.654911,0.224218,0.331871,4.140339
2017-04-29,1.646438,0.680015,0.621049,9.846782
2017-04-30,1.637952,0.723359,0.809787,7.413512
2017-05-01,1.628390,0.731512,1.289111,10.635083
2017-05-02,1.853214,0.764254,2.966068,9.359547
2017-05-03,6.004065,0.822377,10.110964,5.997268
2017-05-04,7.051123,0.871741,12.166634,15.073277
2017-05-05,7.983938,2.341884,13.317843,45.068707
2017-05-06,4.750806,4.964039,5.525010,39.865785
2017-05-07,3.119742,8.811817,4.287671,27.775338
2017-05-08,3.093887,23.665717,5.561282,27.974594
2017-05-09,4.811387,81.529066,9.634555,39.780817
2017-05-10,4.849525,38.168189,6.319778,44.863882
2017-05-11,2.717770,15.571097,5.983945,19.599112
2017-05-12,1.823339,3.033341,3.426719,17.666332
2017-05-13,1.910355,0.007281,4.285271,10.397033
2017-05-14,3.997107,0.118027,6.870941,8.774438
2017-05-15,6.429909,24.993858,8.981765,56.411469
2017-05-16,3.745052,47.297344,7.155010,28.071466
2017-05-17,3.876994,75.389559,9.676449,26.225437
2017-05-18,3.963724,65.764184,8.365834,42.456949
2017-05-19,6.062345,139.658492,9.491620,51.179363
2017-05-20,5.035194,145.546723,11.075544,41.449937
2017-05-21,4.493746,185.697775,13.922716,39.989896
2017-05-22,6.783783,275.805423,13.113508,40.437096
2017-05-23,7.137970,180.705118,14.520128,39.968166
2017-05-24,12.173312,134.636861,13.970812,34.362858
2017-05-25,4.079778,132.112638,12.138956,37.821599
2017-05-26,4.962889,81.184311,11.821778,84.692055
2017-05-27,5.939986,22.088288,9.083793,66.836564
2017-05-28,6.939308,27.600067,10.182251,78.580846
2017-05-29,7.908806,69.847615,10.393278,56.489184
2017-05-30,8.917556,65.225700,12.006396,53.725437
2017-05-31,9.795825,20.201536,10.800767,81.469947
2017-06-01,10.691624,31.915625,12.417489,85.799552
2017-06-02,11.697466,54.495707,12.629739,64.498498
2017-06-03,12.475411,123.845151,14.453186,70.955807
2017-06-04,13.222004,149.623264,13.740766,53.764742
2017-06-05,14.762526,158.405735,15.389256,73.481320
2017-06-06,15.395879,215.682288,16.436098,88.473960
2017-06-07,17.113342,226.264627,18.122023,85.595059
2017-06-08,18.157389,227.065124,15.088069,82.428123
2017-06-09,18.756623,209.721193,17.208938,75.749338
2017-06-10,19.321445,153.331233,18.101136,95.466219
2017-06-11,19.687597,187.901962,18.329720,96.819759
2017-06-12,19.881110,217.660064,19.280293,110.902930
2017-06-13,19.938677,214.215103,17.241480,92.445450
2017-06-14,20.070977,280.814106,19.565949,113.415749
2017-06-15,20.655149,381.536596,20.633666,143.217735
2017-06-16,21.244101,435.548813,23.710153,138.929768
2017-06-17,23.159739,298.120621,23.757867,144.500545
2017-06-18,25.247727,325.512996,23.599870,150.358760
2017-06-19,26.406532,327.033549,24.006955,164.640498
2017-06-20,27.058499,252.399296,23.678374,180.384397
2017-06-21,29.056760,320.551678,22.526897,187.646287
2017-06-22,29.137593,332.159712,21.100621,211.854408
2017-06-23,30.341327,342.340902,21.828899,223.389091
2017-06-24,30.255719,386.040582,23.218124,242.147732
2017-06-25,29.715738,422.995304,22.472894,272.136277
2017-06-26,28.846849,284.224442,18.180409,189.865606
2017-06-27,28.526416,363.176740,20.493184,304.910557
2017-06-28,27.798143,408.835827,17.476265,304.465539
2017-06-29,27.296219,386.479731,15.585220,297.077268
2017-06-30,26.801157,331.822105,15.069633,267.595666
2017-07-01,26.785854,367.222709,15.445943,278.685066
2017-07-02,26.243834,795.923406,18.503339,387.989760
2017-07-03,25.628501,424.142763,15.072246,300.664499
2017-07-04,25.520238,209.182264,13.964511,148.072972
2017-07-05,25.244272,201.780671,12.606643,261.125425
2017-07-06,24.403810,327.648828,8.490555,182.745936
2017-07-07,23.443858,455.312026,9.668156,227.155272
2017-07-08,22.868775,433.048173,9.716548,280.217300
2017-07-09,23.373479,458.774058,9.952084,348.679003
2017-07-10,23.342507,383.672178,10.002700,307.336273
2017-07-11,22.817687,323.289082,8.216587,200.374513
2017-07-12,22.359762,422.622040,11.143682,385.417085
2017-07-13,21.249873,323.942975,15.117703,224.715355
2017-07-14,20.260666,287.738567,13.875988,278.384940
2017-07-15,19.049588,344.089454,7.955187,324.000574
2017-07-16,18.000653,323.519263,6.700494,310.504491
2017-07-17,17.052155,249.562885,5.956389,226.830395
2017-07-18,17.131548,267.591165,6.004924,279.192179
2017-07-19,17.818041,451.816044,6.709791,367.771750
2017-07-20,17.066408,563.398228,6.549356,469.881538
2017-07-21,15.752676,421.201935,6.663161,375.927165
2017-07-22,15.077919,413.631291,5.600124,341.800879
2017-07-23,14.797145,404.272326,5.955820,349.049210
2017-07-24,15.089100,653.116997,15.221564,280.120556
2017-07-25,14.333595,560.355362,5.451979,329.229319
2017-07-26,16.822443,1009.123923,25.761030,755.671360
2017-07-27,15.510179,1147.290420,6.761788,546.761234
2017-07-28,13.628755,647.330339,5.511402,368.267413
2017-07-29,13.183458,579.929486,4.817628,382.795764
2017-07-30,13.457031,569.825442,4.378522,360.540490
2017-07-31,13.741134,613.687661,3.905151,339.882984
2017-08-01,13.322622,545.147366,3.896924,338.485825
2017-08-02,12.915234,486.036443,3.847151,315.311339
2017-08-03,13.117217,529.566173,3.975695,313.560808
2017-08-04,12.810610,467.752936,4.326334,294.327514
2017-08-05,12.522687,447.572974,4.116943,301.237390
2017-08-06,12.355705,372.242268,4.735117,314.585499
2017-08-07,12.678618,664.098754,4.798520,425.026020
2017-08-08,12.866126,979.649944,4.958053,505.005361
2017-08-09,12.194404,489.571728,4.502924,297.841341
2017-08-10,11.546724,473.910250,3.975869,331.511688
2017-08-11,11.281360,515.793688,3.883251,307.253992
2017-08-12,10.891510,394.923206,3.625820,283.889199
2017-08-13,10.359389,420.126634,3.623880,277.446729
2017-08-14,10.160964,413.187336,3.811089,292.250954
2017-08-15,9.575299,318.319594,3.349023,244.020509
2017-08-16,9.329923,364.907528,3.508831,234.354479
2017-08-17,9.519170,394.373403,3.575788,242.391458
2017-08-18,8.823524,265.915202,3.089426,154.910374
2017-08-19,8.873064,330.571027,3.380231,223.107704
2017-08-20,8.844904,409.782135,3.743034,265.793070
2017-08-21,8.874379,322.991498,4.044412,199.249302
2017-08-22,8.465286,302.385323,6.612616,230.465562
2017-08-23,9.246006,345.497129,4.081029,249.027793
2017-08-24,8.793179,396.907002,3.584595,285.732864
2017-08-25,8.214792,344.645020,2.821281,253.060812
2017-08-26,8.112742,355.681001,2.477104,246.083975
2017-08-27,7.703212,335.004140,2.828145,237.070660
2017-08-28,7.058413,279.462525,2.473820,209.210601
2017-08-29,7.685377,478.437378,2.580008,249.004320
2017-08-30,9.546181,1097.523833,3.736802,493.953991
2017-08-31,9.173920,1201.624899,3.217606,428.381786
2017-09-01,8.019899,819.062104,2.985434,297.077546
2017-09-02,6.716758,433.174707,2.596096,230.658086
2017-09-03,6.107142,227.850809,2.130048,111.471477
2017-09-04,5.822112,160.909959,1.994709,66.508526
2017-09-05,6.043121,170.247823,2.416486,87.661863
2017-09-06,5.760981,107.897732,2.342015,114.142637
2017-09-07,6.206021,295.055784,2.371793,175.239395
2017-09-08,5.743002,147.059426,3.344851,126.920163
2017-09-09,5.988194,106.601477,2.274126,93.896830
2017-09-10,5.404610,84.894828,1.513134,50.650729
2017-09-11,5.824462,79.758890,2.053339,50.730450
2017-09-12,5.329292,143.838718,1.862939,77.821594
2017-09-13,5.246287,77.506381,1.525054,65.031218
2017-09-14,7.064525,470.186155,7.860896,292.246820
2017-09-15,8.233985,1022.883512,6.476925,230.252250
2017-09-16,4.936373,130.893591,1.337053,79.712813
2017-09-17,4.669228,80.499222,1.499820,31.955245
2017-09-18,4.527258,78.267528,1.253027,70.808982
2017-09-19,4.564436,55.500683,0.745892,43.021606
2017-09-20,4.631410,58.919674,0.953829,41.786836
2017-09-21,4.703607,43.921376,0.948996,54.555481
2017-09-22,4.782558,51.283707,0.950248,50.944118
2017-09-23,5.350097,20.804643,0.795111,46.704630
2017-09-24,7.987623,3.653247,0.876811,28.267689
2017-09-25,5.813264,3.235189,0.745585,6.536341
2017-09-26,5.096895,145.360165,4.357265,63.898986
2017-09-27,5.142490,13.827818,0.977422,24.795576
2017-09-28,4.971223,2.135160,1.053709,30.290818
2017-09-29,5.120547,1.662650,0.671211,27.483006
2017-09-30,4.879798,0.325717,0.692247,24.741648
2017-10-01,4.943721,0.354266,0.666897,16.302435
2017-10-02,5.035925,6.696948,1.347451,21.165244
2017-10-03,5.661600,1.428006,0.866225,20.397136
2017-10-04,5.299882,0.256629,0.687334,26.483228
2017-10-05,5.264775,0.110186,1.063607,34.479293
2017-10-06,5.330556,1.549630,2.234346,28.699437
2017-10-07,5.977361,3.818976,1.255731,18.899083
2017-10-08,5.702134,0.191951,1.035236,18.393254
2017-10-09,5.680202,0.099236,0.923678,17.431969
2017-10-10,5.538334,0.004448,0.893853,12.576632
2017-10-11,5.992428,0.040704,1.094160,22.796386
2017-10-12,5.651650,0.061668,2.037460,7.699237
2017-10-13,6.748022,0.176013,1.264133,5.515924
2017-10-14,5.758869,0.126159,0.970897,5.436523
2017-10-15,5.787288,0.004295,1.013911,5.385109
2017-10-16,5.810850,0.016706,1.417175,6.001033
2017-10-17,5.988590,2.074739,1.212200,11.267150
2017-10-18,5.881571,0.115402,1.036032,6.230525
2017-10-19,5.864824,0.082259,1.037518,5.513529
2017-10-20,5.853480,0.068819,1.033612,6.070944
2017-10-21,5.844972,0.112521,1.189436,5.296221
2017-10-22,5.847886,0.090422,1.270106,5.352443
2017-10-23,5.847519,0.060897,1.025800,5.112051
2017-10-24,6.622336,0.417291,1.254813,6.948095
2017-10-25,5.833114,0.118453,1.019413,5.037105
2017-10-26,5.816693,94.647888,3.537984,8.018374
2017-10-27,10.880105,623.918771,6.397994,34.380626
2017-10-28,6.381310,186.554661,1.032277,14.746342
2017-10-29,5.548278,3.443515,1.004166,5.577706
2017-10-30,5.499553,41.180419,1.138491,9.649523
2017-10-31,5.507724,5.158128,0.997762,5.382590
2017-11-01,6.216020,0.061954,1.015498,5.371976
2017-11-02,6.193542,0.065560,0.973441,4.988885
2017-11-03,5.612352,0.054801,0.967585,5.226941
2017-11-04,5.642174,0.041020,0.956120,5.227915
2017-11-05,5.662822,0.164366,0.966079,5.178675
2017-11-06,5.671258,0.156515,0.940071,5.199870
2017-11-07,5.680626,0.043230,0.959797,5.191989
2017-11-08,5.677381,0.190172,0.920751,5.180633
2017-11-09,5.666518,0.028863,0.909561,5.189130
2017-11-10,5.648429,0.040069,0.899903,5.155142
2017-11-11,5.620590,0.133986,0.892275,5.168852
2017-11-12,5.593646,0.204007,0.884267,4.954495
2017-11-13,5.557704,0.040127,0.868913,5.144211
2017-11-14,5.517190,0.002707,0.858665,5.112174
2017-11-15,5.472515,0.002689,0.850538,4.947851
2017-11-16,5.421024,0.002689,0.843351,5.118967
2017-11-17,5.373080,0.002691,0.830829,4.896416
2017-11-18,5.319295,0.002690,0.824243,5.110917
2017-11-19,5.265040,0.002701,0.813316,5.101985
2017-11-20,5.208770,0.002690,0.803618,5.072335
2017-11-21,5.147871,0.002689,0.796942,5.056103
2017-11-22,5.094277,0.002694,0.788197,5.055142
2017-11-23,5.036632,0.002690,0.776665,5.044505
2017-11-24,4.979778,0.002691,0.772039,5.056252
2017-11-25,4.923424,0.002703,2.267870,6.794814
2017-11-26,4.863206,0.002689,0.887566,5.045424
2017-11-27,4.810095,0.002691,0.885518,5.122324
2017-11-28,4.752212,0.002796,6.266920,24.392544
2017-11-29,4.708919,0.123464,7.536616,13.492559
2017-11-30,4.660912,0.044873,1.615526,15.503675
2017-12-01,4.562196,0.029322,0.774483,4.951253
2017-12-02,4.487806,0.029823,0.769920,4.940578
2017-12-03,4.427190,0.028613,0.788658,4.929863
2017-12-04,4.376741,0.001257,0.800007,4.913084
2017-12-05,4.333354,0.001142,0.809673,4.915762
2017-12-06,4.292537,0.037676,0.817659,4.716967
2017-12-07,4.261970,0.024976,0.827544,4.890869
2017-12-08,4.229848,0.021148,0.919360,4.891350
2017-12-09,4.198178,0.059685,4.494932,4.898032
2017-12-10,4.166731,0.012319,1.911412,4.887221
2017-12-11,4.132066,0.012520,1.072078,4.844272
2017-12-12,4.103101,0.005000,0.949763,4.843572
2017-12-13,4.070547,0.044289,0.940108,4.848650
2017-12-14,4.037804,0.119217,0.966751,4.813424
2017-12-15,4.004747,0.028714,0.989930,4.825360
2017-12-16,3.968536,0.027920,1.021364,4.801805
2017-12-17,3.938302,0.063905,1.013613,4.800526
2017-12-18,3.905518,0.089168,1.029185,4.766981
2017-12-19,3.873239,0.075480,1.025915,4.765514
2017-12-20,3.840906,0.073064,1.030322,4.794094
2017-12-21,3.805206,0.065345,1.029253,4.738513
2017-12-22,3.774655,0.106406,1.028961,4.774388
2017-12-23,3.741100,0.065800,1.027458,4.727215
2017-12-24,3.707390,0.041803,1.025352,4.730786
2017-12-25,3.673600,0.043291,1.021264,4.734663
2017-12-26,3.636948,0.031387,1.017221,4.743153
2017-12-27,3.605749,0.030600,1.027497,4.551403
2017-12-28,3.572386,0.023364,1.006674,4.747905
2017-12-29,3.539057,0.029419,1.002342,4.530148
2017-12-30,3.505557,0.001197,0.994315,4.650602
2017-12-31,3.472453,0.001138,0.986287,4.694793
2018-01-01,3.474649,0.026341,0.979401,4.659075
2018-01-02,3.444342,0.003054,0.974812,4.644089
2018-01-03,3.412457,0.002947,0.962610,4.628158
2018-01-04,3.380908,0.002940,0.956221,4.664500
2018-01-05,3.349828,0.002939,0.950077,4.629433
2018-01-06,3.316646,0.002947,0.938298,5.426339
2018-01-07,3.287922,0.002958,0.932590,4.591908
2018-01-08,3.257207,0.002955,0.922325,4.414129
2018-01-09,3.227708,0.002939,0.914298,4.593892
2018-01-10,3.198565,0.002941,1.082193,4.414920
2018-01-11,3.167405,0.003093,0.900349,4.614367
2018-01-12,3.141212,0.003548,0.885785,4.570963
2018-01-13,3.114396,0.003339,0.877725,4.554539
2018-01-14,3.088569,0.002846,0.869912,4.558579
2018-01-15,3.063231,0.002842,0.858955,4.548065
2018-01-16,3.035898,0.002842,0.850264,4.542650
2018-01-17,3.013307,0.002838,0.843319,4.537110
2018-01-18,2.988846,0.002816,0.831515,4.521620
2018-01-19,2.964606,0.002827,0.824938,4.521553
2018-01-20,2.941269,0.002852,0.825082,4.554371
2018-01-21,2.916141,0.002853,0.807838,4.588499
2018-01-22,2.895085,0.002854,0.797762,4.496740
2018-01-23,2.872194,0.002850,0.789711,4.535188
2018-01-24,2.849247,0.003253,0.780434,4.506626
2018-01-25,2.826246,0.003564,0.772780,4.493784
2018-01-26,2.801468,0.003557,0.764405,4.606464
2018-01-27,2.781325,0.003127,0.755370,4.463743
2018-01-28,2.759439,0.002946,0.748005,4.430520
2018-01-29,2.737698,0.002939,0.737860,4.448287
2018-01-30,2.716951,0.002945,0.731310,4.445116
2018-01-31,2.696405,0.002913,0.722463,4.425134
2018-02-01,2.673740,0.002922,0.720547,4.436573
2018-02-02,2.654974,0.002850,0.708438,4.428108
2018-02-03,2.634951,0.002856,0.697947,4.567549
2018-02-04,2.615079,0.002855,0.690925,4.404787
2018-02-05,2.595342,0.002817,0.686610,4.435461
2018-02-06,2.574029,0.002830,0.675999,4.235239
2018-02-07,2.556640,0.002835,0.669184,8.740703
2018-02-08,2.537758,0.002831,0.662155,4.405321
2018-02-09,2.519320,0.002820,0.655077,4.221593
2018-02-10,2.500738,0.002815,0.647599,4.395056
2018-02-11,2.480479,0.002820,0.641078,4.205834
2018-02-12,2.463596,0.002818,0.633918,4.227684
2018-02-13,2.444928,0.002815,0.627386,4.387022
2018-02-14,2.426781,0.002815,0.620683,4.385976
2018-02-15,2.408862,0.002815,0.612987,4.183698
2018-02-16,2.389260,0.002813,0.607388,4.376120
2018-02-17,2.372834,0.002819,0.599704,4.205644
2018-02-18,2.355026,0.002828,0.594124,4.341355
2018-02-19,2.337671,0.002844,0.589541,4.175759
2018-02-20,2.320652,0.002819,0.577388,4.175764
2018-02-21,2.302371,0.002815,0.576565,4.341281
2018-02-22,2.287458,0.002819,0.567569,4.146945
2018-02-23,2.270952,0.002815,0.561125,4.166265
2018-02-24,2.254728,0.002818,0.557876,4.307592
2018-02-25,2.238976,0.002818,0.550796,4.354438
2018-02-26,2.221767,0.002813,0.541888,4.128393
2018-02-27,2.207874,0.002815,0.540837,4.149019
2018-02-28,2.192731,0.002815,0.537778,4.557911
2018-03-01,2.176141,0.002813,0.547229,4.314778
2018-03-02,2.162648,0.002815,0.521012,4.123393
2018-03-03,2.148261,0.002815,0.514145,4.308581
2018-03-04,2.134939,0.002814,0.508474,4.097924
2018-03-05,2.121813,0.002834,0.505209,4.123801
2018-03-06,2.107213,0.003622,0.499025,4.301960
2018-03-07,2.095484,0.003627,0.494413,4.273193
2018-03-08,2.082279,0.002853,0.486345,4.091636
2018-03-09,2.069214,0.002825,0.483915,4.277507
2018-03-10,2.056459,0.002825,0.476997,4.082388
2018-03-11,2.042891,0.002834,0.472368,4.261069
2018-03-12,2.032561,0.002828,0.466896,4.067275
2018-03-13,2.020849,0.002826,0.464625,4.237628
2018-03-14,2.009067,0.002825,0.457203,4.246378
2018-03-15,1.997322,0.002825,0.451809,4.028689
2018-03-16,1.984099,0.002824,0.450303,4.036944
2018-03-17,1.973678,0.002837,0.838518,5.144352
2018-03-18,1.961896,0.002899,1.355811,4.602006
2018-03-19,1.950134,0.003083,2.166332,4.578481
2018-03-20,1.938437,0.003438,0.473306,4.788727
2018-03-21,1.925248,0.002861,0.476702,4.209639
2018-03-22,1.915375,0.002854,0.421337,4.032362
2018-03-23,1.904839,0.002854,0.417956,4.001633
2018-03-24,1.894264,0.002827,0.411888,4.207364
2018-03-25,1.883679,0.002827,0.411034,4.194526
2018-03-26,1.871808,0.002834,0.407966,5.445291
2018-03-27,1.862524,0.002831,0.404030,4.199797
2018-03-28,1.852103,0.002826,0.407389,3.999417
2018-03-29,1.841854,0.002825,0.663515,4.185547
2018-03-30,1.831637,0.002825,0.749083,3.989086
2018-03-31,1.821712,0.002825,0.615851,4.201818
2018-04-01,1.810507,0.002824,0.607632,4.187509
2018-04-02,1.801793,0.002826,0.382461,3.981523
2018-04-03,1.791832,0.002826,0.388095,5.334240
2018-04-04,1.781974,0.002825,0.376994,3.968717
2018-04-05,1.772041,0.002825,0.397066,3.985064
2018-04-06,1.760909,0.002826,0.391715,4.105063
2018-04-07,1.752365,0.002847,0.459649,3.975471
2018-04-08,1.742695,0.002952,0.364544,4.117072
2018-04-09,1.733012,0.003561,0.364013,3.932244
2018-04-10,1.723392,0.003597,0.359180,4.139036
2018-04-11,1.712784,0.004876,0.408187,4.757292
2018-04-12,1.704649,0.004412,0.367338,4.852213
2018-04-13,1.695498,0.003882,0.350564,4.111423
2018-04-14,1.686325,0.002828,0.352729,4.713393
2018-04-15,1.677107,0.002818,0.347321,4.142391
2018-04-16,1.666774,0.003460,4.030858,5.427519
2018-04-17,1.659044,0.003105,13.817011,5.182341
2018-04-18,1.651530,0.145931,5.044274,5.386467
2018-04-19,1.656812,0.354666,4.040988,6.567829
2018-04-20,1.637810,1.187121,4.637784,5.197661
2018-04-21,1.603214,1.463634,4.236065,6.298270
2018-04-22,1.569947,3.631044,2.413204,5.716519
2018-04-23,1.533808,0.610251,0.827841,8.040608
2018-04-24,1.500911,0.382740,1.501209,6.151824
2018-04-25,1.500388,0.237424,1.538826,6.632736
2018-04-26,1.513875,0.132262,1.839064,7.051486
2018-04-27,1.540447,0.230770,3.341054,8.041862
2018-04-28,1.567675,0.317644,1.521315,14.196680
2018-04-29,1.595769,0.215050,1.488108,7.396172
2018-04-30,1.630844,0.102207,1.772261,9.736558
2018-05-01,1.665701,0.024454,0.872289,4.022314
2018-05-02,1.698329,0.003011,0.810412,3.945028
2018-05-03,1.730008,0.002819,1.018620,8.241738
2018-05-04,1.769519,0.002818,2.479203,7.066490
2018-05-05,1.807536,0.002818,4.190280,8.175683
2018-05-06,1.840010,0.002816,3.836284,9.572771
2018-05-07,1.870609,0.002818,5.606512,6.919940
2018-05-08,1.897348,0.002818,3.808760,3.809435
2018-05-09,1.919443,0.002818,4.069664,3.982190
2018-05-10,1.936569,0.002845,6.043078,9.132511
2018-05-11,1.951274,0.002835,6.366124,8.035210
2018-05-12,1.974104,0.002841,2.433263,7.204359
2018-05-13,1.985968,0.002886,3.818921,6.309354
2018-05-14,1.991304,0.002818,2.257808,21.329735
2018-05-15,1.978856,0.002818,2.413245,5.941781
2018-05-16,1.979299,0.002816,3.399982,64.712661
2018-05-17,1.987600,0.002818,2.582011,26.157823
2018-05-18,1.984311,0.002818,2.419775,7.741419
2018-05-19,1.975702,0.002818,2.528469,56.148369
2018-05-20,1.989413,0.002818,2.548583,9.385062
2018-05-21,2.022632,0.002816,2.557119,9.024973
2018-05-22,2.051318,0.002818,4.679624,13.231882
2018-05-23,2.193034,0.150147,4.078737,29.701029
2018-05-24,2.333682,0.163848,5.120479,31.719373
2018-05-25,2.130573,0.032391,2.491185,5.031517
2018-05-26,2.548560,0.171236,4.388650,9.337789
2018-05-27,2.508069,0.908474,3.720360,15.921613
2018-05-28,2.250264,1.054756,4.989298,32.637751
2018-05-29,2.282840,5.965254,5.771037,29.236191
2018-05-30,2.348012,6.459173,5.147459,78.571116
2018-05-31,2.425830,11.270444,10.990811,67.717609
2018-06-01,2.611649,10.532377,15.960352,57.733790
2018-06-02,2.749199,41.879558,18.364619,38.825377
2018-06-03,3.080133,136.083991,17.987322,48.286376
2018-06-04,3.689032,221.873980,16.969318,61.639066
2018-06-05,4.248882,518.017099,49.139582,114.769780
2018-06-06,5.104668,506.318517,36.457030,121.120880
2018-06-07,8.734042,164.858095,20.737075,109.232225
2018-06-08,11.670791,189.259320,20.880928,76.435235
2018-06-09,14.454217,258.543660,22.728415,76.329933
2018-06-10,15.549667,224.087129,19.898611,73.189233
2018-06-11,15.981818,97.096540,21.841089,84.618331
2018-06-12,17.181666,130.462737,16.539845,80.987265
2018-06-13,19.451482,189.097603,15.350033,94.743756
2018-06-14,21.085122,111.733643,12.188077,50.009002
2018-06-15,23.008118,103.432610,14.856595,82.275210
2018-06-16,24.437852,108.338068,14.878245,86.921480
2018-06-17,26.329762,140.479934,14.745249,89.129635
2018-06-18,27.537460,206.468946,15.195407,111.070481
2018-06-19,28.020117,224.345952,14.428186,117.634560
2018-06-20,27.364606,71.371867,14.213354,72.080239
2018-06-21,28.283643,146.913978,17.299019,127.424009
2018-06-22,28.750584,116.343132,12.926398,71.565333
2018-06-23,30.700285,200.074229,12.664438,148.202156
2018-06-24,31.046123,134.268177,11.631302,82.078829
2018-06-25,32.846895,212.830240,16.124438,169.548395
2018-06-26,34.525158,279.570314,18.582436,155.971141
2018-06-27,35.564479,216.660314,20.316384,146.026575
2018-06-28,36.365923,149.820691,25.815096,148.109438
2018-06-29,38.234959,284.599486,16.399120,177.023105
2018-06-30,39.549951,134.315197,14.296975,76.968188
2018-07-01,42.290329,148.961852,14.543318,114.964479
2018-07-02,43.579488,204.629165,15.271678,141.019246
2018-07-03,44.247826,217.431429,16.001708,171.710421
2018-07-04,43.376892,92.795974,13.457376,63.435155
2018-07-05,42.540689,153.647555,25.554112,140.497386
2018-07-06,42.302435,359.704076,15.865382,201.809629
2018-07-07,40.910026,275.379920,13.341699,139.136817
2018-07-08,40.145324,205.805463,14.768587,119.357894
2018-07-09,41.156522,296.297189,12.340470,189.717687
2018-07-10,41.846378,265.831320,10.335007,125.049779
2018-07-11,42.503767,530.031151,16.617229,280.288406
2018-07-12,42.431160,679.448666,17.754563,299.666578
2018-07-13,42.603319,513.223524,15.607912,260.975981
2018-07-14,44.457206,532.222935,17.522278,294.250530
2018-07-15,47.201238,907.612476,21.209826,368.854320
2018-07-16,46.777956,531.608086,19.549958,304.907019
2018-07-17,52.868004,1476.901347,20.918557,643.548945
2018-07-18,51.049710,1240.935275,22.388119,663.051974
2018-07-19,50.866149,963.277847,15.241178,353.807145
2018-07-20,49.753382,901.755702,14.061124,438.381473
2018-07-21,47.461773,831.894672,13.082847,367.910585
2018-07-22,44.540041,499.370795,14.090957,345.211689
2018-07-23,42.798728,455.300049,13.961470,327.225266
2018-07-24,40.115626,349.405013,15.327977,294.690277
2018-07-25,37.019381,360.243636,22.410530,384.337574
2018-07-26,35.271700,299.110505,11.590693,300.523548
2018-07-27,34.190832,346.420659,12.465998,340.582061
2018-07-28,32.508971,367.980483,10.412143,337.841372
2018-07-29,31.565204,561.612834,8.011113,384.672294
2018-07-30,32.387439,1248.301669,12.362575,559.036905
2018-07-31,30.606991,700.985335,7.461541,473.960282
2018-08-01,30.751211,673.612555,7.152588,502.428694
2018-08-02,30.598011,639.601639,7.358909,445.423041
2018-08-03,29.223099,425.378741,6.749994,323.968063
2018-08-04,28.343869,455.411908,5.637101,344.654268
2018-08-05,26.982415,409.326889,5.664955,331.553774
2018-08-06,25.381852,444.338212,5.358736,341.302356
2018-08-07,24.008654,482.443343,5.605725,349.633131
2018-08-08,23.284059,714.250017,5.645532,492.874055
2018-08-09,22.588654,790.607140,5.177896,505.866649
2018-08-10,20.785755,654.724502,4.924477,351.069818
2018-08-11,18.979668,487.130323,5.279029,311.074101
2018-08-12,19.684324,630.517442,8.826711,503.127843
2018-08-13,19.244897,855.875836,11.788378,621.750058
2018-08-14,18.346488,830.951884,20.002198,605.984732
2018-08-15,15.528002,537.288188,3.883459,276.153021
2018-08-16,14.649018,408.539727,9.387735,181.995767
2018-08-17,13.920196,311.275087,2.314746,195.128689
2018-08-18,13.522234,389.905370,2.721672,254.586475
2018-08-19,13.074724,298.951731,2.888225,199.604196
2018-08-20,12.470106,266.262802,2.750545,188.087774
2018-08-21,12.563548,315.091703,3.422521,265.640236
2018-08-22,11.908210,279.641303,4.230532,183.586591
2018-08-23,11.640682,236.183714,3.734183,180.827069
2018-08-24,11.293095,145.702467,3.819093,97.541771
2018-08-25,12.055811,138.513848,3.788788,154.440058
2018-08-26,11.123421,78.250551,3.725809,66.126686
2018-08-27,10.094507,106.173990,2.224752,105.174143
2018-08-28,9.764591,72.712395,2.587952,92.258078
2018-08-29,10.611843,40.734877,4.752829,70.790568
2018-08-30,10.617071,73.825733,7.622701,210.609751
2018-08-31,9.275703,67.723392,2.069183,107.359893
2018-09-01,8.451823,61.366726,1.692960,72.665222
2018-09-02,8.839966,39.041001,2.624687,72.698474
2018-09-03,8.263374,86.898507,2.012427,133.941117
2018-09-04,8.236778,53.852139,2.630220,101.736229
2018-09-05,8.235255,163.009208,16.709640,96.546349
2018-09-06,8.670695,80.894003,18.716533,160.329375
2018-09-07,7.681427,114.703951,5.784187,107.667020
2018-09-08,7.816907,50.432422,2.956263,81.375603
2018-09-09,8.053212,70.275422,3.214719,80.278464
2018-09-10,8.483045,29.372405,2.807366,51.354504
2018-09-11,8.946702,30.029536,2.759818,48.970373
2018-09-12,9.346756,33.924615,2.432184,47.884875
2018-09-13,9.651779,32.836071,2.425498,40.386720
2018-09-14,10.509528,60.464243,3.057599,31.449651
2018-09-15,10.044358,39.094842,3.663600,56.853744
2018-09-16,10.740883,44.961565,3.311459,36.416772
2018-09-17,10.844272,23.580595,3.632212,51.220759
2018-09-18,10.374956,59.798349,3.733929,58.316199
2018-09-19,9.816360,11.906625,2.022427,52.616895
2018-09-20,9.606257,2.649305,1.786369,14.165206
2018-09-21,9.485268,2.131478,1.748461,10.446399
2018-09-22,9.355815,0.870236,1.753636,10.056662
2018-09-23,9.595073,53.190948,8.175399,39.528191
2018-09-24,9.292278,5.216245,1.763935,8.634340
2018-09-25,9.361971,0.761832,1.654183,5.840296
2018-09-26,9.646699,0.430870,1.653856,5.830176
2018-09-27,9.969493,1.635881,2.117610,18.875502
2018-09-28,12.412633,4.028378,3.087965,36.591740
2018-09-29,10.376676,1.148073,1.753679,38.772494
2018-09-30,10.461326,0.503080,2.517276,32.421352
2018-10-01,10.421660,0.060193,1.882804,22.247202
2018-10-02,10.426660,0.005739,1.844721,9.952368
2018-10-03,10.316136,0.013408,1.833976,7.649166
2018-10-04,10.239553,0.012254,1.833156,6.102661
2018-10-05,10.151444,0.020398,2.509657,6.102113
2018-10-06,10.042276,0.016601,2.776262,5.710276
2018-10-07,9.932489,0.004137,1.887514,5.452099
2018-10-08,9.803148,0.015447,1.823032,5.668710
2018-10-09,9.661949,0.016554,1.820186,5.653911
2018-10-10,9.510009,0.014245,1.809227,5.440233
2018-10-11,9.345908,0.007025,1.792810,5.651730
2018-10-12,9.188087,0.005682,4.029817,6.471562
2018-10-13,9.029903,0.032689,2.647149,5.371898
2018-10-14,8.865656,0.017393,1.754116,5.369780
2018-10-15,8.666342,0.077331,1.748536,5.542843
2018-10-16,8.464756,0.044201,1.742683,5.363324
2018-10-17,8.287645,0.005408,1.729438,5.324925
2018-10-18,8.117489,0.050692,1.718008,5.511311
2018-10-19,7.960904,0.058019,1.715108,5.501654
2018-10-20,7.819201,0.081789,1.680324,5.486366
2018-10-21,7.676142,0.073267,1.651239,5.296383
2018-10-22,7.547693,0.048442,1.677814,5.866974
2018-10-23,7.417379,0.080456,1.636509,5.246845
2018-10-24,7.290815,0.068153,1.581072,5.432223
2018-10-25,7.169212,0.056551,1.552724,5.439674
2018-10-26,7.046497,0.063228,1.651939,5.416181
2018-10-27,6.934591,0.080314,1.915244,5.984573
2018-10-28,6.819710,0.067907,1.481735,5.165650
2018-10-29,6.707733,0.038509,1.470952,5.187724
2018-10-30,6.599583,0.354555,1.451842,5.175153
2018-10-31,6.492506,0.382910,1.432146,5.365840
2018-11-01,6.381225,0.080054,1.421597,5.966008
2018-11-02,6.280744,0.064890,1.411348,5.372109
2018-11-03,6.177812,0.068157,1.389259,5.156108
2018-11-04,6.077228,0.100260,1.368031,5.136637
2018-11-05,5.979599,0.059525,1.352133,5.336908
2018-11-06,5.884305,0.040138,1.347254,5.321113
2018-11-07,5.799153,0.034797,1.322632,5.095983
2018-11-08,5.710900,0.031329,1.935544,5.295022
2018-11-09,5.623858,0.012850,3.622589,5.917916
2018-11-10,5.563200,0.025782,1.410953,5.070495
2018-11-11,5.582422,0.036333,1.293746,5.277594
2018-11-12,6.596697,0.070673,1.387352,5.281868
2018-11-13,5.288880,0.044494,1.299158,5.515652
2018-11-14,5.197297,0.028694,1.242310,5.233050
2018-11-15,5.117024,0.062327,1.229762,5.035553
2018-11-16,5.042678,0.062425,1.227651,5.239976
2018-11-17,4.981928,0.023455,5.109121,5.193827
2018-11-18,4.923283,0.002235,1.784474,5.172543
2018-11-19,4.868137,0.008977,4.675864,5.261604
2018-11-20,5.869842,0.021414,12.473023,16.472568
2018-11-21,4.762350,0.010961,1.326214,4.967495
2018-11-22,4.714044,0.008607,1.468586,5.161766
2018-11-23,4.661324,0.008650,2.273152,4.987088
2018-11-24,4.609419,0.008054,3.448229,5.173026
2018-11-25,4.558741,0.007524,2.236925,5.104172
2018-11-26,4.506773,0.001226,2.152588,4.892141
2018-11-27,4.462024,0.002067,2.065762,5.050532
2018-11-28,4.416831,0.001718,2.103346,5.073675
2018-11-29,4.374826,0.001432,2.110855,4.833294
2018-11-30,4.333222,0.005845,2.100539,5.039891
2018-12-01,4.288370,0.015206,2.076644,5.023275
2018-12-02,4.249969,0.014826,2.045339,5.014085
2018-12-03,4.209537,0.001361,2.015199,4.792614
2018-12-04,4.169113,0.004970,1.981126,4.774862
2018-12-05,4.128647,0.011164,1.943161,5.117319
2018-12-06,4.085362,0.003509,1.909592,4.955315
2018-12-07,4.047602,0.001772,1.873588,4.773371
2018-12-08,4.007079,0.002008,1.842106,4.740499
2018-12-09,3.966561,0.003193,1.801702,5.002065
2018-12-10,3.926204,0.010576,1.797215,4.842389
2018-12-11,3.883291,0.004559,1.776711,4.948821
2018-12-12,3.846064,0.003870,1.826789,4.952288
2018-12-13,3.806402,0.006221,2.368512,4.713084
2018-12-14,3.766867,0.292502,1.897504,4.943767
2018-12-15,3.727348,0.389628,2.218593,4.934794
2018-12-16,3.685682,0.426539,1.660149,4.666647
2018-12-17,3.649232,0.408413,1.564940,4.903209
2018-12-18,3.610904,0.018459,1.539819,4.675658
2018-12-19,3.573576,0.001656,1.521298,4.879665
2018-12-20,3.536056,0.002212,1.833007,4.652741
2018-12-21,3.496069,0.001451,1.471127,4.888427
2018-12-22,3.463651,0.002379,1.463418,4.861143
2018-12-23,3.430779,0.003457,3.133767,4.653633
2018-12-24,3.973062,0.005652,6.102846,4.683228
2018-12-25,3.366438,0.254655,1.545610,4.854244
2018-12-26,3.333648,0.593652,1.388782,4.613756
2018-12-27,3.304678,0.606805,1.398477,4.659555
2018-12-28,3.273532,0.426065,1.378604,4.866060
2018-12-29,3.242883,0.598091,1.371131,4.616045
2018-12-30,3.212754,0.516620,1.359333,4.596721
2018-12-31,3.182958,0.017640,1.348552,4.848658
2019-01-01,3.135442,0.000332,1.365355,4.834992
2019-01-02,3.110578,0.000223,1.357349,4.601605
2019-01-03,3.083566,0.000208,1.322557,4.863168
2019-01-04,3.056650,0.003827,1.354767,4.574271
2019-01-05,3.030584,0.000552,1.293057,4.827079
2019-01-06,3.003016,0.000896,1.281473,4.551232
2019-01-07,2.980135,0.002935,1.269768,4.511284
2019-01-08,2.955302,0.005422,1.435797,4.764122
2019-01-09,2.930486,0.029180,1.279344,4.772288
2019-01-10,2.905894,0.041628,1.230880,4.525541
2019-01-11,2.879466,0.054665,1.217613,4.756932
2019-01-12,2.857037,0.020152,1.205191,4.561157
2019-01-13,2.832503,0.072876,1.192224,4.767870
2019-01-14,2.808217,0.157500,1.178531,4.707656
2019-01-15,2.784512,0.039890,1.165636,4.471968
2019-01-16,2.759319,0.003838,1.152759,4.696139
2019-01-17,2.738475,0.001334,1.136817,4.463721
2019-01-18,2.716220,0.007332,1.129244,4.756127
2019-01-19,2.694390,0.006046,1.112873,4.482881
2019-01-20,2.672595,0.000415,1.097350,4.452319
2019-01-21,2.649309,0.000388,1.085438,4.419420
2019-01-22,2.629989,0.000249,1.071975,4.696700
2019-01-23,2.609134,0.000565,1.053960,8.899787
2019-01-24,2.588492,0.000568,1.048876,4.470220
2019-01-25,2.567954,0.000196,1.029701,4.410400
2019-01-26,2.546871,0.003378,1.022364,4.424085
2019-01-27,2.530143,0.003868,1.004699,4.671886
2019-01-28,2.511708,0.000320,0.989118,4.424798
2019-01-29,2.493198,0.000949,0.981197,4.371296
2019-01-30,2.474857,0.001203,0.966292,4.400339
2019-01-31,2.456843,0.009659,0.954557,4.415389
2019-02-01,2.437506,0.011223,0.942036,4.449834
2019-02-02,2.421731,0.016194,0.930835,4.422299
2019-02-03,2.404256,0.015700,0.921764,4.402355
2019-02-04,2.386673,0.016009,0.905568,4.579977
2019-02-05,2.369233,0.012528,0.892681,4.332844
2019-02-06,2.350550,0.009006,0.880900,4.556439
2019-02-07,2.335453,0.013805,0.871010,4.312978
2019-02-08,2.318717,0.016230,0.857519,4.371749
2019-02-09,2.302175,0.012110,0.847625,4.522011
2019-02-10,2.286328,0.012138,0.837804,4.344155
2019-02-11,2.269150,0.016090,0.828654,4.437026
2019-02-12,2.255089,0.012527,0.813545,4.333713
2019-02-13,2.239643,0.033160,0.802856,4.345419
2019-02-14,2.224552,0.222060,0.795127,4.288298
2019-02-15,2.209522,0.249825,0.784293,4.304997
2019-02-16,2.192946,0.246674,0.774991,4.339983
2019-02-17,2.179604,0.099370,0.764706,4.557101
2019-02-18,2.164678,0.008160,0.762406,4.322918
2019-02-19,2.150036,0.007848,0.747805,4.293547
2019-02-20,2.136013,0.002727,0.734988,4.507078
2019-02-21,2.121089,0.002582,1.281422,4.268945
2019-02-22,2.109478,0.003005,0.719557,4.258005
2019-02-23,2.096521,0.000681,0.710322,4.246446
2019-02-24,2.083792,0.002135,0.702144,4.244894
2019-02-25,2.071220,0.005019,0.698996,4.237189
2019-02-26,2.057149,0.000622,0.685539,4.471434
2019-02-27,2.045930,0.003022,0.684779,4.251444
2019-02-28,2.033480,0.007349,0.722751,4.274367
2019-03-01,2.020071,0.020025,0.670313,4.498412
2019-03-02,2.009353,0.007820,0.653972,4.206205
2019-03-03,1.997127,0.005030,0.644188,4.472193
2019-03-04,1.984938,0.000767,0.637369,4.196455
2019-03-05,1.972933,0.000528,0.632252,4.427178
2019-03-06,1.959746,0.003139,0.623333,4.186344
2019-03-07,1.949388,0.007610,0.616520,4.271103
2019-03-08,1.937670,0.008167,0.612379,4.422750
2019-03-09,1.925988,0.002679,0.605235,4.157134
2019-03-10,1.914613,0.000774,0.596438,4.151556
2019-03-11,1.902150,0.000641,0.591599,4.138583
2019-03-12,1.892341,0.002781,0.582762,4.120563
2019-03-13,1.881209,0.002204,0.578338,4.091511
2019-03-14,1.870127,0.000981,0.572409,4.094899
2019-03-15,1.858992,0.000741,0.568868,4.328611
2019-03-16,1.846637,0.000517,0.562264,4.091240
2019-03-17,1.836918,0.001310,0.556709,4.071349
2019-03-18,1.825918,0.002677,0.547358,4.060818
2019-03-19,1.815398,0.000191,0.547200,4.059053
2019-03-20,1.805018,0.000715,0.538996,4.098990
2019-03-21,1.793445,0.000715,0.533746,4.051278
2019-03-22,1.784551,0.001718,0.528172,4.309121
2019-03-23,1.774424,0.001849,0.523099,4.077851
2019-03-24,1.764263,0.002966,0.516720,4.741968
2019-03-25,1.754172,0.005515,0.514905,4.052674
2019-03-26,1.743186,0.001354,0.507265,4.300354
2019-03-27,1.734712,0.001182,0.502766,4.041139
2019-03-28,1.724961,0.001221,0.497541,4.043698
2019-03-29,1.715123,0.001139,0.493757,4.037366
2019-03-30,1.705336,0.001606,0.486942,4.287270
2019-03-31,1.695750,0.000735,0.483841,4.023220
2019-04-01,1.685249,0.000209,0.478904,4.014807
2019-04-02,1.677284,0.005153,0.493763,4.907673
2019-04-03,1.668281,0.007363,0.504557,4.249412
2019-04-04,1.659604,0.000350,0.464734,4.008184
2019-04-05,1.650982,0.001521,0.460738,4.276699
2019-04-06,1.641295,0.007514,0.600199,5.308967
2019-04-07,1.634030,0.007754,1.325702,5.589740
2019-04-08,1.625631,0.007976,2.444943,4.983889
2019-04-09,1.617263,0.007877,1.633841,4.628866
2019-04-10,1.608998,0.007718,2.130589,4.685697
2019-04-11,1.623204,0.007991,2.000608,5.723748
2019-04-12,5.608053,0.008162,10.940346,4.740139
2019-04-13,4.668379,0.007892,4.766919,9.180712
2019-04-14,8.591387,0.007886,10.875525,27.141200
2019-04-15,5.759131,0.007684,2.694865,41.603186
2019-04-16,3.406466,0.170937,0.846630,20.718852
2019-04-17,1.491113,0.340884,0.808237,6.292485
2019-04-18,1.479623,0.478744,1.125120,5.122573
2019-04-19,2.941878,0.499980,1.887002,7.494728
2019-04-20,2.475966,0.496885,1.761256,6.740131
2019-04-21,2.269685,0.496753,1.251889,11.388922
2019-04-22,1.490625,0.629848,1.101648,3.893821
2019-04-23,1.552935,0.654503,1.135975,3.902848
2019-04-24,1.781862,0.648006,1.145728,7.190357
2019-04-25,1.508188,0.641995,1.154873,4.148557
2019-04-26,1.564291,0.650680,1.404123,6.726071
2019-04-27,5.001058,0.641038,2.897716,5.830211
2019-04-28,7.773234,0.644212,7.407233,7.448758
2019-04-29,8.682620,1.005973,13.758843,71.854211
2019-04-30,8.246985,10.547065,10.548769,76.031812
2019-05-01,7.387689,13.165896,13.935028,75.503730
2019-05-02,7.865200,18.198284,9.303459,78.695408
2019-05-03,3.534338,0.332123,4.776288,72.871231
2019-05-04,11.928604,12.952827,16.352355,115.528567
2019-05-05,10.031522,25.437811,20.425735,100.217267
2019-05-06,9.709426,63.244136,28.207071,60.439830
2019-05-07,5.386628,47.351218,12.782015,39.501769
2019-05-08,5.638183,36.532463,12.112616,32.340939
2019-05-09,7.288822,26.844584,12.150328,59.698764
2019-05-10,6.131368,4.528159,10.569802,23.437258
2019-05-11,6.972137,4.311296,10.264925,58.182374
2019-05-12,7.137890,0.703101,8.463758,5.824529
2019-05-13,6.303290,0.022993,7.702726,9.004875
2019-05-14,11.922153,7.359038,17.440135,84.314888
2019-05-15,11.011884,38.638219,14.080062,44.741462
2019-05-16,10.149296,82.772233,10.444891,44.617413
2019-05-17,9.883332,60.716610,9.740009,24.662680
2019-05-18,10.230967,70.840925,11.920094,34.203596
2019-05-19,12.167705,83.504322,12.462527,47.351712
2019-05-20,11.414366,64.369295,11.534862,39.353087
2019-05-21,12.931894,55.476989,11.219250,42.516178
2019-05-22,15.846999,64.439564,16.996419,79.584196
2019-05-23,16.907152,116.466677,22.496521,81.239313
2019-05-24,16.006764,96.949940,17.042687,119.155087
2019-05-25,20.131892,67.780196,18.538382,106.758823
2019-05-26,22.155077,130.223822,24.904742,103.463982
2019-05-27,23.692522,106.633894,14.005702,75.159399
2019-05-28,18.621454,81.736741,13.650650,48.372805
2019-05-29,20.089184,81.298462,14.036397,58.126620
2019-05-30,20.792885,72.466643,14.357603,62.103894
2019-05-31,21.074865,83.505101,14.477598,57.518148
2019-06-01,21.027516,85.990587,13.479756,50.610816
2019-06-02,20.954997,100.618844,13.938335,51.206414
2019-06-03,20.820875,123.682353,14.792472,70.313366
2019-06-04,20.744291,141.797157,15.309551,77.994317
2019-06-05,20.808190,128.302195,17.066732,78.565122
2019-06-06,21.296051,104.386468,13.861486,75.096994
2019-06-07,21.936767,158.070621,15.020948,81.141990
2019-06-08,22.375825,116.920580,15.087443,80.643855
2019-06-09,23.452591,184.336009,15.990235,104.405922
2019-06-10,24.306273,104.845328,22.689890,92.937333
2019-06-11,25.952013,172.992110,36.551882,145.873426
2019-06-12,28.388344,268.910748,43.278427,159.916733
2019-06-13,32.238705,365.795603,24.562070,155.127026
2019-06-14,37.813174,310.063559,21.405944,151.183588
2019-06-15,42.294944,335.710308,19.960721,137.946505
2019-06-16,45.452233,386.525923,20.889336,155.905455
2019-06-17,47.879890,503.173290,21.422920,177.390410
2019-06-18,52.277307,370.891811,19.442849,156.298095
2019-06-19,56.043718,391.897943,20.898901,169.765872
2019-06-20,57.401035,350.640554,18.451005,156.249253
2019-06-21,58.826751,340.397965,18.203499,159.219732
2019-06-22,59.508536,323.836271,19.855348,156.461423
2019-06-23,60.591820,358.686422,19.757814,155.584131
2019-06-24,59.494601,349.656110,20.906886,186.132600
2019-06-25,61.316350,565.135582,27.288914,230.361882
2019-06-26,60.223094,613.570341,27.487966,239.952532
2019-06-27,62.528149,636.200445,24.117742,232.024073
2019-06-28,62.943101,458.617367,21.899369,204.500560
2019-06-29,62.354023,368.468698,21.755670,184.071103
2019-06-30,60.731059,323.443142,21.313363,202.070970
2019-07-01,57.551035,229.633460,23.422092,178.762010
2019-07-02,54.746852,250.765015,25.859314,184.112482
2019-07-03,52.654454,314.826473,20.417681,233.249109
2019-07-04,51.302797,355.308979,22.065446,240.858129
2019-07-05,50.209795,490.739940,23.275943,274.740030
2019-07-06,48.762560,497.704180,21.350743,228.944703
2019-07-07,48.079844,518.718887,24.281320,273.750135
2019-07-08,47.917512,578.432108,20.526670,221.674877
2019-07-09,48.652337,479.892676,25.061253,302.951118
2019-07-10,50.368149,423.428757,22.693795,287.080551
2019-07-11,51.300406,483.588111,22.871313,309.643619
2019-07-12,49.827515,508.194473,21.121627,294.401853
2019-07-13,48.056769,440.808329,22.333604,303.888343
2019-07-14,47.596827,524.704066,23.073026,337.250248
2019-07-15,46.156850,591.229322,18.216642,276.713489
2019-07-16,45.420758,508.814471,23.398642,351.570454
2019-07-17,45.420844,722.405005,21.257748,350.023997
2019-07-18,44.557208,681.522935,23.164414,380.366959
2019-07-19,44.725765,650.313277,19.447646,357.367187
2019-07-20,45.915542,646.744113,22.228239,382.043535
2019-07-21,45.224475,637.907616,20.651941,391.946402
2019-07-22,43.247977,616.959436,17.371406,403.157826
2019-07-23,41.321022,620.340485,16.931050,366.348335
2019-07-24,38.689425,516.762296,15.131789,338.651510
2019-07-25,37.103316,507.027461,13.959773,278.305869
2019-07-26,34.909797,329.610425,14.047002,249.439437
2019-07-27,33.421051,415.610802,13.501914,291.800718
2019-07-28,30.859526,225.518874,14.078213,208.650052
2019-07-29,30.891954,454.556588,20.004936,391.252750
2019-07-30,32.037532,670.140031,13.667711,335.242708
2019-07-31,33.182487,1231.738983,20.866846,744.491566
2019-08-01,33.777707,1017.346522,16.699523,497.826000
2019-08-02,34.695855,642.538789,11.717125,393.626228
2019-08-03,34.993422,735.020291,11.984972,415.792318
2019-08-04,33.960916,639.605621,11.400738,382.321723
2019-08-05,32.618257,708.375704,12.588563,404.681719
2019-08-06,30.212212,489.538452,12.665488,339.237855
2019-08-07,28.610741,510.555338,11.850527,334.104317
2019-08-08,26.911100,486.544225,10.590212,333.466539
2019-08-09,24.808058,408.920636,10.768603,264.264519
2019-08-10,23.262043,429.917205,9.899714,343.603473
2019-08-11,21.592936,272.325858,7.866151,191.678978
2019-08-12,20.327495,254.628681,10.309189,227.788035
2019-08-13,20.472468,626.040541,15.599327,358.170768
2019-08-14,17.633185,293.695082,8.198491,307.849669
2019-08-15,16.366110,242.167835,7.230710,238.737186
2019-08-16,15.983389,285.215213,6.891306,200.969607
2019-08-17,15.447254,319.378922,6.898516,209.058820
2019-08-18,14.689612,295.051468,5.617572,169.285053
2019-08-19,14.280052,259.249324,4.706858,206.431226
2019-08-20,13.649884,245.522198,4.851474,222.924002
2019-08-21,12.974810,179.050843,4.004456,133.645146
2019-08-22,12.353175,144.660636,3.818421,121.257211
2019-08-23,12.031033,143.087055,4.403858,125.486446
2019-08-24,11.790890,101.693098,5.082362,72.405564
2019-08-25,11.150917,231.237214,5.828281,182.169265
2019-08-26,10.943520,213.639758,2.742712,136.046696
2019-08-27,10.804375,186.292400,3.000283,136.472375
2019-08-28,9.982804,149.649088,2.977605,195.622188
2019-08-29,9.755341,116.401787,2.417538,72.987100
2019-08-30,9.436433,86.172481,3.023997,79.790711
2019-08-31,9.358196,117.880443,2.853602,85.724541
2019-09-01,9.131084,127.095788,3.041815,102.569991
2019-09-02,8.687998,144.299162,3.007495,108.641719
2019-09-03,9.406801,256.858332,2.979360,130.135155
2019-09-04,9.169434,258.721700,3.664297,184.179484
2019-09-05,8.344354,132.496547,2.899649,100.959897
2019-09-06,8.090960,216.774122,4.931030,153.403454
2019-09-07,8.008856,206.808366,3.307044,184.302081
2019-09-08,7.448228,171.604293,1.790723,74.832974
2019-09-09,7.222451,46.416161,2.896913,48.187378
2019-09-10,7.128500,102.312540,1.779596,69.653591
2019-09-11,6.881248,51.449781,1.571643,64.970740
2019-09-12,6.736701,31.141591,1.317264,58.161103
2019-09-13,6.598328,28.508211,1.333969,59.305097
2019-09-14,6.470849,65.868616,1.944205,67.126823
2019-09-15,6.351798,28.704601,1.272780,59.626620
2019-09-16,6.235853,16.160411,1.994276,60.984580
2019-09-17,6.132375,2.264728,1.295026,35.674870
2019-09-18,7.031533,1.513290,1.869474,46.825245
2019-09-19,6.236677,47.211280,1.469228,42.484565
2019-09-20,5.871653,89.641987,2.095282,61.562470
2019-09-21,6.172663,68.566548,2.679915,44.946838
2019-09-22,5.798074,178.008281,7.503278,103.451040
2019-09-23,5.573252,229.361555,6.332537,136.504589
2019-09-24,5.508268,176.561314,5.751474,177.065756
2019-09-25,5.416896,131.257232,2.185844,123.810810
2019-09-26,5.311787,82.760229,1.031502,51.294342
2019-09-27,5.895043,323.220689,3.120334,43.922363
2019-09-28,7.521646,477.025554,11.394638,282.128250
2019-09-29,5.076213,117.383158,1.331679,56.896838
2019-09-30,4.961502,46.422115,2.803991,40.888909
2019-10-01,5.131003,12.606239,4.956367,56.817063
2019-10-02,4.807214,20.710410,14.902006,68.261331
2019-10-03,4.686254,27.858775,9.995800,74.102874
2019-10-04,4.555456,61.439018,15.193433,139.249271
2019-10-05,4.365080,210.044209,14.716737,169.333878
2019-10-06,4.356873,264.923338,11.803741,139.900183
2019-10-07,4.354512,54.241838,3.653749,49.833156
2019-10-08,4.942265,3.541413,2.268796,31.112947
2019-10-09,5.750837,14.681311,2.555157,29.380053
2019-10-10,6.502698,4.287025,1.943425,10.102206
2019-10-11,7.098081,0.335302,1.920344,16.700850
2019-10-12,7.577795,0.021765,1.795464,7.906906
2019-10-13,7.953549,0.023586,1.889133,7.430100
2019-10-14,8.914732,0.362265,1.761668,6.948043
2019-10-15,8.467397,0.128724,1.607665,6.823736
2019-10-16,8.607242,0.040615,1.555033,6.881690
2019-10-17,8.700605,0.030271,1.815302,7.419032
2019-10-18,8.740350,0.062896,1.487139,7.511387
2019-10-19,8.741443,2.804254,2.353504,12.750818
2019-10-20,8.838688,3.807649,1.445288,13.775047
2019-10-21,8.689036,0.207848,1.363234,6.843641
2019-10-22,8.600686,0.037366,1.337922,6.809339
2019-10-23,8.492287,0.045069,1.317992,6.804303
2019-10-24,8.379403,0.055683,1.325229,6.814853
2019-10-25,8.265713,0.033878,1.277088,6.763163
2019-10-26,8.146960,0.002303,1.254395,6.760990
2019-10-27,8.044272,0.001901,1.237799,6.773811
2019-10-28,8.075126,0.986194,2.522961,6.948631
2019-10-29,7.912591,1.307241,1.644350,6.839040
2019-10-30,7.740041,0.008531,1.182260,6.754080
2019-10-31,7.601422,0.008884,1.163363,6.739657
2019-11-01,7.458451,0.001623,1.203154,6.707046
2019-11-02,7.334420,0.002230,1.177914,6.675026
2019-11-03,7.214712,0.000631,1.123117,6.662845
2019-11-04,7.103252,0.002246,1.126076,6.646305
2019-11-05,6.996209,0.003114,1.382560,6.653012
2019-11-06,6.887829,0.007915,1.170769,6.612355
2019-11-07,6.791296,0.009963,1.449267,6.577050
2019-11-08,6.691632,0.008876,3.589750,6.787954
2019-11-09,6.604391,0.002852,1.333594,6.609668
2019-11-10,6.505370,0.004620,4.883628,9.732872
2019-11-11,6.402152,0.003316,1.922026,7.599030
2019-11-12,6.304282,0.003015,1.182378,6.509298
2019-11-13,6.206262,0.002431,1.474764,6.527563
2019-11-14,6.114774,0.003740,1.536212,6.668023
2019-11-15,6.031789,0.002453,1.250387,6.474554
2019-11-16,5.949036,0.005298,1.264441,6.437915
2019-11-17,5.879370,0.002743,1.904086,6.421937
2019-11-18,5.806088,0.006040,6.720325,6.467041
2019-11-19,5.735064,0.005453,1.628728,6.395096
2019-11-20,5.667695,0.009605,1.470145,6.366247
2019-11-21,5.596027,0.008349,1.545281,6.346005
2019-11-22,5.532876,0.009193,1.516032,6.346768
2019-11-23,5.467322,0.087319,1.532765,6.365319
2019-11-24,5.403077,0.024842,1.530372,6.326735
2019-11-25,5.338676,0.002402,1.526617,6.313118
2019-11-26,5.270174,0.002319,1.519550,6.327221
2019-11-27,5.208725,0.002314,1.504357,6.303257
2019-11-28,5.144589,0.002428,1.490716,6.299006
2019-11-29,5.080837,0.003031,1.472245,6.291376
2019-11-30,5.017213,0.004253,1.612434,6.324396
2019-12-01,4.950024,0.002434,1.867999,6.356371
2019-12-02,4.890141,0.002961,2.218945,6.331978
2019-12-03,4.828757,0.002297,1.401688,6.240241
2019-12-04,4.769424,0.002247,1.389954,6.207749
2019-12-05,4.711838,0.002216,1.382208,6.228854
2019-12-06,4.652645,0.002179,1.371002,6.190466
2019-12-07,4.599779,0.002152,1.371301,6.191782
2019-12-08,4.545080,0.002923,1.349493,6.179935
2019-12-09,4.492550,0.002584,1.337002,6.085722
2019-12-10,4.440599,0.002255,1.326236,6.140386
2019-12-11,4.384945,0.170616,1.307984,6.094911
2019-12-12,4.335688,0.125008,1.301930,6.124996
2019-12-13,4.284585,0.031652,1.284062,6.111032
2019-12-14,4.233540,0.038558,1.270831,6.088979
2019-12-15,4.185170,0.097805,1.257004,6.093611
2019-12-16,4.136604,0.086989,1.243186,6.072322
2019-12-17,4.094001,0.040728,1.230077,6.034219
2019-12-18,4.048806,0.204262,1.225150,6.039026
2019-12-19,4.004253,0.104628,1.202003,6.056032
2019-12-20,3.960634,0.003217,1.186086,6.034451
2019-12-21,3.914763,0.003422,1.170939,6.040781
2019-12-22,3.874901,0.002789,1.157459,6.011061
2019-12-23,3.835512,0.002427,1.142837,6.005216
2019-12-24,3.797480,0.002252,1.127944,5.996746
2019-12-25,3.759468,0.002271,1.113910,6.010064
2019-12-26,3.718794,0.002331,1.102302,5.989703
2019-12-27,3.683134,0.002328,1.084604,6.045395
2019-12-28,3.645325,0.002349,1.074419,6.070103
2019-12-29,3.608145,0.002323,1.062495,6.023226
2019-12-30,3.571633,0.002292,1.045642,5.983015
2019-12-31,3.535320,0.002255,1.030070,6.034538

