time,MAR_land,MAR_ice,RACMO_land,RACMO_ice
2015-01-01,0.000000,1.259850,0.228591,3.499615
2015-01-02,0.000000,1.252281,0.223098,3.479709
2015-01-03,0.000000,1.176768,0.218193,3.440793
2015-01-04,0.000000,1.175292,0.215688,3.442111
2015-01-05,0.000000,1.175505,0.213185,3.484551
2015-01-06,0.000000,1.127880,0.208043,3.409405
2015-01-07,0.000000,1.127950,0.203632,3.468881
2015-01-08,0.000000,1.129166,0.203561,3.396256
2015-01-09,0.000000,1.539928,0.196914,3.406337
2015-01-10,0.000000,2.762717,0.194446,3.370910
2015-01-11,0.000000,2.637705,0.191367,3.401884
2015-01-12,0.000000,2.925329,0.190463,3.392231
2015-01-13,0.000000,3.024068,0.183390,3.370687
2015-01-14,0.000000,3.035613,0.181812,3.347373
2015-01-15,0.000000,3.127706,0.176234,3.398280
2015-01-16,0.000000,3.141013,0.175445,3.401276
2015-01-17,0.000000,3.142604,0.173575,3.389503
2015-01-18,0.000000,3.143189,0.435791,3.421449
2015-01-19,0.000000,3.143946,0.202355,3.355716
2015-01-20,0.000000,3.143566,0.162563,3.302713
2015-01-21,0.000000,3.141094,0.160594,3.342821
2015-01-22,0.000000,3.142644,0.155801,3.320312
2015-01-23,0.000000,3.143120,0.155401,3.330422
2015-01-24,0.000000,3.143511,0.153154,3.327630
2015-01-25,0.000000,3.143560,0.148645,3.344347
2015-01-26,0.000000,3.142221,0.146924,3.316971
2015-01-27,0.000000,3.143971,0.146386,3.309804
2015-01-28,0.000000,3.144010,0.141088,3.288304
2015-01-29,0.000000,3.144076,0.140272,3.287055
2015-01-30,0.000000,3.143417,0.138193,3.299287
2015-01-31,0.000000,3.143417,0.135257,3.268019
2015-02-01,0.000000,3.141561,0.133504,3.289719
2015-02-02,0.000000,3.142606,0.130248,3.414083
2015-02-03,0.000000,3.143094,0.149039,3.549251
2015-02-04,0.000000,3.143205,0.169616,3.267315
2015-02-05,0.000000,3.143418,0.126337,3.259285
2015-02-06,0.000000,3.140885,0.121632,3.251587
2015-02-07,0.000152,3.142137,2.531652,3.608068
2015-02-08,0.000087,3.159106,0.124753,3.208944
2015-02-09,0.000117,3.264154,0.118043,3.231786
2015-02-10,0.000122,3.307188,0.115502,3.269183
2015-02-11,0.000101,3.306661,0.113893,3.221612
2015-02-12,0.000101,3.308329,0.115006,3.214616
2015-02-13,0.000103,3.036477,0.110171,3.225579
2015-02-14,0.000119,2.344442,0.109446,3.198010
2015-02-15,0.000087,2.528035,0.107413,3.219080
2015-02-16,0.000120,3.140680,0.107197,3.184078
2015-02-17,0.000083,3.258272,0.104940,3.216736
2015-02-18,0.000093,3.294604,0.104656,3.185426
2015-02-19,0.000081,3.294799,0.101261,3.163849
2015-02-20,0.000125,3.294908,0.101250,3.176848
2015-02-21,0.000091,3.294039,0.102293,3.155574
2015-02-22,0.000269,3.295627,0.098892,3.155428
2015-02-23,0.000000,3.252267,0.097456,3.187654
2015-02-24,0.000000,2.024234,0.098208,3.141575
2015-02-25,0.000000,2.754301,0.095213,3.198735
2015-02-26,0.000000,3.173976,0.093129,3.144364
2015-02-27,0.000000,3.267679,0.093119,3.102042
2015-02-28,0.000000,3.289252,0.092340,3.178620
2015-03-01,0.000000,3.287490,0.091408,3.141138
2015-03-02,0.000000,3.289151,0.089324,3.108224
2015-03-03,0.000000,3.289252,0.090082,4.979115
2015-03-04,0.000000,3.290884,0.087570,3.105439
2015-03-05,0.000000,3.292042,0.087998,3.099049
2015-03-06,0.000000,3.290149,0.084324,3.124795
2015-03-07,0.000000,3.292168,0.085634,3.069152
2015-03-08,0.000000,3.292781,0.085750,3.089937
2015-03-09,0.000000,3.293139,0.082887,3.062459
2015-03-10,0.000000,3.293878,0.081950,3.039735
2015-03-11,0.000000,3.291097,0.079986,3.041367
2015-03-12,0.000000,3.292754,0.081556,3.076275
2015-03-13,0.000000,3.292784,0.079592,3.016793
2015-03-14,0.000000,3.294150,0.077618,3.009924
2015-03-15,0.000000,3.294908,0.077618,3.009610
2015-03-16,0.000000,3.291427,0.076297,3.008863
2015-03-17,0.000000,3.292808,0.078510,2.978058
2015-03-18,0.000000,3.292763,0.074860,2.982373
2015-03-19,0.000000,3.292869,0.074860,2.974283
2015-03-20,0.000000,3.289986,0.073934,2.988051
2015-03-21,0.000000,3.287085,0.073928,2.998099
2015-03-22,0.000000,3.288022,0.071570,2.960350
2015-03-23,0.000000,3.287232,0.077780,2.966086
2015-03-24,0.000000,3.287223,0.071692,2.950068
2015-03-25,0.000000,3.287175,0.069202,2.962578
2015-03-26,0.000000,3.285528,0.070244,2.976634
2015-03-27,0.000000,3.283972,0.068275,2.936748
2015-03-28,0.000000,3.283119,0.069196,2.953097
2015-03-29,0.000000,3.282689,0.066954,2.983233
2015-03-30,0.000000,2.822097,0.067875,2.928059
2015-03-31,0.000000,3.123648,0.065906,2.924229
2015-04-01,0.000000,3.213905,0.065512,2.943810
2015-04-02,0.000000,3.262065,0.064980,2.944117
2015-04-03,0.000000,3.266330,0.065512,2.943789
2015-04-04,0.000000,3.266402,0.062588,2.927131
2015-04-05,0.000000,3.266514,0.062344,2.925571
2015-04-06,0.000000,3.264883,0.061063,2.888592
2015-04-07,0.000000,3.266525,0.062217,2.955874
2015-04-08,0.000000,3.266323,0.059859,2.897175
2015-04-09,0.000000,3.266402,0.061012,2.927377
2015-04-10,0.000000,3.267566,0.060253,2.862405
2015-04-11,0.000000,3.266478,0.057391,2.964878
2015-04-12,0.000000,3.268730,0.057600,2.889839
2015-04-13,0.000000,3.268982,0.058799,3.454230
2015-04-14,0.000000,3.269300,0.166605,7.693789
2015-04-15,0.000000,3.270009,0.422534,4.344149
2015-04-16,0.000000,3.267435,0.063337,4.789400
2015-04-17,0.000000,3.268999,0.056458,2.975935
2015-04-18,0.000000,3.268943,0.313291,3.907154
2015-04-19,0.000000,3.269254,0.348945,2.868642
2015-04-20,0.000000,3.269498,0.068738,4.845773
2015-04-21,0.000000,3.266431,0.052874,2.835428
2015-04-22,0.000000,3.267955,0.213695,9.252468
2015-04-23,0.000000,3.267996,0.640601,6.287955
2015-04-24,0.000000,3.268064,0.070871,2.886918
2015-04-25,0.000000,3.265749,0.051942,2.816877
2015-04-26,0.000000,3.262579,0.064661,2.835790
2015-04-27,0.000000,3.263422,0.077431,2.814810
2015-04-28,0.000000,3.263430,0.323433,2.849960
2015-04-29,0.000000,3.263744,2.573333,2.797509
2015-04-30,0.000000,3.264501,2.306083,5.078266
2015-05-01,0.000000,3.261882,0.523236,2.806043
2015-05-02,0.000000,3.261450,0.047610,2.779168
2015-05-03,0.000000,3.260497,0.227626,4.915751
2015-05-04,0.000000,3.259399,2.401647,6.434915
2015-05-05,0.000000,3.259552,1.862261,5.880867
2015-05-06,0.000000,3.257794,3.985883,5.593500
2015-05-07,0.000000,3.258266,4.441213,6.501451
2015-05-08,0.000000,3.255736,3.893684,7.966802
2015-05-09,0.000000,3.255265,6.591586,7.631857
2015-05-10,0.000000,3.255658,6.906791,8.287004
2015-05-11,0.000000,3.253353,1.860041,4.633537
2015-05-12,0.000000,3.255102,0.358669,5.013659
2015-05-13,0.000000,3.254350,0.332735,4.313707
2015-05-14,0.000000,3.251906,1.276481,8.225188
2015-05-15,0.000000,3.252095,2.787437,7.066604
2015-05-16,0.000000,3.248749,4.298510,4.836265
2015-05-17,0.000000,3.251064,5.065238,4.123687
2015-05-18,0.000000,3.266393,9.223131,3.998392
2015-05-19,0.000000,3.264081,0.937762,3.655185
2015-05-20,0.672654,3.256271,5.918448,5.295977
2015-05-21,4.341918,3.241073,7.892717,4.088727
2015-05-22,0.942876,3.239009,0.413809,2.741201
2015-05-23,7.713641,3.414273,2.537266,5.143187
2015-05-24,11.073271,4.450582,3.563891,4.332831
2015-05-25,19.207968,8.197684,2.753532,6.054886
2015-05-26,12.800510,11.351390,3.701994,4.391568
2015-05-27,20.839653,14.659024,4.608175,4.239891
2015-05-28,5.844937,10.795651,5.974701,4.969627
2015-05-29,2.633889,4.537654,2.566924,5.982491
2015-05-30,3.250276,3.383662,1.173549,5.152451
2015-05-31,2.425291,3.306862,1.040379,5.278660
2015-06-01,7.808461,3.448405,0.449363,6.924570
2015-06-02,17.657285,8.412154,0.907252,5.091382
2015-06-03,20.857988,16.341921,1.712895,4.378358
2015-06-04,22.023898,23.800502,2.859359,4.911444
2015-06-05,21.894756,27.020507,4.458814,4.998894
2015-06-06,21.624973,27.569543,7.378030,4.930959
2015-06-07,37.557515,50.961136,8.750666,6.612755
2015-06-08,30.630787,57.302931,8.246169,6.678306
2015-06-09,42.388531,80.359631,9.869056,7.533912
2015-06-10,32.073620,82.643446,10.590061,7.405675
2015-06-11,21.530982,68.095619,12.335360,7.511689
2015-06-12,42.025654,85.248808,10.603694,9.007369
2015-06-13,30.930624,91.991972,11.268807,8.062981
2015-06-14,33.061778,80.525126,16.419168,10.587226
2015-06-15,45.362334,82.641805,16.045101,32.096712
2015-06-16,93.042413,152.706115,12.292940,57.118290
2015-06-17,57.265002,186.653157,8.929304,58.485907
2015-06-18,52.272281,165.579927,10.372403,56.752075
2015-06-19,58.904622,183.099226,10.805407,46.595669
2015-06-20,36.660808,157.614158,13.500698,66.374477
2015-06-21,44.527502,168.048853,13.198543,68.234147
2015-06-22,47.230921,212.784289,13.340475,94.305330
2015-06-23,55.025042,244.332274,13.368065,122.002959
2015-06-24,55.646198,246.673046,13.635953,119.092205
2015-06-25,50.133873,253.337617,13.176228,121.795239
2015-06-26,59.880832,265.356103,15.061116,128.513625
2015-06-27,83.445033,347.843933,17.901639,179.073514
2015-06-28,75.793798,382.252242,14.410762,172.765670
2015-06-29,57.914654,385.799951,14.788830,186.366114
2015-06-30,37.553969,298.751685,11.758027,164.011893
2015-07-01,41.494340,265.441390,12.662163,197.116255
2015-07-02,51.935670,283.785354,13.290308,232.080291
2015-07-03,38.749589,287.797779,12.892136,221.860265
2015-07-04,47.445728,358.727413,7.641954,211.813939
2015-07-05,41.345249,430.917910,9.480635,315.012082
2015-07-06,40.662391,502.256057,4.730419,295.816170
2015-07-07,27.817587,610.745339,6.726608,344.503478
2015-07-08,14.897287,405.613280,6.143983,289.660011
2015-07-09,15.445953,347.849944,4.901778,266.922057
2015-07-10,14.567055,302.808707,3.339367,117.247091
2015-07-11,13.304155,306.962135,3.976151,242.632969
2015-07-12,15.071416,285.922450,3.774494,221.597626
2015-07-13,11.383819,294.132101,3.823815,263.075496
2015-07-14,11.650378,348.799564,4.936601,338.933230
2015-07-15,10.679148,364.941802,4.986802,325.705200
2015-07-16,13.099653,409.396292,4.378231,346.213751
2015-07-17,13.560004,495.441390,3.153469,302.670520
2015-07-18,7.661561,439.141014,2.681854,304.890779
2015-07-19,7.523534,371.919656,2.802973,290.956058
2015-07-20,8.610004,381.508424,2.861983,304.077304
2015-07-21,6.072381,337.892222,2.649248,244.494636
2015-07-22,7.967020,329.123516,2.666182,267.864031
2015-07-23,7.200630,313.139693,2.796048,253.036091
2015-07-24,6.259618,303.492531,2.359232,222.447871
2015-07-25,3.499696,299.737360,3.084536,288.122684
2015-07-26,2.547040,252.139115,3.049184,266.985368
2015-07-27,5.036504,260.529130,2.931676,187.184612
2015-07-28,6.850641,324.058216,3.838581,235.036755
2015-07-29,2.673228,266.856456,3.806303,227.833088
2015-07-30,2.614666,236.437836,3.968082,216.709766
2015-07-31,2.435744,227.441529,3.946759,197.665487
2015-08-01,2.828624,251.321920,3.919608,195.317689
2015-08-02,9.382481,461.169033,4.215205,270.552261
2015-08-03,12.387690,566.899091,3.531681,268.529960
2015-08-04,4.174187,415.105641,3.843573,282.787633
2015-08-05,3.327857,330.808050,3.488708,243.581435
2015-08-06,2.507019,272.290463,3.705079,197.245099
2015-08-07,2.594946,240.200216,3.343365,192.009374
2015-08-08,3.298362,263.857880,3.292280,197.162298
2015-08-09,8.408696,540.466521,3.706060,483.930668
2015-08-10,7.680038,717.518812,3.289758,373.006949
2015-08-11,4.938246,581.056932,2.962098,309.628856
2015-08-12,47.909735,385.851171,4.103080,241.302375
2015-08-13,2.865395,311.054488,2.965351,201.235188
2015-08-14,2.585633,256.633195,2.657118,182.790152
2015-08-15,2.656495,230.038762,2.513259,155.696543
2015-08-16,2.324715,215.439426,2.759949,177.137064
2015-08-17,1.742644,181.691351,2.192544,131.825054
2015-08-18,1.969884,156.285902,2.473878,135.937708
2015-08-19,2.221304,160.095509,2.550013,181.866343
2015-08-20,3.251648,212.454714,2.320522,181.206137
2015-08-21,2.176801,194.527684,2.181323,108.989387
2015-08-22,3.358494,221.881601,2.519460,206.962935
2015-08-23,2.748699,225.468812,2.286804,194.529150
2015-08-24,2.825063,220.052280,1.962113,125.250359
2015-08-25,2.203307,191.780016,2.027541,107.672130
2015-08-26,3.561261,219.302601,2.104932,109.460250
2015-08-27,2.180498,197.698277,1.792411,58.318306
2015-08-28,1.855544,138.958842,2.288281,84.462709
2015-08-29,4.691645,242.613484,2.545021,278.393000
2015-08-30,13.394843,357.732110,3.091816,245.056270
2015-08-31,20.962530,412.101755,3.155533,187.511627
2015-09-01,9.366304,187.017063,2.510163,138.294013
2015-09-02,40.240271,319.577991,2.693250,201.889063
2015-09-03,2.750549,204.604174,2.761851,297.986732
2015-09-04,29.712073,432.605807,3.286543,345.169240
2015-09-05,17.798763,232.509355,2.737107,211.806883
2015-09-06,53.678626,594.715565,7.797252,323.106377
2015-09-07,82.221542,567.251142,9.583485,241.268582
2015-09-08,2.820068,279.712673,1.303553,95.984479
2015-09-09,1.114515,140.833973,0.780911,24.250233
2015-09-10,4.455749,176.802283,1.215040,57.903065
2015-09-11,2.552449,114.548357,0.983918,13.613965
2015-09-12,9.556500,173.969938,0.932353,18.137335
2015-09-13,0.007731,87.672925,0.932879,10.611017
2015-09-14,0.008206,51.990999,0.817686,12.221384
2015-09-15,0.006002,50.632799,0.936150,10.992155
2015-09-16,0.009580,43.195976,1.440778,10.500574
2015-09-17,0.149895,39.650386,1.319222,12.797998
2015-09-18,14.405430,33.912794,2.311624,28.795905
2015-09-19,24.342236,17.571727,1.408373,38.202058
2015-09-20,8.910385,10.598766,0.906522,18.997409
2015-09-21,9.079113,10.077662,1.858306,12.917337
2015-09-22,11.490187,53.501724,1.242917,38.149502
2015-09-23,0.484754,35.883607,0.711639,9.876137
2015-09-24,16.785796,29.217876,1.656765,14.472911
2015-09-25,0.520915,24.051670,0.794804,10.502382
2015-09-26,1.310608,13.517245,0.718302,8.407149
2015-09-27,0.378765,8.935121,0.802489,6.126204
2015-09-28,3.745612,9.357267,1.141890,5.052165
2015-09-29,7.963004,5.781404,0.885878,3.757458
2015-09-30,0.241875,3.256737,0.826611,6.298278
2015-10-01,0.003136,5.028310,0.720894,5.127370
2015-10-02,0.002520,5.218966,0.709535,3.608890
2015-10-03,0.003930,3.459328,0.707783,3.464937
2015-10-04,0.003241,3.067246,0.707483,3.530384
2015-10-05,0.003158,3.383482,0.702406,3.478233
2015-10-06,0.548860,3.246737,0.701609,4.252148
2015-10-07,2.983877,5.810954,0.698145,3.590341
2015-10-08,0.281445,5.864098,0.754769,3.783761
2015-10-09,8.516125,3.615844,1.082141,3.380168
2015-10-10,21.973886,8.412394,1.231101,3.446004
2015-10-11,50.923757,16.859330,3.609412,4.336478
2015-10-12,34.708094,62.422573,1.963627,4.424285
2015-10-13,4.604550,29.924803,0.871830,3.363920
2015-10-14,0.846654,5.742890,0.951707,4.474916
2015-10-15,13.516453,18.095624,1.567665,4.925429
2015-10-16,1.165413,10.044749,1.094530,4.387105
2015-10-17,0.347005,5.139518,0.806933,3.337788
2015-10-18,0.033785,4.586131,0.735405,3.331548
2015-10-19,0.012780,4.505080,0.743591,3.302280
2015-10-20,0.014082,4.531325,0.746740,3.300366
2015-10-21,0.008148,4.574319,0.749583,3.311278
2015-10-22,0.010907,4.609665,0.751009,3.296550
2015-10-23,0.002932,4.548311,0.747347,3.288921
2015-10-24,0.004176,4.539252,0.747014,3.278808
2015-10-25,0.003456,4.206218,0.741478,3.259560
2015-10-26,0.003953,2.532401,1.192812,3.270896
2015-10-27,0.008259,2.751357,1.241942,3.254183
2015-10-28,0.005562,3.541644,0.765394,3.246308
2015-10-29,0.004550,3.742275,2.009315,3.649877
2015-10-30,6.312873,3.915929,1.349699,3.578524
2015-10-31,5.963670,4.132979,1.080148,3.233969
2015-11-01,0.898624,4.125169,0.960099,3.229667
2015-11-02,0.068065,4.101890,0.769230,3.222348
2015-11-03,0.080428,4.131772,0.758911,3.202548
2015-11-04,0.052521,4.195123,0.764940,3.205056
2015-11-05,0.025783,4.223973,0.783964,3.196291
2015-11-06,0.004930,4.214645,0.843886,3.193115
2015-11-07,0.004418,4.217574,0.753992,3.157233
2015-11-08,0.005446,4.177262,0.749988,3.184926
2015-11-09,0.006042,4.257834,0.747520,3.158522
2015-11-10,0.006808,4.228479,0.742567,3.164446
2015-11-11,0.006098,4.205285,0.732393,3.181722
2015-11-12,0.004746,3.359452,0.730518,3.161070
2015-11-13,0.003850,2.593723,0.725792,3.147071
2015-11-14,0.005329,2.583241,0.715498,3.145334
2015-11-15,0.006178,2.757363,0.709413,3.118943
2015-11-16,0.005916,2.657396,0.704555,3.107237
2015-11-17,0.004716,2.429344,0.694964,3.122271
2015-11-18,0.003160,2.311292,0.688286,3.113000
2015-11-19,0.003589,2.148615,0.681670,3.101715
2015-11-20,0.005448,2.134109,0.736630,3.228565
2015-11-21,0.005799,2.126987,0.664765,3.091861
2015-11-22,0.005861,2.134387,0.659164,3.087779
2015-11-23,0.010455,2.103932,0.649302,3.076328
2015-11-24,0.003926,2.101238,0.645259,3.062530
2015-11-25,0.005537,2.100536,0.642385,3.054067
2015-11-26,0.006730,2.099633,0.625161,3.052318
2015-11-27,0.007289,2.100755,0.618655,3.067673
2015-11-28,0.005940,2.026115,0.610014,3.052955
2015-11-29,0.006445,1.983401,0.601767,3.073915
2015-11-30,0.007453,1.972825,0.594453,3.071966
2015-12-01,0.005964,1.938384,0.586384,3.046167
2015-12-02,0.011200,1.939319,0.577039,3.095067
2015-12-03,0.011624,1.939461,0.569619,3.030390
2015-12-04,0.004027,1.939494,0.562184,3.035007
2015-12-05,0.003982,1.939403,0.553495,3.024955
2015-12-06,0.004038,1.938385,0.545575,4.350500
2015-12-07,0.004244,1.939361,0.535731,3.058467
2015-12-08,0.006215,1.939474,0.529000,2.994067
2015-12-09,0.003498,1.939835,0.527089,3.032087
2015-12-10,0.002215,1.940219,0.514249,3.002949
2015-12-11,0.002175,1.939207,0.505504,3.004419
2015-12-12,0.002734,1.939942,0.500041,3.020641
2015-12-13,0.004665,1.938311,0.491633,3.018402
2015-12-14,0.004052,1.936248,0.482070,2.964477
2015-12-15,0.002625,1.933463,0.477398,2.965510
2015-12-16,0.001116,1.930912,0.469894,3.004148
2015-12-17,0.001419,1.931758,0.501055,2.945922
2015-12-18,0.001803,1.931902,0.456839,2.990297
2015-12-19,0.003349,1.931918,0.449230,2.940968
2015-12-20,0.003797,1.931917,0.443052,3.008696
2015-12-21,0.003742,1.930846,0.437811,2.933022
2015-12-22,0.002361,1.931760,0.431891,2.924457
2015-12-23,0.000845,1.931886,0.423097,2.956230
2015-12-24,0.002239,1.931945,0.419815,2.948836
2015-12-25,0.000766,1.931148,0.412825,2.897674
2015-12-26,0.002233,1.928335,0.408012,2.983789
2015-12-27,0.005348,1.929063,0.401130,2.905278
2015-12-28,0.005817,1.929191,0.396633,2.942810
2015-12-29,0.003010,1.927944,0.391684,2.920066
2015-12-30,0.002978,1.289505,0.384108,2.913796
2015-12-31,0.000850,1.330939,0.380757,2.907213
2016-01-01,0.000000,0.153444,0.372183,2.884259
2016-01-02,0.000000,0.561924,0.372067,2.905632
2016-01-03,0.000000,0.678684,0.365689,2.862614
2016-01-04,0.000000,0.434621,0.358139,2.887912
2016-01-05,0.000000,0.192171,0.355400,2.887436
2016-01-06,0.000000,0.154671,0.351950,2.877711
2016-01-07,0.000000,0.141668,0.593444,2.882528
2016-01-08,0.000000,0.127414,0.390693,2.847318
2016-01-09,0.000000,0.159523,0.337069,2.798663
2016-01-10,0.000000,0.208204,0.330928,2.814459
2016-01-11,0.000000,0.286139,0.328461,2.815184
2016-01-12,0.000000,0.615789,0.325782,2.787248
2016-01-13,0.000000,0.678545,0.318532,2.847941
2016-01-14,0.000000,0.691894,0.316247,2.775457
2016-01-15,0.000000,0.859574,0.314101,2.839512
2016-01-16,0.000000,0.880717,0.374138,2.812284
2016-01-17,0.000000,0.732872,0.304671,2.782225
2016-01-18,0.000000,0.588733,0.301810,2.821931
2016-01-19,0.000000,0.588584,0.726812,2.773766
2016-01-20,0.000000,0.588254,1.776561,2.827140
2016-01-21,0.000000,0.554035,3.061958,2.818739
2016-01-22,0.000000,0.477347,1.287186,2.795151
2016-01-23,0.000000,0.492107,0.287876,2.763780
2016-01-24,0.000000,0.546936,0.286370,2.741178
2016-01-25,0.000000,0.548498,0.283005,2.756645
2016-01-26,0.000000,0.547214,0.281547,2.711183
2016-01-27,0.000000,0.674354,0.277870,2.707592
2016-01-28,0.151083,0.638741,0.276228,2.701755
2016-01-29,0.180745,0.621607,0.274403,2.680414
2016-01-30,0.153068,0.613078,0.272834,2.687100
2016-01-31,0.137532,0.612303,0.270510,6.962403
2016-02-01,0.116116,0.611518,0.269085,2.671911
2016-02-02,0.106339,0.322217,0.266906,2.672967
2016-02-03,0.096504,0.235209,0.265816,2.700690
2016-02-04,0.090681,0.234142,0.263798,2.681277
2016-02-05,0.083060,0.232737,0.262408,2.662858
2016-02-06,0.081183,0.231943,0.257079,2.647164
2016-02-07,0.081993,0.231137,0.260511,2.678800
2016-02-08,0.079059,0.231250,0.254740,2.649333
2016-02-09,0.064488,0.229701,0.253943,2.647416
2016-02-10,0.061769,0.230246,0.250444,2.656980
2016-02-11,0.059223,0.230394,0.250160,2.627281
2016-02-12,0.062725,0.230797,0.248908,2.674089
2016-02-13,0.060811,0.230749,0.246261,2.647882
2016-02-14,0.058776,0.231252,0.247528,2.613473
2016-02-15,0.057754,0.231821,0.243916,2.645236
2016-02-16,0.055822,0.231819,0.238589,2.625537
2016-02-17,0.053824,0.234516,0.238434,2.648001
2016-02-18,0.052527,0.222702,0.238369,2.591984
2016-02-19,0.052811,0.212402,0.233654,2.611445
2016-02-20,0.054835,0.214809,0.235929,2.648180
2016-02-21,0.053268,0.214735,0.231225,2.611334
2016-02-22,0.044902,0.214378,0.230990,2.616180
2016-02-23,0.044125,0.216262,0.229394,2.617674
2016-02-24,0.043967,0.221491,0.232471,2.605252
2016-02-25,0.044004,0.226397,0.224036,2.582089
2016-02-26,0.043166,0.225920,0.225605,2.571955
2016-02-27,0.043014,0.215660,0.222427,2.563632
2016-02-28,0.043143,0.214519,0.560361,2.564170
2016-02-29,0.043458,0.215056,0.344216,2.577529
2016-03-01,0.043117,0.213796,0.219837,2.555309
2016-03-02,0.007209,0.212557,0.213427,2.560161
2016-03-03,0.000000,0.214161,0.220282,2.600604
2016-03-04,0.000000,0.271856,0.246987,2.534509
2016-03-05,0.000000,0.403965,0.210992,2.569975
2016-03-06,0.000000,0.461471,0.209417,2.552866
2016-03-07,0.000000,0.425846,0.206905,2.578420
2016-03-08,0.000000,0.335619,0.205169,2.516084
2016-03-09,0.000000,0.326531,0.204541,2.546480
2016-03-10,0.000000,0.322704,0.205357,2.529380
2016-03-11,0.000000,0.314264,0.200963,2.541301
2016-03-12,0.000000,0.290538,0.199926,2.520659
2016-03-13,0.000000,0.246874,0.199438,2.510051
2016-03-14,0.000000,0.154005,0.197385,2.514419
2016-03-15,0.000000,0.153930,0.196165,2.495457
2016-03-16,0.000000,0.155110,0.193807,2.489462
2016-03-17,0.000000,0.162167,1.357753,2.946521
2016-03-18,0.000000,0.163441,3.659600,3.383652
2016-03-19,0.000000,0.164112,0.208981,2.506921
2016-03-20,0.000000,0.164807,0.191169,2.512596
2016-03-21,0.000000,0.182025,0.218224,2.480769
2016-03-22,0.000000,0.191673,0.185435,2.493457
2016-03-23,0.000000,0.194885,0.215200,2.488146
2016-03-24,0.000000,0.197065,0.185120,2.535511
2016-03-25,0.000000,0.197445,0.183903,2.475740
2016-03-26,0.000000,0.197187,0.181963,2.487493
2016-03-27,0.000000,0.197940,0.180532,2.454527
2016-03-28,0.000000,0.198065,0.181569,2.461846
2016-03-29,0.000000,0.197856,0.178385,2.486221
2016-03-30,0.000000,0.198210,0.177470,2.462526
2016-03-31,0.000000,0.242018,0.177708,2.471686
2016-04-01,0.000000,0.386348,0.175739,2.450706
2016-04-02,0.000000,0.415331,0.175739,2.480752
2016-04-03,0.000000,0.425260,0.310930,2.444031
2016-04-04,0.000000,0.430871,0.229534,3.218144
2016-04-05,0.000000,0.429222,0.560251,2.804646
2016-04-06,0.000000,0.426007,0.173705,2.473245
2016-04-07,0.000000,0.426765,0.253506,2.433332
2016-04-08,0.000000,0.427238,0.627701,3.531439
2016-04-09,0.000000,0.426942,0.215487,3.797594
2016-04-10,0.000000,0.429101,0.356631,6.011767
2016-04-11,0.000000,0.428814,0.828916,3.559949
2016-04-12,0.000000,0.429564,1.352084,3.393418
2016-04-13,0.000000,0.428617,0.817513,3.463657
2016-04-14,0.000000,0.429373,0.982199,3.619547
2016-04-15,0.000000,0.428349,1.680973,3.329157
2016-04-16,0.000000,0.428824,0.933628,4.389988
2016-04-17,0.000000,0.439497,0.272424,2.410825
2016-04-18,0.000000,0.508870,0.184375,2.424808
2016-04-19,0.000000,0.663156,0.273000,5.684123
2016-04-20,0.000000,0.685764,0.192491,2.655673
2016-04-21,0.000000,0.691683,0.261351,5.364978
2016-04-22,0.000000,0.690575,1.141862,4.329300
2016-04-23,0.000000,0.692655,1.640074,3.416885
2016-04-24,0.000000,0.692190,1.631447,3.565086
2016-04-25,0.000000,0.695859,1.541830,3.514984
2016-04-26,0.000000,0.698353,1.759611,3.441811
2016-04-27,1.192256,0.720031,1.104941,5.638848
2016-04-28,1.745779,1.949383,0.320395,3.727131
2016-04-29,2.441244,2.573082,0.527145,4.213800
2016-04-30,0.458749,2.691505,0.284777,4.191262
2016-05-01,3.966809,2.758708,0.593195,5.693036
2016-05-02,3.854777,2.743704,0.463705,4.968638
2016-05-03,5.398577,2.825369,0.483666,4.112218
2016-05-04,6.003264,2.986322,0.442422,4.153276
2016-05-05,7.716909,3.322356,0.644305,3.834505
2016-05-06,7.163243,3.686279,0.784520,3.767055
2016-05-07,7.017185,3.854579,1.781003,3.597257
2016-05-08,8.958919,4.258035,2.053942,3.589678
2016-05-09,10.456996,4.478288,3.120960,3.427178
2016-05-10,29.572974,10.626986,2.257068,3.361650
2016-05-11,36.872636,21.173320,3.049686,3.234736
2016-05-12,32.658941,28.809872,2.615707,3.755061
2016-05-13,24.244009,29.496251,2.967653,3.831952
2016-05-14,30.729767,45.411790,3.843944,3.715630
2016-05-15,35.314295,73.476045,4.082709,4.115429
2016-05-16,13.278157,51.537154,2.113547,6.735374
2016-05-17,24.471343,31.799051,2.155586,5.864899
2016-05-18,17.724912,34.491649,1.669440,5.775036
2016-05-19,31.409694,44.959347,2.718281,5.454142
2016-05-20,25.468013,54.118614,2.344867,3.880450
2016-05-21,15.906885,44.136746,2.585626,7.322731
2016-05-22,24.982957,44.352536,2.630494,6.651554
2016-05-23,23.552624,44.481180,2.564171,5.984335
2016-05-24,25.722258,47.492776,2.933791,5.781154
2016-05-25,23.707289,56.212311,3.676576,8.538216
2016-05-26,26.841439,56.055783,3.861881,5.393574
2016-05-27,18.528622,40.872141,3.319046,5.647757
2016-05-28,20.124963,29.910449,3.542530,5.844299
2016-05-29,19.849886,32.968462,3.946567,5.549012
2016-05-30,17.142950,29.419490,2.830919,10.008468
2016-05-31,25.521137,30.434153,3.739218,11.008332
2016-06-01,29.187598,43.988862,5.192616,5.372471
2016-06-02,51.259653,60.834615,7.524948,12.017442
2016-06-03,93.864351,271.190168,11.306790,42.722010
2016-06-04,52.274847,213.346333,5.897944,85.706302
2016-06-05,36.596256,182.968741,5.216421,55.651298
2016-06-06,48.230269,183.716165,5.791210,60.127121
2016-06-07,53.034149,188.691702,6.245472,52.522124
2016-06-08,69.597744,231.441491,9.216655,66.032403
2016-06-09,224.584103,628.981628,27.156788,138.713130
2016-06-10,246.707691,1134.239048,34.728212,253.900029
2016-06-11,80.934486,702.867776,21.803316,155.684695
2016-06-12,119.920814,544.359896,25.164849,193.117320
2016-06-13,55.628122,429.138951,18.292128,185.772668
2016-06-14,49.086278,303.733565,15.961583,161.257197
2016-06-15,46.493221,292.502689,14.602091,153.136591
2016-06-16,31.201490,219.821077,13.962936,130.768566
2016-06-17,48.123354,145.109617,12.772604,67.843617
2016-06-18,184.375486,436.670516,23.275329,279.907238
2016-06-19,154.600846,841.848777,23.645204,352.119859
2016-06-20,96.808078,660.388754,16.043746,308.285835
2016-06-21,58.649090,387.150786,13.362334,250.239479
2016-06-22,57.926514,342.589377,14.054961,268.336869
2016-06-23,61.291863,402.093750,15.678587,364.328295
2016-06-24,50.226497,351.486511,13.698584,284.637753
2016-06-25,51.462031,354.512295,13.110868,282.129349
2016-06-26,61.543339,357.897505,13.437186,279.400321
2016-06-27,71.357507,389.752280,14.470754,357.454642
2016-06-28,50.626220,376.280351,12.603290,231.373642
2016-06-29,53.265782,324.558140,13.200887,308.468519
2016-06-30,52.952910,353.096911,14.911568,362.031862
2016-07-01,45.180289,326.380525,12.914808,296.704132
2016-07-02,42.911973,329.019846,13.339425,285.776798
2016-07-03,43.137016,355.347434,12.739047,278.687042
2016-07-04,35.773085,327.318322,13.558139,272.769901
2016-07-05,31.607979,291.417221,14.910071,228.063907
2016-07-06,54.899547,371.356760,20.716679,421.754019
2016-07-07,28.286214,343.548439,17.558197,349.609309
2016-07-08,25.697264,305.535480,19.322721,345.932013
2016-07-09,25.478280,284.977196,17.979117,221.532553
2016-07-10,24.541876,273.746365,17.534211,271.269266
2016-07-11,30.581593,333.472894,14.756172,271.053823
2016-07-12,31.543602,322.484071,14.428848,289.222072
2016-07-13,38.795977,346.167680,12.746130,223.932815
2016-07-14,61.325058,341.021054,12.250534,233.678228
2016-07-15,67.764974,566.846574,12.198298,287.533113
2016-07-16,40.434215,594.978067,11.587071,305.659694
2016-07-17,19.572927,514.715831,13.148906,448.050567
2016-07-18,17.359229,423.840356,12.085997,341.195348
2016-07-19,18.820203,455.852895,11.635345,336.675451
2016-07-20,17.150165,457.737714,11.913343,316.288559
2016-07-21,16.353571,415.808115,12.447432,306.146091
2016-07-22,19.745849,454.293951,13.489291,401.912033
2016-07-23,21.943664,518.811444,14.779872,494.667046
2016-07-24,20.146008,490.797359,15.361362,332.357053
2016-07-25,20.507842,512.091121,15.181873,339.182108
2016-07-26,14.591056,430.337998,14.654689,303.133535
2016-07-27,13.913702,392.345389,14.203305,311.307880
2016-07-28,15.851842,422.954772,13.867375,316.971081
2016-07-29,14.468387,434.730064,13.208483,284.055577
2016-07-30,11.408126,378.451805,12.378105,235.970318
2016-07-31,12.866634,394.675859,12.005908,219.007702
2016-08-01,8.707600,356.592139,11.860123,215.737157
2016-08-02,6.198075,305.339609,11.902329,248.799642
2016-08-03,6.057472,321.409820,11.289742,249.188601
2016-08-04,5.287492,310.639701,10.558285,224.799718
2016-08-05,4.557278,274.731546,10.892813,202.649076
2016-08-06,5.433479,289.923803,12.279390,205.603511
2016-08-07,7.743503,396.971378,14.071707,266.512712
2016-08-08,6.765913,416.662256,13.151389,275.447247
2016-08-09,11.793193,384.693637,13.005711,329.540755
2016-08-10,14.125181,455.002307,11.685454,288.285633
2016-08-11,7.538925,453.897176,9.940304,299.610618
2016-08-12,7.164810,357.725639,8.814030,257.466557
2016-08-13,9.334256,321.916870,7.151519,190.952241
2016-08-14,44.560635,429.637258,8.927767,432.717002
2016-08-15,36.314826,736.561596,7.629162,451.264522
2016-08-16,5.597267,469.478090,5.477898,244.015554
2016-08-17,12.667174,383.051364,5.106449,243.767250
2016-08-18,13.401406,470.282542,4.806302,213.090428
2016-08-19,14.215877,503.305274,5.104595,306.378780
2016-08-20,2.412202,307.410377,4.917335,233.985702
2016-08-21,2.541849,238.065725,4.408118,187.698084
2016-08-22,3.285548,283.242640,4.204044,180.175358
2016-08-23,3.000032,301.202046,4.054083,206.577643
2016-08-24,2.827779,280.882333,3.692604,181.396733
2016-08-25,2.857345,268.026310,3.640706,159.015562
2016-08-26,3.635380,268.931663,3.654662,118.906263
2016-08-27,5.966456,275.669169,3.228220,192.019590
2016-08-28,1.865369,202.082338,3.028603,112.981945
2016-08-29,1.485015,159.051827,2.778931,84.921957
2016-08-30,2.137340,157.310540,2.580565,43.575517
2016-08-31,1.891824,159.229042,2.511187,52.979564
2016-09-01,1.835671,155.929415,2.489362,56.977506
2016-09-02,1.024202,149.344538,2.305403,40.725012
2016-09-03,1.421161,144.272710,2.381627,85.156793
2016-09-04,33.089986,238.888918,3.074967,110.493190
2016-09-05,0.604285,143.887439,2.259734,75.141119
2016-09-06,4.252658,120.495363,2.124524,76.472439
2016-09-07,1.794162,150.232154,1.914279,56.545812
2016-09-08,0.745258,114.728786,1.880419,66.691125
2016-09-09,7.025581,160.835453,2.291854,81.727585
2016-09-10,11.723360,231.052761,2.456415,174.522491
2016-09-11,0.728077,253.371170,1.693030,52.878788
2016-09-12,0.020997,117.642458,1.597875,10.436493
2016-09-13,49.655810,169.563601,3.983635,79.184346
2016-09-14,87.752145,577.412264,6.678965,285.828139
2016-09-15,3.436893,398.218073,1.805876,127.579818
2016-09-16,0.559988,169.209639,1.347750,55.111371
2016-09-17,5.752405,71.851629,1.267756,9.760521
2016-09-18,20.578469,102.048140,1.201915,20.036293
2016-09-19,0.877466,98.103326,0.828592,23.722636
2016-09-20,4.998940,60.397710,0.702580,5.907802
2016-09-21,5.152686,33.622546,0.676029,8.771387
2016-09-22,0.023252,15.160030,0.665363,4.414228
2016-09-23,0.009599,13.710372,0.636679,6.429950
2016-09-24,0.119568,22.923157,0.627384,4.877853
2016-09-25,0.003039,23.749201,0.612163,7.108857
2016-09-26,0.003182,19.491145,0.588474,7.179395
2016-09-27,0.004918,23.373401,0.573460,7.010386
2016-09-28,0.006549,24.040350,0.561846,4.152651
2016-09-29,0.005807,23.916699,0.574972,4.246852
2016-09-30,0.002712,22.799923,0.530437,5.454759
2016-10-01,3.342571,13.178299,0.627216,3.955734
2016-10-02,3.664092,3.672495,1.058656,3.923676
2016-10-03,50.895867,22.317671,5.465946,18.054552
2016-10-04,77.493128,197.153687,6.965537,105.042186
2016-10-05,43.184890,175.250821,4.587283,108.675776
2016-10-06,22.511623,186.079373,2.550362,103.966778
2016-10-07,65.640893,251.572168,3.865904,113.931636
2016-10-08,61.063916,390.079982,3.088482,119.745615
2016-10-09,4.117306,118.266568,1.204234,8.664448
2016-10-10,28.665091,37.146354,1.221623,15.021531
2016-10-11,5.066793,29.368361,0.449378,5.637767
2016-10-12,0.325214,10.409725,0.455432,6.696450
2016-10-13,0.248121,7.118390,0.445681,3.941047
2016-10-14,0.170599,6.933969,0.494938,5.385126
2016-10-15,6.590264,6.428205,2.004791,5.153399
2016-10-16,7.026769,9.162760,1.737044,16.245860
2016-10-17,0.477076,7.532923,0.493280,5.271146
2016-10-18,0.034054,4.244019,0.545211,3.883245
2016-10-19,1.312724,3.814508,0.547771,4.254287
2016-10-20,0.020360,2.966380,0.444312,3.966267
2016-10-21,2.814638,2.133596,0.490608,3.878395
2016-10-22,1.474179,2.096114,0.470840,3.871393
2016-10-23,0.002730,2.055738,0.449678,3.824238
2016-10-24,0.007052,2.079764,0.443451,3.788195
2016-10-25,0.836147,2.171646,0.499393,3.839129
2016-10-26,0.007267,2.214136,0.439965,3.817576
2016-10-27,0.001484,3.613156,0.439466,3.748451
2016-10-28,0.001655,4.440346,0.436793,3.806410
2016-10-29,0.002148,4.515815,0.434075,3.763951
2016-10-30,0.002518,4.428774,0.430366,3.752618
2016-10-31,0.284967,3.972732,0.705981,4.055506
2016-11-01,0.223990,2.102670,0.815424,3.851329
2016-11-02,0.002074,2.108683,0.420960,3.749643
2016-11-03,0.002112,2.108021,0.419330,3.716061
2016-11-04,0.002945,2.153853,0.701764,3.709880
2016-11-05,0.005140,2.167013,2.311109,3.895599
2016-11-06,0.003796,2.079810,0.791821,3.699001
2016-11-07,0.000875,2.093206,0.408432,3.629095
2016-11-08,0.000780,2.220630,0.405377,3.704162
2016-11-09,0.000758,2.166328,0.407065,3.624442
2016-11-10,0.000932,1.515712,0.402525,3.668729
2016-11-11,0.008153,1.345208,0.402592,3.654259
2016-11-12,0.004636,1.344929,0.399688,3.649449
2016-11-13,0.000987,1.341767,0.398287,3.584558
2016-11-14,0.001232,1.340311,0.395928,3.597601
2016-11-15,0.001023,1.378603,0.390692,3.606098
2016-11-16,0.000943,1.430599,0.385667,3.620564
2016-11-17,0.001084,1.439752,0.381897,3.565198
2016-11-18,0.000943,1.465264,0.413421,3.599317
2016-11-19,0.000950,1.519093,0.374312,3.598130
2016-11-20,0.001013,1.486252,0.370076,3.515153
2016-11-21,0.000886,1.488947,0.420307,3.576347
2016-11-22,0.001040,1.490164,0.572282,3.590155
2016-11-23,0.001167,1.489437,0.603266,3.605379
2016-11-24,0.000826,1.482971,0.357937,3.556959
2016-11-25,0.000374,1.469773,0.351329,3.543900
2016-11-26,0.000273,1.473053,1.262302,3.512946
2016-11-27,0.001060,1.477653,2.990724,3.514280
2016-11-28,0.000870,1.478547,0.346039,3.527494
2016-11-29,0.000826,1.479967,0.333926,3.570485
2016-11-30,0.000957,1.477662,0.331221,3.472830
2016-12-01,0.001056,1.382384,0.325508,3.504944
2016-12-02,0.000907,1.371191,0.326446,3.479212
2016-12-03,0.004129,1.366794,0.320733,3.456259
2016-12-04,0.000931,1.362032,0.318522,3.414133
2016-12-05,0.001112,1.362375,2.011070,3.483726
2016-12-06,6.494243,1.455017,8.677851,3.492425
2016-12-07,21.438633,7.259986,5.101444,3.476977
2016-12-08,2.747535,3.651050,1.431357,3.378879
2016-12-09,0.827296,1.456392,0.304942,3.414094
2016-12-10,0.760769,1.463604,0.324836,3.399658
2016-12-11,0.991817,1.456666,0.524140,3.380320
2016-12-12,2.201118,1.477384,0.312861,3.394830
2016-12-13,0.589423,1.463456,0.301060,3.346251
2016-12-14,0.485653,1.465316,0.301393,3.363472
2016-12-15,0.448996,1.469857,0.300395,3.315101
2016-12-16,0.437385,1.468711,0.300429,3.351316
2016-12-17,0.381360,1.469906,0.298904,3.329303
2016-12-18,0.339114,1.469459,0.297257,3.303955
2016-12-19,0.301591,1.466791,0.297585,3.341227
2016-12-20,0.288933,1.467872,0.294012,3.306019
2016-12-21,0.270350,1.489490,0.292583,3.313201
2016-12-22,0.237363,1.408189,0.288299,3.320691
2016-12-23,0.183004,1.042926,0.287868,3.296256
2016-12-24,0.129675,1.015260,0.289301,3.295214
2016-12-25,0.088022,1.014418,0.282375,3.283444
2016-12-26,0.081299,1.014022,0.283744,3.251346
2016-12-27,0.075790,1.014443,0.277762,3.267964
2016-12-28,0.069982,1.012768,0.277309,3.253038
2016-12-29,0.069482,1.012690,0.273231,3.312304
2016-12-30,0.033802,0.639497,0.272090,3.221128
2016-12-31,0.006372,0.673632,0.359607,3.289267
2017-01-01,0.000000,0.987381,1.838981,3.256492
2017-01-02,0.000000,1.640095,0.290809,3.246205
2017-01-03,0.000000,2.013544,0.261452,3.224159
2017-01-04,0.000000,2.082089,0.263547,3.203312
2017-01-05,0.000000,1.417178,0.257769,3.265697
2017-01-06,0.000000,1.336724,0.256527,3.209226
2017-01-07,0.000000,1.224950,0.254058,3.214569
2017-01-08,0.000000,1.149808,0.249366,3.230938
2017-01-09,0.000000,1.071619,0.247018,3.242440
2017-01-10,0.001276,1.024020,0.246392,3.196557
2017-01-11,0.001276,0.969911,0.244424,3.224252
2017-01-12,0.002383,0.852125,0.241599,3.167878
2017-01-13,0.003832,0.780661,0.240452,3.190697
2017-01-14,0.001562,0.768467,0.240428,3.187556
2017-01-15,0.000266,0.748009,0.234622,3.184967
2017-01-16,0.000190,0.766983,0.231969,3.205089
2017-01-17,0.000239,0.470922,0.231958,3.170045
2017-01-18,0.000000,0.388633,0.231958,3.156323
2017-01-19,0.000000,0.388633,0.225601,3.177599
2017-01-20,0.000000,0.388710,0.224181,3.154166
2017-01-21,0.000000,0.388435,0.223864,3.141484
2017-01-22,0.000000,0.388634,0.222448,3.171773
2017-01-23,0.000137,0.387331,0.505446,3.122106
2017-01-24,0.000447,0.386738,0.437029,3.167041
2017-01-25,0.000122,0.387367,0.223588,3.170093
2017-01-26,0.000122,0.385414,0.213623,3.101777
2017-01-27,0.000124,0.291839,0.207466,3.105143
2017-01-28,0.000016,0.263556,0.208834,3.119572
2017-01-29,0.000000,0.262012,0.206750,3.148871
2017-01-30,0.000000,0.261465,0.210630,3.087360
2017-01-31,0.000000,0.260192,0.201044,3.113668
2017-02-01,0.000000,0.259819,0.200093,3.076741
2017-02-02,0.000000,0.259750,0.197551,3.100694
2017-02-03,0.000498,0.259560,0.196115,3.062762
2017-02-04,0.000120,0.259398,0.194362,3.097901
2017-02-05,0.000136,0.199422,0.222285,3.060766
2017-02-06,0.000130,0.182827,0.191792,3.034998
2017-02-07,0.000056,0.183734,0.293461,3.055066
2017-02-08,0.000126,0.187453,0.189873,3.083947
2017-02-09,0.000124,0.186045,0.183574,3.040852
2017-02-10,0.000122,0.184977,0.183083,3.074981
2017-02-11,0.000033,0.184828,0.208798,3.058075
2017-02-12,0.000000,0.184923,0.196071,3.271028
2017-02-13,0.000954,0.184886,0.180628,3.072561
2017-02-14,0.000000,0.183352,0.175672,2.995321
2017-02-15,0.000000,0.181496,0.175272,3.023148
2017-02-16,0.000000,0.180632,0.172811,3.046220
2017-02-17,0.000000,0.180194,0.172023,3.009033
2017-02-18,0.000000,0.179273,0.172720,2.997569
2017-02-19,0.000000,0.179081,0.163721,3.037666
2017-02-20,0.000000,0.178612,0.168783,3.010256
2017-02-21,0.000000,0.177852,0.169003,2.957100
2017-02-22,0.000000,0.177815,0.161637,2.989593
2017-02-23,0.000000,0.177846,0.161846,2.990034
2017-02-24,0.000000,0.177830,0.161836,2.975520
2017-02-25,0.000000,0.177884,0.157919,3.010880
2017-02-26,0.000000,0.177772,0.157898,3.002042
2017-02-27,0.000000,0.177849,0.157909,2.942001
2017-02-28,0.000000,0.177848,0.245057,3.007194
2017-03-01,0.000000,0.177311,0.248296,2.947319
2017-03-02,0.000000,0.177092,0.151251,2.963271
2017-03-03,0.000000,0.177079,0.150452,2.947909
2017-03-04,0.000000,0.176311,0.147668,2.965155
2017-03-05,0.000000,0.176229,0.148599,2.949716
2017-03-06,0.000000,0.176173,0.145409,2.936807
2017-03-07,0.000000,0.176260,0.144900,2.957576
2017-03-08,0.000000,0.176296,0.142741,2.933449
2017-03-09,0.000000,0.176164,0.144361,2.959268
2017-03-10,0.000000,0.175951,0.139180,2.935223
2017-03-11,0.000000,0.175890,0.173691,2.904030
2017-03-12,0.000000,0.175612,0.158325,2.957080
2017-03-13,0.000000,0.175554,0.137114,2.928608
2017-03-14,0.000000,0.175273,0.135457,2.918753
2017-03-15,0.000000,0.175072,0.135057,2.947113
2017-03-16,0.000000,0.174853,0.132661,2.895836
2017-03-17,0.000000,0.174938,0.132910,2.919334
2017-03-18,0.000000,0.174759,0.130048,2.874432
2017-03-19,0.000000,0.174689,0.131057,2.923359
2017-03-20,0.000000,0.174625,0.128972,2.941224
2017-03-21,0.000000,0.174562,0.127973,2.851003
2017-03-22,0.000000,0.174640,0.129999,3.260124
2017-03-23,0.000000,0.174791,0.341452,2.916848
2017-03-24,0.000000,0.174974,0.124068,2.856346
2017-03-25,0.000000,0.174879,0.122458,2.852380
2017-03-26,0.000000,0.174824,0.123136,2.882360
2017-03-27,0.000000,0.174944,0.119563,2.837916
2017-03-28,0.000000,0.175017,0.120594,2.850204
2017-03-29,0.000000,0.175040,0.117411,2.865381
2017-03-30,0.000000,0.174985,0.117194,2.850078
2017-03-31,0.000000,0.174987,0.117411,2.857319
2017-04-01,0.000000,0.174958,0.117299,2.849231
2017-04-02,0.000000,0.175157,0.111863,2.838636
2017-04-03,0.000000,0.175229,0.112506,2.830043
2017-04-04,0.000000,0.174804,0.115724,2.836616
2017-04-05,0.000000,0.174304,0.110931,2.827593
2017-04-06,0.000000,0.174263,0.110143,2.849875
2017-04-07,0.000000,0.174365,0.110820,2.838797
2017-04-08,0.000000,0.174403,0.108390,2.805894
2017-04-09,0.000000,0.174412,0.106205,3.557988
2017-04-10,0.000000,0.174348,0.109500,3.316434
2017-04-11,0.000000,0.174286,0.128965,2.824828
2017-04-12,0.000000,0.174373,0.280187,2.804119
2017-04-13,0.000000,0.286143,0.103558,2.825379
2017-04-14,0.000000,0.640222,0.102726,2.790666
2017-04-15,0.000000,0.710350,0.104528,2.799995
2017-04-16,0.000000,0.714211,0.100190,2.773799
2017-04-17,0.000000,0.741707,0.206619,2.780347
2017-04-18,0.000000,0.747620,0.097006,2.737249
2017-04-19,0.000000,0.748107,0.098221,2.730181
2017-04-20,0.000000,0.750596,0.097289,2.775696
2017-04-21,0.000000,0.748158,0.166691,2.743010
2017-04-22,0.000000,0.749951,0.096895,2.759419
2017-04-23,0.000000,0.749516,0.166018,6.994381
2017-04-24,0.000000,0.747124,0.983846,4.329662
2017-04-25,0.000000,0.749953,2.232115,5.182614
2017-04-26,0.000000,0.745314,0.624631,6.441548
2017-04-27,0.000000,0.553724,0.092779,2.755525
2017-04-28,0.000000,0.472166,0.097289,2.719220
2017-04-29,0.000000,0.468067,0.224012,6.113766
2017-04-30,0.000000,0.469427,1.194786,5.353053
2017-05-01,0.000000,0.470051,1.133884,5.383591
2017-05-02,0.000000,0.454539,2.431975,31.776756
2017-05-03,0.000000,0.434795,5.601149,4.052464
2017-05-04,2.277408,0.441787,8.329205,3.649266
2017-05-05,27.325422,1.944261,10.669795,4.125636
2017-05-06,31.414852,3.592564,4.123592,4.488957
2017-05-07,21.546361,10.298525,3.206810,4.041847
2017-05-08,25.744740,17.823298,3.996711,3.961746
2017-05-09,42.931529,34.719363,7.076222,4.070553
2017-05-10,27.496360,42.693921,3.925693,5.558587
2017-05-11,17.976276,24.397429,3.739786,4.346801
2017-05-12,2.770307,11.981346,0.959040,4.470453
2017-05-13,2.005938,1.343153,2.210279,6.094057
2017-05-14,10.279638,2.893559,2.564188,5.242958
2017-05-15,52.625429,44.724197,4.160623,5.408141
2017-05-16,29.995619,49.668004,5.169396,4.663726
2017-05-17,27.080926,46.480279,6.092848,5.440036
2017-05-18,29.754353,53.166817,5.710864,5.324192
2017-05-19,45.168266,92.378612,2.127841,9.152949
2017-05-20,46.055359,110.538209,4.718031,41.049933
2017-05-21,46.850603,142.896208,5.674433,38.068246
2017-05-22,40.309918,159.784769,3.816621,29.020633
2017-05-23,37.141400,126.141006,5.403187,39.516966
2017-05-24,31.588865,113.789292,3.683659,36.375542
2017-05-25,35.551657,105.969325,3.045397,40.348444
2017-05-26,36.399145,82.744619,3.682882,56.880139
2017-05-27,15.925943,44.808070,1.680443,26.650587
2017-05-28,23.061716,23.920599,3.598209,68.129355
2017-05-29,45.582076,47.693398,3.751434,50.440365
2017-05-30,31.617165,62.078571,5.525941,46.973114
2017-05-31,6.452529,35.867442,2.070233,3.759137
2017-06-01,28.553084,22.128569,5.078290,57.982323
2017-06-02,53.265850,61.548856,4.485516,35.202944
2017-06-03,47.729233,126.461445,7.078482,57.218801
2017-06-04,42.627610,122.628160,7.239569,61.376758
2017-06-05,36.823744,120.098066,8.503187,65.412961
2017-06-06,36.020128,128.384795,9.775927,78.233412
2017-06-07,36.974843,144.829388,11.219236,81.468360
2017-06-08,33.861654,157.927660,9.629866,74.838485
2017-06-09,33.228931,150.612619,10.263280,76.269295
2017-06-10,28.790539,130.816296,10.959819,81.781785
2017-06-11,31.999927,128.541740,11.985776,96.605075
2017-06-12,38.343872,153.905472,12.170079,110.472274
2017-06-13,43.939761,163.075064,8.629394,67.099503
2017-06-14,59.875549,233.702696,14.373026,144.630468
2017-06-15,65.103872,248.197886,11.558808,139.279740
2017-06-16,73.161632,284.660013,11.772000,181.018397
2017-06-17,45.266682,220.545565,12.187202,161.803011
2017-06-18,46.086982,205.797842,12.938354,175.188450
2017-06-19,41.315108,200.830496,11.455249,157.609507
2017-06-20,45.333131,208.395843,13.394412,183.777989
2017-06-21,43.938738,242.091217,13.532988,187.706548
2017-06-22,42.163956,251.699942,13.806613,222.555756
2017-06-23,41.501504,240.123864,13.422539,201.686413
2017-06-24,35.747580,270.688675,13.897348,220.881860
2017-06-25,32.710161,303.458389,13.305702,229.284968
2017-06-26,27.643012,260.753393,12.070215,203.940082
2017-06-27,37.515018,293.575351,13.580704,285.055762
2017-06-28,34.718337,292.490033,13.733313,272.042295
2017-06-29,22.858556,273.512115,15.866048,245.854377
2017-06-30,24.628018,260.577859,14.067527,224.871597
2017-07-01,17.897530,248.128904,12.141015,258.478890
2017-07-02,23.611916,315.165472,14.157438,368.370032
2017-07-03,12.306648,285.782696,15.531928,266.514952
2017-07-04,38.074977,210.652155,14.776831,74.971406
2017-07-05,71.396728,195.167562,13.497432,170.299217
2017-07-06,91.777677,427.639574,8.818802,159.920861
2017-07-07,31.509479,499.818205,7.069545,235.415204
2017-07-08,16.337228,387.315457,6.724143,284.065552
2017-07-09,16.452240,348.816278,6.480727,306.275174
2017-07-10,9.339920,318.088477,6.140393,252.992275
2017-07-11,8.690473,276.171222,5.500138,130.216938
2017-07-12,12.018518,349.899519,5.940061,328.093437
2017-07-13,39.705126,305.945970,6.221935,114.782964
2017-07-14,69.168954,391.058250,6.926415,256.394284
2017-07-15,18.342317,426.482354,4.538629,270.870606
2017-07-16,12.568049,334.766274,4.909611,288.469223
2017-07-17,7.079096,262.607073,4.570825,200.463079
2017-07-18,7.410241,232.217793,4.797305,256.960532
2017-07-19,14.853185,244.408537,5.261535,330.205986
2017-07-20,12.327722,341.059038,4.646023,336.156856
2017-07-21,7.968095,335.365848,4.560554,267.403621
2017-07-22,7.602604,294.441843,4.175142,266.302837
2017-07-23,9.289410,309.659641,4.457908,252.236952
2017-07-24,76.336356,528.246297,8.672650,293.933527
2017-07-25,16.101962,540.444004,4.116577,289.775444
2017-07-26,95.424807,943.026216,10.244446,721.239301
2017-07-27,16.145386,1027.260923,3.918711,497.906536
2017-07-28,9.164200,632.826092,3.675404,293.478762
2017-07-29,9.282620,482.718779,3.954821,329.071726
2017-07-30,5.391615,465.418234,3.989876,286.435713
2017-07-31,5.583030,462.603283,3.827000,288.220916
2017-08-01,4.545970,433.604497,3.773703,272.305029
2017-08-02,4.452724,380.052809,3.733583,242.983372
2017-08-03,4.857501,402.768798,3.702277,233.444848
2017-08-04,3.933288,376.843887,3.638316,201.457615
2017-08-05,3.694866,314.205407,3.597541,199.641443
2017-08-06,2.727434,261.872794,4.063546,207.750707
2017-08-07,11.481446,325.536814,3.738154,257.374592
2017-08-08,5.692036,424.447636,3.769063,402.273695
2017-08-09,4.144189,391.725230,2.921509,239.051426
2017-08-10,3.797144,361.524953,3.484689,276.016430
2017-08-11,4.000250,360.476662,2.987023,227.001771
2017-08-12,2.774507,312.410793,2.917159,182.629111
2017-08-13,3.333629,305.638682,2.898002,187.153498
2017-08-14,3.480014,365.731917,2.907725,228.020737
2017-08-15,3.015159,306.569336,2.780306,175.456666
2017-08-16,2.923113,270.486032,2.683834,181.696874
2017-08-17,2.438546,290.471870,2.610003,168.680783
2017-08-18,1.078504,257.537375,2.642623,178.987346
2017-08-19,1.692261,206.933857,2.635079,146.187574
2017-08-20,1.223161,210.475192,2.562284,176.496321
2017-08-21,6.769048,212.263341,2.655021,163.077767
2017-08-22,29.697637,278.906766,4.672535,195.116079
2017-08-23,9.490814,332.364513,3.263678,226.193491
2017-08-24,2.027431,291.606190,2.582529,196.712456
2017-08-25,1.375243,242.494672,2.232107,171.353283
2017-08-26,2.891866,262.947581,2.465975,205.777831
2017-08-27,10.158286,291.993808,3.251066,218.191709
2017-08-28,1.376581,243.905088,2.134055,135.776617
2017-08-29,2.403739,279.030725,2.208858,195.705757
2017-08-30,6.668647,588.620776,2.655881,458.050302
2017-08-31,6.326438,814.689765,2.335954,373.261148
2017-09-01,3.955202,666.780225,2.351151,311.318565
2017-09-02,1.625387,374.894457,2.432449,208.393494
2017-09-03,0.940430,282.886924,1.800171,110.240143
2017-09-04,0.207337,162.504650,1.642778,55.986386
2017-09-05,0.291479,108.953728,1.801427,56.015535
2017-09-06,0.312389,95.093561,1.583361,84.552145
2017-09-07,0.723716,113.767426,1.771367,123.563880
2017-09-08,3.195212,122.727608,2.434953,101.732983
2017-09-09,8.946826,130.520785,1.944214,73.749694
2017-09-10,0.030101,81.998992,1.463657,36.279315
2017-09-11,34.163813,94.747087,1.764636,37.192491
2017-09-12,7.596040,202.883013,1.878195,80.381110
2017-09-13,0.374146,97.859575,1.073440,36.583475
2017-09-14,35.815777,205.427820,4.695272,157.009922
2017-09-15,36.220470,573.080668,6.044653,197.444678
2017-09-16,0.257314,212.183875,3.628360,118.273312
2017-09-17,2.083352,121.581364,1.834618,109.091260
2017-09-18,5.872793,140.996459,0.939622,53.773730
2017-09-19,0.025545,97.148222,0.655986,29.167092
2017-09-20,3.010035,89.413541,0.795426,29.213489
2017-09-21,0.021232,57.679565,0.661041,30.247753
2017-09-22,0.570663,68.425754,0.747125,29.237057
2017-09-23,0.117098,45.387559,0.814720,6.150870
2017-09-24,0.172411,22.426238,0.621286,7.981035
2017-09-25,17.687108,13.140188,1.002682,6.416562
2017-09-26,102.166786,310.627031,7.085546,53.508481
2017-09-27,7.500986,107.023711,0.969781,8.108727
2017-09-28,2.928974,19.655100,0.624642,4.768838
2017-09-29,0.017114,9.366551,0.575688,3.946789
2017-09-30,0.055372,4.218004,0.589342,3.696516
2017-10-01,0.006291,2.751945,0.583017,3.661618
2017-10-02,8.435629,5.037020,0.627676,3.763005
2017-10-03,1.844283,8.067612,0.584319,4.730107
2017-10-04,0.383440,5.757886,0.611351,4.829952
2017-10-05,0.282441,5.305190,0.980517,4.511272
2017-10-06,16.282211,7.229019,1.879679,5.077923
2017-10-07,23.910321,16.155606,1.079663,5.532787
2017-10-08,5.522962,4.249124,1.035525,4.793507
2017-10-09,0.072207,3.110062,0.601203,4.945933
2017-10-10,1.010376,3.087792,0.626661,3.678370
2017-10-11,5.193751,4.065946,0.616028,3.625998
2017-10-12,13.800554,5.908357,1.267978,3.799489
2017-10-13,4.199951,5.925141,0.627816,3.663227
2017-10-14,0.237119,3.266834,0.603950,3.498505
2017-10-15,0.011602,2.243353,0.637337,3.567946
2017-10-16,9.892300,2.720987,1.047713,3.881629
2017-10-17,16.249262,8.069987,1.074699,4.453800
2017-10-18,0.424299,3.526794,0.653575,3.985148
2017-10-19,0.231201,2.651457,0.605404,4.048176
2017-10-20,0.002709,2.700306,0.594300,3.935707
2017-10-21,0.114423,2.563681,0.700082,3.529653
2017-10-22,3.127083,2.466150,0.660529,3.472949
2017-10-23,3.103750,2.605969,0.592127,4.039114
2017-10-24,0.259118,8.092558,0.985531,5.335983
2017-10-25,0.004446,3.076283,0.583473,3.440593
2017-10-26,11.425103,33.916974,1.974624,5.458624
2017-10-27,20.628476,351.360567,1.690525,45.906981
2017-10-28,3.543085,163.130378,0.639299,8.734921
2017-10-29,0.050620,36.826919,0.585073,3.523097
2017-10-30,0.681598,7.022852,0.585151,4.022038
2017-10-31,0.166883,4.703128,0.607201,3.488560
2017-11-01,0.346994,3.312880,0.833572,3.474423
2017-11-02,1.226218,2.710614,0.588728,3.472777
2017-11-03,0.005683,3.581403,0.584047,3.491815
2017-11-04,0.006332,3.756579,0.584948,3.449032
2017-11-05,0.004670,2.330172,0.643095,3.511733
2017-11-06,0.005574,2.027529,0.598707,3.469131
2017-11-07,0.005342,1.962375,0.583905,3.458571
2017-11-08,0.004612,2.096256,0.575720,3.452335
2017-11-09,0.003516,2.103355,0.576297,3.432759
2017-11-10,0.004010,1.985583,0.573861,3.486603
2017-11-11,0.003130,1.941355,0.564851,3.413595
2017-11-12,0.005497,1.918575,0.567314,3.431782
2017-11-13,0.003509,1.993756,0.558145,3.458207
2017-11-14,0.006574,1.897915,0.555854,3.433527
2017-11-15,0.003764,1.790956,0.551255,3.429302
2017-11-16,0.002964,1.694890,0.544966,3.440926
2017-11-17,0.005216,1.674765,0.541977,3.416661
2017-11-18,0.005577,1.701031,0.537130,3.424902
2017-11-19,0.001862,1.797716,0.531673,3.422408
2017-11-20,0.001677,1.825896,0.526012,3.396012
2017-11-21,0.001404,1.842321,0.521343,3.403174
2017-11-22,0.001188,1.850974,0.515392,3.377824
2017-11-23,0.002296,1.844366,0.511261,3.377567
2017-11-24,0.001456,1.828594,0.504668,3.403851
2017-11-25,11.783264,3.522455,1.315201,3.371718
2017-11-26,0.058013,2.692690,0.795445,3.362805
2017-11-27,0.142048,1.597256,0.601437,3.338942
2017-11-28,0.166422,1.630679,2.381312,3.396533
2017-11-29,1.298382,1.560441,1.726088,3.525458
2017-11-30,1.429520,1.909065,0.767596,3.328187
2017-12-01,0.216190,2.059269,0.477593,3.316264
2017-12-02,0.190391,2.091404,0.475859,3.298156
2017-12-03,0.177150,2.078234,0.475223,3.311108
2017-12-04,0.151105,2.043176,0.472095,3.293140
2017-12-05,0.112311,1.956800,0.473174,3.263275
2017-12-06,0.072404,1.890815,0.467972,3.287781
2017-12-07,0.024822,1.807822,0.467551,3.237761
2017-12-08,0.004071,1.806939,0.486293,3.283055
2017-12-09,0.003496,1.908885,1.547540,3.280179
2017-12-10,0.003929,2.020057,0.554296,3.247725
2017-12-11,0.003412,2.076037,0.483889,3.247598
2017-12-12,0.009418,2.104594,0.611662,3.229969
2017-12-13,0.010441,2.115037,0.463402,3.223892
2017-12-14,0.007701,2.111894,0.463425,3.226637
2017-12-15,0.006728,2.100219,0.463112,3.215405
2017-12-16,0.002943,2.085965,0.463556,3.234265
2017-12-17,0.001075,2.078844,0.461200,3.215144
2017-12-18,0.002577,2.077247,0.471114,3.195098
2017-12-19,0.002406,2.074354,0.457613,3.200485
2017-12-20,0.002621,2.107296,0.455223,3.181936
2017-12-21,0.002042,2.146940,0.452162,3.199330
2017-12-22,0.000811,2.156831,0.449090,3.170500
2017-12-23,0.001457,2.247719,0.447422,3.188394
2017-12-24,0.000264,2.075995,0.445991,3.160280
2017-12-25,0.001565,1.591253,0.441044,3.172773
2017-12-26,0.001388,1.590009,0.437966,3.163495
2017-12-27,0.000394,1.590111,0.437761,3.176516
2017-12-28,0.000368,1.591566,0.433886,3.133836
2017-12-29,0.000431,1.595879,0.428837,3.166453
2017-12-30,0.000328,1.449908,0.427558,3.148233
2017-12-31,0.000206,0.949587,0.422733,3.127215
2018-01-01,0.000446,0.237229,0.419627,3.124716
2018-01-02,0.000548,0.237307,0.415567,3.147466
2018-01-03,0.000595,0.237347,0.415239,3.109550
2018-01-04,0.000590,0.237232,0.409682,3.091786
2018-01-05,0.000542,0.260906,0.406882,3.130616
2018-01-06,0.000501,0.246732,0.402889,3.124493
2018-01-07,0.000620,0.241063,0.398573,3.124033
2018-01-08,0.004163,0.241017,0.396783,3.103951
2018-01-09,0.002811,0.240933,0.392500,3.099947
2018-01-10,0.000555,0.240648,0.545998,3.079878
2018-01-11,0.000669,0.237767,0.392120,3.097675
2018-01-12,0.000566,0.237907,0.381606,3.061184
2018-01-13,0.000556,0.237899,0.379395,3.070328
2018-01-14,0.000578,0.237721,0.374496,3.070865
2018-01-15,0.000532,0.237553,0.372112,3.048285
2018-01-16,0.000558,0.237414,0.368817,3.053303
2018-01-17,0.000497,0.237550,0.363997,3.041832
2018-01-18,0.000503,0.237676,0.362823,3.047676
2018-01-19,0.000643,0.248437,0.357929,3.046058
2018-01-20,0.000708,0.257190,0.357290,3.056228
2018-01-21,0.000562,0.261958,0.352039,3.020852
2018-01-22,0.000687,0.265224,0.348645,3.006272
2018-01-23,0.000597,0.273197,0.343714,2.998786
2018-01-24,0.000586,0.267724,0.342251,3.010905
2018-01-25,0.000531,0.241950,0.336825,2.989718
2018-01-26,0.000517,0.241820,0.334142,2.982320
2018-01-27,0.001100,0.529899,0.332283,2.980078
2018-01-28,0.000594,1.739245,0.327536,2.984595
2018-01-29,0.000548,2.320169,0.325705,2.980760
2018-01-30,0.000573,2.529860,0.321390,2.969905
2018-01-31,0.000661,2.635429,0.319211,2.969984
2018-02-01,0.000565,2.738437,0.334842,2.972510
2018-02-02,0.000631,2.880828,0.312311,2.970831
2018-02-03,0.000569,2.918808,0.312631,2.940847
2018-02-04,0.004519,2.944886,0.306170,2.942173
2018-02-05,0.005337,1.105545,0.304418,2.947404
2018-02-06,0.002113,1.794495,0.301812,2.951767
2018-02-07,0.000535,2.928447,0.295749,2.923099
2018-02-08,0.000441,3.095218,0.297408,2.917206
2018-02-09,0.000569,1.154309,0.290850,2.934565
2018-02-10,0.000892,0.283193,0.290413,2.909545
2018-02-11,0.001023,1.079582,0.285167,2.920053
2018-02-12,0.002728,0.692381,0.284235,2.917985
2018-02-13,0.001268,2.637051,0.280136,2.903940
2018-02-14,0.001137,3.216164,0.277452,2.918784
2018-02-15,0.001188,3.281100,0.275915,2.910447
2018-02-16,0.001033,3.302968,0.271778,2.895063
2018-02-17,0.000591,3.291232,0.268522,2.889026
2018-02-18,0.000568,3.273405,0.265632,2.885176
2018-02-19,0.000633,3.290716,0.264811,2.885028
2018-02-20,0.000612,1.998659,0.259534,2.882136
2018-02-21,0.000466,0.509073,0.256697,2.850161
2018-02-22,0.000489,1.672150,0.257123,2.898205
2018-02-23,0.000737,0.798283,0.252376,2.866726
2018-02-24,0.000450,2.681469,0.249908,2.856903
2018-02-25,0.000277,3.443301,0.248372,2.950621
2018-02-26,0.000517,3.442549,0.246277,2.844035
2018-02-27,0.001106,1.529142,0.240478,2.852072
2018-02-28,0.001115,1.292293,0.241256,3.215572
2018-03-01,0.002718,1.319892,0.237078,2.863069
2018-03-02,0.000661,1.451206,0.236488,2.822267
2018-03-03,0.000851,1.545087,0.235388,2.834643
2018-03-04,0.001018,1.760898,0.230788,2.823460
2018-03-05,0.000741,4.057417,0.226533,2.830341
2018-03-06,0.000828,4.905493,0.227548,2.826165
2018-03-07,0.000766,4.982936,0.224559,2.816679
2018-03-08,0.000879,4.945652,0.221091,2.824397
2018-03-09,0.001722,4.930908,0.220049,2.806768
2018-03-10,0.001137,4.939742,0.217402,2.806234
2018-03-11,0.000470,4.983499,0.214507,2.806958
2018-03-12,0.003662,5.032470,0.212892,2.802370
2018-03-13,0.001653,5.012724,0.212354,2.797263
2018-03-14,0.001454,5.008275,0.207172,2.789152
2018-03-15,0.001742,4.997602,0.207140,2.788857
2018-03-16,0.006124,4.980086,0.203978,2.796096
2018-03-17,0.003575,4.993708,1.471619,2.766177
2018-03-18,0.003330,5.021538,1.083238,3.305668
2018-03-19,0.004502,5.017299,0.545028,3.096878
2018-03-20,0.001080,5.040872,0.387627,3.799029
2018-03-21,0.000878,5.041798,0.199533,2.791285
2018-03-22,0.002917,5.037992,0.194748,2.752036
2018-03-23,0.000504,5.053351,0.188684,2.771448
2018-03-24,0.000334,5.059835,0.188101,2.761425
2018-03-25,0.000526,5.107543,0.187059,2.742659
2018-03-26,0.004342,5.153032,0.186132,2.754504
2018-03-27,0.008169,5.171064,0.184523,2.753853
2018-03-28,0.009070,5.196573,0.199782,2.734536
2018-03-29,0.003626,5.197158,0.181334,2.732950
2018-03-30,0.000645,5.191971,0.177939,2.733282
2018-03-31,0.000476,5.184703,0.178687,2.726156
2018-04-01,0.000429,5.172208,0.174078,2.728578
2018-04-02,0.000813,5.179584,0.178571,2.727192
2018-04-03,0.000643,5.187279,0.170361,2.720717
2018-04-04,0.000658,5.173431,0.172746,2.721790
2018-04-05,0.000731,5.179366,0.169030,2.736512
2018-04-06,0.000954,5.171986,0.169063,2.702685
2018-04-07,0.002254,5.199833,0.210714,2.729619
2018-04-08,0.001086,5.203543,0.165989,2.696703
2018-04-09,0.004384,5.207951,0.164947,2.706665
2018-04-10,0.003937,3.479932,0.162397,2.715914
2018-04-11,0.000895,2.030156,0.188004,2.804470
2018-04-12,0.000910,2.002392,0.162507,3.718658
2018-04-13,0.000912,1.998746,0.157901,3.342535
2018-04-14,0.000808,2.019267,0.157691,3.760500
2018-04-15,0.003423,2.017726,0.156738,3.219065
2018-04-16,0.000532,1.286508,2.728243,4.502134
2018-04-17,0.000523,0.189015,9.392311,3.113942
2018-04-18,0.000385,0.232493,2.750036,3.542000
2018-04-19,0.000441,1.382954,1.765458,3.950554
2018-04-20,20.245984,6.674335,1.674270,4.381517
2018-04-21,20.651601,18.832021,2.214302,4.353861
2018-04-22,20.385494,19.712183,0.426098,3.893645
2018-04-23,2.642804,9.702491,0.165845,4.327501
2018-04-24,2.376105,3.942197,0.457996,4.951924
2018-04-25,5.232245,3.249289,0.347284,5.338294
2018-04-26,3.678630,3.088289,0.457625,5.636741
2018-04-27,2.193279,2.870721,1.082578,5.479821
2018-04-28,1.802737,2.776855,0.952407,6.247215
2018-04-29,2.513935,2.744314,0.765821,7.021380
2018-04-30,1.256795,2.668309,1.072774,5.930826
2018-05-01,1.161815,2.587904,0.454570,2.662040
2018-05-02,1.068790,2.520285,0.216701,3.192420
2018-05-03,0.964899,2.476819,0.651705,6.113870
2018-05-04,0.909689,2.442349,1.063607,4.848620
2018-05-05,0.845638,2.390764,2.917488,5.710640
2018-05-06,0.808875,2.361595,2.125747,5.851789
2018-05-07,0.772239,2.349960,2.985883,5.867889
2018-05-08,0.806132,2.335490,2.697366,2.631343
2018-05-09,0.816652,2.312171,2.663160,2.640699
2018-05-10,0.775131,2.261734,3.149290,5.791531
2018-05-11,0.745516,2.236520,3.360762,5.343029
2018-05-12,0.735058,2.219849,0.623598,3.993752
2018-05-13,0.743628,2.230607,0.882233,5.312661
2018-05-14,3.454299,2.231440,0.619104,6.577576
2018-05-15,3.620346,2.265978,0.570727,5.718746
2018-05-16,7.293769,2.306695,0.613542,2.729343
2018-05-17,9.314460,3.821299,0.778891,5.261350
2018-05-18,4.881370,2.961525,0.598262,5.858716
2018-05-19,1.234272,1.869328,0.743488,6.459163
2018-05-20,5.854154,0.544356,0.661990,5.537237
2018-05-21,0.701695,0.457065,0.607959,4.200849
2018-05-22,0.683288,0.167908,2.087533,4.437455
2018-05-23,13.584311,1.547913,1.267447,4.673457
2018-05-24,14.605504,2.732689,1.662041,5.216874
2018-05-25,0.711209,1.543516,0.667617,3.991595
2018-05-26,13.113359,2.171818,1.650301,5.908094
2018-05-27,20.590435,9.012989,1.836310,3.995333
2018-05-28,11.158740,10.315506,1.689429,4.215552
2018-05-29,21.444961,11.715756,2.150149,3.691916
2018-05-30,21.336908,19.944199,2.214214,3.825121
2018-05-31,29.419400,30.477423,4.252236,4.925673
2018-06-01,18.352973,27.286272,7.074183,4.271072
2018-06-02,38.417259,38.406223,9.182427,5.675776
2018-06-03,39.277632,43.740906,8.781997,9.751099
2018-06-04,47.326247,61.760934,6.399228,24.962051
2018-06-05,124.530975,141.853818,12.914887,45.364532
2018-06-06,111.272392,367.961128,11.949012,67.931261
2018-06-07,43.468315,164.178032,5.018864,73.250108
2018-06-08,36.966576,136.093239,5.476384,53.059462
2018-06-09,45.220850,155.320844,7.147723,65.033374
2018-06-10,41.813194,146.981403,6.599983,56.468107
2018-06-11,48.321062,134.048827,7.794755,52.021568
2018-06-12,52.451626,112.021384,5.704271,38.458895
2018-06-13,39.897254,132.627361,6.130772,72.393699
2018-06-14,35.416938,117.831924,4.905419,6.928795
2018-06-15,48.925502,122.070715,6.683904,50.127143
2018-06-16,33.689140,116.207523,6.583754,55.445672
2018-06-17,34.724383,123.125471,7.016058,53.376971
2018-06-18,39.566615,163.946693,7.067928,59.391139
2018-06-19,42.984605,194.890695,7.775621,72.550243
2018-06-20,38.874285,131.502904,7.274908,24.806136
2018-06-21,68.044635,140.615837,10.382677,82.861266
2018-06-22,31.583917,144.117809,6.673262,48.048361
2018-06-23,48.916765,182.973715,6.495243,79.889968
2018-06-24,30.643342,151.725120,6.547039,65.715970
2018-06-25,46.390155,163.633485,8.094627,125.353523
2018-06-26,51.546559,220.871612,8.244125,125.728579
2018-06-27,41.611800,203.594425,8.890970,111.950710
2018-06-28,93.006600,210.880550,9.299336,80.123331
2018-06-29,64.209891,244.382114,7.407327,125.106816
2018-06-30,37.046767,172.164910,6.883455,72.119339
2018-07-01,59.629041,182.688340,9.919680,91.750242
2018-07-02,49.511868,206.113690,8.293067,132.526682
2018-07-03,41.906550,207.684938,8.759810,149.475004
2018-07-04,43.210185,156.145900,7.828073,55.070476
2018-07-05,80.136311,199.557773,12.583635,95.104043
2018-07-06,65.165315,303.283585,9.749300,164.705116
2018-07-07,40.261521,252.612390,9.165872,127.576747
2018-07-08,69.724125,250.522720,10.199429,103.206209
2018-07-09,32.874755,244.429080,8.327630,164.628700
2018-07-10,31.860534,256.095411,9.354667,164.653202
2018-07-11,36.302301,327.799626,9.093166,196.972014
2018-07-12,59.422897,513.417330,9.912633,258.133896
2018-07-13,55.172419,520.035123,9.652702,214.128143
2018-07-14,22.739391,444.893910,10.442387,264.841269
2018-07-15,25.424076,565.480579,13.224255,338.299633
2018-07-16,16.489044,430.677605,12.227785,270.139471
2018-07-17,30.216419,602.920393,14.296560,533.301182
2018-07-18,27.352289,762.578924,14.756833,497.501829
2018-07-19,27.649990,555.304386,12.701826,255.534441
2018-07-20,15.551638,450.466196,13.590520,360.659918
2018-07-21,15.040135,457.844954,11.853884,280.394816
2018-07-22,13.508148,394.078683,11.873188,281.567922
2018-07-23,13.608058,378.602275,11.926276,290.356054
2018-07-24,18.485788,337.722106,11.352822,112.133399
2018-07-25,12.727901,380.755509,12.162977,261.898427
2018-07-26,7.886513,279.465632,10.039085,208.269253
2018-07-27,6.344492,252.659173,10.429037,255.025633
2018-07-28,11.573615,280.584019,10.548283,217.341415
2018-07-29,10.413333,340.235000,11.012674,321.374896
2018-07-30,23.828070,683.059169,12.187329,442.243363
2018-07-31,14.087513,629.496894,11.338983,350.618369
2018-08-01,11.986311,515.179276,11.592174,314.390897
2018-08-02,15.290226,489.102359,11.014329,294.098314
2018-08-03,5.243406,401.279860,11.115579,256.304176
2018-08-04,4.340766,331.961042,10.749092,242.881194
2018-08-05,4.930972,319.427392,10.725861,243.775573
2018-08-06,4.464943,357.140941,11.251683,262.771607
2018-08-07,3.898715,381.120997,13.298800,239.528069
2018-08-08,4.935720,374.706531,14.358620,303.185695
2018-08-09,6.063187,510.534335,13.991610,333.444676
2018-08-10,4.862923,457.196705,12.207517,234.575852
2018-08-11,3.566675,368.525570,11.510534,235.086292
2018-08-12,36.744759,539.637918,11.825162,460.915322
2018-08-13,58.403029,988.797792,11.344371,494.090626
2018-08-14,80.755522,1104.618283,13.235404,553.252463
2018-08-15,4.480592,697.640052,9.123175,300.695856
2018-08-16,41.396179,424.165827,10.455189,134.809446
2018-08-17,4.852480,381.900694,6.912755,158.913016
2018-08-18,2.925470,294.687335,6.697267,161.061119
2018-08-19,3.404443,275.858700,5.746969,140.001415
2018-08-20,2.520032,246.069833,5.514478,136.975773
2018-08-21,4.342659,226.456045,5.181123,144.606873
2018-08-22,2.261885,196.011037,5.048134,144.496925
2018-08-23,2.200306,215.027126,5.077343,141.648048
2018-08-24,1.530575,171.038483,4.739339,68.765744
2018-08-25,9.037198,185.768547,4.644772,82.771742
2018-08-26,16.353750,140.904778,5.316364,72.450416
2018-08-27,3.892446,184.697840,3.448629,89.012694
2018-08-28,0.014335,109.984737,3.251965,42.706506
2018-08-29,24.374177,82.093786,4.386731,55.925779
2018-08-30,81.440830,162.428087,6.011703,160.349778
2018-08-31,6.187047,181.500211,3.256910,101.211662
2018-09-01,0.923647,139.170644,2.385402,73.647531
2018-09-02,2.746779,78.771890,2.557487,43.536955
2018-09-03,2.526367,86.951131,2.241860,64.346351
2018-09-04,0.030595,79.550745,2.436377,56.710179
2018-09-05,106.564297,179.811139,6.951348,54.603587
2018-09-06,57.070711,147.519844,8.270733,163.972441
2018-09-07,30.027409,191.493586,3.506430,133.462805
2018-09-08,3.718815,102.652616,2.771558,96.866932
2018-09-09,5.071205,95.718027,2.822747,93.111919
2018-09-10,1.579800,58.347645,2.022452,12.457681
2018-09-11,1.233638,37.596001,2.031776,12.774589
2018-09-12,0.880563,37.459341,1.968493,12.137162
2018-09-13,2.416145,54.499888,2.098464,15.819712
2018-09-14,31.193919,110.660364,3.035185,30.687944
2018-09-15,7.580565,110.765395,2.428711,46.169712
2018-09-16,13.201877,104.015419,2.804111,38.630334
2018-09-17,38.873981,81.244614,3.554594,50.740763
2018-09-18,40.110687,139.343928,4.611241,40.435551
2018-09-19,1.001825,64.293018,2.184966,5.549746
2018-09-20,0.792659,23.407735,2.152313,4.812744
2018-09-21,0.331173,13.950511,2.092968,4.568304
2018-09-22,0.460867,10.039198,2.040400,5.537398
2018-09-23,65.654248,62.126709,2.857390,5.245069
2018-09-24,3.768024,40.777155,1.919568,5.020051
2018-09-25,3.102705,9.597820,1.793327,3.899842
2018-09-26,0.378115,6.476856,1.736361,3.888678
2018-09-27,0.601981,4.575446,1.784467,3.909140
2018-09-28,14.499387,5.843177,2.436737,6.538237
2018-09-29,0.013841,6.564453,1.582931,5.097243
2018-09-30,13.034726,6.502381,2.370326,5.168024
2018-10-01,0.919868,4.192762,1.541795,3.841956
2018-10-02,0.856505,2.770294,1.522197,3.823099
2018-10-03,0.222283,2.716695,1.494408,3.818472
2018-10-04,0.011581,2.727064,1.452807,3.814068
2018-10-05,3.039590,2.654288,1.432509,4.442328
2018-10-06,1.278409,2.662735,1.910979,3.771508
2018-10-07,0.205558,2.723237,1.513705,3.775843
2018-10-08,0.235861,2.514855,1.317387,3.749130
2018-10-09,0.086030,2.156562,1.278338,3.747391
2018-10-10,0.009684,2.215149,1.247483,3.733102
2018-10-11,0.010695,2.461417,1.211455,3.705595
2018-10-12,1.320409,2.453583,3.215593,4.477751
2018-10-13,1.649623,2.538270,1.737284,3.704699
2018-10-14,0.107379,2.553180,1.125510,3.698879
2018-10-15,0.032639,2.510850,1.104647,3.695326
2018-10-16,0.007561,2.422637,1.080215,3.673944
2018-10-17,0.007728,1.749499,1.056599,3.673702
2018-10-18,0.013451,1.672892,1.035250,3.673485
2018-10-19,0.013248,1.626669,1.012723,3.659306
2018-10-20,0.019427,1.618264,0.985562,3.637252
2018-10-21,0.009569,1.602433,0.961363,3.645641
2018-10-22,0.008771,1.566599,0.939403,4.088232
2018-10-23,0.008988,1.545360,0.916707,3.598057
2018-10-24,0.011989,1.507617,0.895586,3.611588
2018-10-25,0.010425,1.483362,0.870830,3.565673
2018-10-26,0.013168,1.484636,0.857915,3.766366
2018-10-27,0.010028,1.446799,1.484901,3.948550
2018-10-28,0.004667,1.440974,0.810338,3.551073
2018-10-29,0.005343,1.472136,0.794196,3.554483
2018-10-30,0.005150,1.924239,0.774263,3.555194
2018-10-31,0.005175,2.015880,0.759762,3.530592
2018-11-01,0.005547,2.036511,0.743261,3.542290
2018-11-02,0.005092,2.045641,0.731836,3.532415
2018-11-03,0.005896,2.052200,0.711295,3.491505
2018-11-04,0.010041,2.065705,0.695520,3.520757
2018-11-05,0.009525,1.991334,0.679623,3.507340
2018-11-06,0.008118,1.971105,0.666949,3.468322
2018-11-07,0.004402,1.967895,0.669866,3.476576
2018-11-08,0.004402,1.948951,1.030033,3.463097
2018-11-09,8.043701,2.105846,1.753107,3.739112
2018-11-10,13.574584,3.569815,0.611404,3.474015
2018-11-11,1.684843,2.088603,0.608439,3.443962
2018-11-12,1.131651,2.084994,0.667583,3.454156
2018-11-13,0.331005,1.800204,0.590702,3.440715
2018-11-14,0.329471,1.484919,0.568111,3.393250
2018-11-15,1.590912,1.491710,0.560369,3.390361
2018-11-16,0.418411,1.417079,0.547953,3.384381
2018-11-17,0.437447,1.476309,2.319302,3.486926
2018-11-18,1.211941,1.542028,0.919535,3.373283
2018-11-19,0.393229,1.412111,2.544886,3.403118
2018-11-20,7.225960,1.567055,8.204230,4.287378
2018-11-21,0.564064,1.015699,0.512517,3.318020
2018-11-22,0.455798,0.844498,0.516781,3.320038
2018-11-23,0.420382,0.834129,0.508955,3.362335
2018-11-24,0.396524,0.825277,0.508154,3.299569
2018-11-25,0.396088,0.822259,0.574988,3.279770
2018-11-26,0.388653,0.816876,0.494249,3.284736
2018-11-27,0.387905,0.799800,0.492818,3.256743
2018-11-28,0.393896,0.793215,0.488379,3.266395
2018-11-29,0.377121,0.791817,0.484985,3.253773
2018-11-30,0.327474,0.810914,0.482049,3.244698
2018-12-01,0.297161,0.812985,0.479397,3.244560
2018-12-02,0.234859,0.800561,0.474215,3.227251
2018-12-03,0.190313,0.794557,0.472063,3.229285
2018-12-04,0.114000,0.790991,0.469311,3.200293
2018-12-05,0.067702,0.794541,0.462255,3.225370
2018-12-06,0.070265,0.850148,0.459435,3.192920
2018-12-07,0.062604,0.859884,0.455851,3.236644
2018-12-08,0.061092,0.833847,0.453599,3.170089
2018-12-09,0.047904,0.819485,0.447773,3.209423
2018-12-10,0.021605,0.812250,0.444579,3.197977
2018-12-11,0.019274,0.806704,0.449931,3.183395
2018-12-12,0.024710,0.801481,0.438657,3.161978
2018-12-13,0.024471,0.795583,1.075180,3.176840
2018-12-14,0.012502,0.791388,0.593326,3.145366
2018-12-15,0.008714,0.787326,0.485633,3.155883
2018-12-16,0.004334,0.781923,0.426390,3.139896
2018-12-17,0.004678,0.778689,0.417403,3.150097
2018-12-18,0.008707,0.774105,0.416767,3.316348
2018-12-19,0.008258,0.771124,0.409690,3.138264
2018-12-20,0.008540,0.768184,0.409540,3.128676
2018-12-21,0.005537,0.765169,0.400606,3.119200
2018-12-22,0.002078,0.762195,0.395911,3.124817
2018-12-23,0.002359,0.759954,0.662602,3.132926
2018-12-24,0.001750,0.757314,0.757676,3.167246
2018-12-25,0.002300,0.753362,0.398587,3.126443
2018-12-26,0.001989,0.747795,0.382848,3.090033
2018-12-27,0.002026,0.745107,0.379735,3.115330
2018-12-28,0.002177,0.743249,0.387023,3.114488
2018-12-29,0.001607,0.741876,0.372579,3.090444
2018-12-30,0.001742,1.824488,0.367873,3.069132
2018-12-31,0.001775,0.657104,0.371779,3.764249
2019-01-01,0.000000,1.889748,0.365033,3.077449
2019-01-02,0.000000,2.084762,0.394820,3.074835
2019-01-03,0.000000,1.976422,0.371978,3.088843
2019-01-04,0.000000,1.808293,0.408449,3.074697
2019-01-05,0.000000,1.782704,0.352135,3.067338
2019-01-06,0.000274,1.662136,0.351329,3.055932
2019-01-07,0.000313,1.671469,0.346383,3.066670
2019-01-08,0.000333,1.672164,0.442167,3.071122
2019-01-09,0.000349,1.670833,0.355622,3.038843
2019-01-10,0.000322,1.670956,0.338521,3.049080
2019-01-11,0.001208,1.672458,0.336906,3.043158
2019-01-12,0.000332,1.871358,0.332401,3.043108
2019-01-13,0.000356,2.147706,0.331181,3.017903
2019-01-14,0.000335,2.190041,0.325639,3.021431
2019-01-15,0.000329,2.188207,0.326676,3.032198
2019-01-16,0.000331,2.158653,0.321129,2.997534
2019-01-17,0.000322,2.138046,0.320735,3.003972
2019-01-18,0.001416,2.136105,0.314289,3.036324
2019-01-19,0.000342,2.070073,0.314472,2.983201
2019-01-20,0.002631,1.161459,0.311609,3.004267
2019-01-21,0.004194,0.669691,0.307326,2.965279
2019-01-22,0.001700,0.818351,0.307315,2.992825
2019-01-23,0.000000,0.979199,0.302600,3.118667
2019-01-24,0.000000,0.995525,0.300159,2.974930
2019-01-25,0.000000,0.943684,0.298306,2.955608
2019-01-26,0.000000,1.157015,0.296221,2.972070
2019-01-27,0.000000,1.353164,0.291149,2.973037
2019-01-28,0.000000,1.438362,0.289285,2.910930
2019-01-29,0.000000,1.478419,0.286855,2.957889
2019-01-30,0.000000,1.512922,0.286423,2.935880
2019-01-31,0.000000,1.440543,0.278414,2.938768
2019-02-01,0.000000,1.458610,0.283401,2.947426
2019-02-02,0.000000,1.450657,0.276330,2.937850
2019-02-03,0.000000,1.211920,0.271916,2.953992
2019-02-04,0.000000,1.205661,0.271339,2.909139
2019-02-05,0.000000,1.210467,0.266090,2.956161
2019-02-06,0.000000,1.210151,0.266751,2.910384
2019-02-07,0.000000,1.222465,0.260604,2.926787
2019-02-08,0.000000,1.247228,0.258374,2.913193
2019-02-09,0.000000,1.255926,0.256521,2.891761
2019-02-10,0.000000,1.262636,0.255079,2.925326
2019-02-11,0.000000,1.275962,0.250291,2.917676
2019-02-12,0.000000,1.278765,0.251912,2.889591
2019-02-13,0.000000,1.276807,0.243428,2.890362
2019-02-14,0.000000,1.282418,0.244206,2.887041
2019-02-15,0.000000,1.292969,0.242042,2.856065
2019-02-16,0.000000,1.300272,0.240660,2.844824
2019-02-17,0.000000,1.311324,0.237160,2.834542
2019-02-18,0.000000,1.358525,0.236968,2.521841
2019-02-19,0.000000,1.370271,0.233110,2.505787
2019-02-20,0.000000,1.363102,0.229998,2.468127
2019-02-21,0.000000,1.360575,0.862776,2.758313
2019-02-22,0.000000,1.366734,0.281800,2.455005
2019-02-23,0.000000,1.362722,0.222704,2.447241
2019-02-24,0.000000,1.364433,0.221996,2.457648
2019-02-25,0.000000,1.396615,0.221195,2.453634
2019-02-26,0.000000,1.441725,0.216440,2.434520
2019-02-27,0.000000,1.437551,0.213937,2.437603
2019-02-28,0.000000,1.482046,0.299357,2.549320
2019-03-01,0.000000,1.540655,0.223339,2.365929
2019-03-02,0.000000,1.490925,0.207569,2.399415
2019-03-03,0.000000,1.482567,0.207747,2.360456
2019-03-04,0.000000,1.451331,0.205883,2.350407
2019-03-05,0.000000,1.423641,0.202853,2.374342
2019-03-06,0.000000,1.425899,0.200985,2.433467
2019-03-07,0.000000,0.545138,0.200065,2.385115
2019-03-08,0.000000,0.495401,0.197517,2.397559
2019-03-09,0.000000,0.496473,0.197013,2.374763
2019-03-10,0.000000,0.495530,0.194511,2.367367
2019-03-11,0.000000,0.495497,0.192508,2.365766
2019-03-12,0.000000,0.624101,0.191982,2.437508
2019-03-13,0.000000,1.106196,0.189329,2.390560
2019-03-14,0.000000,1.261180,0.189319,2.372234
2019-03-15,0.000000,1.310561,0.186889,2.380441
2019-03-16,0.000000,1.306762,0.184603,2.356351
2019-03-17,0.000000,1.317180,0.182961,2.393250
2019-03-18,0.000000,1.306083,0.182162,2.331517
2019-03-19,0.000000,1.312000,0.179732,2.358067
2019-03-20,0.000000,0.973068,0.180088,2.377152
2019-03-21,0.000000,1.193519,0.175805,2.370921
2019-03-22,0.000000,1.323541,0.175011,2.351376
2019-03-23,0.000000,1.323189,0.174368,2.371303
2019-03-24,0.000000,1.328945,0.171827,2.335401
2019-03-25,0.000000,1.334623,0.170612,2.347477
2019-03-26,0.000000,1.317025,0.168649,2.347543
2019-03-27,0.000000,1.320984,0.165997,2.328688
2019-03-28,0.000000,1.328553,0.165070,2.346593
2019-03-29,0.000000,1.310067,0.163456,2.328707
2019-03-30,0.000000,1.307744,0.161492,2.336535
2019-03-31,0.000000,1.316279,0.160277,2.325324
2019-04-01,0.000000,1.307800,0.158841,2.326688
2019-04-02,0.000000,1.297054,0.156699,3.131205
2019-04-03,0.000000,1.302852,0.181098,2.323000
2019-04-04,0.000000,1.312740,0.154047,2.327004
2019-04-05,0.000000,1.293403,0.152189,2.308158
2019-04-06,0.000000,1.257710,0.704245,3.883520
2019-04-07,0.000000,1.223978,2.768330,4.787913
2019-04-08,0.000000,1.220957,2.207639,3.465862
2019-04-09,0.000000,1.211532,0.189554,3.366579
2019-04-10,0.088794,1.226436,1.047659,3.614226
2019-04-11,1.101972,1.258874,0.790741,4.756862
2019-04-12,0.248679,1.281848,6.779897,3.964412
2019-04-13,0.000000,1.273666,3.237327,4.337046
2019-04-14,0.000000,1.232720,9.710263,3.340015
2019-04-15,3.377919,1.221591,1.162390,3.610646
2019-04-16,3.281105,1.235221,0.586971,5.671401
2019-04-17,0.501825,1.253008,0.358911,5.615553
2019-04-18,0.434699,1.258127,0.242918,4.310469
2019-04-19,1.503480,1.242143,0.680918,6.634905
2019-04-20,0.986243,1.252990,0.223387,7.355932
2019-04-21,0.922541,1.261436,0.185700,7.014028
2019-04-22,0.286809,1.275439,0.182614,2.613591
2019-04-23,0.269787,1.268858,0.183857,2.583899
2019-04-24,0.655640,1.238340,0.198828,4.776274
2019-04-25,0.682869,1.417922,0.193239,4.264834
2019-04-26,0.636509,1.660307,0.561153,6.167107
2019-04-27,12.953863,1.915679,1.388430,5.263824
2019-04-28,20.195716,3.609942,5.317777,3.329976
2019-04-29,31.840766,9.797731,7.600715,3.299063
2019-04-30,48.599768,19.969444,4.519484,5.241193
2019-05-01,50.834377,19.851742,4.888805,6.498560
2019-05-02,33.833560,38.756834,3.625229,6.426456
2019-05-03,2.837398,9.671386,0.681352,2.745285
2019-05-04,68.586062,23.378072,5.407339,4.179223
2019-05-05,90.774652,74.977001,8.234840,6.312095
2019-05-06,69.232612,85.652664,10.490580,10.110983
2019-05-07,30.406630,58.440630,2.041619,6.570104
2019-05-08,24.665417,41.278196,2.218463,6.419741
2019-05-09,23.525510,37.692152,1.520890,8.747765
2019-05-10,8.918373,19.364150,1.635640,8.542257
2019-05-11,14.314676,13.756039,1.560823,6.007803
2019-05-12,5.174572,11.228892,1.014262,4.431735
2019-05-13,1.347516,5.327445,1.115341,4.345407
2019-05-14,16.972076,8.370980,6.353970,5.151953
2019-05-15,60.279817,49.713105,5.559838,12.748488
2019-05-16,48.854322,74.437552,2.382616,10.901194
2019-05-17,42.044717,65.741333,2.518519,7.089795
2019-05-18,41.978007,67.393145,3.371771,24.289961
2019-05-19,43.380853,72.463202,3.965319,26.697137
2019-05-20,32.136567,54.764992,2.909668,15.123295
2019-05-21,32.903490,49.457084,2.798543,16.214675
2019-05-22,50.886024,72.511432,3.526789,39.363360
2019-05-23,57.563216,120.928212,5.038225,48.770716
2019-05-24,40.832550,100.346548,2.193864,38.500893
2019-05-25,44.207805,68.122774,2.364365,22.202333
2019-05-26,61.695803,113.471787,3.384872,57.828613
2019-05-27,37.031161,111.658741,2.706886,44.533540
2019-05-28,31.477999,87.652808,2.438627,8.908419
2019-05-29,37.059240,88.893573,3.215458,51.599404
2019-05-30,34.214171,94.158617,3.443000,50.126718
2019-05-31,33.481410,91.550039,3.461993,27.121700
2019-06-01,26.066333,79.945319,3.237885,23.093865
2019-06-02,32.993906,87.258673,4.103620,55.109346
2019-06-03,36.400410,106.356235,4.712151,56.252079
2019-06-04,37.255521,119.216029,5.096432,59.702971
2019-06-05,30.914453,109.335160,6.365172,59.289377
2019-06-06,34.097852,101.044066,4.817461,37.333720
2019-06-07,49.730161,123.639412,6.634096,62.971728
2019-06-08,33.218499,126.089766,6.283375,51.211621
2019-06-09,54.561849,145.604879,8.660107,70.170174
2019-06-10,39.117775,118.104510,7.920770,48.123128
2019-06-11,123.661920,230.499055,19.624531,83.635773
2019-06-12,73.106895,243.098374,18.133277,95.917469
2019-06-13,70.084561,313.252969,17.095267,114.061895
2019-06-14,63.157449,273.625410,10.964657,111.822301
2019-06-15,53.891565,273.510933,10.052837,92.653047
2019-06-16,60.859064,279.414149,10.198024,110.828427
2019-06-17,66.729335,333.728540,10.663280,141.877946
2019-06-18,49.058954,280.119740,9.632747,119.680249
2019-06-19,58.569894,282.565948,10.166054,136.999664
2019-06-20,47.203934,281.463907,9.507955,134.034013
2019-06-21,45.225118,255.382071,9.711241,129.445402
2019-06-22,41.477645,235.508589,9.427538,122.056585
2019-06-23,47.300677,244.621277,9.692362,127.767902
2019-06-24,51.417198,302.177305,9.487358,123.225017
2019-06-25,82.072559,343.524918,13.077995,211.121405
2019-06-26,78.761772,436.221248,12.814695,209.685344
2019-06-27,59.596303,381.764629,13.810209,209.043722
2019-06-28,49.791649,336.185036,13.034616,183.379692
2019-06-29,44.738551,289.323886,12.924867,178.216688
2019-06-30,43.876981,259.119628,11.757440,180.818845
2019-07-01,28.232346,201.598157,13.241832,192.137625
2019-07-02,89.346831,258.335612,12.672598,124.306087
2019-07-03,54.990331,307.185045,11.543746,201.349280
2019-07-04,43.315260,263.994015,11.720638,204.794396
2019-07-05,56.201285,303.606841,12.179506,218.322335
2019-07-06,38.985948,329.507855,12.494892,194.848555
2019-07-07,41.242956,311.152528,12.825377,212.773630
2019-07-08,47.943137,396.445810,13.089855,246.694633
2019-07-09,43.451034,392.523996,13.579915,220.744390
2019-07-10,24.135154,302.856567,12.051042,211.784307
2019-07-11,27.077884,295.756652,12.792942,229.962472
2019-07-12,23.438025,295.343930,12.594351,249.410940
2019-07-13,27.777389,301.627916,12.401349,244.124719
2019-07-14,32.822589,345.529790,13.992522,282.549596
2019-07-15,46.411069,450.048406,11.246424,224.884786
2019-07-16,33.226616,421.471133,12.652227,282.936176
2019-07-17,35.194929,404.134453,14.069951,293.723605
2019-07-18,38.061613,382.040068,14.160904,334.502882
2019-07-19,23.785469,410.033960,12.952925,309.636104
2019-07-20,17.726829,411.208819,13.375566,313.353491
2019-07-21,16.768974,407.941787,14.314349,339.679721
2019-07-22,18.782720,425.594465,14.135792,338.894939
2019-07-23,17.505060,437.721712,13.403201,284.808808
2019-07-24,13.696586,384.432452,13.261050,274.680502
2019-07-25,15.423276,378.499204,11.054289,179.198779
2019-07-26,12.298121,296.714931,11.870775,245.127412
2019-07-27,14.600536,311.083152,14.415347,373.688069
2019-07-28,14.762354,238.123656,12.121706,214.662983
2019-07-29,24.753468,376.309365,16.132939,367.650743
2019-07-30,66.181342,626.335626,14.366779,294.573592
2019-07-31,83.059069,1050.767482,18.103457,617.205695
2019-08-01,26.305890,859.101922,17.544815,401.891635
2019-08-02,16.557018,562.921246,14.875217,339.020327
2019-08-03,20.416490,520.050194,15.169917,370.128173
2019-08-04,17.890703,464.963677,13.511423,304.965001
2019-08-05,17.536804,500.839493,12.898130,314.692339
2019-08-06,11.108197,402.860569,12.610761,257.348693
2019-08-07,13.927356,342.437564,12.501728,272.427634
2019-08-08,9.808006,343.480963,11.951793,276.568495
2019-08-09,7.754070,304.610351,11.327944,201.915394
2019-08-10,9.100476,320.831809,11.423301,259.024229
2019-08-11,6.958070,292.687606,10.517054,165.072048
2019-08-12,8.968866,236.425258,10.154508,165.233813
2019-08-13,45.703744,466.055604,13.241089,291.912797
2019-08-14,6.636511,323.355438,10.521939,220.694615
2019-08-15,5.556271,220.411074,10.250119,166.181399
2019-08-16,5.750535,224.944699,10.289765,167.709486
2019-08-17,5.800753,258.897734,10.330343,169.403500
2019-08-18,6.346287,262.228711,10.022946,171.227181
2019-08-19,12.525658,326.717808,10.495233,191.910669
2019-08-20,5.116936,280.243626,9.748433,212.370988
2019-08-21,3.018173,184.198478,9.120700,114.418886
2019-08-22,2.823208,143.403677,8.890597,83.740639
2019-08-23,2.172070,117.984547,9.210130,80.728278
2019-08-24,19.927978,119.166536,9.854806,62.659640
2019-08-25,21.499992,266.591688,10.022259,155.542111
2019-08-26,6.351491,287.147417,8.462718,154.502635
2019-08-27,3.418344,195.414680,8.500418,129.204860
2019-08-28,3.526880,179.267315,8.249885,102.649961
2019-08-29,1.505210,136.504455,7.946402,47.605561
2019-08-30,0.799166,78.870031,8.393269,53.857518
2019-08-31,1.181903,64.945559,7.917728,55.636878
2019-09-01,7.303828,113.154564,0.000000,0.000000
2019-09-02,1.961828,110.172549,0.000000,0.000000
2019-09-03,3.260067,119.384836,0.000000,0.000000
2019-09-04,5.328777,195.504755,0.000000,0.000000
2019-09-05,2.825297,124.159400,0.000000,0.000000
2019-09-06,19.387287,149.502988,0.000000,0.000000
2019-09-07,6.970264,160.981825,0.000000,0.000000
2019-09-08,1.037367,140.957815,0.000000,0.000000
2019-09-09,10.274272,88.991476,0.000000,0.000000
2019-09-10,5.872642,126.157031,0.000000,0.000000
2019-09-11,0.067022,66.644985,0.000000,0.000000
2019-09-12,0.029654,34.396277,0.000000,0.000000
2019-09-13,0.033919,28.072348,0.000000,0.000000
2019-09-14,0.017975,28.422326,0.000000,0.000000
2019-09-15,0.014818,29.997355,0.000000,0.000000
2019-09-16,0.022180,24.810013,0.000000,0.000000
2019-09-17,0.028014,13.399829,0.000000,0.000000
2019-09-18,0.947494,7.020087,0.000000,0.000000
2019-09-19,3.455271,21.377679,0.000000,0.000000
2019-09-20,7.094372,68.402365,0.000000,0.000000
2019-09-21,3.033825,63.884540,0.000000,0.000000
2019-09-22,68.024977,198.601910,0.000000,0.000000
2019-09-23,46.973118,361.280335,0.000000,0.000000
2019-09-24,11.912217,272.663846,0.000000,0.000000
2019-09-25,1.168959,207.540963,0.000000,0.000000
2019-09-26,1.783864,108.211717,0.000000,0.000000
2019-09-27,39.754483,308.202746,0.000000,0.000000
2019-09-28,24.434755,457.142852,0.000000,0.000000
2019-09-29,0.695940,181.922338,0.000000,0.000000
2019-09-30,0.352621,80.442659,0.000000,0.000000
2019-10-01,27.425979,57.393142,0.000000,0.000000
2019-10-02,79.688191,61.729425,0.000000,0.000000
2019-10-03,77.279688,126.375172,0.000000,0.000000
2019-10-04,76.116453,166.455158,0.000000,0.000000
2019-10-05,103.148151,264.410498,0.000000,0.000000
2019-10-06,89.637020,405.516452,0.000000,0.000000
2019-10-07,14.408275,291.088752,0.000000,0.000000
2019-10-08,2.169004,49.555693,0.000000,0.000000
2019-10-09,29.258644,47.880633,0.000000,0.000000
2019-10-10,1.202484,34.613930,0.000000,0.000000
2019-10-11,0.197821,11.076593,0.000000,0.000000
2019-10-12,0.264947,5.037802,0.000000,0.000000
2019-10-13,0.764331,3.972927,0.000000,0.000000
2019-10-14,4.573240,3.610635,0.000000,0.000000
2019-10-15,0.272461,3.517370,0.000000,0.000000
2019-10-16,0.558899,3.291192,0.000000,0.000000
2019-10-17,0.101470,3.187615,0.000000,0.000000
2019-10-18,0.126095,3.311294,0.000000,0.000000
2019-10-19,9.447314,4.594251,0.000000,0.000000
2019-10-20,3.225650,8.497080,0.000000,0.000000
2019-10-21,0.026929,4.540334,0.000000,0.000000
2019-10-22,0.034645,3.048568,0.000000,0.000000
2019-10-23,0.010918,2.757325,0.000000,0.000000
2019-10-24,0.007832,2.709366,0.000000,0.000000
2019-10-25,0.009829,2.825330,0.000000,0.000000
2019-10-26,0.009003,2.754312,0.000000,0.000000
2019-10-27,0.018870,2.651747,0.000000,0.000000
2019-10-28,10.942669,4.737543,0.000000,0.000000
2019-10-29,5.256987,7.178831,0.000000,0.000000
2019-10-30,0.070209,3.682405,0.000000,0.000000
2019-10-31,0.013674,2.843014,0.000000,0.000000
2019-11-01,0.007803,2.757777,0.000000,0.000000
2019-11-02,0.005609,2.725121,0.000000,0.000000
2019-11-03,0.006496,2.728498,0.000000,0.000000
2019-11-04,0.008175,2.750729,0.000000,0.000000
2019-11-05,0.005113,2.468166,0.000000,0.000000
2019-11-06,0.004801,2.453834,0.000000,0.000000
2019-11-07,0.016081,2.531341,0.000000,0.000000
2019-11-08,6.727911,2.709753,0.000000,0.000000
2019-11-09,1.910214,2.526248,0.000000,0.000000
2019-11-10,6.694970,4.032103,0.000000,0.000000
2019-11-11,1.173087,2.655646,0.000000,0.000000
2019-11-12,0.232081,2.646173,0.000000,0.000000
2019-11-13,0.184039,2.506879,0.000000,0.000000
2019-11-14,0.193606,2.380566,0.000000,0.000000
2019-11-15,0.172352,2.164252,0.000000,0.000000
2019-11-16,0.141416,1.728837,0.000000,0.000000
2019-11-17,0.111391,1.665728,0.000000,0.000000
2019-11-18,0.110661,1.658237,0.000000,0.000000
2019-11-19,0.109271,1.607082,0.000000,0.000000
2019-11-20,0.107958,1.583427,0.000000,0.000000
2019-11-21,0.103361,1.549061,0.000000,0.000000
2019-11-22,0.100483,1.535191,0.000000,0.000000
2019-11-23,0.096064,1.532789,0.000000,0.000000
2019-11-24,0.071464,1.532107,0.000000,0.000000
2019-11-25,0.077701,1.549743,0.000000,0.000000
2019-11-26,0.054264,1.548641,0.000000,0.000000
2019-11-27,0.002869,1.550358,0.000000,0.000000
2019-11-28,0.001712,1.559380,0.000000,0.000000
2019-11-29,0.003463,1.526382,0.000000,0.000000
2019-11-30,0.003674,1.480573,0.000000,0.000000
2019-12-01,0.002586,1.484245,0.000000,0.000000
2019-12-02,0.002737,1.494899,0.000000,0.000000
2019-12-03,0.004183,1.404926,0.000000,0.000000
2019-12-04,0.001291,1.326383,0.000000,0.000000
2019-12-05,0.001890,1.320495,0.000000,0.000000
2019-12-06,0.003255,1.301785,0.000000,0.000000
2019-12-07,0.000634,1.294145,0.000000,0.000000
2019-12-08,0.000611,1.281206,0.000000,0.000000
2019-12-09,0.000576,1.283823,0.000000,0.000000
2019-12-10,0.000481,1.336640,0.000000,0.000000
2019-12-11,0.000753,1.375166,0.000000,0.000000
2019-12-12,0.000617,1.397242,0.000000,0.000000
2019-12-13,0.001305,1.375443,0.000000,0.000000
2019-12-14,0.002543,1.289919,0.000000,0.000000
2019-12-15,0.002130,0.904510,0.000000,0.000000
2019-12-16,0.001214,0.905627,0.000000,0.000000
2019-12-17,0.001167,0.902585,0.000000,0.000000
2019-12-18,0.002377,0.891271,0.000000,0.000000
2019-12-19,0.004152,0.888891,0.000000,0.000000
2019-12-20,0.004562,0.892629,0.000000,0.000000
2019-12-21,0.002540,0.894787,0.000000,0.000000
2019-12-22,0.001874,0.890755,0.000000,0.000000
2019-12-23,0.003027,0.887941,0.000000,0.000000
2019-12-24,0.001881,0.885636,0.000000,0.000000
2019-12-25,0.004004,0.871842,0.000000,0.000000
2019-12-26,0.003842,0.847829,0.000000,0.000000
2019-12-27,0.003725,0.852144,0.000000,0.000000
2019-12-28,0.003800,0.862157,0.000000,0.000000
2019-12-29,0.006262,0.870822,0.000000,0.000000
2019-12-30,0.007751,11.493719,0.000000,0.000000
2019-12-31,0.004570,1.862366,0.000000,0.000000

