time,MAR_land,MAR_ice,RACMO_land,RACMO_ice
2015-01-01,0.000000,0.230336,0.976939,1.356690
2015-01-02,0.000000,0.233668,0.960685,1.290304
2015-01-03,0.000000,0.237631,0.953280,1.326720
2015-01-04,0.000000,0.234711,0.947113,1.410541
2015-01-05,0.000000,0.231700,0.934209,1.226867
2015-01-06,0.000000,0.194733,0.928085,1.364137
2015-01-07,0.000000,0.215143,0.983662,1.228838
2015-01-08,0.000000,0.237189,0.938183,1.366643
2015-01-09,0.000000,0.240699,0.954461,1.253423
2015-01-10,0.000000,0.238572,0.884403,1.263777
2015-01-11,0.000000,0.209132,0.885068,1.338119
2015-01-12,0.000000,0.240928,0.866720,1.326374
2015-01-13,0.000000,0.240561,0.856409,1.255554
2015-01-14,0.000000,0.148354,0.854920,1.328700
2015-01-15,0.000000,0.084147,0.835707,1.397372
2015-01-16,0.000000,0.084103,0.839270,1.241493
2015-01-17,0.000000,0.085450,0.820386,1.313099
2015-01-18,0.000000,0.087845,1.039685,1.253475
2015-01-19,0.000000,0.088818,0.834544,1.236692
2015-01-20,0.000000,0.088847,1.118974,1.326370
2015-01-21,0.000000,0.088765,1.336834,1.239262
2015-01-22,0.000000,0.088810,0.799143,1.307934
2015-01-23,0.000000,0.126260,0.774394,1.252926
2015-01-24,0.000000,0.178505,0.911522,1.313897
2015-01-25,0.000000,0.277270,0.752097,1.219034
2015-01-26,0.000000,0.113443,0.749047,1.300216
2015-01-27,0.000000,0.349730,0.739383,1.214576
2015-01-28,0.000000,0.499932,0.727866,1.203480
2015-01-29,0.000000,0.522464,0.723521,1.305464
2015-01-30,0.000000,0.233178,0.716521,1.231217
2015-01-31,0.000000,0.494050,0.708002,1.283786
2015-02-01,0.000000,0.413251,0.704081,1.303674
2015-02-02,0.000000,0.086631,0.689925,1.445353
2015-02-03,0.000000,0.240595,1.562562,1.438566
2015-02-04,0.000000,0.276534,0.695468,1.299855
2015-02-05,0.000000,0.204617,1.017816,1.336325
2015-02-06,0.000000,0.183481,0.669861,1.296985
2015-02-07,0.000000,0.106727,0.957430,1.328319
2015-02-08,0.000000,0.205665,1.110663,1.284776
2015-02-09,0.000000,0.158908,0.639806,1.194811
2015-02-10,0.000000,0.084142,0.637066,1.193319
2015-02-11,0.000000,0.084099,0.631957,1.258006
2015-02-12,0.000000,0.084142,0.617026,1.274677
2015-02-13,0.000000,0.084949,0.615101,1.174044
2015-02-14,0.000000,0.084359,0.610633,1.352536
2015-02-15,0.000000,0.084142,0.600813,1.273630
2015-02-16,0.000000,0.084099,0.596981,1.172388
2015-02-17,0.000000,0.085027,0.584228,1.269318
2015-02-18,0.000000,0.087278,0.579995,1.209757
2015-02-19,0.000000,0.087748,0.575206,1.181920
2015-02-20,0.000000,0.085088,0.561395,1.246007
2015-02-21,0.000000,0.084568,0.560130,1.224239
2015-02-22,0.000000,0.085299,0.549901,1.256972
2015-02-23,0.000000,0.084403,0.544176,1.233079
2015-02-24,0.000000,0.084341,0.536566,1.166873
2015-02-25,0.000000,0.085116,0.525914,1.285246
2015-02-26,0.000000,0.086048,0.528050,1.256151
2015-02-27,0.000000,0.085951,0.516196,1.290798
2015-02-28,0.000000,0.086085,0.514620,1.293710
2015-03-01,0.000000,0.085564,0.506518,1.224444
2015-03-02,0.000000,0.084373,0.493631,1.224448
2015-03-03,0.000000,0.084547,0.498563,1.228268
2015-03-04,0.000000,0.086078,0.487328,1.251232
2015-03-05,0.000000,0.086085,0.481735,1.211093
2015-03-06,0.000000,0.086045,0.471424,1.313716
2015-03-07,0.000000,0.086086,0.467346,1.183662
2015-03-08,0.000000,0.086084,0.462161,1.248630
2015-03-09,0.000000,0.235357,0.530002,1.235510
2015-03-10,0.000000,0.442487,0.458891,1.190147
2015-03-11,0.000000,0.491137,0.469593,1.193618
2015-03-12,0.000000,0.502749,0.438295,1.164672
2015-03-13,0.000000,0.499549,0.433888,1.140388
2015-03-14,0.000000,0.476438,0.593159,1.213006
2015-03-15,0.000000,0.488861,0.447178,1.183621
2015-03-16,0.000000,0.478703,0.427994,1.212660
2015-03-17,0.000000,0.261966,0.417378,1.155010
2015-03-18,0.000000,0.452048,0.413173,1.126133
2015-03-19,0.000000,0.488903,0.420441,1.132632
2015-03-20,0.000000,0.497729,0.786997,1.203596
2015-03-21,0.000000,0.512179,0.655495,1.150558
2015-03-22,0.000000,0.509580,0.396829,1.194113
2015-03-23,0.000000,0.510730,0.391911,1.134209
2015-03-24,0.000000,0.526632,0.415012,1.176408
2015-03-25,0.000000,0.521349,0.392622,1.151297
2015-03-26,0.000000,0.517479,0.409915,1.195554
2015-03-27,0.000000,0.514423,0.380867,1.115172
2015-03-28,0.000000,0.413018,0.382645,1.136580
2015-03-29,0.000000,0.125296,0.370160,1.198362
2015-03-30,0.000000,0.093349,0.367287,1.134523
2015-03-31,0.000000,0.352981,0.360509,1.189927
2015-04-01,0.000000,0.487780,0.360020,1.115037
2015-04-02,0.000000,0.487511,0.364765,1.217126
2015-04-03,0.000000,0.482302,0.348738,1.195611
2015-04-04,0.000000,0.478905,0.349381,1.184589
2015-04-05,0.000000,0.335876,0.493215,1.205397
2015-04-06,0.000000,0.452255,0.490677,1.122613
2015-04-07,0.000000,0.519630,0.333678,1.086299
2015-04-08,0.000000,0.541417,0.339366,1.225690
2015-04-09,0.000000,0.548008,0.321386,1.194870
2015-04-10,0.000000,0.542113,0.325365,1.132114
2015-04-11,0.000000,0.538896,0.327854,1.177971
2015-04-12,0.000000,0.465096,0.320187,1.283536
2015-04-13,0.000000,0.523359,0.882259,1.083461
2015-04-14,0.000000,0.562624,0.638680,1.099517
2015-04-15,0.000000,0.553795,1.329959,4.719275
2015-04-16,0.000000,0.557900,6.032019,4.908298
2015-04-17,1.149858,0.551103,2.071434,6.344866
2015-04-18,0.000000,0.573127,5.697469,4.044323
2015-04-19,20.920481,0.571336,23.975977,7.620956
2015-04-20,19.311706,0.575847,6.131379,5.228919
2015-04-21,0.132868,0.564120,1.209122,1.115625
2015-04-22,0.101729,0.568409,1.219864,1.179526
2015-04-23,0.059636,0.402372,1.097911,3.539954
2015-04-24,0.034766,0.172707,0.760423,1.277416
2015-04-25,0.015304,0.112793,0.283943,5.475759
2015-04-26,0.006378,0.409805,0.818724,1.276207
2015-04-27,0.004072,0.528641,1.359477,1.096967
2015-04-28,0.003398,0.287469,2.165691,1.138769
2015-04-29,0.002454,0.492468,1.669126,1.257124
2015-04-30,0.002340,0.552728,1.748364,1.208014
2015-05-01,0.001801,0.563634,1.262705,1.106615
2015-05-02,0.001417,0.555881,1.156039,1.288826
2015-05-03,0.001569,0.571777,3.551169,2.682128
2015-05-04,0.001487,0.571065,3.334391,1.608315
2015-05-05,0.001549,0.484002,3.117262,7.063804
2015-05-06,0.001018,0.484808,6.371124,9.340149
2015-05-07,0.000000,0.106886,5.204207,8.920599
2015-05-08,0.000000,0.084090,2.411161,9.965551
2015-05-09,0.000000,0.084089,1.735465,7.450065
2015-05-10,0.000000,0.084089,3.208820,6.782770
2015-05-11,0.000000,0.084110,3.735595,7.119728
2015-05-12,0.000000,0.084253,9.233570,7.023750
2015-05-13,0.000000,0.084270,5.237649,10.986624
2015-05-14,6.005389,0.084141,10.414535,7.064411
2015-05-15,8.985555,0.084092,10.808968,11.099308
2015-05-16,28.626969,0.084051,15.603376,9.305831
2015-05-17,36.035936,0.088356,12.319858,11.306090
2015-05-18,27.533284,0.089672,12.572864,8.075806
2015-05-19,1.288562,0.085414,1.625193,1.222670
2015-05-20,4.879452,0.084126,1.310792,7.431089
2015-05-21,15.737845,0.084043,2.008583,9.519802
2015-05-22,7.827174,0.084086,3.362848,11.551968
2015-05-23,46.909053,0.094078,6.099533,10.483097
2015-05-24,32.110658,0.124027,6.027060,9.198865
2015-05-25,10.874746,0.103181,4.935150,9.236091
2015-05-26,28.827781,0.175886,8.199718,9.956202
2015-05-27,39.091151,0.507556,12.405773,9.049351
2015-05-28,27.111072,0.454383,9.349052,9.944040
2015-05-29,0.694584,0.123950,2.296489,9.704991
2015-05-30,5.538212,0.084123,7.812223,9.945280
2015-05-31,18.710551,0.120762,7.726957,10.825631
2015-06-01,18.849062,0.125443,5.914716,11.647257
2015-06-02,28.860309,0.595552,12.445410,11.018868
2015-06-03,35.061284,2.637198,15.854725,17.224224
2015-06-04,44.558604,6.005316,28.193234,18.208391
2015-06-05,52.723759,7.260786,26.391702,15.243929
2015-06-06,50.783908,8.767750,28.263513,20.003815
2015-06-07,42.470019,8.840634,27.753982,18.548618
2015-06-08,71.011166,15.004182,27.394228,79.639684
2015-06-09,96.595991,22.597353,24.474156,43.375032
2015-06-10,96.709486,32.971041,28.199140,56.911642
2015-06-11,61.065842,29.146164,25.667272,47.619938
2015-06-12,61.965451,22.891766,24.421707,41.878279
2015-06-13,80.599450,27.274724,28.716076,52.656865
2015-06-14,72.435932,31.402814,34.213489,59.091357
2015-06-15,45.995124,27.154609,56.091736,61.341540
2015-06-16,70.107630,38.257820,50.542867,58.576011
2015-06-17,129.221837,68.890809,56.775836,53.275346
2015-06-18,107.480393,64.906151,55.385075,66.499324
2015-06-19,113.174652,81.879771,59.590691,69.418975
2015-06-20,104.104181,84.715923,57.760199,63.732699
2015-06-21,102.793403,86.795840,59.450538,67.275259
2015-06-22,105.526148,90.988155,57.283066,74.463723
2015-06-23,107.302767,96.114015,58.596762,78.066003
2015-06-24,114.489948,100.833988,63.030934,94.978413
2015-06-25,121.514313,116.289368,71.451960,110.270018
2015-06-26,130.967604,136.713155,71.277849,113.733897
2015-06-27,240.780474,203.441152,80.614567,129.213202
2015-06-28,215.306962,249.164617,81.054699,139.602176
2015-06-29,101.196199,185.182282,72.959458,134.162577
2015-06-30,94.125365,153.360340,71.785747,126.019854
2015-07-01,100.367953,158.055380,75.497079,128.975598
2015-07-02,105.991306,162.855309,75.618986,153.580318
2015-07-03,98.706186,159.387847,79.606117,161.225142
2015-07-04,98.471930,142.319351,66.054225,121.410403
2015-07-05,151.863195,178.106531,80.904251,197.656059
2015-07-06,167.742940,269.325220,80.257634,196.620225
2015-07-07,90.421769,210.897588,77.564972,198.084387
2015-07-08,95.226729,198.154012,77.576217,199.106897
2015-07-09,76.378007,187.430471,70.106978,190.368647
2015-07-10,70.201887,168.162621,57.066170,138.127442
2015-07-11,77.501445,146.741269,54.019128,136.462990
2015-07-12,44.181386,110.422326,62.511455,160.086061
2015-07-13,68.293021,144.109551,67.977335,160.170678
2015-07-14,54.902201,146.058090,64.814622,205.712887
2015-07-15,71.099107,191.658437,57.738554,218.530726
2015-07-16,75.694471,222.269968,64.847666,219.621139
2015-07-17,65.996614,220.912744,69.056065,216.661539
2015-07-18,80.429069,242.607430,72.843641,231.077416
2015-07-19,53.952397,237.327347,64.158165,202.787555
2015-07-20,49.106897,203.981772,64.730167,206.147471
2015-07-21,38.697776,191.842147,63.542339,180.829734
2015-07-22,40.361178,174.195707,58.541947,175.045256
2015-07-23,42.751664,159.131628,56.333719,167.487453
2015-07-24,34.024072,131.893041,46.700142,120.922022
2015-07-25,22.474164,95.412976,44.221923,124.091123
2015-07-26,19.453909,90.765696,49.388719,180.613351
2015-07-27,16.343790,100.224544,48.142627,174.871981
2015-07-28,16.516212,102.036077,54.123262,190.760911
2015-07-29,20.242967,110.027569,49.684449,171.248492
2015-07-30,13.771173,119.834037,48.149275,164.121667
2015-07-31,16.015998,115.439828,49.162172,157.608460
2015-08-01,33.380124,138.877299,53.164929,148.737919
2015-08-02,34.543871,158.167903,57.262793,219.761318
2015-08-03,24.916620,153.054931,60.032270,249.912351
2015-08-04,25.622700,149.658318,53.177318,198.551113
2015-08-05,19.309339,132.714119,55.784287,156.193463
2015-08-06,30.034497,119.012985,40.444795,124.407234
2015-08-07,24.995921,138.150563,47.602080,177.437892
2015-08-08,10.002399,121.157831,47.060054,162.546853
2015-08-09,10.542476,107.593960,43.439892,135.669946
2015-08-10,7.728583,96.555086,43.111687,131.452455
2015-08-11,8.871688,99.866529,38.831551,124.967641
2015-08-12,1.940734,133.601453,74.407792,135.996869
2015-08-13,15.532448,156.601208,63.399299,171.818299
2015-08-14,14.916131,137.613674,33.865147,113.621117
2015-08-15,10.610805,114.738645,38.880060,121.830153
2015-08-16,11.943835,102.515943,41.157609,140.872332
2015-08-17,13.470149,100.941755,36.068611,119.917560
2015-08-18,8.962914,96.694173,30.623697,106.914061
2015-08-19,2.959033,87.084438,27.838521,102.465715
2015-08-20,4.011790,86.036077,29.110119,95.523837
2015-08-21,3.413859,72.269242,24.650444,59.372507
2015-08-22,9.153805,74.456409,31.854611,132.171941
2015-08-23,5.761235,83.595799,27.669014,74.727562
2015-08-24,9.790577,83.175917,28.617304,114.898268
2015-08-25,47.107853,180.468288,37.900473,78.900872
2015-08-26,78.885376,265.245057,42.407081,129.826834
2015-08-27,51.797975,243.918199,36.749587,160.502044
2015-08-28,5.567530,102.868906,32.792303,103.220898
2015-08-29,5.990297,92.736750,24.047941,86.596213
2015-08-30,15.127652,105.480599,35.654971,139.277614
2015-08-31,18.803454,132.723565,25.522285,108.534825
2015-09-01,3.413299,87.323159,25.360391,87.685043
2015-09-02,114.882523,65.647138,34.285117,72.948832
2015-09-03,2.876143,43.341334,18.411773,76.039506
2015-09-04,102.911987,61.967974,44.115405,88.854943
2015-09-05,14.756999,121.668969,16.140320,97.215472
2015-09-06,92.353827,157.535643,74.060495,150.092966
2015-09-07,77.918129,316.347186,94.305817,177.568975
2015-09-08,98.787434,277.581141,57.641863,123.265894
2015-09-09,227.214266,418.740122,98.251977,146.800884
2015-09-10,90.331655,328.115105,38.289141,90.666241
2015-09-11,39.266676,205.828125,22.974199,49.678511
2015-09-12,1.610996,65.423933,6.875295,56.016252
2015-09-13,0.139825,23.590798,6.998356,47.620922
2015-09-14,0.005273,11.082193,7.098213,49.262418
2015-09-15,0.002845,10.286445,7.160764,57.190061
2015-09-16,0.001176,9.933507,6.333845,39.149885
2015-09-17,0.001938,4.129734,7.560990,42.735501
2015-09-18,0.001589,1.500490,9.193730,40.712121
2015-09-19,102.037880,21.041481,35.793103,23.476769
2015-09-20,155.506162,183.813810,35.822708,48.452353
2015-09-21,8.621542,61.803212,12.912525,50.098212
2015-09-22,39.424380,29.676075,24.935348,39.442615
2015-09-23,7.023117,21.893833,8.502474,31.252404
2015-09-24,7.777986,8.150980,12.575759,29.887971
2015-09-25,45.392427,4.660660,17.903824,28.314620
2015-09-26,15.521037,3.701827,18.032663,11.268986
2015-09-27,21.323331,0.291169,8.436999,2.275409
2015-09-28,15.053987,0.265919,5.722790,2.150198
2015-09-29,2.660188,0.238998,5.168893,2.475238
2015-09-30,3.067943,0.238091,5.240393,2.836636
2015-10-01,0.758850,0.237708,5.223890,2.593576
2015-10-02,0.175071,0.237497,5.140423,1.537489
2015-10-03,0.000964,0.336857,5.008297,1.461577
2015-10-04,0.097124,0.731839,5.278522,1.479437
2015-10-05,3.847383,0.322881,6.547310,1.434259
2015-10-06,23.255330,0.240888,8.448786,2.027958
2015-10-07,20.262556,0.284501,9.586991,2.279462
2015-10-08,6.963239,0.298641,6.881158,2.102703
2015-10-09,0.512212,0.635486,3.942201,1.576207
2015-10-10,0.466980,0.805285,3.817161,1.424640
2015-10-11,0.000416,0.827824,4.148489,1.962411
2015-10-12,0.025122,0.542023,3.911360,1.646028
2015-10-13,2.254434,0.236484,3.451903,1.413732
2015-10-14,0.000026,0.236354,3.344794,2.272726
2015-10-15,4.958506,0.236439,3.938279,1.937134
2015-10-16,4.616754,0.236388,14.468003,3.803491
2015-10-17,102.617312,12.828945,29.979502,18.172121
2015-10-18,1.020413,0.783438,3.044005,1.567941
2015-10-19,0.244683,0.608857,2.895953,1.487686
2015-10-20,0.074196,0.788481,2.833236,1.551306
2015-10-21,0.006332,0.742615,2.767448,1.473327
2015-10-22,0.000041,0.253848,2.711798,1.540238
2015-10-23,0.000057,0.662186,2.652573,1.474525
2015-10-24,0.001508,0.570747,2.592785,1.548852
2015-10-25,0.000062,0.399244,2.548296,1.489022
2015-10-26,0.000683,0.545716,2.554968,1.538140
2015-10-27,0.002119,0.219972,2.634494,1.476955
2015-10-28,3.163927,0.219432,18.482490,1.651962
2015-10-29,34.036167,1.815500,49.245533,2.806623
2015-10-30,16.279961,8.251120,17.329375,2.361210
2015-10-31,0.046600,1.622325,2.319796,1.565428
2015-11-01,0.013239,0.561768,2.277457,1.474109
2015-11-02,0.005971,0.754148,2.268209,1.516848
2015-11-03,0.006137,0.795057,2.242855,1.481331
2015-11-04,0.007999,0.800356,2.219966,1.514192
2015-11-05,0.005791,0.799690,3.473812,1.528977
2015-11-06,0.001229,0.797000,5.001266,1.579250
2015-11-07,0.011437,0.796885,3.624370,1.419339
2015-11-08,0.000007,0.796193,2.150620,1.512184
2015-11-09,0.000437,0.795997,2.131552,1.447999
2015-11-10,0.000714,0.790153,2.123259,1.519163
2015-11-11,0.001363,0.753384,2.091837,1.509603
2015-11-12,0.000039,0.789770,2.081295,1.519137
2015-11-13,0.004607,0.647710,2.055631,1.465860
2015-11-14,0.000037,0.703352,2.035971,1.486878
2015-11-15,0.000092,0.782528,2.021794,1.495436
2015-11-16,0.000083,0.792438,2.002830,1.420054
2015-11-17,0.000027,0.794154,1.977682,1.469556
2015-11-18,0.000177,0.794241,1.957654,1.409506
2015-11-19,0.000001,0.793905,1.941974,1.470718
2015-11-20,0.000000,0.793686,1.915041,5.527847
2015-11-21,0.000000,0.793028,1.925439,1.572992
2015-11-22,0.004655,0.574716,7.715715,1.371843
2015-11-23,0.000000,0.216680,1.889156,1.465151
2015-11-24,0.000000,0.215222,1.853125,1.382791
2015-11-25,0.000000,0.214828,2.272923,1.438483
2015-11-26,0.000000,0.214551,1.779475,1.393614
2015-11-27,0.000000,0.214695,1.762350,1.435292
2015-11-28,0.000000,0.214501,1.735076,1.365802
2015-11-29,0.000000,0.214547,1.714433,1.451494
2015-11-30,0.000000,0.213907,1.690226,1.362129
2015-12-01,0.000029,0.213910,1.666672,1.456937
2015-12-02,0.000000,0.213809,1.648751,1.332413
2015-12-03,0.000000,0.212919,1.629658,1.360032
2015-12-04,0.000000,0.212561,1.599767,1.423797
2015-12-05,0.000000,0.212545,1.582185,1.436368
2015-12-06,0.000000,0.212502,1.556865,1.419329
2015-12-07,0.000000,0.212182,1.535665,1.371973
2015-12-08,0.000000,0.212123,1.517770,1.418232
2015-12-09,0.000000,0.211987,1.493310,1.409406
2015-12-10,0.000000,0.211738,1.475213,1.365161
2015-12-11,0.000000,0.211215,1.446887,1.326897
2015-12-12,0.000000,0.211363,1.435729,1.389868
2015-12-13,0.000000,0.211372,1.412342,1.424287
2015-12-14,0.000000,0.211096,1.395275,1.343886
2015-12-15,0.000000,0.211065,1.709787,1.412686
2015-12-16,0.000000,0.209664,2.083341,1.348416
2015-12-17,0.000000,0.201696,1.342631,1.393463
2015-12-18,0.000000,0.201822,1.309058,1.359084
2015-12-19,0.000000,0.201836,1.293785,1.368397
2015-12-20,0.000000,0.201830,1.271390,1.336398
2015-12-21,0.000000,0.201718,1.255291,1.386281
2015-12-22,0.000000,0.201835,1.243463,1.397878
2015-12-23,0.000000,0.201700,1.214524,1.302887
2015-12-24,0.000000,0.201488,1.197961,1.381726
2015-12-25,0.000000,0.201476,1.187419,1.401786
2015-12-26,0.000000,0.201163,1.435014,1.373134
2015-12-27,0.000000,0.201119,1.152869,1.295720
2015-12-28,0.000000,0.201118,1.207740,1.425767
2015-12-29,0.000000,0.201084,1.120932,1.354309
2015-12-30,0.000000,0.085011,1.124714,1.371277
2015-12-31,0.000000,0.084912,1.177177,1.425325
2016-01-01,0.000000,0.084697,1.127208,1.366422
2016-01-02,0.000000,0.084742,1.054924,1.310472
2016-01-03,0.000000,0.084742,1.041867,1.361178
2016-01-04,0.000000,0.084724,1.038200,1.325569
2016-01-05,0.000000,0.084709,1.015398,1.390906
2016-01-06,0.000000,0.084698,0.996506,1.345136
2016-01-07,0.000000,0.084742,1.080915,1.296574
2016-01-08,0.000000,0.084742,0.972036,1.299337
2016-01-09,0.000000,0.084721,0.957211,1.372163
2016-01-10,0.000000,0.084706,0.948465,1.279727
2016-01-11,0.000000,0.084694,0.936125,1.361515
2016-01-12,0.000000,0.084739,0.919730,1.308914
2016-01-13,0.000000,0.084739,0.904986,1.343373
2016-01-14,0.000000,0.084721,0.896760,1.361972
2016-01-15,0.000000,0.084706,0.877333,1.371771
2016-01-16,0.000000,0.084695,0.870079,1.364245
2016-01-17,0.000000,0.084739,0.848209,1.376209
2016-01-18,0.000000,0.074534,0.834350,1.355703
2016-01-19,0.000000,0.084566,3.655712,1.378762
2016-01-20,0.000000,0.088271,6.684389,1.381654
2016-01-21,0.000001,0.088290,10.919107,1.464244
2016-01-22,1.009924,0.088336,5.511656,1.358466
2016-01-23,0.105994,0.088324,3.170778,1.330348
2016-01-24,0.000000,0.088306,2.237197,1.265130
2016-01-25,0.000004,0.088290,3.227715,1.327543
2016-01-26,0.000002,0.088276,0.841503,1.278427
2016-01-27,0.000000,0.088322,0.717998,1.341349
2016-01-28,0.000000,0.088320,0.704422,1.262032
2016-01-29,0.000001,0.087324,0.697790,1.321507
2016-01-30,0.000000,0.084179,0.687525,1.265699
2016-01-31,0.000000,0.087222,0.674608,1.314665
2016-02-01,0.000000,0.086585,0.664573,1.329054
2016-02-02,0.000000,0.087503,0.656154,1.328965
2016-02-03,0.000002,0.087267,0.641204,1.227061
2016-02-04,0.000003,0.095492,0.637454,1.317878
2016-02-05,0.000000,0.125693,0.623963,1.292066
2016-02-06,0.000000,0.501874,0.609931,1.300263
2016-02-07,0.000000,0.766292,0.605493,1.375743
2016-02-08,0.000001,0.538578,0.592236,1.283393
2016-02-09,0.000001,0.130865,0.581812,1.286041
2016-02-10,0.000000,0.217036,0.573116,1.238474
2016-02-11,0.000000,0.499874,0.563643,1.277682
2016-02-12,0.000000,0.135929,0.547175,1.249050
2016-02-13,0.000000,0.136559,0.539105,1.303131
2016-02-14,0.000000,0.139565,0.531191,1.261448
2016-02-15,0.000000,0.141359,0.513957,1.229493
2016-02-16,0.000000,0.556385,0.521595,1.279892
2016-02-17,0.000000,0.878653,0.496471,1.281135
2016-02-18,0.000000,0.261594,0.486910,1.352785
2016-02-19,0.000001,0.766599,0.478442,1.307874
2016-02-20,0.000001,0.953753,0.472981,1.318424
2016-02-21,0.000000,0.983163,0.460777,1.309995
2016-02-22,0.000000,0.984808,0.447295,1.252505
2016-02-23,0.000001,0.980003,0.443208,1.285246
2016-02-24,0.000004,1.000666,0.436467,1.221843
2016-02-25,0.000005,1.050709,0.461833,1.284566
2016-02-26,0.000002,1.047545,0.416899,1.233885
2016-02-27,0.000005,1.045252,0.407699,1.279288
2016-02-28,0.000010,0.994973,0.446914,1.227257
2016-02-29,0.000006,0.999872,0.402361,1.278707
2016-03-01,0.000002,1.012000,0.399280,1.267019
2016-03-02,0.000000,1.039510,0.373446,1.267019
2016-03-03,0.000000,1.038126,0.374056,1.202485
2016-03-04,0.000000,1.027770,0.362386,1.255304
2016-03-05,0.000002,1.028742,0.453686,1.254817
2016-03-06,0.000000,1.034238,0.382889,1.285533
2016-03-07,0.000000,0.588865,0.357413,1.294409
2016-03-08,0.000003,0.967792,1.076419,1.267944
2016-03-09,0.000002,1.046510,0.744586,1.255514
2016-03-10,0.000000,1.053695,0.796760,1.194005
2016-03-11,0.000000,1.053757,0.362888,1.265477
2016-03-12,0.000000,1.054625,0.574810,1.182792
2016-03-13,0.000000,1.054670,0.664433,1.260942
2016-03-14,0.000000,1.057350,0.488248,1.199428
2016-03-15,0.000000,0.629829,0.364432,1.246406
2016-03-16,0.000000,0.959592,0.883314,1.199264
2016-03-17,0.000000,1.073794,9.468322,3.446703
2016-03-18,2.867396,1.109107,15.900019,2.990249
2016-03-19,2.971345,1.113739,2.464739,1.295666
2016-03-20,0.000000,1.139528,0.946013,1.252391
2016-03-21,0.000000,1.169689,0.317201,1.329223
2016-03-22,0.000000,1.202928,0.598242,1.225163
2016-03-23,0.000000,1.213961,0.357925,1.277065
2016-03-24,0.000000,1.217322,0.307644,1.292006
2016-03-25,0.000000,1.216535,0.262221,1.270661
2016-03-26,0.000000,1.213114,0.263157,1.156231
2016-03-27,0.000000,0.638965,0.259078,1.265877
2016-03-28,0.000000,0.214031,0.254158,1.178216
2016-03-29,0.000000,0.176359,0.249794,1.259116
2016-03-30,0.000000,0.616562,0.249055,1.164671
2016-03-31,0.000000,0.085008,0.260872,1.259903
2016-04-01,0.000000,0.295873,0.279493,1.397188
2016-04-02,0.000000,0.980982,0.457188,1.169590
2016-04-03,0.000000,1.094490,1.263398,1.185542
2016-04-04,0.000000,1.207490,0.958829,4.200041
2016-04-05,0.000000,1.227258,1.036161,1.245496
2016-04-06,0.000000,1.235684,1.087444,1.169861
2016-04-07,0.000020,1.244683,0.868426,1.233375
2016-04-08,0.000023,1.261613,1.009920,4.626906
2016-04-09,0.000000,1.270856,1.103656,5.814417
2016-04-10,3.847757,1.292909,4.346165,9.816223
2016-04-11,12.911107,1.355778,12.696897,8.791341
2016-04-12,45.309894,2.632575,21.212144,6.184056
2016-04-13,36.905361,4.504229,16.276487,7.042302
2016-04-14,10.880588,3.307796,13.021070,8.948806
2016-04-15,33.682487,8.258703,21.477762,7.344444
2016-04-16,0.155180,5.081845,4.033520,4.307347
2016-04-17,0.100873,1.951181,1.251590,1.228745
2016-04-18,0.689761,1.436497,0.509397,1.161091
2016-04-19,0.003100,1.358126,1.111534,4.940934
2016-04-20,0.173483,1.450509,1.804014,1.164873
2016-04-21,1.098643,1.648942,2.388037,6.035963
2016-04-22,10.034994,4.218981,6.607712,9.260511
2016-04-23,56.976031,20.129499,29.354273,9.276009
2016-04-24,21.698359,18.240906,23.736847,8.407655
2016-04-25,9.330749,8.273343,12.609682,7.916894
2016-04-26,10.342785,6.088995,23.275856,7.366293
2016-04-27,4.401432,4.814496,12.342540,8.548629
2016-04-28,3.512508,4.518087,12.264454,15.607970
2016-04-29,0.003184,4.413254,22.966781,12.022892
2016-04-30,1.301260,3.292223,15.282671,5.657893
2016-05-01,2.725035,4.031267,19.190758,6.335574
2016-05-02,4.242239,7.953420,23.758099,5.575674
2016-05-03,3.622604,10.880429,20.677773,7.301130
2016-05-04,7.964061,12.939246,27.228238,7.621859
2016-05-05,11.074604,12.907176,30.549246,10.964602
2016-05-06,9.638635,14.659409,29.198715,9.872991
2016-05-07,0.154083,13.836504,28.115172,10.509354
2016-05-08,0.004817,11.932434,31.152276,10.137073
2016-05-09,9.300921,20.516890,48.543767,10.648181
2016-05-10,35.756032,37.815849,51.230879,5.707968
2016-05-11,46.419387,78.268065,45.424991,13.487383
2016-05-12,44.217245,54.344374,37.798115,17.452162
2016-05-13,51.436958,65.473917,32.996188,20.420008
2016-05-14,61.792182,75.604895,42.129206,23.805699
2016-05-15,83.462055,92.229272,45.477883,20.128360
2016-05-16,21.164515,73.321279,29.728873,11.538620
2016-05-17,38.349707,53.446568,36.846375,19.056402
2016-05-18,16.712628,49.815536,20.961024,16.444937
2016-05-19,10.629866,42.169506,33.067673,13.658921
2016-05-20,16.032585,45.437681,38.687413,11.048538
2016-05-21,4.209102,41.905945,8.869099,7.798948
2016-05-22,0.838342,19.688632,7.507310,12.426054
2016-05-23,0.278435,10.132212,9.858064,21.686214
2016-05-24,24.338464,20.490770,21.858124,65.660246
2016-05-25,31.279086,40.834401,6.388898,53.923341
2016-05-26,3.426881,34.282073,4.655207,60.920527
2016-05-27,0.423527,30.361895,3.307723,77.384120
2016-05-28,4.531338,31.921594,6.359131,80.304892
2016-05-29,24.198022,18.744939,6.176338,63.376792
2016-05-30,11.818603,3.365147,7.204451,55.019866
2016-05-31,18.237427,3.028083,8.809420,74.492383
2016-06-01,21.779093,2.524374,14.176821,71.546860
2016-06-02,118.490433,41.292928,52.869344,52.764180
2016-06-03,84.363397,119.062273,36.410624,80.204093
2016-06-04,63.897771,157.320064,27.549745,85.344524
2016-06-05,48.879739,130.244795,29.051857,71.481521
2016-06-06,56.142486,114.704771,27.837038,91.209948
2016-06-07,40.186901,128.266864,29.435823,89.680869
2016-06-08,43.733961,125.654910,37.733210,90.586503
2016-06-09,74.994592,155.711676,44.944614,81.485185
2016-06-10,164.492663,215.788946,47.669431,63.945366
2016-06-11,189.825134,277.714880,54.733205,97.416861
2016-06-12,71.860788,209.241422,54.067338,111.920814
2016-06-13,60.874784,191.773512,59.148529,140.730838
2016-06-14,68.401274,213.300464,60.173892,154.023652
2016-06-15,42.747406,176.995382,37.739175,102.071570
2016-06-16,46.609846,138.589826,33.929963,114.636997
2016-06-17,23.114618,143.167358,43.871022,145.942424
2016-06-18,39.803166,226.384099,70.050859,164.664818
2016-06-19,54.178423,291.646562,72.859409,171.204820
2016-06-20,39.085697,244.266991,58.536734,194.483463
2016-06-21,35.452233,235.546043,50.744186,212.586022
2016-06-22,44.399745,283.398870,71.778419,221.520383
2016-06-23,56.093268,237.960041,71.205516,207.100777
2016-06-24,48.095692,252.768476,57.471712,245.316189
2016-06-25,34.580004,265.744181,60.966070,226.633529
2016-06-26,50.917855,328.151910,59.901342,200.016834
2016-06-27,60.922108,375.220448,91.115071,242.065075
2016-06-28,36.566840,302.183164,53.710639,298.859071
2016-06-29,32.981568,245.873855,44.885684,215.970783
2016-06-30,37.695870,194.495723,41.657293,199.212330
2016-07-01,33.869317,227.960393,45.234393,293.861027
2016-07-02,31.307216,262.467244,46.325613,289.596684
2016-07-03,26.385189,245.256083,44.793719,278.248762
2016-07-04,28.229483,233.871288,45.173327,275.940464
2016-07-05,29.795540,243.212061,45.994505,269.280547
2016-07-06,25.111546,230.209580,48.224867,279.357969
2016-07-07,25.479787,222.713180,46.383661,278.941984
2016-07-08,29.440995,231.162011,48.041864,280.958645
2016-07-09,40.892460,238.582892,49.268176,256.192857
2016-07-10,23.638944,235.569010,48.736597,265.410445
2016-07-11,25.125247,202.144270,45.966939,220.072766
2016-07-12,30.872710,210.055769,55.843521,305.228784
2016-07-13,32.159281,222.320176,44.987806,217.079746
2016-07-14,23.221671,231.409801,56.015756,294.049584
2016-07-15,35.332126,310.714226,59.110676,325.538297
2016-07-16,24.231548,270.907944,42.914001,287.078865
2016-07-17,23.665747,233.241934,40.540221,273.689493
2016-07-18,24.945685,234.207765,45.853375,279.862365
2016-07-19,23.477674,243.180148,46.603375,293.122419
2016-07-20,21.931836,234.324918,43.421042,280.645639
2016-07-21,32.487486,275.404699,46.985350,291.488857
2016-07-22,32.023066,280.687641,53.816936,295.126478
2016-07-23,26.672565,263.644770,46.484128,282.051827
2016-07-24,24.230866,241.793947,45.748378,239.855110
2016-07-25,30.814476,243.597362,50.100020,304.356808
2016-07-26,28.388983,247.061508,48.303956,279.541775
2016-07-27,26.742968,236.083502,45.465065,271.130406
2016-07-28,23.349094,236.773328,44.733750,266.302999
2016-07-29,22.742687,239.327959,42.504656,234.696152
2016-07-30,17.523346,207.529761,41.144137,217.989335
2016-07-31,24.110276,186.398906,37.210371,153.827425
2016-08-01,15.919697,175.941155,37.532805,182.863434
2016-08-02,11.322369,177.615043,35.914033,179.026119
2016-08-03,8.193616,155.789436,37.305302,173.681936
2016-08-04,9.725144,141.692286,35.887748,172.045277
2016-08-05,10.588689,153.889901,36.189420,176.814550
2016-08-06,11.386854,165.499338,40.714461,207.042245
2016-08-07,15.689512,177.347363,40.370786,211.827255
2016-08-08,13.298575,196.831234,39.418966,206.042359
2016-08-09,7.715816,151.634074,34.779498,129.462416
2016-08-10,14.682865,157.838338,38.783626,185.872776
2016-08-11,13.230646,175.908283,36.912086,176.123917
2016-08-12,16.915922,178.236550,33.741943,187.895565
2016-08-13,13.569665,195.843845,32.718969,162.723386
2016-08-14,17.593105,164.304557,37.513509,151.501817
2016-08-15,34.819203,442.044343,74.373852,171.832082
2016-08-16,105.744458,504.064460,101.040242,224.460751
2016-08-17,61.194764,452.332047,54.447227,168.245121
2016-08-18,51.502969,240.462150,40.412312,133.610317
2016-08-19,9.804726,142.961600,17.237950,187.668826
2016-08-20,4.702911,129.371817,19.557161,150.628796
2016-08-21,7.062534,118.795546,31.496680,206.898231
2016-08-22,11.947457,133.379950,18.519253,168.966321
2016-08-23,9.398950,134.691091,16.380869,130.028165
2016-08-24,9.930042,125.005628,21.651192,142.386388
2016-08-25,14.195410,116.037700,32.606185,161.443168
2016-08-26,10.615344,158.326116,21.322652,119.167975
2016-08-27,8.406276,81.707040,17.833300,66.866414
2016-08-28,0.107984,55.084654,17.330447,117.648570
2016-08-29,0.004398,63.596486,14.490621,100.505156
2016-08-30,0.084570,97.816634,20.253833,100.555330
2016-08-31,0.030877,81.439272,13.594077,84.114469
2016-09-01,0.007417,68.600439,14.137000,78.861894
2016-09-02,0.007316,64.088513,11.446975,71.785494
2016-09-03,0.617969,49.102127,7.550803,56.902875
2016-09-04,0.549484,24.315339,14.350233,66.061643
2016-09-05,0.261450,26.456093,9.017673,64.402574
2016-09-06,0.000540,30.928760,9.696073,53.946164
2016-09-07,0.001805,19.320345,12.449311,54.632585
2016-09-08,9.738724,50.006618,35.953840,49.924184
2016-09-09,6.214818,73.720236,33.216998,75.227995
2016-09-10,4.598330,67.421149,29.967085,70.836149
2016-09-11,0.000002,45.676896,3.061068,50.857055
2016-09-12,0.000011,51.344763,3.038075,44.608405
2016-09-13,0.000274,43.033729,3.195030,51.730398
2016-09-14,0.197120,36.388171,6.632563,32.448828
2016-09-15,5.820087,78.465367,28.080489,35.502268
2016-09-16,1.952185,97.696949,20.047693,50.787446
2016-09-17,45.044276,34.523103,9.435759,24.228324
2016-09-18,1.133474,10.946821,5.051119,17.413242
2016-09-19,1.925174,6.669729,4.678471,54.535429
2016-09-20,0.338083,3.449740,5.261095,17.944407
2016-09-21,2.330775,1.646908,1.434982,17.723927
2016-09-22,0.370301,1.078534,1.407201,7.596322
2016-09-23,0.536875,5.475897,2.773723,20.440181
2016-09-24,0.969708,8.592855,2.779967,28.143581
2016-09-25,0.427870,4.400098,1.349671,17.289716
2016-09-26,0.000001,1.402761,1.316342,18.402604
2016-09-27,0.000031,0.934304,1.297860,13.649204
2016-09-28,0.001181,0.810833,1.281044,5.052368
2016-09-29,0.659939,0.697783,1.318456,3.212219
2016-09-30,6.705750,0.547598,1.245729,3.002978
2016-10-01,0.731823,0.413724,1.680068,1.650665
2016-10-02,0.394456,0.553674,9.905447,2.276148
2016-10-03,112.399060,8.842893,48.445548,21.556043
2016-10-04,122.140561,68.097052,19.570086,25.562513
2016-10-05,107.938693,29.431996,36.770787,25.199858
2016-10-06,96.001013,42.558130,37.992610,26.589772
2016-10-07,79.980380,63.399094,65.623050,51.130631
2016-10-08,89.307896,78.398258,39.129334,42.274047
2016-10-09,81.782428,51.174327,15.040920,12.832625
2016-10-10,11.578402,11.968599,9.802008,16.493981
2016-10-11,19.246262,3.757941,15.554942,13.850641
2016-10-12,9.844624,5.981425,7.428400,8.492127
2016-10-13,93.879994,19.814498,4.849308,2.636046
2016-10-14,2.788050,4.313406,3.008003,3.168676
2016-10-15,1.360122,0.932017,3.523876,2.992214
2016-10-16,8.428649,1.743271,19.784353,13.270621
2016-10-17,0.351629,1.387313,4.051952,2.941017
2016-10-18,5.653115,0.527831,3.449148,2.545137
2016-10-19,61.556056,2.249643,32.933933,20.121103
2016-10-20,50.152169,9.699839,9.960340,7.114964
2016-10-21,49.824111,2.440991,20.050600,2.711260
2016-10-22,13.534730,3.583072,7.034687,2.277024
2016-10-23,14.805115,0.638445,5.593788,1.580729
2016-10-24,0.184997,0.545742,5.087630,1.564734
2016-10-25,0.148797,0.525083,4.948055,1.643866
2016-10-26,4.433235,0.462236,4.861420,1.555789
2016-10-27,1.094692,0.451917,4.786100,1.577043
2016-10-28,0.016575,0.478568,4.665343,1.580243
2016-10-29,0.754938,0.454469,5.197290,1.638801
2016-10-30,0.485076,0.453426,5.570908,1.567026
2016-10-31,0.000102,0.455435,4.162849,2.090572
2016-11-01,0.007282,0.426577,5.348081,1.827092
2016-11-02,0.011562,0.440111,5.155514,1.653331
2016-11-03,0.770343,0.460473,3.903496,1.559542
2016-11-04,0.000009,0.463987,3.564578,1.541758
2016-11-05,0.001084,0.456044,5.805808,1.806759
2016-11-06,37.084243,0.577034,16.394746,5.887813
2016-11-07,0.502412,0.466359,4.003739,1.557494
2016-11-08,0.000877,0.318227,3.027821,1.627764
2016-11-09,1.187720,0.303462,3.033750,1.647600
2016-11-10,0.067807,0.303453,2.863547,1.658313
2016-11-11,0.000000,0.302614,2.813397,1.607158
2016-11-12,0.000000,0.302492,2.700149,1.542259
2016-11-13,0.000000,0.302606,2.642696,1.606816
2016-11-14,0.000000,0.302597,2.577559,1.546342
2016-11-15,0.000000,0.302604,2.508642,1.599882
2016-11-16,0.000000,0.304967,2.453142,1.546931
2016-11-17,0.000000,0.305779,2.391148,1.608986
2016-11-18,0.000000,0.305926,2.343358,1.536075
2016-11-19,0.000000,0.306002,2.297068,1.579325
2016-11-20,0.000000,0.306005,2.245054,1.523500
2016-11-21,0.000000,0.305834,2.200906,1.529922
2016-11-22,0.000000,0.306006,2.154020,1.686533
2016-11-23,0.000000,0.306005,2.205551,1.655278
2016-11-24,0.000000,0.304358,2.382652,1.559285
2016-11-25,0.000000,0.302597,2.060714,1.633808
2016-11-26,0.000000,0.302428,2.007681,1.552373
2016-11-27,2.008843,0.302598,2.356793,1.662846
2016-11-28,8.307474,0.302596,2.050442,6.214866
2016-11-29,0.000000,0.302595,1.905004,1.621601
2016-11-30,0.000000,0.302593,1.876220,1.616332
2016-12-01,0.000000,0.302425,1.846761,1.558899
2016-12-02,0.000000,0.302594,1.814220,1.586976
2016-12-03,0.000000,0.302593,1.790266,1.492774
2016-12-04,0.000000,0.302593,1.915896,1.564642
2016-12-05,0.000000,0.302593,2.324490,1.593055
2016-12-06,0.000000,0.302422,3.010836,1.514114
2016-12-07,0.000000,0.301294,1.714055,1.477725
2016-12-08,0.000000,0.293801,1.666800,1.545160
2016-12-09,0.000000,0.292597,1.650184,1.482327
2016-12-10,0.000000,0.291348,2.750173,1.509785
2016-12-11,0.028308,0.289737,3.310459,1.667073
2016-12-12,0.000000,0.289674,1.723763,1.478838
2016-12-13,0.000000,0.289178,1.873958,1.464705
2016-12-14,2.851495,0.288847,1.822342,1.486189
2016-12-15,0.000000,0.288635,1.535696,1.468814
2016-12-16,0.000000,0.288491,1.544686,1.471993
2016-12-17,0.000000,0.288492,1.536168,1.460256
2016-12-18,0.000000,0.287790,1.495723,1.526047
2016-12-19,0.000000,0.287217,1.462188,1.481256
2016-12-20,0.000000,0.287222,1.449624,1.539935
2016-12-21,0.000000,0.287109,1.458321,1.437920
2016-12-22,0.000000,0.287241,1.429600,1.499454
2016-12-23,0.000000,0.287231,1.406629,1.598467
2016-12-24,0.000000,0.287224,1.392234,1.479912
2016-12-25,0.000000,0.287224,1.381920,1.538690
2016-12-26,0.000000,0.287108,1.363487,1.422231
2016-12-27,0.000000,0.287240,1.354250,1.466989
2016-12-28,0.000000,0.287231,1.342153,1.435292
2016-12-29,0.000000,0.287222,1.335476,1.500211
2016-12-30,0.000000,0.059716,1.311884,1.439161
2016-12-31,0.000000,0.059496,1.303279,1.449046
2017-01-01,0.000000,0.053278,3.462769,1.451978
2017-01-02,0.000000,0.053023,1.610056,1.430811
2017-01-03,0.000000,0.053023,1.289917,1.431182
2017-01-04,0.000000,0.052563,1.786223,1.413033
2017-01-05,0.000000,0.052411,1.293463,1.432656
2017-01-06,0.000000,0.046247,1.232600,1.458324
2017-01-07,0.000000,0.042991,1.271037,1.463774
2017-01-08,0.000000,0.045400,1.205861,1.441624
2017-01-09,0.000000,0.043599,1.191985,1.556496
2017-01-10,0.000000,0.045741,1.185234,1.424581
2017-01-11,0.000000,0.045564,1.174737,1.422890
2017-01-12,0.000000,0.045210,1.167896,1.434662
2017-01-13,0.000000,0.046225,1.155443,1.448494
2017-01-14,0.000000,0.045373,1.218474,1.410639
2017-01-15,0.000000,0.042798,1.404849,1.409947
2017-01-16,0.000000,0.042851,1.119735,1.453726
2017-01-17,0.000000,0.044485,1.116323,1.425786
2017-01-18,0.000000,0.044508,1.101366,1.516594
2017-01-19,0.000000,0.045374,1.095113,1.385147
2017-01-20,0.000000,0.043533,1.087402,1.421236
2017-01-21,0.000000,0.042133,1.103214,1.371638
2017-01-22,0.000000,0.042094,1.065672,1.378188
2017-01-23,0.000000,0.043284,1.880935,1.390545
2017-01-24,1.850579,0.045239,5.865012,1.443444
2017-01-25,0.000000,0.106366,1.056222,1.384873
2017-01-26,0.000000,0.489369,1.026557,1.379928
2017-01-27,0.000000,0.602819,1.021875,1.493964
2017-01-28,0.000000,0.182030,1.007394,1.399738
2017-01-29,0.000000,0.701840,0.998238,1.484910
2017-01-30,0.000000,0.864664,1.004108,1.379711
2017-01-31,0.000000,0.906953,1.013132,1.434169
2017-02-01,0.000000,0.938956,1.111082,1.425485
2017-02-02,0.000000,0.964248,0.972060,1.400327
2017-02-03,0.000000,0.973445,1.122463,1.365863
2017-02-04,0.000000,0.981680,1.755007,1.380495
2017-02-05,0.000000,0.999949,1.529928,1.379551
2017-02-06,0.000000,1.009365,1.045723,1.416582
2017-02-07,0.000000,1.016997,2.055903,1.482244
2017-02-08,0.000000,1.024737,3.301057,1.414940
2017-02-09,0.238018,1.032125,1.317139,1.432576
2017-02-10,0.000000,1.037953,1.181856,1.449326
2017-02-11,0.000000,1.041863,2.133522,1.383945
2017-02-12,1.232457,0.447122,3.153105,1.717050
2017-02-13,0.000000,0.043211,1.348678,1.474158
2017-02-14,0.000000,0.043163,1.452436,1.437483
2017-02-15,0.000000,0.365052,0.914794,1.419596
2017-02-16,0.000000,0.961233,0.857982,1.372020
2017-02-17,0.000000,1.112898,0.867976,1.364378
2017-02-18,0.000000,1.129997,0.846589,2.370581
2017-02-19,0.000000,1.131716,0.846560,1.364589
2017-02-20,0.000000,1.126600,0.847581,1.475203
2017-02-21,0.000000,1.118676,0.833021,1.393177
2017-02-22,0.000000,1.114835,0.826733,1.522063
2017-02-23,0.000000,1.109531,0.826535,1.406770
2017-02-24,0.000000,1.108121,0.823079,1.462712
2017-02-25,0.000000,1.122484,0.836514,1.425620
2017-02-26,0.000000,1.121936,0.905922,1.464445
2017-02-27,0.000000,1.120028,0.802281,1.470859
2017-02-28,0.000000,1.116333,0.798717,1.450378
2017-03-01,0.000000,1.109811,0.791476,1.368587
2017-03-02,0.000000,1.106002,0.793660,1.372391
2017-03-03,0.000000,1.107368,0.786357,1.368310
2017-03-04,0.000000,1.108532,0.767047,1.370941
2017-03-05,0.000000,1.133597,0.774519,1.358712
2017-03-06,0.000000,1.138808,0.767103,1.365529
2017-03-07,0.000000,1.136595,0.756419,1.339352
2017-03-08,0.000000,1.128020,0.753640,1.384877
2017-03-09,0.000000,1.121413,0.743105,1.486497
2017-03-10,0.000000,1.137535,0.750087,1.363765
2017-03-11,0.000000,1.143901,1.654256,1.350754
2017-03-12,0.000000,1.139394,0.735224,1.353947
2017-03-13,0.000000,1.137647,0.727056,1.371435
2017-03-14,0.000000,1.135325,0.722132,1.348696
2017-03-15,0.000000,1.128621,0.718590,1.374221
2017-03-16,0.000000,1.121756,0.712024,1.368930
2017-03-17,0.000000,1.118080,0.707397,1.346332
2017-03-18,0.000000,1.114689,0.700899,1.443872
2017-03-19,0.000000,1.105761,0.701842,1.358592
2017-03-20,0.000000,1.108284,0.683570,3.764893
2017-03-21,0.000000,1.009645,0.694283,1.367732
2017-03-22,0.000000,1.061402,1.301417,4.301374
2017-03-23,0.000000,1.089829,1.071339,1.368343
2017-03-24,0.000000,1.111001,0.770490,1.328590
2017-03-25,0.000000,1.114685,0.666804,1.368443
2017-03-26,0.000000,1.112154,0.665119,1.339291
2017-03-27,0.000000,1.106359,0.658173,1.326930
2017-03-28,0.000000,1.107359,0.649909,1.338417
2017-03-29,0.000000,1.101602,0.722275,1.308370
2017-03-30,0.000000,1.103458,0.686855,1.315972
2017-03-31,0.000000,1.099567,0.639317,1.414402
2017-04-01,0.000000,1.099257,0.632978,1.426507
2017-04-02,0.000000,1.088115,0.630133,1.347694
2017-04-03,0.000000,1.090162,0.626271,1.364180
2017-04-04,0.000000,1.080836,0.698428,1.336820
2017-04-05,0.000000,1.085461,0.721782,1.398953
2017-04-06,0.000000,1.077555,0.614288,1.316106
2017-04-07,0.000000,1.092242,0.615117,1.345522
2017-04-08,0.000000,1.097724,0.600555,1.329913
2017-04-09,0.000000,1.093258,0.604287,5.277835
2017-04-10,0.000000,1.101827,0.602722,5.084333
2017-04-11,0.000000,1.092563,0.600152,1.409222
2017-04-12,0.000000,1.101405,0.582905,1.373554
2017-04-13,0.000000,1.095957,0.578251,1.373881
2017-04-14,0.000000,1.104498,0.577904,1.302100
2017-04-15,0.000000,1.130866,0.577113,1.310441
2017-04-16,0.000000,1.121757,0.571186,1.422101
2017-04-17,0.000000,1.120706,0.567261,1.286616
2017-04-18,0.000000,1.120244,0.650641,1.382810
2017-04-19,0.000000,1.111760,0.628614,1.332178
2017-04-20,0.000000,1.117994,0.556563,1.414454
2017-04-21,0.000000,1.108582,0.554940,1.285295
2017-04-22,0.000000,1.109259,0.545337,1.399977
2017-04-23,0.000000,1.109495,0.542192,7.222619
2017-04-24,0.000000,1.101556,1.026136,5.717938
2017-04-25,0.000000,1.107355,6.524779,8.680722
2017-04-26,30.292419,1.107549,24.727053,5.984208
2017-04-27,9.014141,1.095318,1.468052,1.322492
2017-04-28,0.831562,1.096671,1.744700,1.294175
2017-04-29,16.263525,1.093336,2.388075,1.699858
2017-04-30,4.197957,1.088327,4.882594,6.584877
2017-05-01,26.241173,1.094324,14.739234,6.889144
2017-05-02,62.819838,1.140775,23.035966,8.535765
2017-05-03,162.878388,5.584175,146.932368,4.588259
2017-05-04,132.168468,40.159285,74.205625,6.855853
2017-05-05,127.213676,36.555276,27.751496,14.880417
2017-05-06,132.267318,45.644520,23.692307,12.149983
2017-05-07,133.712551,57.645496,30.453251,11.818585
2017-05-08,103.578384,51.249365,29.380980,20.740516
2017-05-09,160.110510,67.121769,45.718313,30.503378
2017-05-10,14.330515,33.112014,11.170303,19.775188
2017-05-11,5.290527,3.881948,7.745895,11.642944
2017-05-12,3.678890,1.757150,3.876731,6.939762
2017-05-13,3.263673,1.625217,6.373525,9.272234
2017-05-14,27.839874,1.407648,19.377958,13.464228
2017-05-15,53.474487,6.538743,19.482328,9.643313
2017-05-16,86.805516,21.996747,24.844931,17.167870
2017-05-17,83.071419,32.437779,22.624498,24.538964
2017-05-18,84.777506,37.877979,24.899357,27.367110
2017-05-19,174.525025,61.994804,53.073835,46.006527
2017-05-20,303.069339,150.814767,58.170932,62.942646
2017-05-21,198.808727,149.957045,51.876169,53.026763
2017-05-22,105.545120,102.552000,44.796849,43.143493
2017-05-23,90.261195,72.158934,51.059656,39.094427
2017-05-24,78.532475,63.039000,40.434857,36.244391
2017-05-25,70.890465,54.654296,44.121199,45.240081
2017-05-26,12.390229,26.525306,36.536143,38.918829
2017-05-27,26.350899,20.862849,38.314443,56.071315
2017-05-28,7.008634,15.197731,31.317359,60.875387
2017-05-29,19.088769,17.491263,39.430496,57.408076
2017-05-30,5.864309,13.120110,36.223756,82.962843
2017-05-31,3.467268,5.964148,25.017090,79.194224
2017-06-01,26.469486,17.125791,28.425125,71.229487
2017-06-02,39.431559,30.173444,37.667876,87.022293
2017-06-03,69.739490,45.703315,38.657359,67.312079
2017-06-04,69.444684,57.347528,34.781530,61.105527
2017-06-05,89.753882,79.895436,52.654173,117.170129
2017-06-06,83.676835,89.725718,47.111616,109.016459
2017-06-07,86.482869,94.873221,68.796405,125.961809
2017-06-08,90.331367,99.361721,48.088208,94.959322
2017-06-09,78.872288,91.266962,48.177164,121.646573
2017-06-10,70.210091,90.163744,49.100609,108.281736
2017-06-11,82.363623,103.862973,53.735465,114.648357
2017-06-12,82.457983,115.584997,55.718192,111.817835
2017-06-13,89.283983,121.816060,58.985467,111.756531
2017-06-14,87.085711,123.759511,63.719440,108.291623
2017-06-15,96.496026,128.171814,82.907818,135.767925
2017-06-16,76.139083,108.620926,73.526210,112.613809
2017-06-17,108.562374,116.289904,69.043150,126.711568
2017-06-18,109.293394,131.857914,66.171463,136.422102
2017-06-19,98.782686,132.662709,64.352178,165.032502
2017-06-20,125.339887,141.639684,88.372349,172.388129
2017-06-21,125.630205,134.311025,96.837614,180.272147
2017-06-22,34.720627,116.629301,87.059974,197.539196
2017-06-23,74.180265,119.705233,64.045365,185.748768
2017-06-24,84.227890,151.970431,67.772376,189.140076
2017-06-25,63.510673,159.444495,59.667161,184.123757
2017-06-26,68.533516,172.085313,58.923472,183.807611
2017-06-27,68.625029,185.578403,57.830099,168.926742
2017-06-28,59.900878,181.080696,59.333725,173.456857
2017-06-29,56.645938,176.653658,57.554450,169.990421
2017-06-30,46.613107,162.124462,53.408635,158.185382
2017-07-01,62.779702,158.748595,58.517766,176.234885
2017-07-02,45.758118,126.861776,44.380987,97.955103
2017-07-03,10.642288,82.691630,41.800741,106.044482
2017-07-04,12.224964,67.060466,41.259461,96.907595
2017-07-05,7.490593,55.525576,43.965047,106.908268
2017-07-06,49.718986,132.016362,70.858827,153.235622
2017-07-07,46.669519,169.256380,65.831078,171.064957
2017-07-08,63.791979,170.712296,49.576062,167.997137
2017-07-09,62.612001,194.140316,55.688198,171.698088
2017-07-10,46.884736,178.705049,49.015619,160.491859
2017-07-11,43.990199,162.344635,47.996212,162.636217
2017-07-12,45.702259,159.689612,48.420311,158.744806
2017-07-13,53.001698,164.425202,50.189671,162.623129
2017-07-14,114.531171,181.191870,62.961266,148.043948
2017-07-15,26.210743,213.820522,76.427332,177.926939
2017-07-16,44.989000,127.861970,44.167111,131.913943
2017-07-17,47.802340,133.804853,31.628026,140.577025
2017-07-18,35.893335,146.016532,45.012508,145.488868
2017-07-19,49.241698,196.192959,34.306159,169.061984
2017-07-20,44.819315,191.558302,38.197376,166.301566
2017-07-21,38.372883,188.944245,37.961078,181.152498
2017-07-22,111.715043,287.987593,35.696621,154.467249
2017-07-23,68.236239,294.154863,36.825817,187.881222
2017-07-24,67.440078,256.211773,61.770016,205.403482
2017-07-25,229.511674,608.401532,144.361645,254.568183
2017-07-26,72.145298,578.207470,41.454434,270.654447
2017-07-27,38.476762,306.321417,33.836949,234.197624
2017-07-28,35.956937,231.116578,39.703344,230.565214
2017-07-29,35.415582,220.665707,42.993157,245.466891
2017-07-30,33.569968,216.707865,38.425076,235.262477
2017-07-31,32.003890,201.165723,37.436292,218.571249
2017-08-01,28.386014,192.291354,36.568537,208.363620
2017-08-02,27.646115,184.948683,37.892533,207.492228
2017-08-03,24.038982,182.157824,35.305836,192.173511
2017-08-04,17.328689,156.930344,33.602617,176.152456
2017-08-05,19.403780,119.272069,29.813894,155.993055
2017-08-06,39.250842,126.760176,31.670329,160.131655
2017-08-07,7.090919,112.505070,40.114010,159.673206
2017-08-08,17.940227,115.796329,37.159294,199.482005
2017-08-09,11.928759,115.300069,29.176193,155.368308
2017-08-10,11.920554,113.926778,28.755680,140.501598
2017-08-11,17.165887,138.113928,29.803806,139.487463
2017-08-12,13.773259,145.970837,30.104013,144.371771
2017-08-13,9.895466,123.463820,31.961410,147.595735
2017-08-14,13.488744,118.650651,33.215583,175.343461
2017-08-15,10.497060,114.941810,30.559054,147.467423
2017-08-16,8.540778,101.573421,31.784682,156.261632
2017-08-17,5.221976,89.770100,24.400614,113.600564
2017-08-18,3.308679,75.926191,26.594071,96.488864
2017-08-19,7.092514,78.778558,22.220107,82.486376
2017-08-20,46.639795,56.779864,17.803010,61.882759
2017-08-21,6.176477,30.053546,17.586970,60.944874
2017-08-22,11.173667,58.178016,29.178858,124.271052
2017-08-23,9.313936,88.364363,19.691616,138.801250
2017-08-24,16.003894,102.319841,18.078223,121.816207
2017-08-25,134.303322,262.096855,27.459561,117.402473
2017-08-26,30.315420,288.733760,22.137591,122.601091
2017-08-27,11.897437,162.200784,26.456765,146.741234
2017-08-28,9.531604,101.802045,15.440453,110.575262
2017-08-29,3.922263,88.661083,18.459362,97.617458
2017-08-30,10.520097,88.345530,17.995753,96.262783
2017-08-31,16.526302,133.889814,22.653750,104.852353
2017-09-01,24.681853,233.720597,30.040173,103.784535
2017-09-02,2.773551,124.383279,11.234105,66.967849
2017-09-03,2.583057,68.576237,10.997453,34.660146
2017-09-04,10.050654,85.435408,56.059407,82.480387
2017-09-05,9.680357,92.978921,28.265612,91.925894
2017-09-06,1.830040,57.831192,24.907875,90.914230
2017-09-07,0.058203,32.423305,9.466901,62.324815
2017-09-08,0.016869,25.672593,7.150963,44.243697
2017-09-09,0.031421,22.291473,12.301310,47.741321
2017-09-10,0.008030,16.348369,8.657230,51.090279
2017-09-11,12.213877,7.862686,8.906016,31.017137
2017-09-12,18.666712,5.814857,9.482446,34.163114
2017-09-13,0.151500,3.579771,4.612099,56.097212
2017-09-14,0.033983,4.937097,10.001665,36.477858
2017-09-15,251.377998,178.787680,121.548972,117.068055
2017-09-16,258.807918,378.891950,96.869263,193.222906
2017-09-17,26.564074,234.934501,37.589818,132.825336
2017-09-18,8.278131,58.933387,5.112508,50.425236
2017-09-19,7.047859,41.407392,17.188556,26.937421
2017-09-20,0.147042,29.251296,3.871799,47.706899
2017-09-21,1.564052,51.329780,23.146060,60.406296
2017-09-22,1.894962,32.806437,10.823566,30.880886
2017-09-23,6.880887,10.540659,7.213870,9.743899
2017-09-24,123.295551,73.342957,37.866741,27.083821
2017-09-25,4.729786,55.767783,14.934141,14.109209
2017-09-26,62.038260,33.799898,49.382164,49.571701
2017-09-27,39.862839,48.559081,11.276324,23.769458
2017-09-28,6.423317,8.521228,2.052806,1.800794
2017-09-29,0.413573,1.489205,1.312327,5.633383
2017-09-30,0.675790,0.398047,1.304031,3.596808
2017-10-01,32.505894,1.336597,7.984848,3.627005
2017-10-02,36.841473,4.539997,4.475513,24.313043
2017-10-03,27.826522,1.793360,1.711793,20.803081
2017-10-04,3.110934,0.718548,1.341208,8.870368
2017-10-05,0.226525,0.313317,1.519079,6.173895
2017-10-06,0.002320,0.255047,2.660991,6.306152
2017-10-07,0.665767,0.564134,4.719747,2.440779
2017-10-08,2.966790,3.121455,14.513924,5.221197
2017-10-09,4.774419,5.241573,12.605967,7.271427
2017-10-10,0.040113,2.051112,4.170128,6.523795
2017-10-11,42.850177,6.134319,7.668674,3.568753
2017-10-12,0.380909,3.383269,1.475555,1.757935
2017-10-13,0.167524,0.652323,1.467428,1.754394
2017-10-14,0.000001,0.277883,1.502699,1.734257
2017-10-15,0.022094,0.227412,1.534767,1.817403
2017-10-16,1.543572,0.222923,2.054722,3.315119
2017-10-17,27.675972,0.599723,11.861542,2.266182
2017-10-18,18.276424,0.329486,13.759429,3.841868
2017-10-19,72.609993,1.280586,23.219115,5.498065
2017-10-20,44.824385,2.435762,40.234695,25.031581
2017-10-21,5.148011,1.676007,4.262987,2.646982
2017-10-22,0.054169,0.258500,4.057479,1.757970
2017-10-23,9.115774,0.775911,7.786333,2.467803
2017-10-24,0.017654,0.974438,4.283848,2.905539
2017-10-25,0.003822,0.317608,4.269486,1.702233
2017-10-26,41.217247,5.412617,29.903567,3.734802
2017-10-27,33.370922,26.347340,7.769612,3.693543
2017-10-28,0.339690,3.798706,4.063328,1.685757
2017-10-29,0.242815,0.891370,3.961563,2.505897
2017-10-30,0.222374,0.701729,4.489619,1.682697
2017-10-31,0.070426,0.281591,3.806588,2.312184
2017-11-01,0.013029,0.223568,3.786812,2.119510
2017-11-02,0.001661,0.215715,3.619175,1.705451
2017-11-03,0.000127,0.214592,3.487630,1.680496
2017-11-04,0.000000,0.212260,3.401008,1.696803
2017-11-05,0.000000,0.202869,3.314591,1.680592
2017-11-06,0.000013,0.202814,3.242673,1.664500
2017-11-07,0.000005,0.202901,3.163475,1.660466
2017-11-08,0.000005,0.202888,3.086199,1.667579
2017-11-09,0.000000,0.202856,3.014940,1.684396
2017-11-10,0.000003,0.202842,2.951930,1.683026
2017-11-11,0.000000,0.202653,2.887990,1.656053
2017-11-12,0.000098,0.202738,2.823353,1.810523
2017-11-13,0.000038,0.202728,2.770830,1.734209
2017-11-14,0.000000,0.202698,2.711500,1.641826
2017-11-15,0.000000,0.202685,2.660476,1.656361
2017-11-16,0.000000,0.202631,2.606506,1.628019
2017-11-17,0.000000,0.202738,2.560153,1.629264
2017-11-18,0.000000,0.202728,2.522859,1.634380
2017-11-19,0.000000,0.202677,2.472749,1.630742
2017-11-20,0.000000,0.202651,2.426718,1.639623
2017-11-21,0.000000,0.202590,2.388934,1.626138
2017-11-22,0.000000,0.202670,2.350213,1.625610
2017-11-23,0.000000,0.202660,2.309146,1.618224
2017-11-24,0.000000,0.202630,2.276829,1.629700
2017-11-25,0.000000,0.202604,2.246459,1.618282
2017-11-26,0.000068,0.202503,2.212674,1.639492
2017-11-27,0.000001,0.202608,2.176541,1.608447
2017-11-28,0.000002,0.202597,2.180206,1.664849
2017-11-29,9.937513,0.258912,10.073182,1.647579
2017-11-30,66.131872,2.651561,13.392889,1.734378
2017-12-01,0.811267,0.877723,3.782775,1.635055
2017-12-02,0.000000,0.202781,2.023962,1.618029
2017-12-03,0.000000,0.202598,1.995336,1.599517
2017-12-04,0.000000,0.202536,1.965126,1.583053
2017-12-05,0.000000,0.202520,1.941026,1.582733
2017-12-06,0.000000,0.202466,1.918476,1.571777
2017-12-07,0.000000,0.202573,1.889900,1.598179
2017-12-08,0.000000,0.202563,1.865315,1.568563
2017-12-09,0.000000,0.202533,1.839498,1.557400
2017-12-10,0.000001,0.202520,1.810357,1.608763
2017-12-11,0.001580,0.202465,1.798213,1.595770
2017-12-12,0.001188,0.202573,1.767603,1.583031
2017-12-13,0.000899,0.202562,1.742024,1.561277
2017-12-14,0.000200,0.202532,1.718206,1.575249
2017-12-15,0.001288,0.202518,1.727156,1.617936
2017-12-16,0.001341,0.202460,1.871186,1.562970
2017-12-17,0.000000,0.202567,1.644366,1.571582
2017-12-18,0.000000,0.202546,1.832341,1.591699
2017-12-19,0.000000,0.202498,1.612449,1.553989
2017-12-20,0.000000,0.201565,1.580361,1.564753
2017-12-21,0.000000,0.193750,1.564518,1.529414
2017-12-22,0.000000,0.193840,1.545161,1.556987
2017-12-23,0.000000,0.193812,1.521841,1.548481
2017-12-24,0.000000,0.193812,1.501536,1.523572
2017-12-25,0.000000,0.193812,1.485046,1.547501
2017-12-26,0.000000,0.193749,1.466008,1.526215
2017-12-27,0.000000,0.193839,1.444493,1.547201
2017-12-28,0.000000,0.193812,1.426670,1.542925
2017-12-29,0.000000,0.193812,1.407518,1.553701
2017-12-30,0.000000,0.193678,1.382512,1.502996
2017-12-31,0.000000,0.193678,1.366649,1.533100
2018-01-01,0.000000,0.038937,1.351441,1.524002
2018-01-02,0.000000,0.038957,1.327027,1.570477
2018-01-03,0.000000,0.038957,1.302433,1.511636
2018-01-04,0.000000,0.038957,1.287382,1.535272
2018-01-05,0.000000,0.038956,1.263867,1.512538
2018-01-06,0.000000,0.038937,1.251029,1.512898
2018-01-07,0.000000,0.040131,1.229557,1.462077
2018-01-08,0.000000,0.041735,1.208381,1.537877
2018-01-09,0.000000,0.041734,1.387460,1.509499
2018-01-10,0.000000,0.041731,2.481892,1.476797
2018-01-11,0.000000,0.041698,1.315388,1.586171
2018-01-12,0.000000,0.040920,3.609783,1.455360
2018-01-13,0.000000,0.040919,1.269518,1.497859
2018-01-14,0.000000,0.040917,1.113223,1.456284
2018-01-15,0.000000,0.040917,1.097066,1.478595
2018-01-16,0.000000,0.040895,1.082239,1.452088
2018-01-17,0.000000,0.040912,1.062060,1.472536
2018-01-18,0.000000,0.046613,1.065083,1.512184
2018-01-19,0.000000,0.047855,1.033517,1.456575
2018-01-20,0.000000,0.047964,1.025999,1.454638
2018-01-21,0.000000,0.047951,1.014892,1.479807
2018-01-22,0.000000,0.047974,0.991962,1.513916
2018-01-23,0.000000,0.047973,0.984172,1.435877
2018-01-24,0.000000,0.047868,0.970723,1.466405
2018-01-25,0.000000,0.046936,0.958545,1.431397
2018-01-26,0.000000,0.046919,0.943736,1.444830
2018-01-27,0.000000,0.046942,0.932334,1.457710
2018-01-28,0.000000,0.046943,0.938804,1.452267
2018-01-29,0.000000,0.046939,0.907323,1.465772
2018-01-30,0.000000,0.046938,0.898853,1.434173
2018-01-31,0.000000,0.046964,0.885599,1.443105
2018-02-01,0.000000,0.046377,0.874103,1.489694
2018-02-02,0.000000,0.046181,0.860926,1.465080
2018-02-03,0.000000,0.046313,0.859706,1.423372
2018-02-04,0.000000,0.039533,0.904254,1.482545
2018-02-05,0.000000,0.039343,0.829274,1.440045
2018-02-06,0.000000,0.038764,0.819997,1.421027
2018-02-07,0.000000,0.039526,0.808227,1.407987
2018-02-08,0.000000,0.039522,0.808942,1.506430
2018-02-09,0.000000,0.043416,0.789771,1.400817
2018-02-10,0.000000,0.040060,0.782552,1.448452
2018-02-11,0.000000,0.044074,0.780283,1.403831
2018-02-12,0.000000,0.046149,0.791005,1.403405
2018-02-13,0.000000,0.087101,0.780285,1.408565
2018-02-14,0.000000,0.039532,0.750074,1.428567
2018-02-15,0.000000,0.045196,0.848773,1.357554
2018-02-16,0.000000,0.268415,1.037792,1.366869
2018-02-17,0.000000,0.045860,0.721478,1.402016
2018-02-18,0.000000,0.052596,0.727245,1.365971
2018-02-19,0.000000,0.049757,0.900792,1.372908
2018-02-20,0.000000,0.040095,1.404688,1.392722
2018-02-21,0.000000,0.039765,0.700140,1.599222
2018-02-22,0.000000,0.040098,0.722905,1.363325
2018-02-23,0.000000,0.040092,0.698241,1.442646
2018-02-24,0.000000,0.040090,2.619878,1.492222
2018-02-25,0.000000,0.040090,0.694619,1.728778
2018-02-26,0.000000,0.040071,1.062215,1.373140
2018-02-27,0.000000,0.040084,0.695746,1.377774
2018-02-28,0.000000,0.040084,0.645135,2.069779
2018-03-01,0.000000,0.040063,0.637185,1.367523
2018-03-02,0.000000,0.040079,0.627106,1.358438
2018-03-03,0.000000,0.040078,0.622610,1.378991
2018-03-04,0.000000,0.040079,0.620785,1.352292
2018-03-05,0.000000,0.040075,0.612677,1.365172
2018-03-06,0.000000,0.041030,0.599287,1.389121
2018-03-07,0.000000,0.050312,0.601817,1.408195
2018-03-08,0.000000,0.050445,0.591849,1.334527
2018-03-09,0.000000,0.052109,0.599605,1.361338
2018-03-10,0.000000,0.051909,0.582485,1.331791
2018-03-11,0.000000,0.052232,0.573522,1.346224
2018-03-12,0.000000,0.052490,0.568910,1.325120
2018-03-13,0.000000,0.052521,0.562721,1.324350
2018-03-14,0.000000,0.052519,0.558654,1.358057
2018-03-15,0.000000,0.052515,0.550846,1.400936
2018-03-16,0.000000,0.052475,0.548228,1.303854
2018-03-17,0.000000,0.050725,4.637193,1.404154
2018-03-18,0.000000,0.082795,7.280181,2.436925
2018-03-19,0.000000,0.151361,3.232665,4.003228
2018-03-20,0.000000,0.076407,1.925645,3.231013
2018-03-21,0.000000,0.172021,1.195325,1.377758
2018-03-22,0.000000,0.115331,1.032939,1.353121
2018-03-23,0.000000,0.059649,0.556222,1.372278
2018-03-24,0.000000,0.061807,0.531941,1.332281
2018-03-25,0.000000,0.049176,0.502185,1.342943
2018-03-26,0.000000,0.040014,0.507170,1.378305
2018-03-27,0.000000,0.043807,0.733315,1.322616
2018-03-28,0.000000,0.112814,0.487947,1.378512
2018-03-29,0.000000,0.072378,0.483738,1.327394
2018-03-30,0.000000,0.040656,0.472816,1.388296
2018-03-31,0.000000,0.039004,0.477820,1.371803
2018-04-01,0.000000,0.038480,0.462307,1.406498
2018-04-02,0.000000,0.038604,0.467988,1.259158
2018-04-03,0.000000,0.038614,0.466269,1.357394
2018-04-04,0.000000,0.038623,0.456131,1.321792
2018-04-05,0.000000,0.037893,0.454930,3.769770
2018-04-06,0.000000,0.037730,0.445841,1.300596
2018-04-07,0.000000,0.037104,0.481896,1.310359
2018-04-08,0.000000,0.037022,1.549570,1.316733
2018-04-09,0.000000,0.037025,1.096357,1.329158
2018-04-10,0.000000,0.037025,0.478141,1.318276
2018-04-11,0.000000,0.046840,1.247338,1.330308
2018-04-12,0.000000,0.117378,1.527793,5.065638
2018-04-13,0.000000,0.193704,2.068657,5.289387
2018-04-14,0.000000,0.257172,7.688934,3.971686
2018-04-15,0.000000,0.252582,1.774241,6.802888
2018-04-16,8.241390,0.302634,18.260379,10.661051
2018-04-17,23.543695,0.424482,22.154117,10.541486
2018-04-18,59.120338,0.527653,22.605636,9.169081
2018-04-19,43.356773,0.927151,15.723881,8.840750
2018-04-20,15.740289,0.624227,5.963318,11.489668
2018-04-21,1.653638,0.247898,6.967428,7.524819
2018-04-22,0.119855,0.122332,2.726162,1.324780
2018-04-23,0.043126,0.059622,5.636436,8.646535
2018-04-24,0.015314,0.033826,2.978655,5.377672
2018-04-25,0.011302,0.033826,2.692489,2.504160
2018-04-26,0.011298,0.033824,0.661608,4.227747
2018-04-27,0.009816,0.033842,0.984168,4.784556
2018-04-28,0.008030,0.033841,0.840583,6.563822
2018-04-29,0.006529,0.033681,1.183309,7.544506
2018-04-30,0.005278,0.033022,0.384625,7.808230
2018-05-01,0.004750,0.063883,0.974713,1.313892
2018-05-02,0.003452,0.327674,0.606833,2.914649
2018-05-03,0.002731,0.093616,0.781098,1.336878
2018-05-04,0.002502,0.118569,1.023283,4.278249
2018-05-05,0.002316,0.375555,0.983635,1.319761
2018-05-06,0.001645,0.425368,0.460919,7.459540
2018-05-07,0.001459,0.432515,0.861741,6.804930
2018-05-08,0.000802,0.433367,1.934446,1.106303
2018-05-09,0.000766,0.433284,1.629111,1.345650
2018-05-10,0.000581,0.526394,4.684325,16.181337
2018-05-11,0.000510,0.601145,3.305486,13.107962
2018-05-12,0.000652,0.554619,9.754110,9.070740
2018-05-13,2.011677,0.777985,9.304111,9.261221
2018-05-14,44.826818,0.739861,15.984942,7.963276
2018-05-15,1.446862,0.112318,2.121308,11.774285
2018-05-16,0.002241,0.365981,2.209926,11.317472
2018-05-17,71.095761,0.167400,11.009566,5.518337
2018-05-18,3.797735,0.095982,0.640099,14.054870
2018-05-19,0.675684,0.032841,0.509519,7.400309
2018-05-20,4.414818,0.032849,2.376020,7.738763
2018-05-21,7.824553,0.032845,1.947248,8.225587
2018-05-22,16.847496,0.033147,6.158027,9.650916
2018-05-23,48.087320,0.163543,11.973470,8.127380
2018-05-24,26.243423,0.194212,3.406008,15.150244
2018-05-25,10.785074,0.209236,5.037672,7.305530
2018-05-26,40.328226,0.482151,6.177926,7.295495
2018-05-27,31.135637,0.452375,4.106260,15.204573
2018-05-28,11.911870,0.356240,3.693574,11.421095
2018-05-29,42.431093,1.329083,15.912203,9.180691
2018-05-30,62.316825,4.913900,16.152979,10.129355
2018-05-31,44.732413,7.602519,18.207067,13.117754
2018-06-01,51.123319,10.534733,27.946915,13.808214
2018-06-02,145.960269,37.487744,45.781875,18.437830
2018-06-03,115.659026,48.159188,37.190440,50.949918
2018-06-04,114.480242,45.598392,57.274658,56.980742
2018-06-05,139.979634,49.563648,47.704420,47.022012
2018-06-06,195.510089,74.569473,62.367915,52.208587
2018-06-07,230.985995,143.559699,72.123398,56.949600
2018-06-08,120.210280,100.712556,41.567354,39.119734
2018-06-09,90.420518,77.750505,36.405196,24.636193
2018-06-10,103.910221,86.266096,36.831592,38.714733
2018-06-11,102.045054,87.742575,34.763821,40.213413
2018-06-12,95.514605,90.900295,39.572496,58.461439
2018-06-13,89.320579,90.140914,32.216001,40.019488
2018-06-14,60.860639,71.874789,34.148654,64.710812
2018-06-15,64.222822,61.767745,43.274322,62.064823
2018-06-16,55.562248,57.792898,33.019646,67.163694
2018-06-17,60.161030,59.198713,33.203297,18.590336
2018-06-18,59.366999,66.199762,37.714015,52.731335
2018-06-19,73.417712,78.614540,43.642224,69.637092
2018-06-20,72.865976,91.725098,58.031566,82.952283
2018-06-21,156.361366,106.235812,39.649586,75.708436
2018-06-22,137.692813,158.581173,43.573379,109.331433
2018-06-23,152.020894,134.591523,48.617751,95.304879
2018-06-24,125.257213,132.550519,28.873401,97.297996
2018-06-25,86.938792,104.885222,35.741029,133.973651
2018-06-26,101.934148,115.373189,33.650312,120.004599
2018-06-27,103.225054,129.606213,40.227989,132.545099
2018-06-28,132.805519,124.439545,53.587445,106.822594
2018-06-29,121.763819,173.797550,53.416112,124.627117
2018-06-30,90.524363,126.909184,44.499433,150.390276
2018-07-01,151.983851,128.847047,49.213562,84.633450
2018-07-02,219.234878,232.479263,60.707164,113.143497
2018-07-03,88.488025,159.391294,39.768344,117.248396
2018-07-04,57.100189,131.020600,42.116053,144.567619
2018-07-05,66.427090,121.348178,49.069681,124.740315
2018-07-06,71.708716,127.963192,52.356562,147.468420
2018-07-07,87.370665,157.295036,48.798166,168.674508
2018-07-08,122.024777,140.606559,53.346600,102.343871
2018-07-09,101.834078,176.758372,48.484964,173.798925
2018-07-10,60.516783,156.555933,38.269533,146.229850
2018-07-11,59.077094,155.456776,43.774410,168.475901
2018-07-12,58.136730,159.297104,54.625329,175.716402
2018-07-13,89.337708,197.727066,60.936747,186.334226
2018-07-14,56.461506,197.920696,56.597625,186.323055
2018-07-15,79.975208,248.008762,57.093036,188.909125
2018-07-16,68.926866,247.437603,59.403925,181.179604
2018-07-17,71.944308,264.250135,72.199418,212.097202
2018-07-18,60.031030,227.536485,62.069602,205.633625
2018-07-19,39.002147,179.311568,64.418436,178.655096
2018-07-20,85.866623,163.716297,63.122598,182.870571
2018-07-21,49.633225,147.023724,56.755841,167.701903
2018-07-22,49.731933,147.613191,60.541552,186.886395
2018-07-23,36.633822,158.603424,56.464817,179.533059
2018-07-24,25.095720,149.660077,52.801588,172.493795
2018-07-25,19.593082,143.219294,54.251388,200.667464
2018-07-26,20.835957,138.188997,52.171123,171.669826
2018-07-27,33.659373,161.426080,55.815121,187.687654
2018-07-28,33.263433,164.583301,55.417581,173.005323
2018-07-29,147.990695,412.128935,107.229192,234.661719
2018-07-30,66.113470,454.000947,67.506429,204.688609
2018-07-31,41.967247,224.680168,53.315591,155.216352
2018-08-01,31.791356,179.938648,51.543357,224.564786
2018-08-02,26.970706,181.119168,46.437447,170.343709
2018-08-03,29.770211,170.199160,47.347577,186.741198
2018-08-04,20.226190,166.994831,49.775117,193.963156
2018-08-05,23.499191,162.755604,46.625633,182.946713
2018-08-06,23.090686,165.413272,49.446986,186.274147
2018-08-07,19.213843,156.234781,44.282912,175.000988
2018-08-08,16.400815,149.275973,46.478872,179.133236
2018-08-09,16.433411,143.407899,47.781080,190.361077
2018-08-10,18.043560,154.872819,44.643575,164.554426
2018-08-11,40.211852,179.533846,42.156281,163.994873
2018-08-12,78.969430,293.988218,49.486132,203.257731
2018-08-13,68.785591,343.476707,39.465763,143.144776
2018-08-14,30.582410,288.997013,44.828170,161.593182
2018-08-15,13.984134,165.900530,38.420118,153.111200
2018-08-16,13.560729,121.651330,34.543603,102.915993
2018-08-17,10.398344,125.153283,37.451387,156.023140
2018-08-18,8.381487,121.760917,36.371124,125.817478
2018-08-19,5.354112,96.888284,35.472520,93.832597
2018-08-20,5.851833,85.748287,31.587230,105.814425
2018-08-21,1.291076,80.269679,30.154301,86.512436
2018-08-22,9.649248,70.966760,31.186883,95.027137
2018-08-23,2.909219,74.675465,26.713762,103.120208
2018-08-24,0.220606,63.706124,21.535336,71.989186
2018-08-25,0.131002,39.594058,28.343050,62.340634
2018-08-26,6.802498,21.004409,25.633590,66.495557
2018-08-27,1.007899,30.837469,20.068003,70.942206
2018-08-28,0.281309,38.529231,19.111203,75.265707
2018-08-29,0.057474,31.643081,21.772377,78.645130
2018-08-30,64.360094,14.310663,39.624823,55.958231
2018-08-31,83.204716,45.402679,33.361605,77.700507
2018-09-01,13.209788,39.969629,13.696313,85.175029
2018-09-02,0.410219,27.689625,11.493760,71.332919
2018-09-03,1.158963,17.531958,12.546946,66.291306
2018-09-04,0.143199,28.117104,10.952348,56.256708
2018-09-05,0.108921,28.629124,16.721508,53.819358
2018-09-06,101.099735,64.043280,41.499592,55.536278
2018-09-07,302.278011,277.388879,96.609652,77.971866
2018-09-08,210.382199,390.479938,95.865949,101.660268
2018-09-09,124.164645,221.289433,48.930373,79.575801
2018-09-10,50.836336,165.095204,27.400146,74.976148
2018-09-11,34.857197,65.406759,23.917762,49.927293
2018-09-12,25.356665,55.915150,18.559044,73.485959
2018-09-13,3.029131,50.237971,14.507977,55.111089
2018-09-14,1.523012,31.620387,8.014130,40.724077
2018-09-15,11.540728,15.704173,9.749340,45.785467
2018-09-16,1.813568,5.875381,8.365777,43.902899
2018-09-17,2.979566,7.453015,17.310247,31.025198
2018-09-18,0.002786,7.162475,5.566078,38.539371
2018-09-19,0.002620,2.146012,4.732773,10.528281
2018-09-20,0.093466,0.458629,4.625862,6.120051
2018-09-21,0.248490,0.149744,4.510152,1.496192
2018-09-22,0.086187,0.081874,4.491601,7.378542
2018-09-23,0.002512,0.067144,4.414590,7.087511
2018-09-24,0.451424,0.025465,4.588645,1.980270
2018-09-25,0.018433,0.019664,4.072612,1.513902
2018-09-26,0.024339,0.018004,3.913457,1.497684
2018-09-27,0.025717,0.017668,3.868074,2.663419
2018-09-28,12.836136,0.016279,4.020770,1.505808
2018-09-29,9.552434,0.016156,3.570350,2.645522
2018-09-30,0.003263,0.016156,3.555865,2.378107
2018-10-01,2.396537,0.016141,3.380192,1.482346
2018-10-02,1.474935,0.016149,3.290666,1.476922
2018-10-03,1.462164,0.016150,3.265679,1.492217
2018-10-04,0.903418,0.016156,3.181157,1.463347
2018-10-05,0.017555,0.016063,3.024742,2.069322
2018-10-06,0.073767,0.016305,3.065476,1.607307
2018-10-07,0.166324,0.016462,2.920038,1.439201
2018-10-08,0.013845,0.016471,2.812017,1.463884
2018-10-09,0.000537,0.016459,2.736896,1.453342
2018-10-10,0.000295,0.016457,2.681768,1.416365
2018-10-11,0.044807,0.016446,6.114584,1.534319
2018-10-12,3.247500,0.016454,13.083305,1.531227
2018-10-13,1.811963,0.016454,2.492984,1.442949
2018-10-14,0.326630,0.016455,2.437391,1.429875
2018-10-15,0.011705,0.016456,2.389228,1.424523
2018-10-16,0.718398,0.016446,2.336684,1.440430
2018-10-17,0.006349,0.015695,2.307847,1.411443
2018-10-18,0.964924,0.015879,3.396360,1.423507
2018-10-19,0.833700,0.015977,2.249458,1.437889
2018-10-20,0.016898,0.015934,2.496676,1.422791
2018-10-21,0.000151,0.015722,2.111781,1.404654
2018-10-22,0.000065,0.016347,2.073548,1.929831
2018-10-23,0.001377,0.016529,2.039724,1.398706
2018-10-24,0.006785,0.016528,1.997976,1.391040
2018-10-25,0.001056,0.016530,1.961975,1.406249
2018-10-26,0.000003,0.016519,1.928081,1.547234
2018-10-27,0.009417,0.016526,2.064416,1.385302
2018-10-28,0.000000,0.016526,1.890558,1.442166
2018-10-29,0.000613,0.016526,1.830783,1.360257
2018-10-30,0.008473,0.016528,1.789026,1.465555
2018-10-31,0.080278,0.016534,1.805734,1.426900
2018-11-01,0.000011,0.016518,1.732392,1.408656
2018-11-02,0.000009,0.016526,1.702178,1.408719
2018-11-03,0.000001,0.016526,1.675492,1.436883
2018-11-04,0.000689,0.016526,1.657336,1.399628
2018-11-05,0.003334,0.016528,1.634568,1.362314
2018-11-06,0.000982,0.016518,1.596541,1.388267
2018-11-07,0.049625,0.016526,2.132629,1.414055
2018-11-08,6.697463,0.293429,13.833774,1.404877
2018-11-09,1.398917,2.249625,3.598327,1.494304
2018-11-10,0.000858,0.788346,1.529690,1.407882
2018-11-11,0.278562,0.197246,2.311427,1.381546
2018-11-12,0.000632,0.061599,1.457526,1.395456
2018-11-13,0.002978,0.022675,1.440183,1.397805
2018-11-14,0.001566,0.017375,1.427277,1.370159
2018-11-15,0.001702,0.016655,1.379327,1.372937
2018-11-16,0.005820,0.016537,1.380652,1.387117
2018-11-17,2.739663,0.538221,29.527522,1.440756
2018-11-18,45.321972,5.368475,10.585337,1.428772
2018-11-19,14.558545,0.108026,11.322232,1.390059
2018-11-20,70.181940,1.302779,33.749822,4.800789
2018-11-21,14.477548,2.241883,2.479725,1.386599
2018-11-22,0.000001,0.082189,1.256625,1.393826
2018-11-23,0.000000,0.025762,1.248703,1.350204
2018-11-24,0.000000,0.017829,1.235252,1.357993
2018-11-25,0.000092,0.016716,1.226797,1.353828
2018-11-26,0.001013,0.016545,1.216316,1.356117
2018-11-27,0.000862,0.016531,1.206098,1.353325
2018-11-28,0.000284,0.016527,1.196449,1.332139
2018-11-29,0.000040,0.016526,1.184713,1.346158
2018-11-30,0.000062,0.016528,1.173654,1.332188
2018-12-01,0.000068,0.016518,1.160603,1.327671
2018-12-02,0.000343,0.016526,1.147895,1.345924
2018-12-03,0.000137,0.016526,1.138344,1.328711
2018-12-04,0.000114,0.016526,1.122136,1.343269
2018-12-05,0.001532,0.016528,1.108138,1.309572
2018-12-06,0.000046,0.016518,1.093449,1.317939
2018-12-07,0.000035,0.016526,1.084730,1.315449
2018-12-08,0.000011,0.016526,1.065622,1.311972
2018-12-09,0.000091,0.016527,1.051445,1.338018
2018-12-10,0.001788,0.016533,1.054680,1.314581
2018-12-11,0.000234,0.016523,3.563759,1.346845
2018-12-12,0.000000,0.016531,4.160484,1.330138
2018-12-13,7.837306,0.016549,13.240001,1.297651
2018-12-14,21.349207,0.018761,8.485023,1.304564
2018-12-15,2.386798,0.016942,2.731432,1.331351
2018-12-16,0.002368,0.016803,1.130304,1.311524
2018-12-17,0.019178,0.016545,2.289174,1.310823
2018-12-18,0.553926,0.016531,0.991676,1.314450
2018-12-19,0.000350,0.016531,0.925514,1.311912
2018-12-20,0.000015,0.016274,0.907474,1.290040
2018-12-21,0.000103,0.016026,0.898600,1.294764
2018-12-22,0.000108,0.015635,0.891567,1.302144
2018-12-23,0.000973,0.015635,1.575245,1.299603
2018-12-24,0.278334,0.015347,0.980968,1.289247
2018-12-25,0.002477,0.015271,1.042878,1.269194
2018-12-26,0.003113,0.015035,2.230614,1.321906
2018-12-27,0.002854,0.015043,0.847977,1.267606
2018-12-28,0.001528,0.015042,1.027233,1.319101
2018-12-29,0.000147,0.015040,0.817252,1.327070
2018-12-30,0.000206,0.015040,0.810766,1.244951
2018-12-31,0.000619,0.015022,0.793684,1.316100
2019-01-01,0.008825,0.000762,1.161209,1.284303
2019-01-02,0.287625,0.000762,4.910264,5.042529
2019-01-03,16.076987,1.076174,27.830029,1.428779
2019-01-04,4.262062,0.179266,6.936429,1.533542
2019-01-05,2.117267,0.020653,0.970225,1.427431
2019-01-06,0.000000,0.018673,0.742884,1.499713
2019-01-07,0.000000,0.019168,0.737847,1.446120
2019-01-08,0.000000,0.019492,3.224366,1.580804
2019-01-09,0.000000,0.019491,2.392779,1.449413
2019-01-10,0.000000,0.019489,0.713367,1.436247
2019-01-11,0.000000,0.019483,0.701634,1.437681
2019-01-12,0.000000,0.019493,0.692922,1.444574
2019-01-13,0.000000,0.019490,0.690062,1.417671
2019-01-14,0.000000,0.019416,0.679798,1.434548
2019-01-15,0.000000,0.019399,0.672224,1.429634
2019-01-16,0.000000,0.019475,0.666555,1.418153
2019-01-17,0.000000,0.019485,0.652013,1.414505
2019-01-18,0.000000,0.020011,0.644685,1.372442
2019-01-19,0.000000,0.020897,0.636943,1.462388
2019-01-20,0.000000,0.020896,0.639626,1.272510
2019-01-21,0.000000,0.020725,0.631495,1.415627
2019-01-22,0.000000,0.020087,0.608170,1.457100
2019-01-23,0.000000,0.020083,0.632731,1.405008
2019-01-24,0.000000,0.020085,0.601492,1.409935
2019-01-25,0.000000,0.020081,0.589929,1.406271
2019-01-26,0.000000,0.020074,0.583099,1.485477
2019-01-27,0.000000,0.020084,0.572492,1.451659
2019-01-28,0.000000,0.020081,0.576000,1.391502
2019-01-29,0.000000,0.020079,0.563621,1.454582
2019-01-30,0.000000,0.020078,0.551178,1.426873
2019-01-31,0.000000,0.020078,0.539755,1.450278
2019-02-01,0.000000,0.019885,0.537813,1.417717
2019-02-02,0.000000,0.020082,0.532591,1.418065
2019-02-03,0.000000,0.097374,0.523383,1.436108
2019-02-04,0.000000,0.288604,0.518788,1.425482
2019-02-05,0.000000,0.411026,0.503261,1.357575
2019-02-06,0.000000,0.498901,0.511798,1.348676
2019-02-07,0.000000,0.020097,0.495383,1.424018
2019-02-08,0.000000,0.020068,0.486160,1.410122
2019-02-09,0.000000,0.020035,0.482314,1.415916
2019-02-10,0.000000,0.020039,0.477271,1.427268
2019-02-11,0.000000,0.033949,0.469277,1.404732
2019-02-12,0.000000,0.188049,0.459748,1.400937
2019-02-13,0.000000,0.337365,0.448889,1.433712
2019-02-14,0.000000,0.403925,0.450336,1.368882
2019-02-15,0.000000,0.465848,0.444193,1.392187
2019-02-16,0.000000,0.505602,0.428771,1.426448
2019-02-17,0.000000,0.476289,0.430655,1.388088
2019-02-18,0.000000,0.419415,0.417888,1.408962
2019-02-19,0.000000,0.367960,0.413466,1.401113
2019-02-20,0.000000,0.445146,0.427996,1.401861
2019-02-21,3.627924,0.591916,5.425462,1.388624
2019-02-22,2.904020,0.718861,1.911963,1.410903
2019-02-23,0.886559,0.826401,1.250884,1.382791
2019-02-24,0.000000,0.879303,0.415539,1.384085
2019-02-25,0.000000,0.875310,0.798907,1.384428
2019-02-26,1.321592,0.854559,1.815072,1.371680
2019-02-27,0.000000,0.860629,0.788925,1.444801
2019-02-28,0.000000,0.877364,0.762527,1.372881
2019-03-01,0.000000,0.360168,0.747009,1.414753
2019-03-02,0.000000,0.018614,0.355095,1.235373
2019-03-03,0.000000,0.018614,0.344824,1.356069
2019-03-04,0.000000,0.018611,0.338049,1.370449
2019-03-05,0.000000,0.018609,0.342552,1.385328
2019-03-06,0.000000,0.018604,0.335998,1.330723
2019-03-07,0.000000,0.018617,0.332099,1.409323
2019-03-08,0.000000,0.018612,0.327280,1.339220
2019-03-09,0.000000,0.018607,0.317275,1.342653
2019-03-10,0.000000,0.018594,0.318221,1.335648
2019-03-11,0.000000,0.018587,0.310994,1.367580
2019-03-12,0.000000,0.018597,0.301072,1.301802
2019-03-13,0.000000,0.018594,0.303407,1.369884
2019-03-14,0.000000,0.018594,0.299237,1.357971
2019-03-15,0.000061,0.018592,0.283904,1.292292
2019-03-16,0.000008,0.018588,0.288833,1.361193
2019-03-17,0.000020,0.018597,0.281339,1.376910
2019-03-18,0.000096,0.018597,0.517107,1.292632
2019-03-19,0.000000,0.018598,0.276076,1.305313
2019-03-20,0.000000,0.018590,0.268237,1.314130
2019-03-21,0.000000,0.018590,0.265989,1.356768
2019-03-22,0.000000,0.017982,0.267696,1.319147
2019-03-23,0.000000,0.017716,0.258578,1.406651
2019-03-24,0.000000,0.017713,0.249490,1.327520
2019-03-25,0.000000,0.017713,0.339437,1.333601
2019-03-26,0.111283,0.017708,0.258234,1.330092
2019-03-27,0.000000,0.017715,0.241556,1.321370
2019-03-28,0.071353,0.017712,0.238367,1.322240
2019-03-29,0.093419,0.017711,0.232812,1.310732
2019-03-30,0.000000,0.017709,0.230582,1.281816
2019-03-31,0.000000,0.017709,0.226097,1.312041
2019-04-01,0.000000,0.017703,0.224819,1.310866
2019-04-02,0.918854,0.017712,0.221541,4.083981
2019-04-03,0.000000,0.017709,0.501503,1.299655
2019-04-04,0.685823,0.017707,0.251829,1.318142
2019-04-05,0.000341,0.017706,0.205182,1.305155
2019-04-06,0.000322,0.017701,0.381241,4.474185
2019-04-07,0.000203,0.017711,0.213626,1.314944
2019-04-08,0.000067,0.017708,0.223583,4.164346
2019-04-09,0.000412,0.017711,0.355836,5.550253
2019-04-10,0.967016,0.017709,1.349155,5.541293
2019-04-11,70.138725,0.163789,34.022945,4.943480
2019-04-12,99.707624,0.932579,71.450738,4.057637
2019-04-13,138.050869,7.322567,75.445573,7.866314
2019-04-14,109.088372,10.104225,56.200103,5.834142
2019-04-15,49.440469,6.891511,16.558474,7.141132
2019-04-16,15.081964,4.887629,10.989835,9.809346
2019-04-17,19.985219,3.650819,12.338841,7.477466
2019-04-18,3.042288,0.256491,4.948925,7.686255
2019-04-19,16.958740,0.785536,11.701323,8.756346
2019-04-20,9.751905,2.634214,10.227717,8.702042
2019-04-21,11.745899,0.587974,2.387744,5.854881
2019-04-22,0.386827,0.041331,1.251348,1.338630
2019-04-23,0.001087,0.021046,2.458335,1.327968
2019-04-24,3.980906,0.018032,7.997022,4.857934
2019-04-25,74.926065,1.986309,50.542489,6.390073
2019-04-26,56.896619,12.425017,101.811562,18.398563
2019-04-27,105.151870,29.901060,68.373085,24.957239
2019-04-28,59.698280,28.229591,53.944183,11.389675
2019-04-29,124.645421,63.276241,100.393314,28.112248
2019-04-30,107.998367,58.056234,43.196604,29.038765
2019-05-01,106.662914,66.124360,30.976912,30.200443
2019-05-02,29.615552,34.601268,17.297084,14.338622
2019-05-03,4.184403,7.846192,16.479272,16.802079
2019-05-04,25.437291,8.494327,26.924955,13.871923
2019-05-05,30.017226,13.737982,29.295305,13.909083
2019-05-06,56.249484,27.970594,33.688970,31.753288
2019-05-07,54.147590,39.080644,30.058035,18.403512
2019-05-08,9.151896,21.185043,21.667041,20.039973
2019-05-09,2.059034,2.338937,5.359281,5.565030
2019-05-10,0.342879,0.182979,5.015078,7.089081
2019-05-11,1.038233,0.881024,11.584162,7.226499
2019-05-12,0.210504,0.780597,15.346044,9.372778
2019-05-13,0.174471,0.190918,12.855332,10.602025
2019-05-14,27.678852,7.222358,46.962935,17.881107
2019-05-15,180.344362,79.952509,72.893902,18.628783
2019-05-16,90.426334,80.749898,48.570199,41.248803
2019-05-17,102.538172,85.999816,35.226094,49.745198
2019-05-18,97.686556,79.583523,49.559171,76.194073
2019-05-19,117.186568,93.913852,44.375419,79.959819
2019-05-20,98.910671,119.518527,18.346776,51.531237
2019-05-21,37.164600,71.921819,14.461210,44.130530
2019-05-22,61.883666,74.738381,25.808754,67.791195
2019-05-23,55.986446,85.133145,19.073291,58.614427
2019-05-24,49.836333,77.829794,21.982856,68.427795
2019-05-25,44.927259,76.933471,26.074445,72.268938
2019-05-26,46.364075,78.644894,27.593284,74.403188
2019-05-27,38.891897,85.667328,22.313132,76.034485
2019-05-28,24.725630,77.875172,23.864481,54.398624
2019-05-29,23.568737,78.446456,40.632320,80.437194
2019-05-30,19.754894,84.086714,42.837643,78.578862
2019-05-31,14.700104,71.340480,32.447748,43.411270
2019-06-01,11.567149,57.585094,36.362563,32.204006
2019-06-02,19.458577,71.341948,39.670584,54.336420
2019-06-03,20.927958,83.681219,41.536227,79.405357
2019-06-04,29.356063,90.225494,48.116922,92.280393
2019-06-05,34.262735,101.167266,49.752186,112.170906
2019-06-06,27.941744,100.047534,52.254081,119.739334
2019-06-07,30.374964,114.595991,63.060882,139.516046
2019-06-08,31.122921,122.348626,64.090107,144.851464
2019-06-09,33.008901,128.583812,63.819722,135.421866
2019-06-10,35.248388,142.135030,65.983391,141.636762
2019-06-11,52.947249,137.074053,62.489051,75.563262
2019-06-12,101.155254,242.744586,71.240449,152.242100
2019-06-13,55.442659,262.081937,76.487684,191.583994
2019-06-14,57.396882,300.768115,69.894231,180.653667
2019-06-15,46.337198,258.990937,69.006124,174.815282
2019-06-16,56.124398,244.690570,75.783552,194.183568
2019-06-17,47.309644,259.798901,69.526372,189.877955
2019-06-18,34.039147,224.625415,68.916999,172.656148
2019-06-19,38.982693,226.125705,64.679513,171.328845
2019-06-20,35.111487,214.028674,66.998059,170.333943
2019-06-21,44.519819,228.409287,63.493995,178.330949
2019-06-22,32.853682,228.941955,65.591721,182.004925
2019-06-23,38.049240,261.570729,71.701208,208.383920
2019-06-24,35.166225,224.779755,63.981479,132.768921
2019-06-25,54.985704,330.061060,87.947569,247.758374
2019-06-26,29.200853,271.181158,97.061630,236.293180
2019-06-27,114.793638,217.078170,79.479820,182.044303
2019-06-28,68.596130,255.492509,69.607094,211.273995
2019-06-29,37.214646,312.591792,68.642988,206.495090
2019-06-30,189.894763,273.922676,76.535381,180.307823
2019-07-01,82.457510,226.867313,48.017193,242.141016
2019-07-02,77.394415,152.356766,43.002276,173.832593
2019-07-03,255.011002,356.474116,120.305523,260.110095
2019-07-04,37.002210,344.229619,38.434053,268.236587
2019-07-05,34.169443,283.138158,33.569276,249.925533
2019-07-06,29.029037,269.982576,36.580119,251.013532
2019-07-07,25.079989,220.145209,36.318628,242.551642
2019-07-08,26.648391,211.837212,43.081971,249.052498
2019-07-09,35.096331,195.816673,41.149661,220.698231
2019-07-10,33.078527,188.221821,41.354947,265.438050
2019-07-11,28.238479,223.162693,40.811284,254.680352
2019-07-12,23.851501,213.726420,42.931898,259.091415
2019-07-13,32.374167,222.552893,46.401893,272.684170
2019-07-14,26.638286,231.278506,52.025904,270.514405
2019-07-15,59.720182,279.283334,64.029984,291.752360
2019-07-16,48.699270,386.827804,53.190132,276.526953
2019-07-17,38.298598,275.175744,50.401734,288.997189
2019-07-18,31.730527,268.580460,50.372249,285.561694
2019-07-19,32.825597,243.635183,48.514470,279.781516
2019-07-20,35.570671,257.116561,66.598952,309.033933
2019-07-21,31.830104,243.881556,52.502930,302.614944
2019-07-22,36.778174,261.116221,50.877197,285.180017
2019-07-23,31.967718,266.083281,46.815732,256.951083
2019-07-24,28.860496,250.005631,45.861407,253.659400
2019-07-25,24.127283,169.420658,42.794714,213.151660
2019-07-26,47.379350,146.242901,41.847297,193.640985
2019-07-27,47.712177,148.944655,48.617068,306.467238
2019-07-28,226.151877,442.808179,82.293950,265.142828
2019-07-29,280.646568,728.693343,79.469720,300.754453
2019-07-30,133.468253,963.112808,225.284745,649.915904
2019-07-31,86.211507,944.947836,68.087041,393.637890
2019-08-01,53.195604,512.378577,16.713856,275.515450
2019-08-02,26.034538,272.618513,18.982756,256.058502
2019-08-03,26.631239,214.231926,23.788730,260.135724
2019-08-04,30.763307,215.280645,25.846180,254.795019
2019-08-05,26.909091,211.068251,24.884727,239.757732
2019-08-06,23.533219,194.899663,28.979864,155.990576
2019-08-07,22.845052,172.977280,28.911098,210.924307
2019-08-08,15.340416,154.246048,29.074261,200.637951
2019-08-09,15.529804,140.709573,26.307460,168.064507
2019-08-10,13.020007,134.590285,30.958929,178.623709
2019-08-11,17.976303,139.667341,31.874220,213.607058
2019-08-12,7.652162,136.180228,25.506632,156.457871
2019-08-13,6.754913,119.958174,23.879211,150.696613
2019-08-14,7.980359,108.807680,26.317346,174.920111
2019-08-15,12.076453,96.369737,33.212991,126.197632
2019-08-16,12.598872,106.022786,29.549364,191.141278
2019-08-17,9.819410,106.088723,25.182991,138.236497
2019-08-18,10.202909,94.757237,22.716243,119.865722
2019-08-19,14.160085,109.116341,21.825389,115.963714
2019-08-20,4.606144,101.369780,21.128154,110.210115
2019-08-21,3.122500,83.556466,19.637658,103.143312
2019-08-22,2.657293,82.263739,19.499526,91.542837
2019-08-23,67.160381,74.496247,26.831266,69.333876
2019-08-24,57.263353,154.162092,25.969819,79.152302
2019-08-25,3.074817,149.820806,33.564226,111.377476
2019-08-26,3.670659,123.330957,12.906023,139.082820
2019-08-27,0.268910,77.070023,9.490950,83.556000
2019-08-28,0.250108,59.852778,10.687987,101.368112
2019-08-29,0.224493,51.021971,9.705725,90.650568
2019-08-30,0.258208,42.317071,7.542511,69.561799
2019-08-31,0.141988,37.385276,5.726075,82.918031
2019-09-01,0.180925,37.436987,0.000000,0.000000
2019-09-02,0.323449,30.335070,0.000000,0.000000
2019-09-03,0.773936,37.250975,0.000000,0.000000
2019-09-04,0.481698,42.903774,0.000000,0.000000
2019-09-05,21.398282,47.876747,0.000000,0.000000
2019-09-06,15.586170,40.733225,0.000000,0.000000
2019-09-07,71.878656,113.435940,0.000000,0.000000
2019-09-08,27.532157,108.706063,0.000000,0.000000
2019-09-09,0.684379,74.298931,0.000000,0.000000
2019-09-10,0.173447,34.335044,0.000000,0.000000
2019-09-11,1.273440,20.396479,0.000000,0.000000
2019-09-12,3.941337,12.303704,0.000000,0.000000
2019-09-13,0.540077,3.868017,0.000000,0.000000
2019-09-14,0.310921,1.076147,0.000000,0.000000
2019-09-15,0.016021,0.349031,0.000000,0.000000
2019-09-16,0.012037,0.234486,0.000000,0.000000
2019-09-17,0.012561,0.267488,0.000000,0.000000
2019-09-18,0.012056,0.266648,0.000000,0.000000
2019-09-19,0.884069,0.254255,0.000000,0.000000
2019-09-20,1.283064,8.584057,0.000000,0.000000
2019-09-21,5.189870,37.703192,0.000000,0.000000
2019-09-22,64.258844,192.367487,0.000000,0.000000
2019-09-23,35.424670,308.916684,0.000000,0.000000
2019-09-24,13.216417,208.292495,0.000000,0.000000
2019-09-25,14.275321,97.272268,0.000000,0.000000
2019-09-26,5.717161,65.607258,0.000000,0.000000
2019-09-27,1.253840,74.533406,0.000000,0.000000
2019-09-28,0.208219,24.849834,0.000000,0.000000
2019-09-29,0.041806,9.241653,0.000000,0.000000
2019-09-30,0.004362,4.106782,0.000000,0.000000
2019-10-01,0.005297,1.751225,0.000000,0.000000
2019-10-02,0.024604,0.440670,0.000000,0.000000
2019-10-03,112.332468,3.705171,0.000000,0.000000
2019-10-04,138.382303,34.254811,0.000000,0.000000
2019-10-05,116.028430,28.757372,0.000000,0.000000
2019-10-06,56.456254,30.545783,0.000000,0.000000
2019-10-07,5.051112,17.633411,0.000000,0.000000
2019-10-08,3.948119,2.137746,0.000000,0.000000
2019-10-09,2.668208,4.038828,0.000000,0.000000
2019-10-10,0.492668,0.908344,0.000000,0.000000
2019-10-11,0.204301,0.298762,0.000000,0.000000
2019-10-12,0.260947,0.212823,0.000000,0.000000
2019-10-13,0.189126,0.202694,0.000000,0.000000
2019-10-14,0.086590,0.202165,0.000000,0.000000
2019-10-15,0.442910,0.202120,0.000000,0.000000
2019-10-16,0.167122,0.201615,0.000000,0.000000
2019-10-17,0.008890,0.201378,0.000000,0.000000
2019-10-18,0.004199,0.201512,0.000000,0.000000
2019-10-19,0.005805,0.201516,0.000000,0.000000
2019-10-20,0.016721,0.201645,0.000000,0.000000
2019-10-21,0.004436,0.201839,0.000000,0.000000
2019-10-22,0.000845,0.166019,0.000000,0.000000
2019-10-23,0.002025,0.131397,0.000000,0.000000
2019-10-24,0.001617,0.130735,0.000000,0.000000
2019-10-25,0.001439,0.130735,0.000000,0.000000
2019-10-26,0.001803,0.130678,0.000000,0.000000
2019-10-27,0.005581,0.130735,0.000000,0.000000
2019-10-28,0.007126,0.130340,0.000000,0.000000
2019-10-29,0.006120,0.129618,0.000000,0.000000
2019-10-30,0.002022,0.129454,0.000000,0.000000
2019-10-31,0.005094,0.128853,0.000000,0.000000
2019-11-01,0.003801,0.128606,0.000000,0.000000
2019-11-02,0.004703,0.128682,0.000000,0.000000
2019-11-03,0.014680,0.128656,0.000000,0.000000
2019-11-04,0.001069,0.128821,0.000000,0.000000
2019-11-05,0.032930,0.131074,0.000000,0.000000
2019-11-06,0.001370,0.130334,0.000000,0.000000
2019-11-07,0.018871,0.130412,0.000000,0.000000
2019-11-08,0.044700,0.130412,0.000000,0.000000
2019-11-09,0.024135,0.130407,0.000000,0.000000
2019-11-10,1.570418,0.130369,0.000000,0.000000
2019-11-11,5.317541,0.131085,0.000000,0.000000
2019-11-12,0.000000,0.130412,0.000000,0.000000
2019-11-13,0.000001,0.130412,0.000000,0.000000
2019-11-14,0.000001,0.130407,0.000000,0.000000
2019-11-15,0.000001,0.130369,0.000000,0.000000
2019-11-16,0.000000,0.130334,0.000000,0.000000
2019-11-17,0.000000,0.130412,0.000000,0.000000
2019-11-18,0.000000,0.130412,0.000000,0.000000
2019-11-19,0.000000,0.130407,0.000000,0.000000
2019-11-20,0.000000,0.130369,0.000000,0.000000
2019-11-21,0.000000,0.130334,0.000000,0.000000
2019-11-22,0.000000,0.130411,0.000000,0.000000
2019-11-23,0.000000,0.130411,0.000000,0.000000
2019-11-24,0.000000,0.130406,0.000000,0.000000
2019-11-25,0.000000,0.130368,0.000000,0.000000
2019-11-26,0.000000,0.130333,0.000000,0.000000
2019-11-27,0.000000,0.130411,0.000000,0.000000
2019-11-28,0.000000,0.130411,0.000000,0.000000
2019-11-29,0.000000,0.130406,0.000000,0.000000
2019-11-30,0.000000,0.130367,0.000000,0.000000
2019-12-01,0.000000,0.130332,0.000000,0.000000
2019-12-02,5.615506,0.130491,0.000000,0.000000
2019-12-03,0.253311,0.130622,0.000000,0.000000
2019-12-04,0.000000,0.130617,0.000000,0.000000
2019-12-05,0.000000,0.130579,0.000000,0.000000
2019-12-06,0.000000,0.108144,0.000000,0.000000
2019-12-07,0.000000,0.096177,0.000000,0.000000
2019-12-08,0.000000,0.096425,0.000000,0.000000
2019-12-09,0.000000,0.096346,0.000000,0.000000
2019-12-10,0.000000,0.096304,0.000000,0.000000
2019-12-11,0.000000,0.096284,0.000000,0.000000
2019-12-12,0.000000,0.096008,0.000000,0.000000
2019-12-13,0.000000,0.095893,0.000000,0.000000
2019-12-14,0.000000,0.095889,0.000000,0.000000
2019-12-15,0.000000,0.095850,0.000000,0.000000
2019-12-16,0.000000,0.095833,0.000000,0.000000
2019-12-17,0.000000,0.095893,0.000000,0.000000
2019-12-18,0.000000,0.095893,0.000000,0.000000
2019-12-19,0.000000,0.095889,0.000000,0.000000
2019-12-20,0.000000,0.095850,0.000000,0.000000
2019-12-21,0.000000,0.095832,0.000000,0.000000
2019-12-22,0.000000,0.095892,0.000000,0.000000
2019-12-23,0.000000,0.095892,0.000000,0.000000
2019-12-24,0.000000,0.095888,0.000000,0.000000
2019-12-25,0.000000,0.095849,0.000000,0.000000
2019-12-26,0.000000,0.095831,0.000000,0.000000
2019-12-27,0.000000,0.095887,0.000000,0.000000
2019-12-28,0.000000,0.095884,0.000000,0.000000
2019-12-29,0.000000,0.095880,0.000000,0.000000
2019-12-30,0.000000,0.095841,0.000000,0.000000
2019-12-31,0.000000,0.095841,0.000000,0.000000

