time,MAR_land,RACMO_land,MAR_total,RACMO_total
2015-01-01,0.0,1.090101,0.0,1.090101
2015-01-02,0.0,1.087042,0.0,1.087042
2015-01-03,0.0,1.080154,0.0,1.080154
2015-01-04,0.0,1.055469,0.0,1.055469
2015-01-05,0.0,1.057948,0.0,1.057948
2015-01-06,0.0,1.048696,0.0,1.048696
2015-01-07,0.0,1.027023,0.0,1.027023
2015-01-08,0.0,1.020556,0.0,1.020556
2015-01-09,0.0,1.012649,0.0,1.012649
2015-01-10,0.0,1.002288,0.0,1.002288
2015-01-11,0.0,0.993258,0.0,0.993258
2015-01-12,0.0,0.986842,0.0,0.986842
2015-01-13,0.0,0.961805,0.0,0.961805
2015-01-14,0.0,0.959795,0.0,0.959795
2015-01-15,0.0,0.950694,0.0,0.950694
2015-01-16,0.0,0.94237,0.0,0.94237
2015-01-17,0.0,0.931054,0.0,0.931054
2015-01-18,0.0,0.923236,0.0,0.923236
2015-01-19,0.0,0.909452,0.0,0.909452
2015-01-20,0.0,0.902135,0.0,0.902135
2015-01-21,0.0,0.894225,0.0,0.894225
2015-01-22,0.0,0.879826,0.0,0.879826
2015-01-23,0.0,0.870807,0.0,0.870807
2015-01-24,0.0,0.8658,0.0,0.8658
2015-01-25,0.0,0.85226,0.0,0.85226
2015-01-26,0.0,0.844441,0.0,0.844441
2015-01-27,0.0,0.834415,0.0,0.834415
2015-01-28,0.0,0.829746,0.0,0.829746
2015-01-29,0.0,0.818078,0.0,0.818078
2015-01-30,0.0,0.809764,0.0,0.809764
2015-01-31,0.0,0.798678,0.0,0.798678
2015-02-01,0.0,0.790897,0.0,0.790897
2015-02-02,0.0,0.783759,0.0,0.783759
2015-02-03,0.0,0.78911,0.0,0.78911
2015-02-04,0.0,0.756987,0.0,0.756987
2015-02-05,0.0,0.768678,0.0,0.768678
2015-02-06,0.0,0.759757,0.0,0.759757
2015-02-07,0.0,0.742348,0.0,0.742348
2015-02-08,0.0,0.739568,0.0,0.739568
2015-02-09,0.0,0.710874,0.0,0.710874
2015-02-10,0.0,0.706855,0.0,0.706855
2015-02-11,0.0,0.691114,0.0,0.691114
2015-02-12,0.0,0.679083,0.0,0.679083
2015-02-13,0.0,0.673616,0.0,0.673616
2015-02-14,0.0,0.668213,0.0,0.668213
2015-02-15,0.0,0.659729,0.0,0.659729
2015-02-16,0.0,0.644005,0.0,0.644005
2015-02-17,0.0,0.636819,0.0,0.636819
2015-02-18,0.0,0.625646,0.0,0.625646
2015-02-19,0.0,0.618167,0.0,0.618167
2015-02-20,0.0,0.611898,0.0,0.611898
2015-02-21,0.0,0.601688,0.0,0.601688
2015-02-22,0.0,0.593528,0.0,0.593528
2015-02-23,0.0,0.582769,0.0,0.582769
2015-02-24,0.0,0.571655,0.0,0.571655
2015-02-25,0.0,0.569332,0.0,0.569332
2015-02-26,0.0,0.561979,0.0,0.561979
2015-02-27,0.0,0.544683,0.0,0.544683
2015-02-28,0.0,0.528668,0.0,0.528668
2015-03-01,0.0,0.529237,0.0,0.529237
2015-03-02,0.0,0.519516,0.0,0.519516
2015-03-03,0.0,0.509372,0.0,0.509372
2015-03-04,0.0,0.503784,0.0,0.503784
2015-03-05,0.0,0.495848,0.0,0.495848
2015-03-06,0.0,0.485954,0.0,0.485954
2015-03-07,0.0,0.473944,0.0,0.473944
2015-03-08,0.0,0.473017,0.0,0.473017
2015-03-09,0.0,0.462488,0.0,0.462488
2015-03-10,0.0,0.458204,0.0,0.458204
2015-03-11,0.0,0.448686,0.0,0.448686
2015-03-12,0.0,0.443656,0.0,0.443656
2015-03-13,0.0,0.433987,0.0,0.433987
2015-03-14,0.0,0.501667,0.0,0.501667
2015-03-15,0.0,0.416504,0.0,0.416504
2015-03-16,0.0,0.415464,0.0,0.415464
2015-03-17,0.0,0.415275,0.0,0.415275
2015-03-18,0.0,0.401703,0.0,0.401703
2015-03-19,0.0,0.398506,0.0,0.398506
2015-03-20,0.0,0.391027,0.0,0.391027
2015-03-21,0.0,0.386419,0.0,0.386419
2015-03-22,0.0,0.382758,0.0,0.382758
2015-03-23,0.0,0.376729,0.0,0.376729
2015-03-24,0.0,0.36663,0.0,0.36663
2015-03-25,0.0,0.366317,0.0,0.366317
2015-03-26,0.0,0.363919,0.0,0.363919
2015-03-27,0.0,0.358722,0.0,0.358722
2015-03-28,0.0,0.351199,0.0,0.351199
2015-03-29,0.0,0.349992,0.0,0.349992
2015-03-30,0.0,0.343592,0.0,0.343592
2015-03-31,0.0,0.33343,0.0,0.33343
2015-04-01,0.0,0.332374,0.0,0.332374
2015-04-02,0.0,0.33017,0.0,0.33017
2015-04-03,0.0,0.332356,0.0,0.332356
2015-04-04,0.0,0.307221,0.0,0.307221
2015-04-05,0.0,0.311122,0.0,0.311122
2015-04-06,0.0,0.316432,0.0,0.316432
2015-04-07,0.0,0.300711,0.0,0.300711
2015-04-08,0.0,0.307621,0.0,0.307621
2015-04-09,0.0,0.295556,0.0,0.295556
2015-04-10,0.0,0.297751,0.0,0.297751
2015-04-11,0.0,0.290141,0.0,0.290141
2015-04-12,0.0,0.284848,0.0,0.284848
2015-04-13,0.0,0.28275,0.0,0.28275
2015-04-14,0.0,0.280446,0.0,0.280446
2015-04-15,0.0,0.277802,0.0,0.277802
2015-04-16,0.0,1.464024,0.0,1.464024
2015-04-17,0.0,5.060189,0.0,5.060189
2015-04-18,0.0,4.504671,0.0,4.504671
2015-04-19,0.0,16.781893,0.0,16.781893
2015-04-20,0.0,26.369682,0.0,26.369682
2015-04-21,0.0,4.828888,0.0,4.828888
2015-04-22,0.0,0.317176,0.0,0.317176
2015-04-23,0.0,0.257851,0.0,0.257851
2015-04-24,0.0,0.24726,0.0,0.24726
2015-04-25,0.0,0.253913,0.0,0.253913
2015-04-26,0.0,0.288951,0.0,0.288951
2015-04-27,0.0,0.245184,0.0,0.245184
2015-04-28,0.0,0.236268,0.0,0.236268
2015-04-29,0.0,0.248478,0.0,0.248478
2015-04-30,0.0,0.442732,0.0,0.442732
2015-05-01,0.0,0.317043,0.0,0.317043
2015-05-02,0.0,0.405612,0.0,0.405612
2015-05-03,0.0,0.719279,0.0,0.719279
2015-05-04,0.0,0.93314,0.0,0.93314
2015-05-05,0.0,0.630326,0.0,0.630326
2015-05-06,0.0,0.84017,0.0,0.84017
2015-05-07,0.0,2.906158,0.0,2.906158
2015-05-08,0.0,7.208122,0.0,7.208122
2015-05-09,0.0,5.822557,0.0,5.822557
2015-05-10,0.0,4.046771,0.0,4.046771
2015-05-11,0.0,4.569444,0.0,4.569444
2015-05-12,0.0,13.067633,0.0,13.067633
2015-05-13,0.0,23.404008,0.0,23.404008
2015-05-14,0.0,31.765112,0.0,31.765112
2015-05-15,0.0,15.030989,0.0,15.030989
2015-05-16,0.0,11.217655,0.0,11.217655
2015-05-17,0.043729,12.444407,0.043729,12.444407
2015-05-18,0.157854,15.691216,0.157854,15.691216
2015-05-19,0.090018,13.762098,0.090018,13.762098
2015-05-20,0.17943,4.175387,0.17943,4.175387
2015-05-21,0.09928,3.66187,0.09928,3.66187
2015-05-22,0.0,5.61734,0.0,5.61734
2015-05-23,0.0,6.97573,0.0,6.97573
2015-05-24,0.532829,11.883365,0.532829,11.883365
2015-05-25,0.143457,8.834322,0.143457,8.834322
2015-05-26,0.411036,16.858579,0.411036,16.858579
2015-05-27,0.0,7.703903,0.0,7.703903
2015-05-28,0.0,9.703466,0.0,9.703466
2015-05-29,0.048876,20.583433,0.048876,20.583433
2015-05-30,0.022127,21.631905,0.022127,21.631905
2015-05-31,0.0,20.724236,0.0,20.724236
2015-06-01,0.000956,22.874415,0.000956,22.874415
2015-06-02,0.331402,26.336415,0.331402,26.336415
2015-06-03,0.378674,41.089307,0.378674,41.089307
2015-06-04,0.420254,44.287691,0.420254,44.287691
2015-06-05,0.249466,53.111936,0.249466,53.111936
2015-06-06,0.133239,53.600811,0.133239,53.600811
2015-06-07,0.118151,59.541967,0.118151,59.541967
2015-06-08,13.011358,69.29827,13.011358,69.29827
2015-06-09,18.350317,62.442728,18.350317,62.442728
2015-06-10,28.044824,55.758588,28.044824,55.758588
2015-06-11,49.513747,55.586173,49.513747,55.586173
2015-06-12,19.600522,40.29018,19.600522,40.29018
2015-06-13,61.762209,58.988526,61.762209,58.988526
2015-06-14,45.581322,56.207549,45.581322,56.207549
2015-06-15,46.663555,59.808622,46.663555,59.808622
2015-06-16,40.45502,63.557633,40.45502,63.557633
2015-06-17,94.377069,41.992979,94.377069,41.992979
2015-06-18,87.718761,48.713761,87.718761,48.713761
2015-06-19,67.677112,54.110614,67.677112,54.110614
2015-06-20,85.173813,44.153401,85.173813,44.153401
2015-06-21,82.228019,42.433913,82.228019,42.433913
2015-06-22,95.8112,45.04128,95.8112,45.04128
2015-06-23,106.035097,46.107158,106.035097,46.107158
2015-06-24,108.053109,53.422961,108.053109,53.422961
2015-06-25,132.86104,61.006071,132.86104,61.006071
2015-06-26,133.413073,67.088735,133.413073,67.088735
2015-06-27,118.138355,67.859309,118.138355,67.859309
2015-06-28,90.894165,60.638574,90.894165,60.638574
2015-06-29,67.448341,57.371351,67.448341,57.371351
2015-06-30,75.578378,53.664387,75.578378,53.664387
2015-07-01,68.255103,54.767864,68.255103,54.767864
2015-07-02,95.776241,49.706462,95.776241,49.706462
2015-07-03,110.26933,42.520892,110.26933,42.520892
2015-07-04,105.560259,39.876363,105.560259,39.876363
2015-07-05,123.940452,36.425011,123.940452,36.425011
2015-07-06,84.884121,34.503652,84.884121,34.503652
2015-07-07,75.809299,33.02466,75.809299,33.02466
2015-07-08,110.714583,35.915777,110.714583,35.915777
2015-07-09,82.067967,28.704551,82.067967,28.704551
2015-07-10,72.699866,23.682931,72.699866,23.682931
2015-07-11,63.027241,17.547973,63.027241,17.547973
2015-07-12,35.830579,15.799356,35.830579,15.799356
2015-07-13,53.969609,16.152812,53.969609,16.152812
2015-07-14,62.058058,15.194209,62.058058,15.194209
2015-07-15,101.070495,17.860967,101.070495,17.860967
2015-07-16,92.623443,18.858074,92.623443,18.858074
2015-07-17,63.083626,21.827339,63.083626,21.827339
2015-07-18,65.481973,22.863658,65.481973,22.863658
2015-07-19,82.584654,33.414284,82.584654,33.414284
2015-07-20,43.168513,19.717378,43.168513,19.717378
2015-07-21,22.125622,15.691336,22.125622,15.691336
2015-07-22,16.625438,16.575654,16.625438,16.575654
2015-07-23,15.025672,16.591319,15.025672,16.591319
2015-07-24,19.823309,14.209702,19.823309,14.209702
2015-07-25,13.041975,16.460764,13.041975,16.460764
2015-07-26,5.096198,15.699108,5.096198,15.699108
2015-07-27,4.866508,16.620871,4.866508,16.620871
2015-07-28,7.615984,16.049685,7.615984,16.049685
2015-07-29,9.065239,16.892914,9.065239,16.892914
2015-07-30,8.990806,16.656071,8.990806,16.656071
2015-07-31,49.071823,24.759821,49.071823,24.759821
2015-08-01,57.500412,49.28626,57.500412,49.28626
2015-08-02,24.851504,21.653399,24.851504,21.653399
2015-08-03,18.023627,16.937973,18.023627,16.937973
2015-08-04,13.594731,11.325502,13.594731,11.325502
2015-08-05,12.028405,12.783654,12.028405,12.783654
2015-08-06,10.520348,14.86294,10.520348,14.86294
2015-08-07,15.188886,13.728753,15.188886,13.728753
2015-08-08,6.337571,12.162557,6.337571,12.162557
2015-08-09,18.365931,17.399433,18.365931,17.399433
2015-08-10,38.330825,22.309181,38.330825,22.309181
2015-08-11,6.818693,14.698255,6.818693,14.698255
2015-08-12,0.594032,8.688772,0.594032,8.688772
2015-08-13,4.903981,25.934727,4.903981,25.934727
2015-08-14,1.044679,27.191459,1.044679,27.191459
2015-08-15,3.636227,20.91177,3.636227,20.91177
2015-08-16,65.23777,31.130708,65.23777,31.130708
2015-08-17,23.548864,8.7724,23.548864,8.7724
2015-08-18,4.913732,5.524422,4.913732,5.524422
2015-08-19,0.638382,3.981219,0.638382,3.981219
2015-08-20,0.016159,9.113578,0.016159,9.113578
2015-08-21,6.138545,15.300238,6.138545,15.300238
2015-08-22,18.347272,9.095606,18.347272,9.095606
2015-08-23,10.214673,8.471826,10.214673,8.471826
2015-08-24,16.96034,24.52684,16.96034,24.52684
2015-08-25,4.777681,30.310449,4.777681,30.310449
2015-08-26,20.846922,22.262304,20.846922,22.262304
2015-08-27,0.83851,7.843637,0.83851,7.843637
2015-08-28,0.204458,2.828043,0.204458,2.828043
2015-08-29,0.053051,3.018487,0.053051,3.018487
2015-08-30,0.07208,3.394579,0.07208,3.394579
2015-08-31,0.440827,8.621264,0.440827,8.621264
2015-09-01,1.513703,2.978612,1.513703,2.978612
2015-09-02,13.920041,6.045871,13.920041,6.045871
2015-09-03,26.281199,2.643345,26.281199,2.643345
2015-09-04,0.57258,2.640233,0.57258,2.640233
2015-09-05,0.312634,2.640596,0.312634,2.640596
2015-09-06,0.062243,7.780141,0.062243,7.780141
2015-09-07,9.199824,10.078267,9.199824,10.078267
2015-09-08,52.685251,18.493908,52.685251,18.493908
2015-09-09,137.545624,53.135979,137.545624,53.135979
2015-09-10,113.772163,48.812058,113.772163,48.812058
2015-09-11,7.847698,5.71728,7.847698,5.71728
2015-09-12,28.16291,3.327975,28.16291,3.327975
2015-09-13,0.785577,2.545687,0.785577,2.545687
2015-09-14,0.011841,2.684375,0.011841,2.684375
2015-09-15,0.007306,2.51712,0.007306,2.51712
2015-09-16,0.00917,2.512565,0.00917,2.512565
2015-09-17,0.015043,2.519523,0.015043,2.519523
2015-09-18,0.801187,2.492117,0.801187,2.492117
2015-09-19,26.916723,4.203274,26.916723,4.203274
2015-09-20,96.133767,35.360579,96.133767,35.360579
2015-09-21,15.037223,13.599287,15.037223,13.599287
2015-09-22,2.809183,4.548174,2.809183,4.548174
2015-09-23,0.309734,5.71787,0.309734,5.71787
2015-09-24,0.037495,2.733876,0.037495,2.733876
2015-09-25,2.715015,3.219076,2.715015,3.219076
2015-09-26,0.074064,2.909356,0.074064,2.909356
2015-09-27,5.83252,3.18046,5.83252,3.18046
2015-09-28,6.795275,2.562471,6.795275,2.562471
2015-09-29,0.202414,2.5695,0.202414,2.5695
2015-09-30,0.515956,2.60913,0.515956,2.60913
2015-10-01,0.004529,2.605283,0.004529,2.605283
2015-10-02,0.001102,2.619234,0.001102,2.619234
2015-10-03,0.000617,2.640487,0.000617,2.640487
2015-10-04,0.001497,2.657918,0.001497,2.657918
2015-10-05,0.001582,3.75994,0.001582,3.75994
2015-10-06,17.775969,20.666947,17.775969,20.666947
2015-10-07,64.583114,14.40836,64.583114,14.40836
2015-10-08,3.32266,3.702335,3.32266,3.702335
2015-10-09,0.037853,6.310743,0.037853,6.310743
2015-10-10,0.001257,2.767485,0.001257,2.767485
2015-10-11,0.00044,2.786944,0.00044,2.786944
2015-10-12,0.000197,2.799382,0.000197,2.799382
2015-10-13,0.0,2.8846,0.0,2.8846
2015-10-14,0.0,2.830786,0.0,2.830786
2015-10-15,0.0,2.997066,0.0,2.997066
2015-10-16,3.019041,3.507176,3.019041,3.507176
2015-10-17,69.957612,8.915719,69.957612,8.915719
2015-10-18,4.530596,3.041008,4.530596,3.041008
2015-10-19,0.00054,2.851382,0.00054,2.851382
2015-10-20,0.007357,2.84129,0.007357,2.84129
2015-10-21,0.028317,2.843983,0.028317,2.843983
2015-10-22,0.007065,2.837661,0.007065,2.837661
2015-10-23,0.008193,2.823253,0.008193,2.823253
2015-10-24,0.008692,2.8137,0.008692,2.8137
2015-10-25,0.004523,2.80038,0.004523,2.80038
2015-10-26,0.00416,2.7863,0.00416,2.7863
2015-10-27,0.008938,2.774694,0.008938,2.774694
2015-10-28,0.216152,4.578562,0.216152,4.578562
2015-10-29,19.923469,14.154012,19.923469,14.154012
2015-10-30,64.158673,6.588683,64.158673,6.588683
2015-10-31,0.504259,2.774914,0.504259,2.774914
2015-11-01,0.007319,2.683613,0.007319,2.683613
2015-11-02,0.005234,2.662407,0.005234,2.662407
2015-11-03,0.004722,2.642086,0.004722,2.642086
2015-11-04,0.003756,2.631291,0.003756,2.631291
2015-11-05,0.003853,2.607969,0.003853,2.607969
2015-11-06,0.00365,2.623433,0.00365,2.623433
2015-11-07,0.00428,3.451238,0.00428,3.451238
2015-11-08,0.009076,2.560928,0.009076,2.560928
2015-11-09,0.003944,2.536835,0.003944,2.536835
2015-11-10,0.003814,2.515988,0.003814,2.515988
2015-11-11,0.003787,2.502702,0.003787,2.502702
2015-11-12,0.003641,2.484273,0.003641,2.484273
2015-11-13,0.003602,2.451633,0.003602,2.451633
2015-11-14,0.004406,2.438888,0.004406,2.438888
2015-11-15,0.004624,2.420532,0.004624,2.420532
2015-11-16,0.004658,2.400714,0.004658,2.400714
2015-11-17,0.003933,2.378295,0.003933,2.378295
2015-11-18,0.004045,2.359531,0.004045,2.359531
2015-11-19,0.005299,2.336841,0.005299,2.336841
2015-11-20,0.004044,2.315047,0.004044,2.315047
2015-11-21,0.006186,2.298629,0.006186,2.298629
2015-11-22,0.006073,2.331951,0.006073,2.331951
2015-11-23,0.004493,2.25917,0.004493,2.25917
2015-11-24,0.004601,2.231895,0.004601,2.231895
2015-11-25,0.004598,2.214668,0.004598,2.214668
2015-11-26,0.004514,2.196143,0.004514,2.196143
2015-11-27,0.004561,2.168833,0.004561,2.168833
2015-11-28,0.004537,2.162993,0.004537,2.162993
2015-11-29,0.004423,2.127984,0.004423,2.127984
2015-11-30,0.004432,2.120916,0.004432,2.120916
2015-12-01,0.0045,2.102183,0.0045,2.102183
2015-12-02,0.00484,2.072396,0.00484,2.072396
2015-12-03,0.004818,2.056494,0.004818,2.056494
2015-12-04,0.003802,2.033776,0.003802,2.033776
2015-12-05,0.004639,2.025578,0.004639,2.025578
2015-12-06,0.00445,1.998621,0.00445,1.998621
2015-12-07,0.0046,1.977794,0.0046,1.977794
2015-12-08,0.004666,1.963947,0.004666,1.963947
2015-12-09,0.004876,1.946343,0.004876,1.946343
2015-12-10,0.00464,1.920938,0.00464,1.920938
2015-12-11,0.004802,1.907206,0.004802,1.907206
2015-12-12,0.004517,1.876814,0.004517,1.876814
2015-12-13,0.004506,1.867162,0.004506,1.867162
2015-12-14,0.004586,1.843428,0.004586,1.843428
2015-12-15,0.004812,1.830171,0.004812,1.830171
2015-12-16,0.004536,1.802769,0.004536,1.802769
2015-12-17,0.004611,1.783767,0.004611,1.783767
2015-12-18,0.004543,1.771187,0.004543,1.771187
2015-12-19,0.004509,1.749417,0.004509,1.749417
2015-12-20,0.004822,1.729444,0.004822,1.729444
2015-12-21,0.005469,1.710642,0.005469,1.710642
2015-12-22,0.004694,1.688398,0.004694,1.688398
2015-12-23,0.004801,1.673625,0.004801,1.673625
2015-12-24,0.004469,1.65776,0.004469,1.65776
2015-12-25,0.004941,1.63779,0.004941,1.63779
2015-12-26,0.004581,1.61817,0.004581,1.61817
2015-12-27,0.0063,1.598134,0.0063,1.598134
2015-12-28,0.006509,1.993657,0.006509,1.993657
2015-12-29,0.005333,1.577934,0.005333,1.577934
2015-12-30,0.005409,1.54238,0.005409,1.54238
2015-12-31,0.00524,1.622463,0.00524,1.622463
2016-01-01,0.0,1.549558,0.0,1.549558
2016-01-02,0.0,1.496289,0.0,1.496289
2016-01-03,0.0,1.472804,0.0,1.472804
2016-01-04,0.0,1.455178,0.0,1.455178
2016-01-05,0.0,1.443947,0.0,1.443947
2016-01-06,0.0,1.424826,0.0,1.424826
2016-01-07,0.0,1.406409,0.0,1.406409
2016-01-08,0.0,1.394739,0.0,1.394739
2016-01-09,0.0,1.379721,0.0,1.379721
2016-01-10,0.0,1.36616,0.0,1.36616
2016-01-11,0.0,1.350597,0.0,1.350597
2016-01-12,0.0,1.334078,0.0,1.334078
2016-01-13,0.0,1.31545,0.0,1.31545
2016-01-14,0.0,1.302418,0.0,1.302418
2016-01-15,0.0,1.292026,0.0,1.292026
2016-01-16,0.0,1.277926,0.0,1.277926
2016-01-17,0.0,1.262993,0.0,1.262993
2016-01-18,0.0,1.241834,0.0,1.241834
2016-01-19,0.0,1.224216,0.0,1.224216
2016-01-20,0.0,1.214001,0.0,1.214001
2016-01-21,0.0,1.234087,0.0,1.234087
2016-01-22,0.0,2.483505,0.0,2.483505
2016-01-23,0.0,4.135228,0.0,4.135228
2016-01-24,0.0,1.17742,0.0,1.17742
2016-01-25,0.0,1.275712,0.0,1.275712
2016-01-26,0.00017,1.117134,0.00017,1.117134
2016-01-27,7.2e-05,1.11297,7.2e-05,1.11297
2016-01-28,0.000104,1.096338,0.000104,1.096338
2016-01-29,8.3e-05,1.078439,8.3e-05,1.078439
2016-01-30,6.5e-05,1.072973,6.5e-05,1.072973
2016-01-31,7.1e-05,1.058118,7.1e-05,1.058118
2016-02-01,0.000144,1.042871,0.000144,1.042871
2016-02-02,0.000123,1.033698,0.000123,1.033698
2016-02-03,8.8e-05,1.027061,8.8e-05,1.027061
2016-02-04,8.7e-05,1.003999,8.7e-05,1.003999
2016-02-05,0.000111,0.985901,0.000111,0.985901
2016-02-06,9.9e-05,0.984773,9.9e-05,0.984773
2016-02-07,7.2e-05,0.963317,7.2e-05,0.963317
2016-02-08,1.4e-05,0.965553,1.4e-05,0.965553
2016-02-09,1.5e-05,0.93785,1.5e-05,0.93785
2016-02-10,0.000208,0.931173,0.000208,0.931173
2016-02-11,9.7e-05,0.915215,9.7e-05,0.915215
2016-02-12,8.3e-05,0.904058,8.3e-05,0.904058
2016-02-13,8.5e-05,0.883625,8.5e-05,0.883625
2016-02-14,0.000171,0.879792,0.000171,0.879792
2016-02-15,4.9e-05,0.863707,4.9e-05,0.863707
2016-02-16,0.000137,0.85361,0.000137,0.85361
2016-02-17,3.2e-05,0.844933,3.2e-05,0.844933
2016-02-18,0.0,0.816129,0.0,0.816129
2016-02-19,0.0,0.812355,0.0,0.812355
2016-02-20,0.0,0.80044,0.0,0.80044
2016-02-21,0.0,0.790682,0.0,0.790682
2016-02-22,0.0,0.76717,0.0,0.76717
2016-02-23,0.0,0.769313,0.0,0.769313
2016-02-24,0.0,0.752035,0.0,0.752035
2016-02-25,0.0,0.740971,0.0,0.740971
2016-02-26,0.0,0.734554,0.0,0.734554
2016-02-27,0.0,0.713789,0.0,0.713789
2016-02-28,0.0,0.712612,0.0,0.712612
2016-02-29,0.0,0.699286,0.0,0.699286
2016-03-01,0.0,0.689468,0.0,0.689468
2016-03-02,0.0,0.67351,0.0,0.67351
2016-03-03,0.0,0.661589,0.0,0.661589
2016-03-04,0.0,0.662305,0.0,0.662305
2016-03-05,0.0,0.642242,0.0,0.642242
2016-03-06,0.0,0.63904,0.0,0.63904
2016-03-07,0.0,0.675531,0.0,0.675531
2016-03-08,0.0,0.620983,0.0,0.620983
2016-03-09,0.0,0.605315,0.0,0.605315
2016-03-10,0.0,0.623017,0.0,0.623017
2016-03-11,0.0,0.592899,0.0,0.592899
2016-03-12,0.0,0.581868,0.0,0.581868
2016-03-13,0.0,0.712542,0.0,0.712542
2016-03-14,0.0,2.705524,0.0,2.705524
2016-03-15,0.0,0.615474,0.0,0.615474
2016-03-16,0.0,0.593558,0.0,0.593558
2016-03-17,0.0,0.569637,0.0,0.569637
2016-03-18,0.0,0.598871,0.0,0.598871
2016-03-19,0.0,0.534091,0.0,0.534091
2016-03-20,0.0,0.536673,0.0,0.536673
2016-03-21,0.0,0.515399,0.0,0.515399
2016-03-22,0.0,0.512036,0.0,0.512036
2016-03-23,0.0,0.512207,0.0,0.512207
2016-03-24,0.0,0.509124,0.0,0.509124
2016-03-25,0.0,0.497979,0.0,0.497979
2016-03-26,0.0,0.494845,0.0,0.494845
2016-03-27,0.0,0.486174,0.0,0.486174
2016-03-28,0.0,0.481705,0.0,0.481705
2016-03-29,0.0,0.47871,0.0,0.47871
2016-03-30,0.0,0.472338,0.0,0.472338
2016-03-31,0.0,0.462339,0.0,0.462339
2016-04-01,0.0,0.456311,0.0,0.456311
2016-04-02,0.0,0.454461,0.0,0.454461
2016-04-03,0.0,0.452378,0.0,0.452378
2016-04-04,0.0,0.543709,0.0,0.543709
2016-04-05,0.0,0.442598,0.0,0.442598
2016-04-06,0.0,0.428484,0.0,0.428484
2016-04-07,0.0,0.422818,0.0,0.422818
2016-04-08,0.0,0.420644,0.0,0.420644
2016-04-09,0.0,0.416811,0.0,0.416811
2016-04-10,0.0,2.031883,0.0,2.031883
2016-04-11,0.0,7.326709,0.0,7.326709
2016-04-12,0.0,10.442935,0.0,10.442935
2016-04-13,0.0,33.014108,0.0,33.014108
2016-04-14,0.0,0.453556,0.0,0.453556
2016-04-15,0.0,1.628256,0.0,1.628256
2016-04-16,0.0,0.384569,0.0,0.384569
2016-04-17,0.0,0.383169,0.0,0.383169
2016-04-18,0.0,0.375285,0.0,0.375285
2016-04-19,0.0,0.378387,0.0,0.378387
2016-04-20,0.0,0.37025,0.0,0.37025
2016-04-21,0.0,0.367651,0.0,0.367651
2016-04-22,0.0,0.375216,0.0,0.375216
2016-04-23,0.0,11.100049,0.0,11.100049
2016-04-24,0.0,0.363008,0.0,0.363008
2016-04-25,0.0,2.098184,0.0,2.098184
2016-04-26,0.0,4.101153,0.0,4.101153
2016-04-27,0.0,1.104323,0.0,1.104323
2016-04-28,0.0,11.685904,0.0,11.685904
2016-04-29,0.0,3.006626,0.0,3.006626
2016-04-30,0.0,7.06331,0.0,7.06331
2016-05-01,0.131077,5.391492,0.131077,5.391492
2016-05-02,0.004644,2.021678,0.004644,2.021678
2016-05-03,0.0,3.057402,0.0,3.057402
2016-05-04,0.0,3.069344,0.0,3.069344
2016-05-05,0.0,1.481716,0.0,1.481716
2016-05-06,0.0,6.211826,0.0,6.211826
2016-05-07,0.0,10.012022,0.0,10.012022
2016-05-08,0.0,11.481,0.0,11.481
2016-05-09,0.0,25.925714,0.0,25.925714
2016-05-10,0.0,48.660698,0.0,48.660698
2016-05-11,0.0,18.567989,0.0,18.567989
2016-05-12,0.0,38.972141,0.0,38.972141
2016-05-13,1.721476,44.679998,1.721476,44.679998
2016-05-14,5.227848,52.35468,5.227848,52.35468
2016-05-15,4.491409,45.367508,4.491409,45.367508
2016-05-16,0.0,27.792521,0.0,27.792521
2016-05-17,0.0,33.553045,0.0,33.553045
2016-05-18,0.0,21.113146,0.0,21.113146
2016-05-19,0.0,29.671861,0.0,29.671861
2016-05-20,0.0,34.517496,0.0,34.517496
2016-05-21,0.0,26.772733,0.0,26.772733
2016-05-22,0.0,29.779759,0.0,29.779759
2016-05-23,0.0,38.39284,0.0,38.39284
2016-05-24,0.258648,44.549252,0.258648,44.549252
2016-05-25,51.432704,22.064696,51.432704,22.064696
2016-05-26,0.513057,15.522592,0.513057,15.522592
2016-05-27,1.581931,23.785423,1.581931,23.785423
2016-05-28,64.947669,22.23298,64.947669,22.23298
2016-05-29,49.628895,34.939082,49.628895,34.939082
2016-05-30,30.869782,26.59368,30.869782,26.59368
2016-05-31,36.287764,36.760296,36.287764,36.760296
2016-06-01,105.264494,24.845093,105.264494,24.845093
2016-06-02,46.677824,44.866002,46.677824,44.866002
2016-06-03,127.840949,44.382939,127.840949,44.382939
2016-06-04,97.401891,41.241203,97.401891,41.241203
2016-06-05,10.946126,19.744157,10.946126,19.744157
2016-06-06,49.649412,29.929006,49.649412,29.929006
2016-06-07,72.024098,30.741629,72.024098,30.741629
2016-06-08,52.943553,33.532043,52.943553,33.532043
2016-06-09,68.522601,35.898581,68.522601,35.898581
2016-06-10,75.034621,45.333869,75.034621,45.333869
2016-06-11,54.031711,49.724035,54.031711,49.724035
2016-06-12,82.880645,36.941898,82.880645,36.941898
2016-06-13,65.213813,34.688306,65.213813,34.688306
2016-06-14,43.452488,34.111037,43.452488,34.111037
2016-06-15,53.140936,33.429541,53.140936,33.429541
2016-06-16,51.030969,36.45938,51.030969,36.45938
2016-06-17,38.123256,34.393759,38.123256,34.393759
2016-06-18,29.836567,35.132981,29.836567,35.132981
2016-06-19,29.888454,35.467572,29.888454,35.467572
2016-06-20,32.652747,37.79948,32.652747,37.79948
2016-06-21,37.894799,37.889589,37.894799,37.889589
2016-06-22,37.090625,37.670149,37.090625,37.670149
2016-06-23,42.380781,34.896543,42.380781,34.896543
2016-06-24,79.874077,41.098903,79.874077,41.098903
2016-06-25,61.917536,28.308012,61.917536,28.308012
2016-06-26,75.247192,31.88052,75.247192,31.88052
2016-06-27,94.540412,49.1755,94.540412,49.1755
2016-06-28,96.188457,46.642906,96.188457,46.642906
2016-06-29,50.289481,33.177033,50.289481,33.177033
2016-06-30,34.968035,26.119423,34.968035,26.119423
2016-07-01,19.630454,30.552835,19.630454,30.552835
2016-07-02,25.646112,35.742258,25.646112,35.742258
2016-07-03,20.730077,29.686523,20.730077,29.686523
2016-07-04,16.599638,30.422977,16.599638,30.422977
2016-07-05,11.08231,30.599106,11.08231,30.599106
2016-07-06,8.276881,28.354918,8.276881,28.354918
2016-07-07,10.162993,29.978105,10.162993,29.978105
2016-07-08,15.97682,29.108718,15.97682,29.108718
2016-07-09,5.582291,31.117491,5.582291,31.117491
2016-07-10,13.432411,28.682356,13.432411,28.682356
2016-07-11,20.060717,23.496693,20.060717,23.496693
2016-07-12,19.484921,21.40787,19.484921,21.40787
2016-07-13,8.615824,22.248608,8.615824,22.248608
2016-07-14,9.323762,21.929658,9.323762,21.929658
2016-07-15,8.29371,21.149278,8.29371,21.149278
2016-07-16,10.450846,22.398049,10.450846,22.398049
2016-07-17,8.578626,24.109172,8.578626,24.109172
2016-07-18,8.264502,23.98237,8.264502,23.98237
2016-07-19,7.172724,22.14254,7.172724,22.14254
2016-07-20,7.8993,22.360645,7.8993,22.360645
2016-07-21,10.945888,23.294475,10.945888,23.294475
2016-07-22,15.716694,29.447683,15.716694,29.447683
2016-07-23,14.675939,30.043005,14.675939,30.043005
2016-07-24,35.686376,20.681436,35.686376,20.681436
2016-07-25,13.736065,19.010644,13.736065,19.010644
2016-07-26,10.194879,15.929639,10.194879,15.929639
2016-07-27,13.214723,15.619948,13.214723,15.619948
2016-07-28,13.813439,15.736577,13.813439,15.736577
2016-07-29,5.097909,15.05612,5.097909,15.05612
2016-07-30,21.884622,16.941257,21.884622,16.941257
2016-07-31,11.82618,18.240871,11.82618,18.240871
2016-08-01,2.534476,14.808892,2.534476,14.808892
2016-08-02,2.297129,11.089705,2.297129,11.089705
2016-08-03,5.51179,10.680145,5.51179,10.680145
2016-08-04,1.130832,12.070988,1.130832,12.070988
2016-08-05,2.282319,12.106574,2.282319,12.106574
2016-08-06,4.855037,17.399763,4.855037,17.399763
2016-08-07,13.757319,14.641469,13.757319,14.641469
2016-08-08,0.381755,11.26302,0.381755,11.26302
2016-08-09,0.154965,10.418446,0.154965,10.418446
2016-08-10,0.271049,13.005833,0.271049,13.005833
2016-08-11,0.287223,12.841465,0.287223,12.841465
2016-08-12,0.306636,12.651177,0.306636,12.651177
2016-08-13,0.894243,14.638876,0.894243,14.638876
2016-08-14,0.726562,11.506392,0.726562,11.506392
2016-08-15,15.122789,37.657472,15.122789,37.657472
2016-08-16,14.280809,18.073146,14.280809,18.073146
2016-08-17,3.793145,12.072814,3.793145,12.072814
2016-08-18,3.971756,12.191758,3.971756,12.191758
2016-08-19,3.773624,12.069432,3.773624,12.069432
2016-08-20,2.213526,10.236638,2.213526,10.236638
2016-08-21,2.828226,14.345288,2.828226,14.345288
2016-08-22,2.413097,10.879405,2.413097,10.879405
2016-08-23,2.235617,9.926899,2.235617,9.926899
2016-08-24,1.968605,14.619065,1.968605,14.619065
2016-08-25,1.467219,10.751603,1.467219,10.751603
2016-08-26,1.338766,11.113723,1.338766,11.113723
2016-08-27,2.843634,9.568173,2.843634,9.568173
2016-08-28,0.04339,7.635579,0.04339,7.635579
2016-08-29,0.83892,10.663096,0.83892,10.663096
2016-08-30,3.041564,10.122684,3.041564,10.122684
2016-08-31,1.441726,8.109729,1.441726,8.109729
2016-09-01,0.480043,9.401111,0.480043,9.401111
2016-09-02,0.052691,6.249152,0.052691,6.249152
2016-09-03,0.165406,6.750159,0.165406,6.750159
2016-09-04,0.398152,7.392085,0.398152,7.392085
2016-09-05,0.790274,12.367176,0.790274,12.367176
2016-09-06,0.483271,5.405449,0.483271,5.405449
2016-09-07,0.648408,8.375559,0.648408,8.375559
2016-09-08,25.685015,16.809003,25.685015,16.809003
2016-09-09,44.548709,10.769236,44.548709,10.769236
2016-09-10,40.841478,5.933064,40.841478,5.933064
2016-09-11,144.531879,8.255238,144.531879,8.255238
2016-09-12,44.312967,11.155001,44.312967,11.155001
2016-09-13,19.124555,5.539297,19.124555,5.539297
2016-09-14,0.650906,3.322869,0.650906,3.322869
2016-09-15,0.472905,9.568993,0.472905,9.568993
2016-09-16,4.784211,5.642729,4.784211,5.642729
2016-09-17,21.366772,4.211942,21.366772,4.211942
2016-09-18,4.367626,2.282154,4.367626,2.282154
2016-09-19,0.229991,2.243423,0.229991,2.243423
2016-09-20,0.094101,2.147695,0.094101,2.147695
2016-09-21,0.01938,2.100677,0.01938,2.100677
2016-09-22,0.04841,2.350013,0.04841,2.350013
2016-09-23,1.935298,5.378612,1.935298,5.378612
2016-09-24,0.037172,2.102038,0.037172,2.102038
2016-09-25,3.623893,2.003739,3.623893,2.003739
2016-09-26,4.692122,2.468524,4.692122,2.468524
2016-09-27,0.006199,1.919005,0.006199,1.919005
2016-09-28,0.052818,1.88915,0.052818,1.88915
2016-09-29,0.051656,1.857845,0.051656,1.857845
2016-09-30,0.034914,1.825043,0.034914,1.825043
2016-10-01,0.039447,1.811753,0.039447,1.811753
2016-10-02,0.009553,1.78589,0.009553,1.78589
2016-10-03,39.078018,4.938327,39.078018,4.938327
2016-10-04,48.094323,5.80507,48.094323,5.80507
2016-10-05,13.912144,11.864445,13.912144,11.864445
2016-10-06,69.481946,32.482567,69.481946,32.482567
2016-10-07,5.188299,1.972833,5.188299,1.972833
2016-10-08,2.072566,2.892264,2.072566,2.892264
2016-10-09,2.44857,3.074997,2.44857,3.074997
2016-10-10,9.893571,3.587243,9.893571,3.587243
2016-10-11,5.566307,2.623851,5.566307,2.623851
2016-10-12,290.360459,26.212725,290.360459,26.212725
2016-10-13,114.136208,10.865818,114.136208,10.865818
2016-10-14,1.262165,1.567743,1.262165,1.567743
2016-10-15,0.326009,1.575882,0.326009,1.575882
2016-10-16,0.200031,3.292922,0.200031,3.292922
2016-10-17,3.338303,1.900865,3.338303,1.900865
2016-10-18,13.947702,1.562219,13.947702,1.562219
2016-10-19,77.58225,11.658649,77.58225,11.658649
2016-10-20,116.951333,22.607064,116.951333,22.607064
2016-10-21,18.756547,3.771515,18.756547,3.771515
2016-10-22,15.129803,10.691927,15.129803,10.691927
2016-10-23,16.0188,1.7993,16.0188,1.7993
2016-10-24,17.77279,1.852188,17.77279,1.852188
2016-10-25,0.240481,1.539199,0.240481,1.539199
2016-10-26,0.059584,1.577216,0.059584,1.577216
2016-10-27,0.056856,1.609664,0.056856,1.609664
2016-10-28,0.051507,1.799045,0.051507,1.799045
2016-10-29,0.090776,1.679939,0.090776,1.679939
2016-10-30,0.024522,1.634868,0.024522,1.634868
2016-10-31,0.016886,1.650666,0.016886,1.650666
2016-11-01,0.01628,1.651908,0.01628,1.651908
2016-11-02,0.06293,1.882401,0.06293,1.882401
2016-11-03,0.0,1.739565,0.0,1.739565
2016-11-04,0.0,1.664946,0.0,1.664946
2016-11-05,0.0,1.670002,0.0,1.670002
2016-11-06,0.962203,4.671492,0.962203,4.671492
2016-11-07,12.338641,2.372491,12.338641,2.372491
2016-11-08,0.963872,2.043193,0.963872,2.043193
2016-11-09,0.0,1.790865,0.0,1.790865
2016-11-10,0.376807,1.811579,0.376807,1.811579
2016-11-11,0.488978,1.867161,0.488978,1.867161
2016-11-12,0.745597,3.14676,0.745597,3.14676
2016-11-13,0.0,1.752917,0.0,1.752917
2016-11-14,0.0,1.692191,0.0,1.692191
2016-11-15,0.0,1.700017,0.0,1.700017
2016-11-16,0.0,1.704127,0.0,1.704127
2016-11-17,0.0,1.709846,0.0,1.709846
2016-11-18,0.0,1.7113,0.0,1.7113
2016-11-19,0.0,1.713809,0.0,1.713809
2016-11-20,0.0,1.723255,0.0,1.723255
2016-11-21,0.0,1.714558,0.0,1.714558
2016-11-22,0.0,1.713825,0.0,1.713825
2016-11-23,0.0,1.718995,0.0,1.718995
2016-11-24,0.0,1.71328,0.0,1.71328
2016-11-25,0.0,1.704035,0.0,1.704035
2016-11-26,0.0,1.710036,0.0,1.710036
2016-11-27,0.0,1.787335,0.0,1.787335
2016-11-28,0.0,1.696629,0.0,1.696629
2016-11-29,0.0,1.689312,0.0,1.689312
2016-11-30,0.0,1.679907,0.0,1.679907
2016-12-01,0.0,1.674511,0.0,1.674511
2016-12-02,0.0,1.670146,0.0,1.670146
2016-12-03,0.0,1.664566,0.0,1.664566
2016-12-04,0.0,1.658171,0.0,1.658171
2016-12-05,0.0,1.647147,0.0,1.647147
2016-12-06,0.0,1.646439,0.0,1.646439
2016-12-07,0.0,1.63837,0.0,1.63837
2016-12-08,0.0,1.630236,0.0,1.630236
2016-12-09,0.0,1.623202,0.0,1.623202
2016-12-10,0.0,1.614338,0.0,1.614338
2016-12-11,0.0,1.655152,0.0,1.655152
2016-12-12,0.0,1.840167,0.0,1.840167
2016-12-13,0.0,1.592958,0.0,1.592958
2016-12-14,0.0,1.800071,0.0,1.800071
2016-12-15,0.0,1.590278,0.0,1.590278
2016-12-16,0.0,1.610179,0.0,1.610179
2016-12-17,0.0,1.598767,0.0,1.598767
2016-12-18,0.0,1.854696,0.0,1.854696
2016-12-19,0.0,1.544363,0.0,1.544363
2016-12-20,0.0,1.550393,0.0,1.550393
2016-12-21,0.0,1.531713,0.0,1.531713
2016-12-22,0.0,1.521234,0.0,1.521234
2016-12-23,0.0,1.519246,0.0,1.519246
2016-12-24,0.0,1.503927,0.0,1.503927
2016-12-25,0.0,1.508435,0.0,1.508435
2016-12-26,0.0,1.488851,0.0,1.488851
2016-12-27,0.0,1.486392,0.0,1.486392
2016-12-28,0.0,1.478075,0.0,1.478075
2016-12-29,0.0,1.472811,0.0,1.472811
2016-12-30,0.0,1.461515,0.0,1.461515
2016-12-31,0.0,1.45215,0.0,1.45215
2017-01-01,0.0,1.445386,0.0,1.445386
2017-01-02,0.0,1.43772,0.0,1.43772
2017-01-03,0.0,1.426722,0.0,1.426722
2017-01-04,0.0,1.421194,0.0,1.421194
2017-01-05,0.0,1.42787,0.0,1.42787
2017-01-06,0.0,1.401699,0.0,1.401699
2017-01-07,0.0,1.399241,0.0,1.399241
2017-01-08,0.0,1.386927,0.0,1.386927
2017-01-09,0.0,1.377326,0.0,1.377326
2017-01-10,0.0,1.374372,0.0,1.374372
2017-01-11,0.0,1.365744,0.0,1.365744
2017-01-12,0.0,1.351607,0.0,1.351607
2017-01-13,6.6e-05,1.344076,6.6e-05,1.344076
2017-01-14,0.000135,1.340348,0.000135,1.340348
2017-01-15,2.1e-05,1.358448,2.1e-05,1.358448
2017-01-16,2e-05,1.32488,2e-05,1.32488
2017-01-17,1.3e-05,1.313353,1.3e-05,1.313353
2017-01-18,0.0,1.301007,0.0,1.301007
2017-01-19,0.0,1.301942,0.0,1.301942
2017-01-20,0.0,1.284299,0.0,1.284299
2017-01-21,0.0,1.274392,0.0,1.274392
2017-01-22,0.0,1.27654,0.0,1.27654
2017-01-23,0.0,1.264875,0.0,1.264875
2017-01-24,0.0,1.266005,0.0,1.266005
2017-01-25,0.0,1.246539,0.0,1.246539
2017-01-26,0.0,1.241817,0.0,1.241817
2017-01-27,0.0,1.222127,0.0,1.222127
2017-01-28,0.0,1.221935,0.0,1.221935
2017-01-29,0.0,1.209226,0.0,1.209226
2017-01-30,0.0,1.205587,0.0,1.205587
2017-01-31,0.0,1.199662,0.0,1.199662
2017-02-01,0.0,1.186352,0.0,1.186352
2017-02-02,0.0,1.177305,0.0,1.177305
2017-02-03,0.0,1.169418,0.0,1.169418
2017-02-04,0.0,1.16473,0.0,1.16473
2017-02-05,0.0,1.171372,0.0,1.171372
2017-02-06,0.0,1.153897,0.0,1.153897
2017-02-07,0.0,1.182346,0.0,1.182346
2017-02-08,0.0,1.350524,0.0,1.350524
2017-02-09,0.0,1.420441,0.0,1.420441
2017-02-10,0.0,1.111029,0.0,1.111029
2017-02-11,0.0,1.110637,0.0,1.110637
2017-02-12,0.0,1.232911,0.0,1.232911
2017-02-13,0.0,1.103984,0.0,1.103984
2017-02-14,0.0,1.138923,0.0,1.138923
2017-02-15,0.0,1.074432,0.0,1.074432
2017-02-16,0.0,1.060583,0.0,1.060583
2017-02-17,0.0,1.066589,0.0,1.066589
2017-02-18,0.0,1.057128,0.0,1.057128
2017-02-19,0.0,1.042418,0.0,1.042418
2017-02-20,0.0,1.039867,0.0,1.039867
2017-02-21,0.0,1.042325,0.0,1.042325
2017-02-22,0.0,1.023994,0.0,1.023994
2017-02-23,0.0,1.013478,0.0,1.013478
2017-02-24,0.0,1.00861,0.0,1.00861
2017-02-25,0.0,1.011722,0.0,1.011722
2017-02-26,0.0,0.999547,0.0,0.999547
2017-02-27,0.0,0.989234,0.0,0.989234
2017-02-28,0.0,0.980996,0.0,0.980996
2017-03-01,0.0,0.975749,0.0,0.975749
2017-03-02,0.0,0.97322,0.0,0.97322
2017-03-03,0.0,0.969412,0.0,0.969412
2017-03-04,0.0,0.949945,0.0,0.949945
2017-03-05,0.0,0.95691,0.0,0.95691
2017-03-06,0.0,0.946827,0.0,0.946827
2017-03-07,0.0,0.942567,0.0,0.942567
2017-03-08,0.0,0.925901,0.0,0.925901
2017-03-09,0.0,0.932455,0.0,0.932455
2017-03-10,0.00014,0.911849,0.00014,0.911849
2017-03-11,0.0,0.917377,0.0,0.917377
2017-03-12,0.0,0.904245,0.0,0.904245
2017-03-13,0.0,0.903709,0.0,0.903709
2017-03-14,0.0,0.892843,0.0,0.892843
2017-03-15,0.0,0.886898,0.0,0.886898
2017-03-16,0.0,0.887407,0.0,0.887407
2017-03-17,0.0,0.87039,0.0,0.87039
2017-03-18,0.0,0.872985,0.0,0.872985
2017-03-19,0.0,0.85778,0.0,0.85778
2017-03-20,0.0,0.865166,0.0,0.865166
2017-03-21,0.0,0.846335,0.0,0.846335
2017-03-22,0.0,0.842583,0.0,0.842583
2017-03-23,0.0,0.844001,0.0,0.844001
2017-03-24,0.0,0.825574,0.0,0.825574
2017-03-25,0.0,0.833263,0.0,0.833263
2017-03-26,0.0,0.815041,0.0,0.815041
2017-03-27,0.0,0.811907,0.0,0.811907
2017-03-28,0.0,0.806347,0.0,0.806347
2017-03-29,0.0,0.805688,0.0,0.805688
2017-03-30,0.0,0.794519,0.0,0.794519
2017-03-31,0.0,0.788572,0.0,0.788572
2017-04-01,0.0,0.785995,0.0,0.785995
2017-04-02,8.9e-05,0.774714,8.9e-05,0.774714
2017-04-03,0.0,0.771418,0.0,0.771418
2017-04-04,0.0,0.767091,0.0,0.767091
2017-04-05,0.0,0.758701,0.0,0.758701
2017-04-06,0.000121,0.758059,0.000121,0.758059
2017-04-07,0.000214,0.745986,0.000214,0.745986
2017-04-08,0.0,0.747776,0.0,0.747776
2017-04-09,0.0,0.737182,0.0,0.737182
2017-04-10,0.0,0.732501,0.0,0.732501
2017-04-11,0.0,0.726546,0.0,0.726546
2017-04-12,0.0,0.719675,0.0,0.719675
2017-04-13,0.0,0.718809,0.0,0.718809
2017-04-14,0.0,0.705043,0.0,0.705043
2017-04-15,0.0,0.704094,0.0,0.704094
2017-04-16,0.0,0.705141,0.0,0.705141
2017-04-17,0.0,0.694712,0.0,0.694712
2017-04-18,0.0,0.686415,0.0,0.686415
2017-04-19,0.0,0.687908,0.0,0.687908
2017-04-20,0.0,0.676945,0.0,0.676945
2017-04-21,0.0,0.670336,0.0,0.670336
2017-04-22,0.0,0.672247,0.0,0.672247
2017-04-23,0.0,0.664785,0.0,0.664785
2017-04-24,0.0,0.657662,0.0,0.657662
2017-04-25,0.0,0.676068,0.0,0.676068
2017-04-26,0.0,0.680223,0.0,0.680223
2017-04-27,0.0,1.40495,0.0,1.40495
2017-04-28,0.0,0.87164,0.0,0.87164
2017-04-29,0.0,1.548909,0.0,1.548909
2017-04-30,0.0,1.167466,0.0,1.167466
2017-05-01,0.0,1.726536,0.0,1.726536
2017-05-02,0.494321,6.848022,0.494321,6.848022
2017-05-03,0.580794,27.555028,0.580794,27.555028
2017-05-04,4.312753,26.67776,4.312753,26.67776
2017-05-05,21.848374,13.520787,21.848374,13.520787
2017-05-06,36.860496,17.520885,36.860496,17.520885
2017-05-07,39.550273,18.11074,39.550273,18.11074
2017-05-08,15.632161,12.483153,15.632161,12.483153
2017-05-09,4.091221,6.31598,4.091221,6.31598
2017-05-10,2.128821,0.841703,2.128821,0.841703
2017-05-11,1.772389,0.758863,1.772389,0.758863
2017-05-12,1.548818,0.617658,1.548818,0.617658
2017-05-13,1.410147,0.705338,1.410147,0.705338
2017-05-14,1.287225,1.028786,1.287225,1.028786
2017-05-15,1.225645,2.513881,1.225645,2.513881
2017-05-16,4.235403,6.891624,4.235403,6.891624
2017-05-17,14.269933,4.694703,14.269933,4.694703
2017-05-18,6.784195,4.884247,6.784195,4.884247
2017-05-19,24.269493,17.74798,24.269493,17.74798
2017-05-20,75.099118,21.981212,75.099118,21.981212
2017-05-21,85.765661,23.479285,85.765661,23.479285
2017-05-22,12.534383,9.542025,12.534383,9.542025
2017-05-23,27.321067,13.967553,27.321067,13.967553
2017-05-24,7.79731,13.479762,7.79731,13.479762
2017-05-25,3.447049,8.377361,3.447049,8.377361
2017-05-26,2.696496,11.047564,2.696496,11.047564
2017-05-27,2.934464,18.517104,2.934464,18.517104
2017-05-28,1.911653,11.669065,1.911653,11.669065
2017-05-29,1.848379,6.011129,1.848379,6.011129
2017-05-30,1.702538,6.05704,1.702538,6.05704
2017-05-31,1.696984,7.297961,1.696984,7.297961
2017-06-01,1.603648,8.164279,1.603648,8.164279
2017-06-02,1.946931,10.922907,1.946931,10.922907
2017-06-03,5.451833,11.959267,5.451833,11.959267
2017-06-04,52.503615,16.059176,52.503615,16.059176
2017-06-05,47.706823,21.677139,47.706823,21.677139
2017-06-06,75.868325,41.234876,75.868325,41.234876
2017-06-07,65.216125,19.829563,65.216125,19.829563
2017-06-08,56.230082,18.707331,56.230082,18.707331
2017-06-09,62.754884,27.947326,62.754884,27.947326
2017-06-10,59.636154,31.621712,59.636154,31.621712
2017-06-11,74.930639,39.349483,74.930639,39.349483
2017-06-12,82.183954,42.434871,82.183954,42.434871
2017-06-13,84.170641,50.311477,84.170641,50.311477
2017-06-14,83.754118,50.323031,83.754118,50.323031
2017-06-15,93.174514,49.81611,93.174514,49.81611
2017-06-16,65.974509,52.160934,65.974509,52.160934
2017-06-17,121.845188,54.8575,121.845188,54.8575
2017-06-18,143.257871,63.30099,143.257871,63.30099
2017-06-19,88.778476,53.809909,88.778476,53.809909
2017-06-20,67.228939,54.767832,67.228939,54.767832
2017-06-21,40.286744,46.10827,40.286744,46.10827
2017-06-22,101.727947,54.496768,101.727947,54.496768
2017-06-23,114.05378,60.779276,114.05378,60.779276
2017-06-24,94.642821,58.368436,94.642821,58.368436
2017-06-25,92.839391,67.85514,92.839391,67.85514
2017-06-26,77.950654,72.393353,77.950654,72.393353
2017-06-27,97.361989,69.21645,97.361989,69.21645
2017-06-28,69.172981,63.44821,69.172981,63.44821
2017-06-29,71.511649,62.819598,71.511649,62.819598
2017-06-30,48.618528,57.080088,48.618528,57.080088
2017-07-01,58.925574,57.054372,58.925574,57.054372
2017-07-02,47.521007,52.700145,47.521007,52.700145
2017-07-03,36.644875,36.462274,36.644875,36.462274
2017-07-04,68.997564,39.241102,68.997564,39.241102
2017-07-05,42.234115,40.373387,42.234115,40.373387
2017-07-06,50.009663,41.662315,50.009663,41.662315
2017-07-07,49.431995,44.651626,49.431995,44.651626
2017-07-08,60.551798,46.003609,60.551798,46.003609
2017-07-09,71.703477,49.313686,71.703477,49.313686
2017-07-10,68.733083,48.313434,68.733083,48.313434
2017-07-11,37.416108,44.755133,37.416108,44.755133
2017-07-12,32.363131,43.604061,32.363131,43.604061
2017-07-13,32.24044,47.208997,32.24044,47.208997
2017-07-14,33.935958,47.92747,33.935958,47.92747
2017-07-15,41.653442,53.87784,41.653442,53.87784
2017-07-16,53.687821,60.48498,53.687821,60.48498
2017-07-17,46.762009,55.202016,46.762009,55.202016
2017-07-18,61.027494,68.797629,61.027494,68.797629
2017-07-19,96.053745,67.273441,96.053745,67.273441
2017-07-20,88.655715,71.635887,88.655715,71.635887
2017-07-21,58.178067,47.276216,58.178067,47.276216
2017-07-22,127.264981,78.805658,127.264981,78.805658
2017-07-23,84.22965,51.273399,84.22965,51.273399
2017-07-24,49.402668,39.656027,49.402668,39.656027
2017-07-25,47.482942,39.975937,47.482942,39.975937
2017-07-26,47.923728,39.364018,47.923728,39.364018
2017-07-27,45.947227,40.700204,45.947227,40.700204
2017-07-28,75.33191,47.371722,75.33191,47.371722
2017-07-29,60.22466,42.174246,60.22466,42.174246
2017-07-30,44.223832,40.895477,44.223832,40.895477
2017-07-31,39.116855,41.706163,39.116855,41.706163
2017-08-01,39.465695,41.371663,39.465695,41.371663
2017-08-02,40.799853,44.721199,40.799853,44.721199
2017-08-03,38.55959,40.964135,38.55959,40.964135
2017-08-04,39.890591,36.386433,39.890591,36.386433
2017-08-05,29.612719,35.856019,29.612719,35.856019
2017-08-06,22.844763,35.956331,22.844763,35.956331
2017-08-07,23.73169,34.88119,23.73169,34.88119
2017-08-08,16.907536,36.379142,16.907536,36.379142
2017-08-09,21.278026,32.272617,21.278026,32.272617
2017-08-10,18.772616,29.792859,18.772616,29.792859
2017-08-11,11.703381,29.687982,11.703381,29.687982
2017-08-12,12.681016,31.207738,12.681016,31.207738
2017-08-13,9.408308,33.734566,9.408308,33.734566
2017-08-14,9.45856,31.316996,9.45856,31.316996
2017-08-15,11.367233,33.742449,11.367233,33.742449
2017-08-16,9.739705,31.379257,9.739705,31.379257
2017-08-17,2.190832,27.741117,2.190832,27.741117
2017-08-18,1.5804,25.481039,1.5804,25.481039
2017-08-19,2.362058,24.447815,2.362058,24.447815
2017-08-20,2.912721,24.712318,2.912721,24.712318
2017-08-21,4.096589,24.578902,4.096589,24.578902
2017-08-22,1.026733,24.607477,1.026733,24.607477
2017-08-23,8.947671,23.638596,8.947671,23.638596
2017-08-24,8.313911,26.623697,8.313911,26.623697
2017-08-25,19.374622,29.71287,19.374622,29.71287
2017-08-26,1.977842,36.717156,1.977842,36.717156
2017-08-27,0.075063,30.238366,0.075063,30.238366
2017-08-28,6.045763,18.583318,6.045763,18.583318
2017-08-29,2.133883,15.424762,2.133883,15.424762
2017-08-30,3.21669,14.284235,3.21669,14.284235
2017-08-31,5.913383,16.789603,5.913383,16.789603
2017-09-01,6.046166,15.959154,6.046166,15.959154
2017-09-02,9.226519,11.155378,9.226519,11.155378
2017-09-03,1.321799,11.697966,1.321799,11.697966
2017-09-04,0.584507,23.587929,0.584507,23.587929
2017-09-05,5.897822,32.377467,5.897822,32.377467
2017-09-06,9.920704,11.569596,9.920704,11.569596
2017-09-07,6.298852,8.701338,6.298852,8.701338
2017-09-08,4.045202,8.511152,4.045202,8.511152
2017-09-09,3.782774,8.374926,3.782774,8.374926
2017-09-10,3.525074,8.133547,3.525074,8.133547
2017-09-11,0.006692,7.743611,0.006692,7.743611
2017-09-12,0.006802,7.640458,0.006802,7.640458
2017-09-13,0.00243,7.349367,0.00243,7.349367
2017-09-14,0.002333,7.366872,0.002333,7.366872
2017-09-15,4.448356,15.979708,4.448356,15.979708
2017-09-16,31.28003,27.357435,31.28003,27.357435
2017-09-17,66.263442,25.253646,66.263442,25.253646
2017-09-18,3.937554,10.049813,3.937554,10.049813
2017-09-19,0.152862,11.492004,0.152862,11.492004
2017-09-20,0.231584,7.85828,0.231584,7.85828
2017-09-21,28.382708,16.648208,28.382708,16.648208
2017-09-22,2.569155,9.953469,2.569155,9.953469
2017-09-23,0.970929,7.548387,0.970929,7.548387
2017-09-24,55.616493,44.189242,55.616493,44.189242
2017-09-25,3.637938,9.398497,3.637938,9.398497
2017-09-26,15.799261,24.915254,15.799261,24.915254
2017-09-27,143.323896,113.893117,143.323896,113.893117
2017-09-28,119.047787,44.090231,119.047787,44.090231
2017-09-29,14.828267,8.350758,14.828267,8.350758
2017-09-30,71.388568,36.8318,71.388568,36.8318
2017-10-01,44.095742,24.985323,44.095742,24.985323
2017-10-02,1.724695,10.042921,1.724695,10.042921
2017-10-03,1.229435,7.976839,1.229435,7.976839
2017-10-04,0.011524,7.905044,0.011524,7.905044
2017-10-05,0.042771,7.890078,0.042771,7.890078
2017-10-06,0.011923,7.857006,0.011923,7.857006
2017-10-07,1.986559,7.841157,1.986559,7.841157
2017-10-08,13.042616,10.238917,13.042616,10.238917
2017-10-09,1.30572,20.025482,1.30572,20.025482
2017-10-10,12.377644,17.300442,12.377644,17.300442
2017-10-11,13.221871,12.472887,13.221871,12.472887
2017-10-12,5.470357,7.304579,5.470357,7.304579
2017-10-13,0.340282,7.206763,0.340282,7.206763
2017-10-14,8.211737,8.176116,8.211737,8.176116
2017-10-15,4.990651,7.060927,4.990651,7.060927
2017-10-16,0.047707,6.873799,0.047707,6.873799
2017-10-17,0.005668,6.743814,0.005668,6.743814
2017-10-18,0.004044,6.644082,0.004044,6.644082
2017-10-19,0.588703,6.829433,0.588703,6.829433
2017-10-20,87.120119,13.183232,87.120119,13.183232
2017-10-21,12.23931,7.553363,12.23931,7.553363
2017-10-22,0.520338,6.335646,0.520338,6.335646
2017-10-23,0.56185,9.703722,0.56185,9.703722
2017-10-24,0.013247,6.509142,0.013247,6.509142
2017-10-25,0.05975,5.806259,0.05975,5.806259
2017-10-26,0.003606,5.711231,0.003606,5.711231
2017-10-27,9.3e-05,5.618995,9.3e-05,5.618995
2017-10-28,0.001108,5.534808,0.001108,5.534808
2017-10-29,0.000828,5.753375,0.000828,5.753375
2017-10-30,0.0014,5.343638,0.0014,5.343638
2017-10-31,0.002237,5.262397,0.002237,5.262397
2017-11-01,0.001197,5.172143,0.001197,5.172143
2017-11-02,0.000482,5.090171,0.000482,5.090171
2017-11-03,0.000465,5.012881,0.000465,5.012881
2017-11-04,0.001144,4.925827,0.001144,4.925827
2017-11-05,0.0,4.853577,0.0,4.853577
2017-11-06,0.0,4.767679,0.0,4.767679
2017-11-07,0.0,4.694962,0.0,4.694962
2017-11-08,0.0,4.623096,0.0,4.623096
2017-11-09,0.0,4.545067,0.0,4.545067
2017-11-10,0.0,4.481424,0.0,4.481424
2017-11-11,0.0,4.417946,0.0,4.417946
2017-11-12,0.0,4.344265,0.0,4.344265
2017-11-13,0.0,4.280476,0.0,4.280476
2017-11-14,0.0,4.21571,0.0,4.21571
2017-11-15,0.0,4.148341,0.0,4.148341
2017-11-16,0.0,4.09114,0.0,4.09114
2017-11-17,0.0,4.027826,0.0,4.027826
2017-11-18,0.0,3.969515,0.0,3.969515
2017-11-19,0.0,3.909032,0.0,3.909032
2017-11-20,0.0,3.850174,0.0,3.850174
2017-11-21,0.000181,3.795373,0.000181,3.795373
2017-11-22,0.000113,3.738465,0.000113,3.738465
2017-11-23,0.000124,3.684739,0.000124,3.684739
2017-11-24,0.000156,3.62927,0.000156,3.62927
2017-11-25,9.8e-05,3.579602,9.8e-05,3.579602
2017-11-26,0.000157,3.520071,0.000157,3.520071
2017-11-27,0.000174,3.471281,0.000174,3.471281
2017-11-28,0.000911,3.414043,0.000911,3.414043
2017-11-29,0.000103,3.369009,0.000103,3.369009
2017-11-30,0.000158,11.400275,0.000158,11.400275
2017-12-01,0.000172,3.263331,0.000172,3.263331
2017-12-02,0.000192,3.212629,0.000192,3.212629
2017-12-03,0.000233,3.166326,0.000233,3.166326
2017-12-04,0.000213,3.111566,0.000213,3.111566
2017-12-05,0.00019,3.072883,0.00019,3.072883
2017-12-06,0.000144,3.017326,0.000144,3.017326
2017-12-07,0.000189,2.969934,0.000189,2.969934
2017-12-08,0.000233,2.92395,0.000233,2.92395
2017-12-09,0.000136,2.86369,0.000136,2.86369
2017-12-10,0.000132,2.835571,0.000132,2.835571
2017-12-11,0.000113,2.773825,0.000113,2.773825
2017-12-12,0.00032,2.728988,0.00032,2.728988
2017-12-13,0.000267,2.684461,0.000267,2.684461
2017-12-14,5.6e-05,2.626368,5.6e-05,2.626368
2017-12-15,0.0,2.585218,0.0,2.585218
2017-12-16,0.0,2.53886,0.0,2.53886
2017-12-17,0.0,2.485851,0.0,2.485851
2017-12-18,0.0,2.657347,0.0,2.657347
2017-12-19,0.0,2.398002,0.0,2.398002
2017-12-20,0.000174,2.357411,0.000174,2.357411
2017-12-21,0.000182,2.31339,0.000182,2.31339
2017-12-22,0.000178,2.277268,0.000178,2.277268
2017-12-23,0.00021,2.230958,0.00021,2.230958
2017-12-24,0.000162,2.197241,0.000162,2.197241
2017-12-25,0.000211,2.153132,0.000211,2.153132
2017-12-26,0.000327,2.118676,0.000327,2.118676
2017-12-27,0.000115,2.079057,0.000115,2.079057
2017-12-28,0.000207,2.038409,0.000207,2.038409
2017-12-29,0.000153,1.997688,0.000153,1.997688
2017-12-30,0.00016,1.968408,0.00016,1.968408
2017-12-31,0.000251,1.922429,0.000251,1.922429
2018-01-01,0.0,1.887691,0.0,1.887691
2018-01-02,0.0,1.840852,0.0,1.840852
2018-01-03,0.0,1.818373,0.0,1.818373
2018-01-04,0.0,1.774899,0.0,1.774899
2018-01-05,0.0,1.740254,0.0,1.740254
2018-01-06,0.0,1.709986,0.0,1.709986
2018-01-07,0.0,1.670898,0.0,1.670898
2018-01-08,0.0,1.644551,0.0,1.644551
2018-01-09,0.0,1.606799,0.0,1.606799
2018-01-10,0.0,1.725171,0.0,1.725171
2018-01-11,0.0,1.56266,0.0,1.56266
2018-01-12,0.0,2.18116,0.0,2.18116
2018-01-13,0.0,1.49427,0.0,1.49427
2018-01-14,0.0,1.464304,0.0,1.464304
2018-01-15,0.0,1.437281,0.0,1.437281
2018-01-16,0.0,1.414249,0.0,1.414249
2018-01-17,0.0,1.386141,0.0,1.386141
2018-01-18,0.0,1.365837,0.0,1.365837
2018-01-19,0.0,1.344753,0.0,1.344753
2018-01-20,0.0,1.320346,0.0,1.320346
2018-01-21,0.0,1.304876,0.0,1.304876
2018-01-22,0.0,1.287091,0.0,1.287091
2018-01-23,0.0,1.256287,0.0,1.256287
2018-01-24,0.0,1.24716,0.0,1.24716
2018-01-25,0.0,1.230296,0.0,1.230296
2018-01-26,0.0,1.20622,0.0,1.20622
2018-01-27,0.0,1.194086,0.0,1.194086
2018-01-28,0.0,1.173147,0.0,1.173147
2018-01-29,0.0,1.154064,0.0,1.154064
2018-01-30,0.0,1.138802,0.0,1.138802
2018-01-31,0.0,1.119337,0.0,1.119337
2018-02-01,0.0,1.105485,0.0,1.105485
2018-02-02,0.0,1.087295,0.0,1.087295
2018-02-03,0.0,1.073117,0.0,1.073117
2018-02-04,0.0,1.203167,0.0,1.203167
2018-02-05,0.0,1.043328,0.0,1.043328
2018-02-06,0.0,1.027223,0.0,1.027223
2018-02-07,0.0,1.025722,0.0,1.025722
2018-02-08,0.0,0.996948,0.0,0.996948
2018-02-09,0.0,0.988454,0.0,0.988454
2018-02-10,0.0,0.976113,0.0,0.976113
2018-02-11,0.0,0.968252,0.0,0.968252
2018-02-12,0.0,0.952825,0.0,0.952825
2018-02-13,0.0,0.945658,0.0,0.945658
2018-02-14,0.0,0.930362,0.0,0.930362
2018-02-15,0.0,0.931603,0.0,0.931603
2018-02-16,0.0,1.070045,0.0,1.070045
2018-02-17,0.0,0.902223,0.0,0.902223
2018-02-18,0.0,0.899096,0.0,0.899096
2018-02-19,0.0,0.886949,0.0,0.886949
2018-02-20,0.0,0.930214,0.0,0.930214
2018-02-21,0.0,0.870972,0.0,0.870972
2018-02-22,0.0,0.964625,0.0,0.964625
2018-02-23,0.0,0.871562,0.0,0.871562
2018-02-24,0.0,1.802326,0.0,1.802326
2018-02-25,0.0,1.00117,0.0,1.00117
2018-02-26,0.722235,3.906032,0.722235,3.906032
2018-02-27,0.109845,0.889084,0.109845,0.889084
2018-02-28,0.003165,0.812128,0.003165,0.812128
2018-03-01,2.6e-05,0.798008,2.6e-05,0.798008
2018-03-02,0.0,0.79143,0.0,0.79143
2018-03-03,0.0,0.780077,0.0,0.780077
2018-03-04,0.0,0.773831,0.0,0.773831
2018-03-05,0.0,0.772393,0.0,0.772393
2018-03-06,0.0,0.758988,0.0,0.758988
2018-03-07,0.0,0.752887,0.0,0.752887
2018-03-08,0.0,0.740739,0.0,0.740739
2018-03-09,0.0,0.740155,0.0,0.740155
2018-03-10,0.0,0.727359,0.0,0.727359
2018-03-11,0.0,0.727148,0.0,0.727148
2018-03-12,0.0,0.711779,0.0,0.711779
2018-03-13,0.0,0.711312,0.0,0.711312
2018-03-14,0.0,0.698072,0.0,0.698072
2018-03-15,0.0,0.68921,0.0,0.68921
2018-03-16,0.0,0.705361,0.0,0.705361
2018-03-17,0.0,0.66691,0.0,0.66691
2018-03-18,0.0,0.671199,0.0,0.671199
2018-03-19,0.0,0.661302,0.0,0.661302
2018-03-20,0.0,0.664531,0.0,0.664531
2018-03-21,0.0,0.642274,0.0,0.642274
2018-03-22,0.0,0.641644,0.0,0.641644
2018-03-23,0.0,0.637114,0.0,0.637114
2018-03-24,0.0,0.622899,0.0,0.622899
2018-03-25,0.0,0.624097,0.0,0.624097
2018-03-26,0.0,0.615993,0.0,0.615993
2018-03-27,0.0,0.608497,0.0,0.608497
2018-03-28,0.0,0.603034,0.0,0.603034
2018-03-29,0.0,0.597587,0.0,0.597587
2018-03-30,0.0,0.586938,0.0,0.586938
2018-03-31,0.0,0.587899,0.0,0.587899
2018-04-01,0.0,0.579012,0.0,0.579012
2018-04-02,0.0,0.572275,0.0,0.572275
2018-04-03,0.0,0.561155,0.0,0.561155
2018-04-04,0.0,0.561521,0.0,0.561521
2018-04-05,0.0,0.557521,0.0,0.557521
2018-04-06,0.0,0.540554,0.0,0.540554
2018-04-07,0.0,0.543351,0.0,0.543351
2018-04-08,0.0,0.535495,0.0,0.535495
2018-04-09,0.0,0.535749,0.0,0.535749
2018-04-10,0.0,0.806847,0.0,0.806847
2018-04-11,0.0,3.718344,0.0,3.718344
2018-04-12,0.0,2.641118,0.0,2.641118
2018-04-13,0.0,2.695564,0.0,2.695564
2018-04-14,0.0,1.576069,0.0,1.576069
2018-04-15,0.0,2.38951,0.0,2.38951
2018-04-16,0.0,4.013363,0.0,4.013363
2018-04-17,0.0,3.233099,0.0,3.233099
2018-04-18,0.0,1.281109,0.0,1.281109
2018-04-19,0.0,2.496609,0.0,2.496609
2018-04-20,0.0,0.996286,0.0,0.996286
2018-04-21,0.0,0.609262,0.0,0.609262
2018-04-22,0.0,0.543022,0.0,0.543022
2018-04-23,0.0,0.528067,0.0,0.528067
2018-04-24,0.0,0.562087,0.0,0.562087
2018-04-25,0.0,0.466686,0.0,0.466686
2018-04-26,0.0,0.470822,0.0,0.470822
2018-04-27,0.0,0.60721,0.0,0.60721
2018-04-28,0.0,0.666021,0.0,0.666021
2018-04-29,0.0,0.729844,0.0,0.729844
2018-04-30,0.0,0.44138,0.0,0.44138
2018-05-01,0.0,0.432211,0.0,0.432211
2018-05-02,0.0,0.463912,0.0,0.463912
2018-05-03,0.0,0.427516,0.0,0.427516
2018-05-04,0.0,0.45986,0.0,0.45986
2018-05-05,0.0,0.417351,0.0,0.417351
2018-05-06,0.0,0.414795,0.0,0.414795
2018-05-07,0.0,0.408138,0.0,0.408138
2018-05-08,0.0,0.40682,0.0,0.40682
2018-05-09,0.0,0.404721,0.0,0.404721
2018-05-10,0.0,0.396062,0.0,0.396062
2018-05-11,0.0,1.011584,0.0,1.011584
2018-05-12,0.0,1.073343,0.0,1.073343
2018-05-13,0.0,7.896385,0.0,7.896385
2018-05-14,0.256794,7.543987,0.256794,7.543987
2018-05-15,0.160963,2.73696,0.160963,2.73696
2018-05-16,0.0,3.353039,0.0,3.353039
2018-05-17,0.016374,12.864216,0.016374,12.864216
2018-05-18,0.590014,6.916956,0.590014,6.916956
2018-05-19,0.063621,0.527077,0.063621,0.527077
2018-05-20,0.0,0.390749,0.0,0.390749
2018-05-21,0.056444,2.741951,0.056444,2.741951
2018-05-22,0.164723,4.633305,0.164723,4.633305
2018-05-23,2.918375,2.80839,2.918375,2.80839
2018-05-24,0.546347,2.499907,0.546347,2.499907
2018-05-25,0.27188,2.790291,0.27188,2.790291
2018-05-26,8.350301,5.918838,8.350301,5.918838
2018-05-27,5.142459,13.55067,5.142459,13.55067
2018-05-28,11.160305,9.912805,11.160305,9.912805
2018-05-29,8.783896,17.541364,8.783896,17.541364
2018-05-30,33.456001,36.562411,33.456001,36.562411
2018-05-31,25.852704,40.164078,25.852704,40.164078
2018-06-01,38.879879,36.024807,38.879879,36.024807
2018-06-02,67.004115,47.30891,67.004115,47.30891
2018-06-03,36.622828,37.463169,36.622828,37.463169
2018-06-04,24.289908,40.343266,24.289908,40.343266
2018-06-05,30.826135,35.646805,30.826135,35.646805
2018-06-06,67.974722,48.377743,67.974722,48.377743
2018-06-07,95.950489,50.291312,95.950489,50.291312
2018-06-08,92.350446,46.41364,92.350446,46.41364
2018-06-09,60.211752,37.124497,60.211752,37.124497
2018-06-10,53.290465,41.147691,53.290465,41.147691
2018-06-11,74.949849,39.151664,74.949849,39.151664
2018-06-12,54.659322,46.061973,54.659322,46.061973
2018-06-13,57.591052,41.661951,57.591052,41.661951
2018-06-14,48.182534,47.671424,48.182534,47.671424
2018-06-15,50.953214,51.446098,50.953214,51.446098
2018-06-16,41.898586,40.406625,41.898586,40.406625
2018-06-17,17.062899,41.949553,17.062899,41.949553
2018-06-18,21.714486,53.222564,21.714486,53.222564
2018-06-19,34.784839,58.316682,34.784839,58.316682
2018-06-20,45.697076,65.223715,45.697076,65.223715
2018-06-21,99.614371,84.337885,99.614371,84.337885
2018-06-22,154.003508,59.791015,154.003508,59.791015
2018-06-23,100.176558,61.165248,100.176558,61.165248
2018-06-24,97.866456,39.435975,97.866456,39.435975
2018-06-25,70.86486,36.0151,70.86486,36.0151
2018-06-26,102.594234,49.904702,102.594234,49.904702
2018-06-27,101.833976,47.057546,101.833976,47.057546
2018-06-28,66.736857,57.017693,66.736857,57.017693
2018-06-29,105.949185,55.7382,105.949185,55.7382
2018-06-30,111.819562,57.603995,111.819562,57.603995
2018-07-01,66.825122,61.015542,66.825122,61.015542
2018-07-02,100.590112,43.112969,100.590112,43.112969
2018-07-03,92.62693,53.763931,92.62693,53.763931
2018-07-04,34.220532,46.245542,34.220532,46.245542
2018-07-05,58.116365,51.625069,58.116365,51.625069
2018-07-06,74.82743,49.407724,74.82743,49.407724
2018-07-07,78.043071,60.938251,78.043071,60.938251
2018-07-08,98.074664,68.646352,98.074664,68.646352
2018-07-09,64.010137,58.048755,64.010137,58.048755
2018-07-10,53.541242,59.012068,53.541242,59.012068
2018-07-11,60.064962,58.551542,60.064962,58.551542
2018-07-12,40.544068,61.663064,40.544068,61.663064
2018-07-13,45.753287,67.240093,45.753287,67.240093
2018-07-14,40.526467,58.616279,40.526467,58.616279
2018-07-15,45.569043,57.908066,45.569043,57.908066
2018-07-16,31.635497,55.254287,31.635497,55.254287
2018-07-17,39.493141,55.000064,39.493141,55.000064
2018-07-18,29.964787,53.584229,29.964787,53.584229
2018-07-19,34.144536,45.76282,34.144536,45.76282
2018-07-20,32.469149,50.619153,32.469149,50.619153
2018-07-21,40.266917,51.150274,40.266917,51.150274
2018-07-22,30.770713,43.008913,30.770713,43.008913
2018-07-23,34.392306,40.425846,34.392306,40.425846
2018-07-24,24.749693,40.970541,24.749693,40.970541
2018-07-25,21.109217,38.297774,21.109217,38.297774
2018-07-26,20.577519,36.288198,20.577519,36.288198
2018-07-27,27.000286,40.969511,27.000286,40.969511
2018-07-28,48.806758,55.329155,48.806758,55.329155
2018-07-29,145.405172,80.127348,145.405172,80.127348
2018-07-30,106.511352,92.15102,106.511352,92.15102
2018-07-31,49.707272,63.096772,49.707272,63.096772
2018-08-01,36.364322,41.575292,36.364322,41.575292
2018-08-02,35.720669,35.159968,35.720669,35.159968
2018-08-03,12.452034,24.549182,12.452034,24.549182
2018-08-04,10.806461,25.313462,10.806461,25.313462
2018-08-05,10.919817,29.893489,10.919817,29.893489
2018-08-06,22.146948,27.399773,22.146948,27.399773
2018-08-07,15.206859,22.302922,15.206859,22.302922
2018-08-08,9.91812,24.651441,9.91812,24.651441
2018-08-09,11.051071,28.174307,11.051071,28.174307
2018-08-10,10.98858,25.902592,10.98858,25.902592
2018-08-11,10.201503,25.874952,10.201503,25.874952
2018-08-12,11.212576,27.711064,11.212576,27.711064
2018-08-13,10.265825,21.533469,10.265825,21.533469
2018-08-14,7.714285,18.897793,7.714285,18.897793
2018-08-15,13.721137,23.537148,13.721137,23.537148
2018-08-16,10.994202,21.205637,10.994202,21.205637
2018-08-17,9.196733,20.245308,9.196733,20.245308
2018-08-18,6.825152,14.450161,6.825152,14.450161
2018-08-19,6.738583,12.863547,6.738583,12.863547
2018-08-20,7.100776,14.37574,7.100776,14.37574
2018-08-21,58.023,12.936422,58.023,12.936422
2018-08-22,13.173831,11.603244,13.173831,11.603244
2018-08-23,12.500942,11.721283,12.500942,11.721283
2018-08-24,2.776489,11.857561,2.776489,11.857561
2018-08-25,0.065329,8.55617,0.065329,8.55617
2018-08-26,0.295864,9.276367,0.295864,9.276367
2018-08-27,0.025214,11.108923,0.025214,11.108923
2018-08-28,0.02075,7.697019,0.02075,7.697019
2018-08-29,0.011137,7.749216,0.011137,7.749216
2018-08-30,2.83042,14.59611,2.83042,14.59611
2018-08-31,146.543608,34.418161,146.543608,34.418161
2018-09-01,16.143357,12.038605,16.143357,12.038605
2018-09-02,0.480447,7.803533,0.480447,7.803533
2018-09-03,0.529292,6.788016,0.529292,6.788016
2018-09-04,0.110764,5.526459,0.110764,5.526459
2018-09-05,0.006596,4.872759,0.006596,4.872759
2018-09-06,0.05326,6.416945,0.05326,6.416945
2018-09-07,0.059855,8.654594,0.059855,8.654594
2018-09-08,59.460828,11.357325,59.460828,11.357325
2018-09-09,50.53815,33.612882,50.53815,33.612882
2018-09-10,26.840797,37.072023,26.840797,37.072023
2018-09-11,8.139036,11.949186,8.139036,11.949186
2018-09-12,4.282316,6.888206,4.282316,6.888206
2018-09-13,6.540019,4.066771,6.540019,4.066771
2018-09-14,1.709107,3.421384,1.709107,3.421384
2018-09-15,4.941994,3.296462,4.941994,3.296462
2018-09-16,0.117522,3.579836,0.117522,3.579836
2018-09-17,0.13466,3.180083,0.13466,3.180083
2018-09-18,0.023086,2.987491,0.023086,2.987491
2018-09-19,0.038534,2.899786,0.038534,2.899786
2018-09-20,0.016411,2.829213,0.016411,2.829213
2018-09-21,0.178829,2.757795,0.178829,2.757795
2018-09-22,3.146384,2.705849,3.146384,2.705849
2018-09-23,0.151676,2.617412,0.151676,2.617412
2018-09-24,0.02944,2.568571,0.02944,2.568571
2018-09-25,0.008727,2.4952,0.008727,2.4952
2018-09-26,0.021889,2.449713,0.021889,2.449713
2018-09-27,0.206003,2.395233,0.206003,2.395233
2018-09-28,0.21684,2.350539,0.21684,2.350539
2018-09-29,0.001813,2.290843,0.001813,2.290843
2018-09-30,0.000647,2.243363,0.000647,2.243363
2018-10-01,0.003545,2.201176,0.003545,2.201176
2018-10-02,0.001229,2.15339,0.001229,2.15339
2018-10-03,0.001195,2.112633,0.001195,2.112633
2018-10-04,0.001426,2.070875,0.001426,2.070875
2018-10-05,0.001293,2.035647,0.001293,2.035647
2018-10-06,0.000808,1.997131,0.000808,1.997131
2018-10-07,0.000675,1.95626,0.000675,1.95626
2018-10-08,0.002232,1.920133,0.002232,1.920133
2018-10-09,0.00093,1.886031,0.00093,1.886031
2018-10-10,0.001701,1.851687,0.001701,1.851687
2018-10-11,0.000669,1.876616,0.000669,1.876616
2018-10-12,0.003412,2.070172,0.003412,2.070172
2018-10-13,0.034942,2.306445,0.034942,2.306445
2018-10-14,0.010026,1.841878,0.010026,1.841878
2018-10-15,0.000151,1.679826,0.000151,1.679826
2018-10-16,0.111442,1.73681,0.111442,1.73681
2018-10-17,0.001244,1.892221,0.001244,1.892221
2018-10-18,0.000149,1.592294,0.000149,1.592294
2018-10-19,0.027924,1.7104,0.027924,1.7104
2018-10-20,0.0001,1.525392,0.0001,1.525392
2018-10-21,0.000132,1.493248,0.000132,1.493248
2018-10-22,0.000137,1.472026,0.000137,1.472026
2018-10-23,0.000109,1.439368,0.000109,1.439368
2018-10-24,0.000132,1.427536,0.000132,1.427536
2018-10-25,0.000117,1.391066,0.000117,1.391066
2018-10-26,0.000143,1.360391,0.000143,1.360391
2018-10-27,5.3e-05,1.342431,5.3e-05,1.342431
2018-10-28,4.4e-05,1.382447,4.4e-05,1.382447
2018-10-29,0.000109,1.291859,0.000109,1.291859
2018-10-30,6.4e-05,1.274841,6.4e-05,1.274841
2018-10-31,0.000101,1.241875,0.000101,1.241875
2018-11-01,0.00015,1.235396,0.00015,1.235396
2018-11-02,0.000277,1.21653,0.000277,1.21653
2018-11-03,0.000225,1.192207,0.000225,1.192207
2018-11-04,0.000274,1.179577,0.000274,1.179577
2018-11-05,0.000178,1.158483,0.000178,1.158483
2018-11-06,0.000277,1.136876,0.000277,1.136876
2018-11-07,0.00031,1.127646,0.00031,1.127646
2018-11-08,0.00829,1.258632,0.00829,1.258632
2018-11-09,0.001494,1.187413,0.001494,1.187413
2018-11-10,0.000897,1.077545,0.000897,1.077545
2018-11-11,0.002293,1.056585,0.002293,1.056585
2018-11-12,0.000427,1.036614,0.000427,1.036614
2018-11-13,0.000386,1.022937,0.000386,1.022937
2018-11-14,0.000121,1.014551,0.000121,1.014551
2018-11-15,0.000162,0.996151,0.000162,0.996151
2018-11-16,0.000249,0.97546,0.000249,0.97546
2018-11-17,27.162086,69.677345,27.162086,69.677345
2018-11-18,79.71024,86.068606,79.71024,86.068606
2018-11-19,0.0,1.198688,0.0,1.198688
2018-11-20,0.0,4.076486,0.0,4.076486
2018-11-21,0.0,0.930981,0.0,0.930981
2018-11-22,0.0,0.893532,0.0,0.893532
2018-11-23,0.0,0.877248,0.0,0.877248
2018-11-24,0.0,0.864961,0.0,0.864961
2018-11-25,0.0,0.85293,0.0,0.85293
2018-11-26,0.0,0.839597,0.0,0.839597
2018-11-27,0.0,0.833592,0.0,0.833592
2018-11-28,0.0,0.812371,0.0,0.812371
2018-11-29,0.0,0.804194,0.0,0.804194
2018-11-30,3e-06,0.784387,3e-06,0.784387
2018-12-01,1.4e-05,0.777868,1.4e-05,0.777868
2018-12-02,4e-06,0.768411,4e-06,0.768411
2018-12-03,0.000104,0.753702,0.000104,0.753702
2018-12-04,0.000147,0.740786,0.000147,0.740786
2018-12-05,7.5e-05,0.728802,7.5e-05,0.728802
2018-12-06,3.3e-05,0.718804,3.3e-05,0.718804
2018-12-07,1.2e-05,0.70564,1.2e-05,0.70564
2018-12-08,4.8e-05,0.69433,4.8e-05,0.69433
2018-12-09,5.1e-05,0.677168,5.1e-05,0.677168
2018-12-10,8e-05,0.671458,8e-05,0.671458
2018-12-11,1e-06,0.646187,1e-06,0.646187
2018-12-12,0.0,0.699097,0.0,0.699097
2018-12-13,0.0,1.926472,0.0,1.926472
2018-12-14,0.363539,3.739314,0.363539,3.739314
2018-12-15,0.004484,2.306204,0.004484,2.306204
2018-12-16,1.2e-05,0.594694,1.2e-05,0.594694
2018-12-17,4e-06,0.588964,4e-06,0.588964
2018-12-18,0.076247,2.393481,0.076247,2.393481
2018-12-19,0.411186,1.942107,0.411186,1.942107
2018-12-20,0.469936,2.220469,0.469936,2.220469
2018-12-21,0.002513,0.610619,0.002513,0.610619
2018-12-22,0.0,0.535709,0.0,0.535709
2018-12-23,0.0,0.528364,0.0,0.528364
2018-12-24,0.0,0.522838,0.0,0.522838
2018-12-25,0.0,0.508874,0.0,0.508874
2018-12-26,0.0,0.504041,0.0,0.504041
2018-12-27,0.0,0.487549,0.0,0.487549
2018-12-28,0.0,0.491398,0.0,0.491398
2018-12-29,0.0,0.490813,0.0,0.490813
2018-12-30,0.0,0.474745,0.0,0.474745
2018-12-31,0.0,0.45888,0.0,0.45888
2019-01-01,0.0,0.461693,0.0,0.461693
2019-01-02,0.0,0.521022,0.0,0.521022
2019-01-03,4.890584,10.112792,4.890584,10.112792
2019-01-04,0.03333,1.587929,0.03333,1.587929
2019-01-05,5.164662,0.465647,5.164662,0.465647
2019-01-06,0.0,0.430932,0.0,0.430932
2019-01-07,0.0,0.412977,0.0,0.412977
2019-01-08,0.0,0.426841,0.0,0.426841
2019-01-09,0.0,0.9101,0.0,0.9101
2019-01-10,0.0,0.40419,0.0,0.40419
2019-01-11,0.0,0.400357,0.0,0.400357
2019-01-12,0.0,0.393482,0.0,0.393482
2019-01-13,0.0,0.393462,0.0,0.393462
2019-01-14,0.0,0.386914,0.0,0.386914
2019-01-15,0.0,0.384403,0.0,0.384403
2019-01-16,0.0,0.379427,0.0,0.379427
2019-01-17,0.0,0.374473,0.0,0.374473
2019-01-18,0.0,0.364855,0.0,0.364855
2019-01-19,0.0,0.370909,0.0,0.370909
2019-01-20,0.0,0.356117,0.0,0.356117
2019-01-21,0.0,0.357923,0.0,0.357923
2019-01-22,0.0,0.352539,0.0,0.352539
2019-01-23,0.0,0.357305,0.0,0.357305
2019-01-24,0.0,0.350336,0.0,0.350336
2019-01-25,0.0,0.337963,0.0,0.337963
2019-01-26,0.0,0.337466,0.0,0.337466
2019-01-27,0.0,0.329088,0.0,0.329088
2019-01-28,0.0,0.329213,0.0,0.329213
2019-01-29,0.0,0.324264,0.0,0.324264
2019-01-30,0.0,0.320903,0.0,0.320903
2019-01-31,0.0,0.323099,0.0,0.323099
2019-02-01,0.0,0.316142,0.0,0.316142
2019-02-02,0.0,0.308099,0.0,0.308099
2019-02-03,0.0,0.30621,0.0,0.30621
2019-02-04,0.0,0.30575,0.0,0.30575
2019-02-05,0.0,0.300892,0.0,0.300892
2019-02-06,0.0,0.297475,0.0,0.297475
2019-02-07,0.0,0.284707,0.0,0.284707
2019-02-08,0.0,0.289233,0.0,0.289233
2019-02-09,0.0,0.2836,0.0,0.2836
2019-02-10,0.0,0.283543,0.0,0.283543
2019-02-11,0.0,0.276431,0.0,0.276431
2019-02-12,0.0,0.267086,0.0,0.267086
2019-02-13,0.0,0.272247,0.0,0.272247
2019-02-14,0.0,0.265375,0.0,0.265375
2019-02-15,0.0,0.267265,0.0,0.267265
2019-02-16,0.0,0.252428,0.0,0.252428
2019-02-17,0.0,0.253925,0.0,0.253925
2019-02-18,0.0,0.250154,0.0,0.250154
2019-02-19,0.0,0.247868,0.0,0.247868
2019-02-20,0.0,0.24222,0.0,0.24222
2019-02-21,0.0,0.301068,0.0,0.301068
2019-02-22,0.0,0.467531,0.0,0.467531
2019-02-23,0.0,1.761492,0.0,1.761492
2019-02-24,0.0,0.230698,0.0,0.230698
2019-02-25,0.0,0.229442,0.0,0.229442
2019-02-26,0.0,0.270888,0.0,0.270888
2019-02-27,0.0,0.220685,0.0,0.220685
2019-02-28,0.0,0.219623,0.0,0.219623
2019-03-01,0.0,0.214517,0.0,0.214517
2019-03-02,0.0,0.211027,0.0,0.211027
2019-03-03,0.0,0.212727,0.0,0.212727
2019-03-04,0.0,0.203846,0.0,0.203846
2019-03-05,0.0,0.209922,0.0,0.209922
2019-03-06,0.0,0.201318,0.0,0.201318
2019-03-07,0.0,0.203901,0.0,0.203901
2019-03-08,0.0,0.196149,0.0,0.196149
2019-03-09,0.0,0.19161,0.0,0.19161
2019-03-10,0.0,0.193716,0.0,0.193716
2019-03-11,0.0,0.189115,0.0,0.189115
2019-03-12,0.0,0.188224,0.0,0.188224
2019-03-13,0.0,0.186858,0.0,0.186858
2019-03-14,0.0,0.178124,0.0,0.178124
2019-03-15,0.0,0.181854,0.0,0.181854
2019-03-16,0.0,0.177525,0.0,0.177525
2019-03-17,0.0,0.172082,0.0,0.172082
2019-03-18,0.0,0.177308,0.0,0.177308
2019-03-19,0.0,0.166286,0.0,0.166286
2019-03-20,0.0,0.164012,0.0,0.164012
2019-03-21,0.0,0.168947,0.0,0.168947
2019-03-22,0.0,0.165169,0.0,0.165169
2019-03-23,0.0,0.161467,0.0,0.161467
2019-03-24,0.0,0.158525,0.0,0.158525
2019-03-25,0.0,0.156228,0.0,0.156228
2019-03-26,0.0,0.166656,0.0,0.166656
2019-03-27,0.0,0.154635,0.0,0.154635
2019-03-28,0.0,0.150007,0.0,0.150007
2019-03-29,0.0,0.151595,0.0,0.151595
2019-03-30,0.0,0.143317,0.0,0.143317
2019-03-31,0.0,0.149665,0.0,0.149665
2019-04-01,0.0,0.145413,0.0,0.145413
2019-04-02,0.0,0.143573,0.0,0.143573
2019-04-03,0.0,0.146784,0.0,0.146784
2019-04-04,0.0,0.348237,0.0,0.348237
2019-04-05,0.0,0.13745,0.0,0.13745
2019-04-06,0.0,0.139078,0.0,0.139078
2019-04-07,0.0,0.135501,0.0,0.135501
2019-04-08,0.0,0.136093,0.0,0.136093
2019-04-09,0.0,0.133558,0.0,0.133558
2019-04-10,0.0,0.149899,0.0,0.149899
2019-04-11,0.0,0.17758,0.0,0.17758
2019-04-12,0.0,11.417859,0.0,11.417859
2019-04-13,0.0,16.565884,0.0,16.565884
2019-04-14,0.0,18.716868,0.0,18.716868
2019-04-15,0.0,17.331645,0.0,17.331645
2019-04-16,0.0,21.531151,0.0,21.531151
2019-04-17,22.680321,11.024733,22.680321,11.024733
2019-04-18,14.27786,9.993235,14.27786,9.993235
2019-04-19,57.76201,26.086102,57.76201,26.086102
2019-04-20,3.435571,2.567265,3.435571,2.567265
2019-04-21,0.0,0.125842,0.0,0.125842
2019-04-22,0.0,0.117244,0.0,0.117244
2019-04-23,0.0,0.112254,0.0,0.112254
2019-04-24,0.07793,10.515805,0.07793,10.515805
2019-04-25,2.977154,24.643166,2.977154,24.643166
2019-04-26,69.149882,24.065079,69.149882,24.065079
2019-04-27,126.997668,61.590506,126.997668,61.590506
2019-04-28,131.140441,56.396297,131.140441,56.396297
2019-04-29,59.747898,36.482207,59.747898,36.482207
2019-04-30,56.336084,39.466754,56.336084,39.466754
2019-05-01,17.431907,19.290339,17.431907,19.290339
2019-05-02,4.940525,4.069582,4.940525,4.069582
2019-05-03,3.956613,12.490755,3.956613,12.490755
2019-05-04,13.19841,25.668632,13.19841,25.668632
2019-05-05,1.430566,7.270036,1.430566,7.270036
2019-05-06,11.977801,34.408218,11.977801,34.408218
2019-05-07,0.078329,26.43252,0.078329,26.43252
2019-05-08,0.638889,14.278761,0.638889,14.278761
2019-05-09,0.025427,14.418821,0.025427,14.418821
2019-05-10,0.055868,10.967937,0.055868,10.967937
2019-05-11,1.147753,12.138104,1.147753,12.138104
2019-05-12,0.002606,28.828102,0.002606,28.828102
2019-05-13,0.000772,36.216137,0.000772,36.216137
2019-05-14,0.000416,54.693218,0.000416,54.693218
2019-05-15,8.472031,53.78995,8.472031,53.78995
2019-05-16,16.912732,41.389462,16.912732,41.389462
2019-05-17,25.507829,62.860516,25.507829,62.860516
2019-05-18,30.085169,42.365258,30.085169,42.365258
2019-05-19,15.715689,48.171467,15.715689,48.171467
2019-05-20,12.454156,45.90597,12.454156,45.90597
2019-05-21,22.290206,27.427304,22.290206,27.427304
2019-05-22,25.719345,45.971306,25.719345,45.971306
2019-05-23,23.139592,33.724868,23.139592,33.724868
2019-05-24,35.138819,50.9912,35.138819,50.9912
2019-05-25,35.896011,53.723473,35.896011,53.723473
2019-05-26,16.301536,44.051949,16.301536,44.051949
2019-05-27,4.729147,14.008722,4.729147,14.008722
2019-05-28,2.629415,34.493108,2.629415,34.493108
2019-05-29,4.788592,45.354937,4.788592,45.354937
2019-05-30,7.252375,34.304152,7.252375,34.304152
2019-05-31,0.182077,31.426168,0.182077,31.426168
2019-06-01,6.121985,42.455525,6.121985,42.455525
2019-06-02,13.072346,33.595258,13.072346,33.595258
2019-06-03,17.930705,40.058966,17.930705,40.058966
2019-06-04,19.414751,39.540783,19.414751,39.540783
2019-06-05,22.474693,39.13585,22.474693,39.13585
2019-06-06,20.570961,34.88414,20.570961,34.88414
2019-06-07,25.514747,30.240821,25.514747,30.240821
2019-06-08,28.617918,31.68341,28.617918,31.68341
2019-06-09,28.371097,30.611649,28.371097,30.611649
2019-06-10,51.516367,27.780594,51.516367,27.780594
2019-06-11,30.908678,31.769818,30.908678,31.769818
2019-06-12,57.773474,34.636493,57.773474,34.636493
2019-06-13,61.812794,34.489123,61.812794,34.489123
2019-06-14,49.915113,25.600416,49.915113,25.600416
2019-06-15,50.408582,26.100949,50.408582,26.100949
2019-06-16,54.482027,28.901826,54.482027,28.901826
2019-06-17,51.083077,26.028978,51.083077,26.028978
2019-06-18,47.172187,20.677484,47.172187,20.677484
2019-06-19,28.758405,19.070486,28.758405,19.070486
2019-06-20,35.585114,18.02585,35.585114,18.02585
2019-06-21,38.242322,18.699939,38.242322,18.699939
2019-06-22,20.928213,20.479013,20.928213,20.479013
2019-06-23,34.231939,22.51824,34.231939,22.51824
2019-06-24,33.392984,29.052754,33.392984,29.052754
2019-06-25,23.439078,27.768678,23.439078,27.768678
2019-06-26,16.206623,28.280912,16.206623,28.280912
2019-06-27,23.178133,28.6634,23.178133,28.6634
2019-06-28,26.097541,27.762475,26.097541,27.762475
2019-06-29,21.486661,27.656809,21.486661,27.656809
2019-06-30,38.856228,23.412853,38.856228,23.412853
2019-07-01,20.864676,26.388486,20.864676,26.388486
2019-07-02,17.198909,25.434346,17.198909,25.434346
2019-07-03,16.535674,28.424986,16.535674,28.424986
2019-07-04,29.396035,25.315616,29.396035,25.315616
2019-07-05,18.281029,26.17004,18.281029,26.17004
2019-07-06,20.554183,30.926501,20.554183,30.926501
2019-07-07,45.855923,23.940556,45.855923,23.940556
2019-07-08,51.366681,24.122253,51.366681,24.122253
2019-07-09,21.281126,14.586619,21.281126,14.586619
2019-07-10,8.451943,11.942781,8.451943,11.942781
2019-07-11,9.106589,18.305755,9.106589,18.305755
2019-07-12,9.455261,28.567077,9.455261,28.567077
2019-07-13,9.668832,21.967093,9.668832,21.967093
2019-07-14,11.966543,15.983166,11.966543,15.983166
2019-07-15,10.303727,16.125972,10.303727,16.125972
2019-07-16,9.745384,20.4266,9.745384,20.4266
2019-07-17,9.517163,19.037559,9.517163,19.037559
2019-07-18,9.849421,14.933488,9.849421,14.933488
2019-07-19,8.559002,16.84316,8.559002,16.84316
2019-07-20,11.486832,21.517545,11.486832,21.517545
2019-07-21,11.159223,19.395499,11.159223,19.395499
2019-07-22,12.270915,20.835848,12.270915,20.835848
2019-07-23,14.138489,18.110675,14.138489,18.110675
2019-07-24,18.164106,19.926776,18.164106,19.926776
2019-07-25,13.799753,24.536199,13.799753,24.536199
2019-07-26,3.096216,28.778596,3.096216,28.778596
2019-07-27,24.762224,58.302381,24.762224,58.302381
2019-07-28,43.14344,127.928577,43.14344,127.928577
2019-07-29,77.711901,55.917829,77.711901,55.917829
2019-07-30,24.09134,15.103945,24.09134,15.103945
2019-07-31,13.897783,12.680871,13.897783,12.680871
2019-08-01,15.092945,13.900039,15.092945,13.900039
2019-08-02,14.861309,15.151581,14.861309,15.151581
2019-08-03,14.877025,17.731196,14.877025,17.731196
2019-08-04,7.888107,18.671468,7.888107,18.671468
2019-08-05,7.237933,16.191506,7.237933,16.191506
2019-08-06,5.378106,14.174404,5.378106,14.174404
2019-08-07,4.050992,15.185975,4.050992,15.185975
2019-08-08,3.520335,15.533095,3.520335,15.533095
2019-08-09,3.071882,15.775271,3.071882,15.775271
2019-08-10,2.757591,16.171553,2.757591,16.171553
2019-08-11,2.125565,25.000687,2.125565,25.000687
2019-08-12,0.294372,24.994256,0.294372,24.994256
2019-08-13,0.263696,18.951718,0.263696,18.951718
2019-08-14,0.160427,17.635881,0.160427,17.635881
2019-08-15,1.448246,17.900624,1.448246,17.900624
2019-08-16,1.897425,15.900658,1.897425,15.900658
2019-08-17,2.050219,13.741651,2.050219,13.741651
2019-08-18,1.920302,12.969771,1.920302,12.969771
2019-08-19,1.678638,13.769523,1.678638,13.769523
2019-08-20,1.537868,11.271452,1.537868,11.271452
2019-08-21,0.901638,9.772121,0.901638,9.772121
2019-08-22,0.626403,11.758574,0.626403,11.758574
2019-08-23,3.736501,20.568641,3.736501,20.568641
2019-08-24,25.235094,15.695589,25.235094,15.695589
2019-08-25,1.423573,6.135616,1.423573,6.135616
2019-08-26,33.686587,14.793612,33.686587,14.793612
2019-08-27,15.003554,9.657683,15.003554,9.657683
2019-08-28,11.902971,7.657032,11.902971,7.657032
2019-08-29,1.704349,7.280053,1.704349,7.280053
2019-08-30,0.520115,5.623516,0.520115,5.623516
2019-08-31,3.356278,8.07619,3.356278,8.07619
2019-09-01,7.436409,0.0,7.436409,0.0
2019-09-02,0.967096,0.0,0.967096,0.0
2019-09-03,0.082937,0.0,0.082937,0.0
2019-09-04,0.007113,0.0,0.007113,0.0
2019-09-05,0.035219,0.0,0.035219,0.0
2019-09-06,0.016901,0.0,0.016901,0.0
2019-09-07,43.300579,0.0,43.300579,0.0
2019-09-08,29.432739,0.0,29.432739,0.0
2019-09-09,2.405349,0.0,2.405349,0.0
2019-09-10,2.126934,0.0,2.126934,0.0
2019-09-11,0.784038,0.0,0.784038,0.0
2019-09-12,0.033951,0.0,0.033951,0.0
2019-09-13,0.049539,0.0,0.049539,0.0
2019-09-14,0.006588,0.0,0.006588,0.0
2019-09-15,0.010808,0.0,0.010808,0.0
2019-09-16,0.008557,0.0,0.008557,0.0
2019-09-17,0.146886,0.0,0.146886,0.0
2019-09-18,0.011115,0.0,0.011115,0.0
2019-09-19,0.035985,0.0,0.035985,0.0
2019-09-20,6.278227,0.0,6.278227,0.0
2019-09-21,1.631178,0.0,1.631178,0.0
2019-09-22,24.049602,0.0,24.049602,0.0
2019-09-23,104.056298,0.0,104.056298,0.0
2019-09-24,33.077629,0.0,33.077629,0.0
2019-09-25,45.597402,0.0,45.597402,0.0
2019-09-26,26.438691,0.0,26.438691,0.0
2019-09-27,0.586731,0.0,0.586731,0.0
2019-09-28,0.388676,0.0,0.388676,0.0
2019-09-29,1.364558,0.0,1.364558,0.0
2019-09-30,0.028149,0.0,0.028149,0.0
2019-10-01,0.007394,0.0,0.007394,0.0
2019-10-02,0.075522,0.0,0.075522,0.0
2019-10-03,0.785208,0.0,0.785208,0.0
2019-10-04,0.957648,0.0,0.957648,0.0
2019-10-05,14.053397,0.0,14.053397,0.0
2019-10-06,40.390912,0.0,40.390912,0.0
2019-10-07,13.749681,0.0,13.749681,0.0
2019-10-08,8.563666,0.0,8.563666,0.0
2019-10-09,0.069982,0.0,0.069982,0.0
2019-10-10,0.020836,0.0,0.020836,0.0
2019-10-11,0.002111,0.0,0.002111,0.0
2019-10-12,0.003684,0.0,0.003684,0.0
2019-10-13,0.002503,0.0,0.002503,0.0
2019-10-14,0.002563,0.0,0.002563,0.0
2019-10-15,0.002813,0.0,0.002813,0.0
2019-10-16,0.002928,0.0,0.002928,0.0
2019-10-17,0.001584,0.0,0.001584,0.0
2019-10-18,0.009421,0.0,0.009421,0.0
2019-10-19,0.009098,0.0,0.009098,0.0
2019-10-20,0.002296,0.0,0.002296,0.0
2019-10-21,0.000795,0.0,0.000795,0.0
2019-10-22,0.000394,0.0,0.000394,0.0
2019-10-23,0.000517,0.0,0.000517,0.0
2019-10-24,0.000391,0.0,0.000391,0.0
2019-10-25,0.000216,0.0,0.000216,0.0
2019-10-26,1.558944,0.0,1.558944,0.0
2019-10-27,0.000322,0.0,0.000322,0.0
2019-10-28,0.018616,0.0,0.018616,0.0
2019-10-29,0.000337,0.0,0.000337,0.0
2019-10-30,0.000913,0.0,0.000913,0.0
2019-10-31,0.000265,0.0,0.000265,0.0
2019-11-01,0.000183,0.0,0.000183,0.0
2019-11-02,0.000269,0.0,0.000269,0.0
2019-11-03,0.000177,0.0,0.000177,0.0
2019-11-04,0.000176,0.0,0.000176,0.0
2019-11-05,0.000174,0.0,0.000174,0.0
2019-11-06,0.000169,0.0,0.000169,0.0
2019-11-07,0.000186,0.0,0.000186,0.0
2019-11-08,0.000169,0.0,0.000169,0.0
2019-11-09,0.000179,0.0,0.000179,0.0
2019-11-10,0.000177,0.0,0.000177,0.0
2019-11-11,0.000174,0.0,0.000174,0.0
2019-11-12,0.000174,0.0,0.000174,0.0
2019-11-13,0.000177,0.0,0.000177,0.0
2019-11-14,0.000168,0.0,0.000168,0.0
2019-11-15,0.000155,0.0,0.000155,0.0
2019-11-16,0.000177,0.0,0.000177,0.0
2019-11-17,0.000177,0.0,0.000177,0.0
2019-11-18,0.00017,0.0,0.00017,0.0
2019-11-19,0.000198,0.0,0.000198,0.0
2019-11-20,0.000175,0.0,0.000175,0.0
2019-11-21,0.000173,0.0,0.000173,0.0
2019-11-22,0.000169,0.0,0.000169,0.0
2019-11-23,0.000176,0.0,0.000176,0.0
2019-11-24,0.000181,0.0,0.000181,0.0
2019-11-25,0.000172,0.0,0.000172,0.0
2019-11-26,0.000169,0.0,0.000169,0.0
2019-11-27,0.000169,0.0,0.000169,0.0
2019-11-28,0.000184,0.0,0.000184,0.0
2019-11-29,0.000205,0.0,0.000205,0.0
2019-11-30,0.000205,0.0,0.000205,0.0
2019-12-01,0.000189,0.0,0.000189,0.0
2019-12-02,0.00018,0.0,0.00018,0.0
2019-12-03,0.325182,0.0,0.325182,0.0
2019-12-04,0.000175,0.0,0.000175,0.0
2019-12-05,0.00016,0.0,0.00016,0.0
2019-12-06,0.000122,0.0,0.000122,0.0
2019-12-07,0.0,0.0,0.0,0.0
2019-12-08,0.0,0.0,0.0,0.0
2019-12-09,0.0,0.0,0.0,0.0
2019-12-10,0.0,0.0,0.0,0.0
2019-12-11,0.0,0.0,0.0,0.0
2019-12-12,0.0,0.0,0.0,0.0
2019-12-13,0.0,0.0,0.0,0.0
2019-12-14,0.0,0.0,0.0,0.0
2019-12-15,2.3e-05,0.0,2.3e-05,0.0
2019-12-16,0.000494,0.0,0.000494,0.0
2019-12-17,6.8e-05,0.0,6.8e-05,0.0
2019-12-18,0.000139,0.0,0.000139,0.0
2019-12-19,0.0,0.0,0.0,0.0
2019-12-20,0.0,0.0,0.0,0.0
2019-12-21,0.0,0.0,0.0,0.0
2019-12-22,0.0,0.0,0.0,0.0
2019-12-23,0.0,0.0,0.0,0.0
2019-12-24,0.0,0.0,0.0,0.0
2019-12-25,0.0,0.0,0.0,0.0
2019-12-26,0.0,0.0,0.0,0.0
2019-12-27,0.0,0.0,0.0,0.0
2019-12-28,0.0,0.0,0.0,0.0
2019-12-29,0.0,0.0,0.0,0.0
2019-12-30,9e-06,0.0,9e-06,0.0
2019-12-31,0.0,0.0,0.0,0.0
