time,MAR_land,MAR_ice,RACMO_land,RACMO_ice
2015-01-01,2.442248,0.076511,0.326575,3.538268
2015-01-02,2.416593,0.008212,0.319980,3.517290
2015-01-03,2.389713,0.015809,0.317009,3.485095
2015-01-04,2.363499,0.014336,0.311600,3.463143
2015-01-05,2.338375,0.001362,0.306315,3.480712
2015-01-06,2.312852,0.001702,0.301838,3.470540
2015-01-07,2.293704,0.001449,0.296639,3.464661
2015-01-08,2.273461,0.002790,0.291079,3.473542
2015-01-09,2.253245,0.003455,0.290562,3.441825
2015-01-10,2.233422,0.001356,0.282235,3.453163
2015-01-11,2.212833,0.001355,0.279140,3.420864
2015-01-12,2.196222,0.001962,0.270985,3.425672
2015-01-13,2.178276,0.003015,0.269854,3.438724
2015-01-14,2.160832,0.003289,0.268321,3.413166
2015-01-15,2.143545,0.001500,0.256117,3.477091
2015-01-16,2.124769,0.002398,0.257172,3.403943
2015-01-17,2.108947,0.003917,0.251900,3.408413
2015-01-18,2.091673,0.031325,0.563082,3.407029
2015-01-19,2.074523,0.034310,0.378943,3.404298
2015-01-20,2.057697,0.021130,0.239182,3.356332
2015-01-21,2.039958,0.016579,0.237156,3.393591
2015-01-22,2.025306,0.002879,0.232046,3.358731
2015-01-23,2.009222,0.001366,0.228197,3.378127
2015-01-24,1.993121,0.001383,0.226094,3.367263
2015-01-25,1.977087,0.001372,0.221452,3.352184
2015-01-26,1.959692,0.001901,0.219173,3.391732
2015-01-27,1.945131,0.002372,0.214972,3.346610
2015-01-28,1.929185,0.002601,0.212168,3.369871
2015-01-29,1.913342,0.003422,0.207836,3.335654
2015-01-30,1.897640,0.013526,0.205963,3.318506
2015-01-31,1.882412,0.050194,0.202918,3.317486
2015-02-01,1.866281,0.121667,0.200828,3.328865
2015-02-02,1.852953,0.014922,0.193368,3.349712
2015-02-03,1.838265,0.003797,0.199992,3.468180
2015-02-04,1.823551,0.003048,0.232858,3.276443
2015-02-05,1.808955,0.001386,0.186456,3.318750
2015-02-06,1.793192,0.001968,0.183316,3.321026
2015-02-07,1.780197,0.005150,2.853786,3.604232
2015-02-08,1.766522,0.013467,0.199771,3.300232
2015-02-09,1.752787,0.002808,0.178804,3.267704
2015-02-10,1.739234,0.001465,0.173021,3.246192
2015-02-11,1.724665,0.001290,0.170202,3.261574
2015-02-12,1.712890,0.000811,0.170908,3.246244
2015-02-13,1.700470,0.002089,0.167988,3.272698
2015-02-14,1.688071,0.016278,0.163591,3.234904
2015-02-15,1.675602,0.000862,0.162175,3.214161
2015-02-16,1.661919,0.000794,0.159796,3.215353
2015-02-17,1.650535,0.000796,0.157533,3.185267
2015-02-18,1.638082,0.000796,0.153442,3.241519
2015-02-19,1.625679,0.000794,0.150396,3.194458
2015-02-20,1.613237,0.000794,0.151328,3.193976
2015-02-21,1.599733,0.000793,0.145236,3.196676
2015-02-22,1.588289,0.001253,0.145211,3.181004
2015-02-23,1.575975,0.000964,0.140594,3.225289
2015-02-24,1.564212,0.003787,0.142899,3.175726
2015-02-25,1.553518,0.002397,0.135425,3.195201
2015-02-26,1.542558,0.001361,0.135945,3.204427
2015-02-27,1.534172,0.003821,0.130467,3.163702
2015-02-28,1.524743,0.001366,0.129381,3.179740
2015-03-01,1.514388,0.001738,0.128312,3.138689
2015-03-02,1.506390,0.019422,0.126143,3.127622
2015-03-03,1.497408,0.020244,0.123758,3.723050
2015-03-04,1.488691,0.019890,0.121590,3.137409
2015-03-05,1.480464,0.014361,0.119674,3.126184
2015-03-06,1.471287,0.000915,0.117514,3.108632
2015-03-07,1.464196,0.000795,0.116024,3.113942
2015-03-08,1.454049,0.000795,0.115120,3.119861
2015-03-09,1.443004,0.000795,0.113799,3.142958
2015-03-10,1.434762,0.000795,0.111918,3.107064
2015-03-11,1.425538,0.000794,0.108926,3.085455
2015-03-12,1.418158,0.000795,0.107755,3.077776
2015-03-13,1.409817,0.000795,0.107857,3.098565
2015-03-14,1.401555,0.000795,0.103273,3.112053
2015-03-15,1.393353,0.000795,0.101135,3.077078
2015-03-16,1.384451,0.000794,0.105737,3.045785
2015-03-17,1.377636,0.000795,0.101170,3.121193
2015-03-18,1.358906,0.000795,0.098113,3.067246
2015-03-19,1.343911,0.000795,0.104445,3.064592
2015-03-20,1.336348,0.000796,0.097079,3.065018
2015-03-21,1.327872,0.000795,0.095467,3.044063
2015-03-22,1.321420,0.000795,0.095517,3.055076
2015-03-23,1.314089,0.000795,0.095044,3.009182
2015-03-24,1.306771,0.000797,0.090357,3.017935
2015-03-25,1.299372,0.000709,0.091426,3.000161
2015-03-26,1.291042,0.000632,0.089814,2.993150
2015-03-27,1.284406,0.000691,0.088795,3.030570
2015-03-28,1.276852,0.000728,0.087335,2.994839
2015-03-29,1.269304,0.000720,0.086416,3.023395
2015-03-30,1.261691,0.000784,0.084235,2.964301
2015-03-31,1.254153,0.000738,0.085143,3.012248
2015-04-01,1.245830,0.000787,0.083670,2.971976
2015-04-02,1.239267,0.001640,0.080613,2.983170
2015-04-03,1.231797,0.001355,0.083142,3.000403
2015-04-04,1.224275,0.000681,0.077967,2.963475
2015-04-05,1.216851,0.000632,0.077997,2.980776
2015-04-06,1.208790,0.000804,0.079021,3.202665
2015-04-07,1.202646,0.000683,0.076420,2.956766
2015-04-08,1.195698,0.000689,0.076420,2.914391
2015-04-09,1.188824,0.000632,0.074845,2.919414
2015-04-10,1.182027,0.000632,0.076961,2.942954
2015-04-11,1.174436,0.000667,0.072755,2.933208
2015-04-12,1.168414,0.000919,0.072755,2.887700
2015-04-13,1.161565,0.000944,0.071686,2.934938
2015-04-14,1.154802,0.000784,0.337049,6.272279
2015-04-15,1.148142,0.000761,0.414906,4.465243
2015-04-16,1.140852,0.000873,0.143089,3.999135
2015-04-17,1.135199,0.000733,0.068577,2.916993
2015-04-18,1.128777,0.000963,0.228602,3.607656
2015-04-19,1.122522,0.001163,1.068015,5.341687
2015-04-20,1.116456,0.000694,0.492666,3.005795
2015-04-21,1.109789,0.000681,0.077244,2.896517
2015-04-22,1.105019,0.000632,0.651531,7.536712
2015-04-23,1.099522,0.001290,1.332205,6.931011
2015-04-24,1.094051,0.000797,0.292277,4.211510
2015-04-25,1.088575,0.000779,0.064896,3.991117
2015-04-26,1.082329,0.000699,0.124933,2.886723
2015-04-27,1.077596,0.000708,0.098522,2.836567
2015-04-28,1.072088,0.000697,0.957624,2.845051
2015-04-29,1.066532,0.000757,2.741061,2.856038
2015-04-30,1.060971,0.000745,2.072609,2.811845
2015-05-01,1.054650,0.000734,1.057549,2.808873
2015-05-02,1.049894,0.000913,0.061722,2.823645
2015-05-03,1.044553,0.001315,0.749715,2.838229
2015-05-04,1.039235,0.020843,4.878914,5.634334
2015-05-05,1.033959,0.003574,4.098781,6.007090
2015-05-06,1.027950,0.000798,5.502648,5.551119
2015-05-07,1.023402,0.067785,6.318362,7.804624
2015-05-08,1.018219,0.019564,5.791483,6.791934
2015-05-09,1.013080,0.000810,8.335636,7.397533
2015-05-10,1.008071,0.000795,8.697301,8.336850
2015-05-11,1.002768,0.000980,1.637537,3.867310
2015-05-12,0.999168,0.000976,0.075476,4.660540
2015-05-13,0.994943,0.000724,0.395010,4.598923
2015-05-14,0.990804,0.000632,0.267307,7.646652
2015-05-15,0.986732,0.000632,1.782021,7.314623
2015-05-16,0.982056,0.068486,2.940148,4.656631
2015-05-17,0.978490,0.012460,3.936160,4.166500
2015-05-18,0.975395,0.000641,7.458044,3.884556
2015-05-19,0.975701,0.000632,0.328499,5.697467
2015-05-20,0.971461,0.000632,3.028315,6.348966
2015-05-21,0.966274,0.000632,6.469254,4.137276
2015-05-22,0.962574,0.000634,0.332741,2.744982
2015-05-23,0.954003,0.000632,1.863459,5.038897
2015-05-24,0.946236,7.626859,2.547038,4.468059
2015-05-25,0.946896,9.110992,2.882924,5.041299
2015-05-26,0.944608,10.344935,4.628444,4.079312
2015-05-27,0.925006,10.370093,4.508632,4.275652
2015-05-28,0.895886,4.395672,6.417974,4.533031
2015-05-29,0.866178,0.489738,4.461943,5.696844
2015-05-30,0.850047,0.123009,1.444990,2.766801
2015-05-31,0.845391,0.124714,2.129705,5.355954
2015-06-01,0.846668,0.095532,0.682529,6.796977
2015-06-02,0.855038,3.409833,1.127897,4.868857
2015-06-03,0.866338,19.104367,1.849751,4.493348
2015-06-04,0.869778,33.394900,3.358515,4.339766
2015-06-05,0.859683,34.041103,5.167383,4.518504
2015-06-06,0.839941,41.850457,7.704883,5.023628
2015-06-07,0.826443,75.249169,8.689863,5.080454
2015-06-08,0.805751,57.524260,8.851272,5.405873
2015-06-09,0.839854,77.678271,10.165470,5.957985
2015-06-10,0.909598,79.046489,11.291228,6.408819
2015-06-11,1.060205,61.753936,13.403701,6.071397
2015-06-12,1.303865,98.565441,8.132022,6.677450
2015-06-13,1.566564,75.510648,13.137323,7.438930
2015-06-14,1.884616,80.977722,18.007722,9.604868
2015-06-15,2.288182,86.599387,15.388556,15.819744
2015-06-16,2.654125,241.669285,12.842152,56.927371
2015-06-17,3.626604,183.878538,15.414795,52.218351
2015-06-18,5.608446,157.205968,16.755676,59.555834
2015-06-19,7.776753,218.579221,15.458684,55.918860
2015-06-20,10.301196,162.049464,16.357308,67.352301
2015-06-21,13.358352,188.302333,16.620017,89.050851
2015-06-22,15.773384,235.394921,17.007585,98.502175
2015-06-23,17.888521,232.020113,16.050741,110.633703
2015-06-24,20.089978,219.666767,17.780669,118.106399
2015-06-25,22.578885,243.235851,15.425273,121.888807
2015-06-26,24.904954,275.100633,14.184107,126.593935
2015-06-27,27.688722,372.593693,15.163890,162.815986
2015-06-28,30.506896,368.546313,13.020988,197.762359
2015-06-29,36.205799,384.464043,14.924114,193.554245
2015-06-30,41.621811,245.959988,13.872463,176.225813
2015-07-01,45.055720,235.422170,14.397762,206.604295
2015-07-02,45.314567,283.342884,13.950863,233.436239
2015-07-03,45.360552,302.491300,11.477844,219.828814
2015-07-04,47.640196,353.258509,6.037001,202.430746
2015-07-05,49.787249,467.476002,6.916583,304.619657
2015-07-06,51.494533,488.958124,8.576560,320.901385
2015-07-07,51.165980,604.775337,7.233995,304.000772
2015-07-08,49.809706,337.175444,6.788852,284.394047
2015-07-09,47.802529,325.961536,6.667901,286.582511
2015-07-10,44.136123,304.765619,4.447982,98.931852
2015-07-11,40.795739,312.892555,14.761015,277.248895
2015-07-12,37.692409,247.715639,8.990088,244.402865
2015-07-13,35.027476,309.690636,5.134595,267.104360
2015-07-14,32.565975,349.602650,4.534309,312.257005
2015-07-15,30.547264,349.704688,4.426126,300.545115
2015-07-16,28.893846,390.602360,4.685351,336.317691
2015-07-17,27.939064,503.152322,4.462003,336.512850
2015-07-18,26.949241,376.989265,4.387218,290.269871
2015-07-19,26.072005,353.072361,4.485669,276.723389
2015-07-20,24.749587,364.306389,4.516147,289.758921
2015-07-21,23.427466,295.739938,3.942247,209.104596
2015-07-22,22.395833,272.520934,4.300994,268.727960
2015-07-23,21.279514,209.496567,4.508076,275.954912
2015-07-24,20.287146,257.459234,3.931795,208.280677
2015-07-25,19.124644,233.958629,4.002605,227.380921
2015-07-26,18.119739,252.867766,4.155894,246.040926
2015-07-27,17.251507,257.613081,3.815406,263.455031
2015-07-28,16.415388,355.536260,3.883116,245.990559
2015-07-29,15.679369,222.380937,3.463189,218.135953
2015-07-30,15.147701,204.913463,3.331223,213.674451
2015-07-31,14.572325,209.199359,3.222256,200.324281
2015-08-01,13.985026,249.712939,3.271029,191.049170
2015-08-02,13.461991,461.455054,3.726861,280.010272
2015-08-03,13.429019,561.140777,3.143122,233.726193
2015-08-04,12.788955,347.389106,3.403258,250.606058
2015-08-05,12.801573,293.187591,3.059914,225.296289
2015-08-06,12.576569,266.311595,3.275001,195.937765
2015-08-07,12.263671,259.637712,3.538288,202.459626
2015-08-08,11.895344,256.060361,2.966942,205.171250
2015-08-09,11.694277,666.261750,3.775344,452.833764
2015-08-10,11.221757,710.295665,3.291582,368.983413
2015-08-11,11.281663,445.005005,3.290272,288.659500
2015-08-12,11.425309,347.380647,4.210115,223.405361
2015-08-13,11.481226,311.024949,2.409472,176.331156
2015-08-14,11.293303,218.871488,2.113964,174.404130
2015-08-15,10.942663,223.895604,2.235779,157.183901
2015-08-16,10.515997,218.016033,2.254781,152.546120
2015-08-17,10.095711,189.526655,2.135386,148.057912
2015-08-18,9.722526,166.269482,2.202690,113.479558
2015-08-19,9.385748,216.746703,2.197953,154.208277
2015-08-20,9.044232,247.811508,2.345466,199.497177
2015-08-21,8.744733,171.799393,2.018668,101.352615
2015-08-22,8.609364,257.012693,2.465782,216.381430
2015-08-23,8.388559,212.948546,2.175000,183.075758
2015-08-24,8.223772,219.765589,2.000916,154.612546
2015-08-25,8.071067,167.704308,1.973391,98.426340
2015-08-26,8.000001,290.445603,1.976525,108.318195
2015-08-27,7.760551,175.001640,1.872017,70.330100
2015-08-28,7.754287,118.330197,1.873794,66.526769
2015-08-29,7.822403,331.739723,3.042323,309.388746
2015-08-30,7.559673,340.242649,3.589771,280.471170
2015-08-31,7.334163,373.237161,3.704870,213.986287
2015-09-01,7.393226,123.270015,2.178012,104.619214
2015-09-02,7.722695,411.522074,2.842228,154.087704
2015-09-03,7.583193,200.110916,2.856915,231.416464
2015-09-04,7.570204,509.832880,3.811664,325.544348
2015-09-05,7.417171,182.148156,2.766794,232.985067
2015-09-06,7.418128,603.814150,11.304848,403.261795
2015-09-07,7.192332,583.160061,11.580156,308.959129
2015-09-08,7.893499,184.691278,1.600756,99.389562
2015-09-09,8.854417,116.206671,0.932223,14.697022
2015-09-10,9.284850,161.694448,1.066592,19.661431
2015-09-11,9.435373,145.872412,1.148159,11.918092
2015-09-12,9.574254,194.921754,1.099798,26.897474
2015-09-13,9.681481,43.418145,1.120048,9.297562
2015-09-14,9.778284,35.948473,0.876100,10.634158
2015-09-15,9.841905,49.975192,1.026124,10.701022
2015-09-16,9.758399,32.994344,1.509443,9.340180
2015-09-17,9.474348,31.139267,1.741990,9.935609
2015-09-18,9.357418,24.071333,2.818990,23.822192
2015-09-19,9.305119,10.463198,1.845953,41.374304
2015-09-20,10.322693,8.778605,0.901297,23.197890
2015-09-21,8.772714,14.860592,2.390938,20.656944
2015-09-22,8.638071,69.749059,1.605599,49.368152
2015-09-23,8.118283,19.073907,0.748541,10.446031
2015-09-24,8.236941,39.336675,1.370349,15.162142
2015-09-25,7.887867,26.943631,0.760316,23.009393
2015-09-26,8.013131,23.827557,0.755966,15.954772
2015-09-27,7.655302,4.711266,0.893349,11.522727
2015-09-28,7.825106,5.699115,1.438869,6.107021
2015-09-29,7.693847,1.057675,0.923621,3.531144
2015-09-30,7.571130,0.026303,0.871070,3.971664
2015-10-01,7.539516,0.004686,0.753271,3.469014
2015-10-02,7.502865,0.056925,0.749534,3.483931
2015-10-03,7.467144,0.255475,0.748580,3.440007
2015-10-04,7.433592,0.769509,0.744463,3.449159
2015-10-05,7.389060,0.143784,0.739939,3.435361
2015-10-06,8.082853,0.019071,0.740871,4.168189
2015-10-07,7.607879,1.336462,0.809847,4.110734
2015-10-08,7.177455,0.292553,0.762980,3.811810
2015-10-09,7.085273,0.050900,1.152660,3.534647
2015-10-10,6.982003,0.061913,1.483608,3.350835
2015-10-11,6.897577,9.598908,4.305662,4.274942
2015-10-12,6.820740,58.346223,2.091068,4.312943
2015-10-13,6.349910,9.846507,1.052361,3.313419
2015-10-14,6.082308,0.658841,1.010113,3.760018
2015-10-15,6.235326,15.865803,2.149482,4.501665
2015-10-16,6.183901,3.130548,1.359674,4.203891
2015-10-17,6.293300,0.678174,1.078089,3.297304
2015-10-18,6.454685,0.105015,0.810294,3.315590
2015-10-19,6.647791,0.083980,0.825969,3.271206
2015-10-20,6.822415,0.018202,0.839996,3.279889
2015-10-21,6.956326,0.002900,0.851564,3.292980
2015-10-22,7.057074,0.024837,0.856072,3.247988
2015-10-23,7.112527,0.043919,0.858225,3.247351
2015-10-24,7.131027,0.031022,0.861661,3.267509
2015-10-25,7.120588,0.003306,0.859797,3.228089
2015-10-26,7.080700,0.007276,0.966152,3.216499
2015-10-27,7.030102,0.023387,1.444296,3.232420
2015-10-28,6.958338,0.203479,0.856823,3.198591
2015-10-29,6.872135,0.084305,2.247447,3.615419
2015-10-30,6.772812,0.047266,1.792128,3.445404
2015-10-31,6.674189,0.019897,1.220314,3.170362
2015-11-01,6.566024,0.061569,1.385645,3.182092
2015-11-02,6.452676,0.008786,0.921259,3.145579
2015-11-03,6.325341,0.011603,0.923725,4.293063
2015-11-04,6.197487,0.023783,0.927134,3.172211
2015-11-05,6.072192,0.016110,0.931187,3.159412
2015-11-06,5.948183,0.000605,1.122747,3.165259
2015-11-07,5.845170,0.002119,0.924429,3.147293
2015-11-08,5.743094,0.056909,0.917228,3.150179
2015-11-09,5.644171,0.166408,0.916029,3.094323
2015-11-10,5.546759,0.132413,0.909645,3.148556
2015-11-11,5.447001,0.132727,0.902849,3.128950
2015-11-12,5.355490,0.247263,0.895076,3.105191
2015-11-13,5.261003,1.106395,0.891048,3.111906
2015-11-14,5.169214,1.173945,0.882893,3.129404
2015-11-15,5.079790,0.700924,0.876913,3.110752
2015-11-16,4.989747,0.680887,0.867587,3.094135
2015-11-17,4.907576,0.062159,0.859099,3.083789
2015-11-18,4.822301,0.027683,0.853617,3.100676
2015-11-19,4.741672,0.049653,0.843378,3.081538
2015-11-20,4.662701,0.004198,0.871887,3.198505
2015-11-21,4.581517,0.004978,0.826870,3.128074
2015-11-22,4.507198,0.000111,0.883540,3.076351
2015-11-23,4.431354,0.000000,0.809162,3.045915
2015-11-24,4.364119,0.023829,0.809682,3.061323
2015-11-25,4.299942,0.069920,0.791306,3.062849
2015-11-26,4.234707,0.005219,0.782120,3.051347
2015-11-27,4.175986,0.021356,0.773065,3.038510
2015-11-28,4.114905,0.015117,0.763876,3.027167
2015-11-29,4.056381,0.000141,0.754381,3.030535
2015-11-30,3.998110,0.000000,0.746549,3.032326
2015-12-01,3.937614,0.000000,0.737079,3.032458
2015-12-02,3.883709,0.000000,0.728615,3.012686
2015-12-03,3.827532,0.000000,0.719713,3.016744
2015-12-04,3.772362,0.000000,0.708896,2.972159
2015-12-05,3.717512,0.000000,0.700332,3.003785
2015-12-06,3.660880,0.000000,0.690012,2.957386
2015-12-07,3.610782,0.000000,0.679526,2.993218
2015-12-08,3.558997,0.000000,0.674700,2.975201
2015-12-09,3.507859,0.000000,0.705676,2.974016
2015-12-10,3.458190,0.000000,0.654052,2.959679
2015-12-11,3.407972,0.000000,0.644312,2.949216
2015-12-12,3.362944,0.000000,0.637702,2.935226
2015-12-13,3.317478,0.000000,0.626600,2.922817
2015-12-14,3.272791,0.011181,0.617286,2.932890
2015-12-15,3.228936,0.095890,0.612478,2.929168
2015-12-16,3.183754,0.129725,0.600946,2.914234
2015-12-17,3.144388,0.111590,0.663782,2.907851
2015-12-18,3.106307,0.105844,0.584696,2.916054
2015-12-19,3.070382,0.069940,0.576105,2.882424
2015-12-20,3.036454,0.068982,0.568995,2.898224
2015-12-21,3.000516,0.068919,0.562060,2.889527
2015-12-22,2.969830,0.069167,0.553606,2.886492
2015-12-23,2.937971,0.068997,0.544321,2.846814
2015-12-24,2.906375,0.021691,0.538855,2.869911
2015-12-25,2.875323,0.000021,0.529268,2.882704
2015-12-26,2.842169,0.018090,0.525409,2.849074
2015-12-27,2.813155,0.035235,0.517732,2.830794
2015-12-28,2.782583,0.024481,0.512052,2.832696
2015-12-29,2.752351,0.000169,0.502522,2.851870
2015-12-30,2.722431,0.000000,0.497585,2.815764
2015-12-31,2.692837,0.000000,0.489121,2.834708
2016-01-01,2.698455,0.005285,0.482918,2.838444
2016-01-02,2.671269,0.005628,0.477182,2.806472
2016-01-03,2.642171,0.006504,0.470574,2.823725
2016-01-04,2.595478,0.099860,0.464197,2.817197
2016-01-05,2.547909,0.521381,0.458482,2.753855
2016-01-06,2.518553,0.527946,0.450404,3.199826
2016-01-07,2.493588,0.525279,0.816781,2.831498
2016-01-08,2.467316,0.420362,0.473896,2.777610
2016-01-09,2.441091,0.009873,0.434274,2.754170
2016-01-10,2.414728,0.002544,0.430426,2.777322
2016-01-11,2.386996,0.002542,0.425277,2.774242
2016-01-12,2.362959,0.002544,0.419682,2.736947
2016-01-13,2.338024,0.002544,0.412055,2.770849
2016-01-14,2.313751,0.002544,0.409490,2.762270
2016-01-15,2.289878,0.002544,0.405199,2.748283
2016-01-16,2.265408,0.002542,0.490050,2.741946
2016-01-17,2.244390,0.039060,0.403999,2.719151
2016-01-18,2.222155,0.003723,0.389825,2.767020
2016-01-19,2.200412,0.002587,0.778775,2.715045
2016-01-20,2.179201,0.090010,2.579958,2.681565
2016-01-21,2.153745,0.161258,3.939834,2.763286
2016-01-22,2.132105,0.161557,1.099548,2.728977
2016-01-23,2.114771,0.161309,0.407066,2.686345
2016-01-24,2.097450,0.161503,0.372258,2.670306
2016-01-25,2.080259,0.161547,0.368170,2.659840
2016-01-26,2.061878,0.160886,0.363066,2.680485
2016-01-27,2.046863,0.111379,0.362263,2.670109
2016-01-28,2.030703,0.003454,0.360933,2.645157
2016-01-29,2.014630,0.002541,0.356126,2.668729
2016-01-30,1.998659,0.002541,0.356855,6.433940
2016-01-31,1.982651,0.046930,0.350783,2.624866
2016-02-01,1.965338,0.163695,0.350999,2.642246
2016-02-02,1.950717,0.218287,0.347160,2.635494
2016-02-03,1.934814,0.336937,0.349578,2.599021
2016-02-04,1.919108,0.183412,0.343039,2.568920
2016-02-05,1.903693,0.165802,0.341013,2.505981
2016-02-06,1.887174,0.023477,0.339630,2.553408
2016-02-07,1.873504,0.002561,0.334761,2.532490
2016-02-08,1.858639,0.002544,0.334952,2.494338
2016-02-09,1.843899,0.002544,0.331028,2.539664
2016-02-10,1.829370,0.002544,0.329002,2.526899
2016-02-11,1.813571,0.002542,0.327129,2.505930
2016-02-12,1.800214,0.002544,0.325394,2.519456
2016-02-13,1.785704,0.002544,0.321028,2.524163
2016-02-14,1.771483,0.002544,0.321584,2.482189
2016-02-15,1.757975,0.002544,0.317405,2.470721
2016-02-16,1.743393,0.002542,0.315091,2.475200
2016-02-17,1.731281,0.002544,0.311520,2.502877
2016-02-18,1.717757,0.002544,0.310564,2.502947
2016-02-19,1.704298,0.002544,0.308426,2.441587
2016-02-20,1.691340,0.002544,0.304925,2.495954
2016-02-21,1.677573,0.002542,0.304374,2.454889
2016-02-22,1.666406,0.002544,0.304374,2.468769
2016-02-23,1.654119,0.002544,0.298230,2.450402
2016-02-24,1.641712,0.002050,0.300514,2.475224
2016-02-25,1.629392,0.001541,0.294990,2.449346
2016-02-26,1.616079,0.001537,0.291808,2.461381
2016-02-27,1.605319,0.001540,0.289279,2.878922
2016-02-28,1.593660,0.001536,0.448528,2.450616
2016-02-29,1.576192,0.001536,0.377483,2.471370
2016-03-01,1.561444,0.001538,0.282901,3.085137
2016-03-02,1.550991,0.001537,0.281857,2.543398
2016-03-03,1.539597,0.001536,0.288571,2.451322
2016-03-04,1.528404,0.001535,0.281031,2.948820
2016-03-05,1.517484,0.001536,0.274962,2.896551
2016-03-06,1.505861,0.001533,0.275242,2.441285
2016-03-07,1.496364,0.001533,0.268217,2.411813
2016-03-08,1.485903,0.001534,0.268569,2.403945
2016-03-09,1.475412,0.001341,0.265903,2.401936
2016-03-10,1.465408,0.001245,0.293237,2.405103
2016-03-11,1.455336,0.001244,0.262481,2.419250
2016-03-12,1.447596,0.001244,0.259360,2.393270
2016-03-13,1.439218,0.001244,0.259132,2.425748
2016-03-14,1.430978,0.001244,0.256063,2.412908
2016-03-15,1.422901,0.001244,0.254984,2.403334
2016-03-16,1.414033,0.001244,0.251912,2.414159
2016-03-17,1.407138,0.001244,0.806368,2.942729
2016-03-18,1.399285,0.001282,0.546416,2.882305
2016-03-19,1.391369,0.001537,0.269686,2.386527
2016-03-20,1.383403,0.001541,0.259782,2.352780
2016-03-21,1.374461,0.001536,0.341440,2.390538
2016-03-22,1.367484,0.001536,0.238450,2.383059
2016-03-23,1.359585,0.001538,0.244362,2.363167
2016-03-24,1.351731,0.001539,0.241371,2.386349
2016-03-25,1.344023,0.001536,0.235353,2.352719
2016-03-26,1.335361,0.001538,0.233756,2.355962
2016-03-27,1.328527,0.001537,0.231262,2.363089
2016-03-28,1.320654,0.001892,0.231002,2.354077
2016-03-29,1.312889,0.015222,0.230168,2.360330
2016-03-30,1.305421,0.009174,0.228458,2.339940
2016-03-31,1.298033,0.020364,0.226085,2.346030
2016-04-01,1.289907,1.807441,0.224357,2.337220
2016-04-02,1.283559,0.011534,0.223801,2.345994
2016-04-03,1.276317,0.000044,0.311695,2.332733
2016-04-04,1.269098,0.000001,0.383046,2.325915
2016-04-05,1.261894,0.000001,1.018949,3.073113
2016-04-06,1.253764,0.000000,0.258164,2.329507
2016-04-07,1.247410,0.000000,0.351629,2.327005
2016-04-08,1.240147,0.000000,0.673395,3.304732
2016-04-09,1.232914,0.000011,0.215711,2.756572
2016-04-10,1.225666,0.000031,0.406120,6.157108
2016-04-11,1.217551,0.000031,0.696817,3.428332
2016-04-12,1.211182,0.000029,0.990269,3.263614
2016-04-13,1.204005,0.000026,0.724562,3.402585
2016-04-14,1.196907,0.091176,0.737396,3.583447
2016-04-15,1.189935,0.369946,1.251257,3.108347
2016-04-16,1.182151,0.155707,0.555613,4.436313
2016-04-17,1.176093,0.522676,0.224740,3.112639
2016-04-18,1.169155,1.294195,0.222667,2.366689
2016-04-19,1.162281,1.312786,0.337806,5.537171
2016-04-20,1.155625,1.304539,0.225294,2.362721
2016-04-21,1.148307,1.304163,0.335197,5.553467
2016-04-22,1.142701,1.082014,1.217476,3.795526
2016-04-23,1.136340,0.655368,1.567384,3.331793
2016-04-24,1.130031,0.863465,1.652410,3.275173
2016-04-25,1.123826,1.215037,1.838461,3.448094
2016-04-26,1.116977,1.217500,2.137132,3.296247
2016-04-27,1.110999,0.966858,1.222167,5.053449
2016-04-28,1.106563,0.879212,0.402964,4.178857
2016-04-29,1.104743,0.858093,0.825352,4.486871
2016-04-30,1.099980,0.291521,0.314056,4.029240
2016-05-01,1.091452,0.000989,0.572145,5.681272
2016-05-02,1.085985,0.000003,0.582220,4.328188
2016-05-03,1.075738,0.000000,0.434497,3.999179
2016-05-04,1.060536,0.000000,0.465141,3.898409
2016-05-05,1.054090,1.408824,0.595017,3.790513
2016-05-06,1.051576,3.792682,0.812276,3.565139
2016-05-07,1.044426,7.719447,1.716641,3.347329
2016-05-08,1.030478,12.109469,2.128681,3.257810
2016-05-09,1.004682,11.432226,2.428755,3.585290
2016-05-10,0.977507,32.300590,2.703722,3.169201
2016-05-11,0.948070,65.355745,3.721596,3.000501
2016-05-12,0.896203,63.183086,3.276614,3.233728
2016-05-13,0.856423,59.824926,3.813421,3.517382
2016-05-14,0.860014,74.269689,4.280909,3.476037
2016-05-15,0.898794,106.101786,5.013043,3.385393
2016-05-16,0.965561,39.857844,3.103261,7.383207
2016-05-17,1.115350,36.788163,2.625614,5.565802
2016-05-18,1.326539,29.907476,2.551179,5.313106
2016-05-19,1.548656,63.108889,3.464336,6.049570
2016-05-20,1.773634,45.536150,2.567411,3.666823
2016-05-21,2.050805,58.392460,2.576693,6.186865
2016-05-22,2.338027,40.191206,2.215192,6.780366
2016-05-23,2.771044,37.510952,2.693001,5.033603
2016-05-24,3.250277,42.878033,3.327937,5.326304
2016-05-25,3.809405,65.233351,4.022012,8.034400
2016-05-26,4.388428,67.085035,3.872149,4.311263
2016-05-27,5.021738,31.206192,3.541964,4.826655
2016-05-28,5.775633,22.760741,3.939150,4.646336
2016-05-29,6.571297,27.579502,4.301679,4.639155
2016-05-30,7.250379,29.097855,2.939011,7.784974
2016-05-31,7.799082,36.293460,3.900794,6.407140
2016-06-01,8.236792,47.483419,6.106414,5.144863
2016-06-02,8.759420,71.986371,9.554099,16.621385
2016-06-03,9.164911,300.770402,17.218177,62.449126
2016-06-04,11.241745,211.689797,7.440300,66.424098
2016-06-05,15.005252,152.837010,7.045294,50.628640
2016-06-06,18.430411,178.009514,7.929295,55.745658
2016-06-07,20.586803,182.070597,9.000147,52.644278
2016-06-08,22.806326,228.658002,11.372856,55.775962
2016-06-09,24.797954,909.082697,30.161435,138.068463
2016-06-10,43.570004,1111.238618,34.481696,237.165556
2016-06-11,82.621421,454.204898,24.117572,160.398371
2016-06-12,93.452989,467.543036,27.061023,181.062460
2016-06-13,96.456876,338.432467,21.157527,177.600264
2016-06-14,92.939608,238.706682,19.711690,163.711830
2016-06-15,84.200073,217.678798,18.105319,155.582767
2016-06-16,75.584481,167.556543,17.737152,140.543530
2016-06-17,68.659065,123.797339,15.684300,77.845561
2016-06-18,61.852675,627.094994,26.624730,285.442831
2016-06-19,77.871292,731.887683,25.882127,327.436820
2016-06-20,103.294928,511.351547,19.463671,302.759576
2016-06-21,107.977106,295.952964,17.570138,261.201186
2016-06-22,98.799126,349.022224,17.880263,279.582475
2016-06-23,89.148744,403.626663,17.518366,305.361130
2016-06-24,82.624861,329.884012,17.432841,287.673009
2016-06-25,77.017774,352.201746,16.287596,264.452850
2016-06-26,71.396622,336.707318,16.366917,276.154888
2016-06-27,66.820086,404.602143,17.137357,313.994621
2016-06-28,64.007049,324.290422,15.899888,240.247932
2016-06-29,64.079045,322.294389,16.123701,327.617833
2016-06-30,62.383406,346.200321,17.310000,336.951471
2016-07-01,60.796915,295.767937,15.859571,288.483620
2016-07-02,59.658187,282.193516,16.507432,276.317221
2016-07-03,57.553505,315.484412,15.811147,254.845705
2016-07-04,55.420585,293.064257,16.489439,261.753701
2016-07-05,53.463393,287.810329,15.951491,202.567051
2016-07-06,53.064366,427.495341,22.141429,375.832150
2016-07-07,55.346175,352.829989,20.228814,343.943195
2016-07-08,56.978482,293.955678,17.926587,333.826102
2016-07-09,55.194440,294.688172,17.197780,232.124629
2016-07-10,52.721984,292.084416,17.440242,268.398330
2016-07-11,49.972698,336.048808,17.329891,278.226587
2016-07-12,48.269877,294.206632,15.548305,247.322664
2016-07-13,45.644742,276.046001,14.826159,234.333423
2016-07-14,42.977577,314.081638,14.451977,212.721128
2016-07-15,41.445694,489.822669,14.767122,339.313649
2016-07-16,41.101491,479.198781,15.020524,382.100835
2016-07-17,41.585709,430.734959,16.036916,367.312807
2016-07-18,40.887522,377.456436,16.033635,329.803212
2016-07-19,39.315402,404.620829,16.141806,341.000082
2016-07-20,36.777600,380.022977,15.942581,312.469368
2016-07-21,34.257696,341.667523,15.626169,300.963238
2016-07-22,32.048526,446.007093,15.573217,376.039083
2016-07-23,30.028497,530.640854,17.003626,452.999526
2016-07-24,29.779054,497.307742,17.534307,394.736903
2016-07-25,29.014908,504.704142,18.426070,340.801511
2016-07-26,29.098310,374.022161,17.573719,315.559035
2016-07-27,27.946506,367.417731,16.951731,309.221822
2016-07-28,26.973642,391.253007,16.371645,322.810959
2016-07-29,25.424902,379.115995,15.688757,273.296845
2016-07-30,23.899286,357.850390,14.668239,232.546510
2016-07-31,22.579774,388.502533,14.485036,223.890056
2016-08-01,21.218364,303.519792,13.836948,255.903578
2016-08-02,20.353029,275.414407,13.506865,234.611644
2016-08-03,19.498684,305.187041,13.789401,271.951545
2016-08-04,18.146388,308.924930,14.692816,208.418933
2016-08-05,17.222336,236.010193,13.382504,195.825296
2016-08-06,16.695637,270.447158,13.073855,202.873346
2016-08-07,16.336325,346.414336,13.042493,257.506085
2016-08-08,15.825054,405.340675,12.507642,239.701342
2016-08-09,15.263719,455.195193,12.458000,272.454420
2016-08-10,15.351023,545.631624,11.966775,251.393800
2016-08-11,14.628452,396.757161,11.738403,283.273899
2016-08-12,14.263631,270.082401,10.158095,192.641051
2016-08-13,14.202382,340.053744,8.562014,191.026460
2016-08-14,12.975755,428.681323,10.679077,440.564555
2016-08-15,13.214231,826.311056,8.877931,424.655501
2016-08-16,13.755674,550.103686,6.492445,242.304379
2016-08-17,13.412043,553.197156,5.894106,231.323833
2016-08-18,13.889321,482.303571,5.808896,206.698888
2016-08-19,14.111472,492.835027,5.421917,247.270604
2016-08-20,13.537954,233.475986,4.862552,214.486626
2016-08-21,13.429170,226.773487,4.442647,166.668563
2016-08-22,13.083242,329.654123,4.361645,178.980580
2016-08-23,12.774429,300.343588,4.311147,218.625291
2016-08-24,12.448988,243.043150,4.169009,179.487942
2016-08-25,12.257249,270.209530,3.854236,152.729480
2016-08-26,12.010183,305.713860,3.741164,133.248657
2016-08-27,11.483236,276.175913,3.462766,186.572878
2016-08-28,11.348526,200.042257,3.418812,131.593495
2016-08-29,11.121574,166.748334,2.934716,82.848890
2016-08-30,10.888497,148.656603,2.859500,80.350858
2016-08-31,10.612348,159.425378,2.716547,69.056403
2016-09-01,10.280887,155.117467,2.601932,52.134472
2016-09-02,9.967241,134.578240,2.506652,44.010043
2016-09-03,9.640844,172.981671,2.620848,88.032671
2016-09-04,9.334996,233.306232,3.719010,125.139926
2016-09-05,9.150187,71.279815,2.359934,72.111177
2016-09-06,8.890882,168.825887,2.199081,57.504157
2016-09-07,8.623508,200.426644,2.219271,88.076541
2016-09-08,8.273077,97.415968,2.144571,80.549602
2016-09-09,8.057933,211.491355,2.558891,108.693868
2016-09-10,7.894415,273.421502,2.161363,130.747965
2016-09-11,7.767842,212.321059,1.859758,58.442999
2016-09-12,7.762638,89.850276,1.781521,14.127500
2016-09-13,7.766263,222.787255,5.654605,132.502570
2016-09-14,7.803691,603.473340,7.669407,324.841101
2016-09-15,7.432857,248.752962,1.963493,129.782439
2016-09-16,7.883978,98.396357,1.623055,71.091477
2016-09-17,8.303330,40.465461,1.518708,7.642811
2016-09-18,8.556328,101.036121,1.738628,20.385070
2016-09-19,8.606081,94.133589,1.094501,43.939016
2016-09-20,8.556606,24.153344,0.761753,7.408290
2016-09-21,9.299521,12.974219,0.800780,6.416826
2016-09-22,8.550614,0.560427,0.710286,5.834720
2016-09-23,8.500005,1.286596,0.694454,5.695940
2016-09-24,8.540652,8.850301,0.684319,6.785668
2016-09-25,8.547349,5.359795,0.664325,6.404279
2016-09-26,8.556961,4.635303,0.646063,4.815368
2016-09-27,8.548952,4.949637,0.632834,5.837093
2016-09-28,8.510446,1.768666,0.624137,4.066484
2016-09-29,8.506349,6.204160,0.735852,4.178079
2016-09-30,8.351118,5.504226,0.588341,5.571010
2016-10-01,9.258354,2.277496,0.666977,3.931233
2016-10-02,8.151503,0.622975,1.262072,3.931615
2016-10-03,7.958589,16.645478,6.748392,26.193809
2016-10-04,8.005514,191.929568,8.717345,126.260081
2016-10-05,7.046052,114.872310,5.240104,122.687247
2016-10-06,6.643286,146.425632,2.358610,66.576572
2016-10-07,7.195687,260.275398,4.522898,101.707299
2016-10-08,7.821430,344.521616,3.811850,131.065094
2016-10-09,9.266744,23.320119,1.592557,8.334895
2016-10-10,11.598104,29.858196,1.717369,21.966528
2016-10-11,13.064902,40.134184,0.713945,21.140879
2016-10-12,14.093451,18.188886,0.521206,6.251023
2016-10-13,14.751652,2.078947,0.503454,4.187269
2016-10-14,15.399317,3.023852,0.570071,7.213230
2016-10-15,15.779758,4.013580,1.723699,4.925301
2016-10-16,16.218236,13.309555,2.236873,21.201247
2016-10-17,15.660426,3.960863,0.975220,13.423515
2016-10-18,15.142063,0.183766,0.590712,3.860714
2016-10-19,15.127153,0.117715,0.723827,4.494036
2016-10-20,14.370416,0.062206,0.507339,3.882180
2016-10-21,14.010688,0.046748,0.965136,4.156853
2016-10-22,13.650207,0.076377,0.539889,3.829596
2016-10-23,13.222303,0.093535,0.508940,3.841934
2016-10-24,12.815740,0.090438,0.507069,3.849526
2016-10-25,12.602889,0.105401,0.553626,3.825723
2016-10-26,12.057377,0.104673,0.506253,3.825841
2016-10-27,11.725930,0.078850,0.504230,3.794061
2016-10-28,11.387123,0.070182,0.504471,3.798552
2016-10-29,11.069673,0.051212,0.500837,3.784791
2016-10-30,10.748117,0.043276,0.499392,3.763876
2016-10-31,10.428868,0.050524,0.925262,4.001812
2016-11-01,10.133592,0.041591,1.500209,4.119910
2016-11-02,9.825567,0.042027,0.493937,3.758030
2016-11-03,9.497695,0.087713,0.515807,3.713866
2016-11-04,9.205821,0.081713,0.990990,3.702640
2016-11-05,8.934684,0.107125,3.005973,3.867928
2016-11-06,8.673789,0.102769,0.948207,3.803484
2016-11-07,8.436142,0.076141,0.485790,3.906330
2016-11-08,8.214629,0.023636,0.485803,3.680583
2016-11-09,7.997629,0.019175,0.485520,3.642786
2016-11-10,7.785879,0.028021,0.483970,3.640111
2016-11-11,7.573307,0.028224,0.483250,3.610400
2016-11-12,7.375699,0.018569,0.484443,3.640141
2016-11-13,7.179984,0.035003,0.485167,3.617553
2016-11-14,6.990351,0.045254,0.489429,3.615008
2016-11-15,6.807310,0.049616,0.474980,3.580731
2016-11-16,6.626477,0.035794,0.469752,3.601942
2016-11-17,6.471048,0.047793,0.468875,3.577314
2016-11-18,6.326645,0.079117,0.480218,3.575946
2016-11-19,6.192615,0.065714,0.460833,3.575116
2016-11-20,6.063083,0.074440,0.456724,3.551929
2016-11-21,5.931632,0.059740,0.516916,3.571770
2016-11-22,5.811751,0.075751,0.530782,3.561813
2016-11-23,5.691762,0.033668,0.787587,3.566312
2016-11-24,5.575283,0.036331,0.442627,3.529550
2016-11-25,5.461377,0.021836,0.434255,3.566637
2016-11-26,5.346137,0.016487,1.016597,3.515175
2016-11-27,5.242598,0.006633,1.586129,3.497036
2016-11-28,5.141066,0.018341,0.425477,3.500675
2016-11-29,5.039372,0.027204,0.421885,3.475496
2016-11-30,4.935481,0.036417,0.414101,3.429705
2016-12-01,4.834723,0.044265,0.413022,3.479577
2016-12-02,4.743511,0.055411,0.409551,3.467426
2016-12-03,4.646510,0.064704,0.407784,3.422453
2016-12-04,4.561862,0.045368,0.419014,3.432181
2016-12-05,4.481555,0.038564,1.690769,3.461996
2016-12-06,4.395867,0.022197,9.440717,3.430386
2016-12-07,4.355074,8.167904,5.290378,3.612766
2016-12-08,4.254420,0.384956,1.287935,3.382320
2016-12-09,4.140708,0.003703,0.401768,3.387203
2016-12-10,4.060385,0.000033,1.187571,3.355579
2016-12-11,3.998909,0.000003,0.715586,3.411694
2016-12-12,3.954526,0.000000,0.421853,3.355086
2016-12-13,3.914688,0.000000,0.402261,3.317316
2016-12-14,3.877810,0.007806,0.403750,3.309066
2016-12-15,3.841710,0.086620,0.409666,3.346713
2016-12-16,3.804482,0.424847,0.408594,3.306302
2016-12-17,3.772463,0.492606,0.405789,3.334752
2016-12-18,3.737325,0.005217,0.411147,3.322274
2016-12-19,3.702471,0.000000,0.407342,3.311036
2016-12-20,3.666985,0.000000,0.408384,3.298377
2016-12-21,3.630849,0.000000,0.404098,3.285691
2016-12-22,3.597567,0.000000,0.404536,3.297849
2016-12-23,3.559588,0.000000,0.402981,3.292473
2016-12-24,3.521649,0.000000,0.398564,3.262055
2016-12-25,3.485110,0.000000,0.397976,3.297408
2016-12-26,3.450434,0.000000,0.395900,3.288481
2016-12-27,3.412113,0.000000,0.393296,3.259123
2016-12-28,3.379237,0.000012,0.390128,3.280364
2016-12-29,3.348244,0.000006,0.387284,3.257531
2016-12-30,3.317497,0.000000,0.383901,3.248153
2016-12-31,3.286137,0.000000,0.392835,3.247935
2017-01-01,3.274565,4.150488,0.877553,3.299040
2017-01-02,3.244841,0.009184,0.397280,3.230461
2017-01-03,3.213238,0.000710,0.369247,3.260300
2017-01-04,3.181041,0.000533,0.371843,3.237998
2017-01-05,3.148149,0.000488,0.365544,3.214689
2017-01-06,3.113785,0.000699,0.363992,3.233972
2017-01-07,3.084601,0.000540,0.359481,3.197906
2017-01-08,3.053754,0.000525,0.357038,3.254320
2017-01-09,3.022783,0.000547,0.356005,3.189398
2017-01-10,2.991890,0.000668,0.349424,3.225963
2017-01-11,2.958689,0.000650,0.348657,3.195752
2017-01-12,2.929687,0.000712,0.344541,3.185456
2017-01-13,2.899015,0.000714,0.342438,3.186357
2017-01-14,2.868446,0.000637,0.336802,3.175150
2017-01-15,2.837838,0.000620,0.337353,3.154714
2017-01-16,2.805582,0.000626,0.333551,3.136421
2017-01-17,2.777566,0.000621,0.330006,3.175091
2017-01-18,2.747416,0.000651,0.327056,3.124831
2017-01-19,2.717396,0.000651,0.324563,3.136526
2017-01-20,2.688035,0.000730,0.320461,3.150173
2017-01-21,2.656875,0.000663,0.316385,3.130930
2017-01-22,2.629707,0.000621,0.315820,3.101980
2017-01-23,2.602711,0.000379,0.486186,3.123902
2017-01-24,2.576175,0.000002,0.361264,3.132515
2017-01-25,2.549695,0.000000,0.305687,3.105472
2017-01-26,2.521604,0.000000,0.302673,3.110986
2017-01-27,2.497156,0.000001,0.297493,3.119567
2017-01-28,2.471701,0.000000,0.296469,3.071665
2017-01-29,2.446581,0.000000,0.293088,3.176731
2017-01-30,2.422364,0.000000,0.295873,3.091364
2017-01-31,2.398686,0.000000,0.285236,3.083421
2017-02-01,2.374608,0.000000,0.285763,3.084613
2017-02-02,2.354811,0.086790,0.281180,3.071894
2017-02-03,2.333290,0.208813,0.280407,3.079729
2017-02-04,2.312084,0.206858,0.276256,3.063792
2017-02-05,2.291153,0.220056,0.318483,3.090414
2017-02-06,2.269178,0.220255,0.276779,3.077815
2017-02-07,2.250945,0.218174,0.353622,3.094050
2017-02-08,2.231055,0.218201,0.270408,3.093752
2017-02-09,2.211084,0.208499,0.263737,3.078610
2017-02-10,2.191380,0.202837,0.261155,3.067987
2017-02-11,2.170091,0.184945,0.276134,3.047288
2017-02-12,2.144370,0.177675,0.281517,3.203339
2017-02-13,2.125591,0.169929,0.254555,3.035621
2017-02-14,2.106860,0.171645,0.253268,3.082327
2017-02-15,2.089131,0.169692,0.252487,3.016079
2017-02-16,2.070249,0.169480,0.248280,3.067075
2017-02-17,2.054287,0.172482,0.246067,3.043300
2017-02-18,2.036995,0.181766,0.244239,3.096947
2017-02-19,2.019815,0.192306,0.241218,3.359628
2017-02-20,2.002718,0.170392,0.241643,2.998235
2017-02-21,1.984413,0.167031,0.238080,3.035952
2017-02-22,1.969111,0.164861,0.235449,3.029372
2017-02-23,1.952485,0.160019,0.235043,2.997194
2017-02-24,1.936041,0.155929,0.231921,3.013460
2017-02-25,1.919741,0.154829,0.230359,3.007272
2017-02-26,1.902280,0.139660,0.226796,2.994902
2017-02-27,1.888538,0.056325,0.228734,2.993184
2017-02-28,1.873747,0.000219,0.242298,3.025479
2017-03-01,1.857761,0.000000,0.348077,2.961242
2017-03-02,1.844506,0.000000,0.219617,2.946687
2017-03-03,1.830068,0.000000,0.219074,2.946747
2017-03-04,1.815745,0.000000,0.216139,2.917971
2017-03-05,1.801864,0.000000,0.215952,2.943896
2017-03-06,1.786955,0.000000,0.210401,2.938450
2017-03-07,1.774467,0.000000,0.212930,2.933481
2017-03-08,1.760694,0.000000,0.207349,2.941056
2017-03-09,1.746785,0.000000,0.205804,2.891830
2017-03-10,1.733175,0.000000,0.205311,2.912287
2017-03-11,1.718694,0.000000,0.218028,2.909147
2017-03-12,1.706991,0.000000,0.320532,2.982095
2017-03-13,1.694243,0.000000,0.199653,2.910413
2017-03-14,1.681549,0.000000,0.199102,2.881725
2017-03-15,1.668787,0.000000,0.197792,2.904265
2017-03-16,1.654869,0.000000,0.192922,2.862985
2017-03-17,1.643461,0.000000,0.192992,2.919918
2017-03-18,1.631254,0.000000,0.192314,2.840136
2017-03-19,1.619047,0.000000,0.190463,2.860776
2017-03-20,1.606803,0.000000,0.187832,2.884003
2017-03-21,1.593674,0.000000,0.187289,2.890779
2017-03-22,1.583027,0.000000,0.184319,3.538007
2017-03-23,1.571457,0.000000,0.329040,2.893732
2017-03-24,1.560769,0.000000,0.182757,2.867341
2017-03-25,1.550639,0.000000,0.178616,2.837662
2017-03-26,1.539446,0.000000,0.181658,2.862336
2017-03-27,1.530405,0.000000,0.176122,2.862705
2017-03-28,1.520181,0.000000,0.176548,3.531558
2017-03-29,1.510374,0.000000,0.173526,2.873749
2017-03-30,1.501045,0.000000,0.175759,2.839126
2017-03-31,1.491651,0.000000,0.170353,2.857089
2017-04-01,1.481189,0.000000,0.170353,2.864336
2017-04-02,1.472764,0.000000,0.169572,2.858042
2017-04-03,1.463329,0.000000,0.165770,2.804938
2017-04-04,1.453896,0.000000,0.164838,2.846784
2017-04-05,1.444631,0.000000,0.166482,2.842706
2017-04-06,1.434891,0.000000,0.162172,2.815496
2017-04-07,1.427288,0.000000,0.160689,2.821104
2017-04-08,1.418652,0.000000,0.160544,2.817852
2017-04-09,1.410155,0.000000,0.159176,3.673856
2017-04-10,1.401690,0.000000,0.167276,2.845832
2017-04-11,1.392322,0.000000,0.172674,4.379667
2017-04-12,1.385026,0.000000,0.316348,2.822267
2017-04-13,1.376828,0.000000,0.152021,2.804836
2017-04-14,1.368630,0.000000,0.151110,2.817363
2017-04-15,1.360440,0.000000,0.152035,2.776933
2017-04-16,1.351153,0.000000,0.147865,2.823342
2017-04-17,1.343950,0.000000,0.191113,2.801414
2017-04-18,1.336307,0.000000,0.145371,2.779036
2017-04-19,1.328677,0.000000,0.146846,2.791216
2017-04-20,1.321005,0.000000,0.145356,2.797040
2017-04-21,1.312481,0.000000,0.288217,2.788099
2017-04-22,1.305819,0.000000,0.142249,5.850761
2017-04-23,1.298276,0.000000,0.171979,6.374181
2017-04-24,1.290691,0.000000,0.204747,4.052643
2017-04-25,1.283209,0.000000,0.998347,5.123372
2017-04-26,1.274892,0.000000,0.490953,7.220911
2017-04-27,1.268372,0.000000,0.135136,2.763547
2017-04-28,1.260984,0.000000,0.135136,2.785011
2017-04-29,1.253605,0.000000,0.361443,6.551306
2017-04-30,1.246285,0.000000,0.325590,4.493338
2017-05-01,1.238153,0.000000,0.657607,5.899524
2017-05-02,1.231810,0.000000,2.469997,5.878496
2017-05-03,1.224707,0.000000,6.947870,4.097478
2017-05-04,1.217526,0.000000,8.283504,3.619650
2017-05-05,1.220133,0.000000,7.825051,3.503105
2017-05-06,1.207996,3.122035,3.552707,3.855939
2017-05-07,1.193738,10.701022,2.301834,4.049620
2017-05-08,1.156736,15.589536,2.865363,3.736126
2017-05-09,1.101958,67.772521,5.100073,3.978450
2017-05-10,1.000689,44.537701,3.586791,5.506662
2017-05-11,0.938717,23.683762,2.990269,4.113755
2017-05-12,0.959315,5.047118,0.773672,4.521118
2017-05-13,1.014037,0.572737,1.472892,5.039128
2017-05-14,1.099396,4.211779,2.541935,5.626253
2017-05-15,1.215543,58.979509,4.502921,5.725096
2017-05-16,1.263923,55.932556,4.211305,4.963848
2017-05-17,1.308138,64.298584,5.014227,4.179044
2017-05-18,1.413785,68.990274,4.387734,4.345775
2017-05-19,1.580655,110.870101,3.757442,8.424258
2017-05-20,1.780187,120.263595,4.826355,7.736038
2017-05-21,2.096914,128.764819,5.711677,16.640184
2017-05-22,2.558242,116.058232,3.710273,9.532462
2017-05-23,3.157853,126.340223,5.225220,23.386985
2017-05-24,3.948878,93.933447,4.529659,23.178138
2017-05-25,4.965952,108.065202,2.978224,21.235536
2017-05-26,5.947387,74.410268,3.086774,38.333473
2017-05-27,6.919540,24.380313,2.083959,33.741862
2017-05-28,8.155254,21.738679,3.943500,58.229946
2017-05-29,9.381153,59.653724,4.302710,38.274453
2017-05-30,10.307809,70.662914,5.597114,38.008855
2017-05-31,11.566997,14.172211,4.083727,47.564624
2017-06-01,13.117780,21.635289,5.766378,61.075467
2017-06-02,14.272817,75.795117,5.224663,28.655853
2017-06-03,14.576403,129.481375,7.598732,51.601780
2017-06-04,15.341410,132.611721,7.942449,43.747058
2017-06-05,17.191616,123.913909,9.012315,51.576463
2017-06-06,19.261590,144.433859,10.311474,62.953365
2017-06-07,20.893000,163.385261,12.414151,60.644346
2017-06-08,22.338811,165.213318,10.951142,64.351087
2017-06-09,23.538077,143.312310,13.645465,62.624574
2017-06-10,24.621781,106.608401,14.517195,60.004720
2017-06-11,25.507831,143.798531,15.791790,81.834600
2017-06-12,25.923756,167.606495,16.086232,99.599139
2017-06-13,26.194394,167.310277,14.629681,71.023212
2017-06-14,26.630750,282.979291,16.432431,111.568035
2017-06-15,28.407811,267.854515,15.225408,133.150119
2017-06-16,32.672991,313.033850,14.307631,134.270260
2017-06-17,38.326433,225.214806,14.660343,131.293971
2017-06-18,43.613795,241.019556,15.617969,146.085096
2017-06-19,44.622327,234.374293,15.240709,128.559585
2017-06-20,44.453915,239.645785,15.409036,167.395795
2017-06-21,44.419499,297.969342,14.983190,163.003273
2017-06-22,44.791905,261.271830,15.216930,187.453297
2017-06-23,46.110393,245.153848,15.301519,189.275276
2017-06-24,46.527683,290.490275,15.812668,205.616006
2017-06-25,45.951949,298.590830,16.056662,209.001235
2017-06-26,46.153867,241.450162,16.646894,200.853214
2017-06-27,46.168666,275.844471,16.927438,255.506794
2017-06-28,46.574508,260.027197,16.634454,245.337203
2017-06-29,46.242663,236.564693,15.988963,221.764017
2017-06-30,46.765052,226.219065,15.405243,204.395165
2017-07-01,46.958290,243.672112,15.305629,246.547838
2017-07-02,42.666731,330.584454,14.999227,330.020956
2017-07-03,41.104936,250.063417,14.442384,249.415727
2017-07-04,39.066091,158.851095,13.778322,82.352274
2017-07-05,37.066732,143.742450,14.877729,176.294807
2017-07-06,34.399464,452.304745,13.200861,155.111202
2017-07-07,35.757859,416.182052,12.979482,201.094332
2017-07-08,38.537202,338.551266,11.957132,215.885305
2017-07-09,40.010908,357.392886,12.533830,293.595409
2017-07-10,38.578965,279.833391,13.133704,235.386920
2017-07-11,37.225167,251.298472,12.559458,145.969924
2017-07-12,34.974513,351.465279,12.050094,319.718745
2017-07-13,32.586351,267.385828,11.637047,153.961947
2017-07-14,30.789777,353.663671,10.954159,275.770824
2017-07-15,29.254196,348.465689,7.851107,276.619790
2017-07-16,29.169142,278.561487,7.636802,278.942651
2017-07-17,29.051137,224.094394,6.846080,189.011539
2017-07-18,28.469293,229.588739,6.789009,241.514447
2017-07-19,27.557038,404.868765,6.265278,275.752879
2017-07-20,26.651934,377.464158,6.068038,319.379460
2017-07-21,25.903873,309.043768,6.150860,291.105524
2017-07-22,25.532837,291.994955,5.310551,255.222892
2017-07-23,24.598965,315.409657,5.212818,251.690807
2017-07-24,23.961038,639.722613,8.477792,242.787866
2017-07-25,23.606486,566.024361,5.689117,307.880070
2017-07-26,25.120043,1061.860298,9.639318,715.851247
2017-07-27,25.913927,835.926446,4.296245,457.459909
2017-07-28,27.472635,465.107471,3.851409,286.256943
2017-07-29,27.550380,378.566384,3.881338,310.233248
2017-07-30,26.745219,410.555193,3.942336,273.982490
2017-07-31,25.584045,438.429242,3.811274,262.489564
2017-08-01,24.467287,372.525200,3.762126,246.056285
2017-08-02,23.374516,331.194472,3.680607,225.092278
2017-08-03,22.373455,379.793828,3.717376,235.118056
2017-08-04,21.176548,333.719083,3.834101,184.116658
2017-08-05,20.144278,288.534152,3.664746,225.582591
2017-08-06,19.283512,245.174904,4.023623,215.012434
2017-08-07,18.975950,268.731231,4.108924,310.051401
2017-08-08,18.071657,418.791100,3.844373,390.958276
2017-08-09,16.746699,396.947025,3.061931,256.754742
2017-08-10,16.348735,346.408092,3.438096,276.993034
2017-08-11,15.819065,375.672238,3.159921,206.484393
2017-08-12,15.357420,308.847435,3.135291,183.690082
2017-08-13,14.822699,293.786595,3.115367,188.723522
2017-08-14,14.374535,310.371609,3.118247,204.922173
2017-08-15,13.721852,241.315661,3.007999,173.739564
2017-08-16,13.333537,254.258713,2.939997,169.171836
2017-08-17,12.942641,287.093859,2.874342,163.742693
2017-08-18,12.189479,237.875751,2.841649,155.395432
2017-08-19,12.073146,182.710246,2.764224,161.931647
2017-08-20,11.799564,191.240925,2.544846,167.762495
2017-08-21,11.288597,194.098263,2.740125,139.899108
2017-08-22,11.241867,299.642534,4.733014,193.244960
2017-08-23,10.505359,348.391733,3.551457,248.729078
2017-08-24,10.831639,309.715133,2.710180,218.989204
2017-08-25,10.486438,249.372524,2.272954,186.410463
2017-08-26,10.298394,294.312903,2.430489,153.964507
2017-08-27,9.847747,301.220909,2.738744,211.592228
2017-08-28,9.697701,250.869953,2.424286,165.286865
2017-08-29,10.014787,331.107910,2.502853,202.805039
2017-08-30,10.776688,663.753543,2.934581,426.094921
2017-08-31,10.346576,696.962744,2.609114,354.244606
2017-09-01,10.248950,461.456407,2.464501,237.273679
2017-09-02,10.537822,243.855704,2.858389,205.694577
2017-09-03,10.178405,180.050576,1.663008,89.994852
2017-09-04,9.942880,124.000112,1.574164,51.305607
2017-09-05,9.514227,106.808137,1.688921,39.049780
2017-09-06,9.048823,90.901370,1.594852,79.208874
2017-09-07,8.604196,165.980930,1.732527,101.063409
2017-09-08,8.208249,126.400178,2.694220,102.848440
2017-09-09,7.927240,137.428275,1.957864,71.634367
2017-09-10,7.511894,79.061982,1.362878,31.839519
2017-09-11,7.343151,137.039438,2.271981,43.228184
2017-09-12,7.174777,171.980555,2.051657,64.921004
2017-09-13,6.723691,60.165068,1.185064,25.429267
2017-09-14,6.397238,259.240387,4.932520,234.077709
2017-09-15,6.679485,596.545816,4.660923,287.451840
2017-09-16,5.736399,109.412400,2.145353,85.500222
2017-09-17,5.799282,105.745130,1.603338,56.275961
2017-09-18,6.062984,110.724489,0.872845,29.480613
2017-09-19,6.118017,60.811661,0.686493,24.292055
2017-09-20,6.237445,84.680939,0.945733,21.336703
2017-09-21,6.298265,51.956422,0.765526,18.066759
2017-09-22,6.355562,100.908676,0.835026,18.452237
2017-09-23,6.552838,23.921335,0.816002,6.627790
2017-09-24,6.430073,10.095851,0.697166,5.225581
2017-09-25,7.619689,35.756034,1.637556,9.342947
2017-09-26,6.354628,392.479380,7.219606,68.317144
2017-09-27,5.787617,41.140267,0.932089,6.973159
2017-09-28,6.105030,4.438000,0.810066,5.264584
2017-09-29,6.369143,3.403256,0.545128,4.683640
2017-09-30,6.872812,0.781872,0.559364,3.905931
2017-10-01,7.288283,0.042012,0.539432,3.742693
2017-10-02,7.894476,1.347664,0.755141,4.059086
2017-10-03,8.835456,1.295244,0.570054,3.883250
2017-10-04,8.112158,0.082743,0.553196,4.797198
2017-10-05,8.098200,0.052261,1.090196,5.670864
2017-10-06,8.546657,0.889765,1.298921,4.724657
2017-10-07,8.077516,6.449015,0.961275,5.805853
2017-10-08,8.027608,0.059779,1.101126,3.765698
2017-10-09,8.268219,0.001876,0.544253,3.722068
2017-10-10,7.774637,0.093964,0.553283,3.654758
2017-10-11,7.845166,0.457857,0.632629,4.242636
2017-10-12,8.056014,0.033883,1.657267,3.615640
2017-10-13,8.331221,0.147289,0.614101,3.728205
2017-10-14,7.685843,0.193045,0.539747,3.546989
2017-10-15,7.631764,0.198551,0.565956,3.626901
2017-10-16,8.068349,0.004800,1.214561,4.018686
2017-10-17,7.695560,23.725657,1.565092,4.828292
2017-10-18,7.437479,1.802158,0.614292,3.922097
2017-10-19,7.267986,0.017258,0.568584,3.996437
2017-10-20,7.300713,0.001192,0.564650,4.131386
2017-10-21,7.388988,0.001203,0.826422,3.713175
2017-10-22,7.521973,0.001192,0.672094,3.532445
2017-10-23,8.270340,0.001192,0.584301,3.560869
2017-10-24,7.595988,0.454259,0.799737,4.247730
2017-10-25,8.275983,0.006175,0.581339,3.476897
2017-10-26,7.576259,37.210686,2.310384,4.934134
2017-10-27,9.336728,361.666422,2.451238,69.016519
2017-10-28,7.324614,63.450613,0.731529,14.185156
2017-10-29,7.202032,2.564856,0.636196,3.651296
2017-10-30,7.173269,3.443175,0.613727,3.927117
2017-10-31,7.151004,0.312711,0.628003,3.756410
2017-11-01,7.153653,0.005550,0.741747,3.539188
2017-11-02,7.917910,0.000077,0.607062,3.592320
2017-11-03,7.071968,0.000012,0.617552,3.565685
2017-11-04,7.012863,0.000000,0.617975,3.561377
2017-11-05,6.941074,0.000000,0.748091,3.578585
2017-11-06,6.851357,0.000000,0.622506,3.558614
2017-11-07,6.765001,0.000000,0.624934,3.579633
2017-11-08,6.667537,0.000000,0.622752,3.542349
2017-11-09,6.564466,0.000000,0.621190,3.523759
2017-11-10,6.458230,0.000000,0.619630,3.560540
2017-11-11,6.348926,0.000000,0.626741,3.519662
2017-11-12,6.244298,0.000000,0.615511,3.551675
2017-11-13,6.131908,0.000000,0.612582,3.508373
2017-11-14,6.020949,0.000000,0.610094,3.513513
2017-11-15,5.909971,0.000000,0.609962,3.495011
2017-11-16,5.793805,0.000000,0.605436,3.508794
2017-11-17,5.687972,0.000000,0.600651,3.482595
2017-11-18,5.578965,0.000000,0.597047,3.485133
2017-11-19,5.470646,0.000000,0.593198,3.471983
2017-11-20,5.364072,0.000000,0.588924,3.467628
2017-11-21,5.254331,0.000000,0.585443,3.480345
2017-11-22,5.153145,0.000000,0.578790,3.443145
2017-11-23,5.055180,0.000000,0.575309,3.441532
2017-11-24,4.960670,0.000000,0.570280,3.453209
2017-11-25,4.866572,0.000000,2.846831,3.452574
2017-11-26,4.779329,0.000000,0.774071,3.415143
2017-11-27,4.703659,0.000000,0.685891,3.475866
2017-11-28,4.624039,0.000000,2.947738,3.447006
2017-11-29,4.544757,0.000000,2.347073,4.017085
2017-11-30,4.466166,0.000000,0.960028,3.351610
2017-12-01,4.386933,0.000000,0.553469,3.372351
2017-12-02,4.316824,0.000000,0.553270,3.349766
2017-12-03,4.246380,0.000000,0.554810,3.371266
2017-12-04,4.176928,0.000000,0.558201,3.331245
2017-12-05,4.109364,0.000000,0.557542,3.353114
2017-12-06,4.042539,0.000000,0.558308,3.332783
2017-12-07,3.983684,0.000000,0.557016,3.313370
2017-12-08,3.923044,0.000000,0.593299,3.337224
2017-12-09,3.863425,0.000000,2.269655,3.332953
2017-12-10,3.805361,0.000000,0.831449,3.298051
2017-12-11,3.742882,0.000000,0.635275,3.295282
2017-12-12,3.679552,0.000000,0.691477,3.292291
2017-12-13,3.623766,0.000000,0.569605,3.274318
2017-12-14,3.568729,0.000000,0.570092,3.284643
2017-12-15,3.514899,0.000000,0.572303,3.272693
2017-12-16,3.462994,0.000000,0.587830,3.249891
2017-12-17,3.417481,0.000000,0.571710,3.242938
2017-12-18,3.371506,0.000000,0.593899,3.235591
2017-12-19,3.328092,0.000000,0.570160,3.211122
2017-12-20,3.286826,0.000000,0.566689,3.224385
2017-12-21,3.244707,0.000000,0.565207,3.207760
2017-12-22,3.207502,0.000000,0.561713,3.217362
2017-12-23,3.168796,0.000000,0.560266,3.210919
2017-12-24,3.130454,0.000000,0.556911,3.199786
2017-12-25,3.093984,0.000000,0.551728,3.178324
2017-12-26,3.055441,0.000000,0.551226,3.189289
2017-12-27,3.022570,0.000000,0.548623,3.208556
2017-12-28,2.987620,0.000000,0.542832,3.173172
2017-12-29,2.953783,0.000000,0.539619,3.126342
2017-12-30,2.921235,0.000000,0.535686,3.203139
2017-12-31,2.888733,0.000000,0.530959,3.134767
2018-01-01,2.881420,0.204765,0.527761,3.157560
2018-01-02,2.851356,0.067029,0.524441,3.153333
2018-01-03,2.819929,0.062348,0.520978,3.171859
2018-01-04,2.789055,0.060142,0.514563,3.155042
2018-01-05,2.758375,0.059610,0.513175,3.152288
2018-01-06,2.726454,0.061940,0.510212,3.133291
2018-01-07,2.698407,0.062712,0.502922,3.098343
2018-01-08,2.668636,0.061210,0.500136,3.133269
2018-01-09,2.639438,0.059680,0.493572,3.125262
2018-01-10,2.610612,0.060622,0.860556,3.101737
2018-01-11,2.551666,0.121088,0.607625,3.125065
2018-01-12,2.523510,0.266153,0.482884,3.108772
2018-01-13,2.495520,0.203627,0.478763,3.099954
2018-01-14,2.467731,0.018755,0.473542,3.110090
2018-01-15,2.440451,0.016957,0.468887,3.105974
2018-01-16,2.411761,0.017122,0.466000,3.092145
2018-01-17,2.386852,0.008795,0.462176,3.096021
2018-01-18,2.361496,0.003149,0.456752,3.076204
2018-01-19,2.337126,0.009007,0.452811,3.084835
2018-01-20,2.314255,0.025105,0.447770,3.082232
2018-01-21,2.290495,0.027954,0.446185,3.051028
2018-01-22,2.270428,0.022756,0.440151,3.063613
2018-01-23,2.249950,0.019139,0.436953,3.077214
2018-01-24,2.229934,0.180260,0.431870,3.051026
2018-01-25,2.210205,0.274671,0.427966,3.047250
2018-01-26,2.189570,0.277645,0.424090,3.041564
2018-01-27,2.172513,0.143313,0.418907,3.048706
2018-01-28,2.154099,0.064390,0.417582,3.028152
2018-01-29,2.135963,0.060489,0.412725,3.039565
2018-01-30,2.118057,0.062847,0.409818,3.025731
2018-01-31,2.100376,0.049774,0.404669,3.018771
2018-02-01,2.081804,0.059377,0.436058,3.049806
2018-02-02,2.066541,0.020281,0.398785,3.025898
2018-02-03,2.050016,0.026267,0.392515,3.055324
2018-02-04,2.033582,0.024312,0.391466,3.012980
2018-02-05,2.017309,0.004398,0.387433,3.003587
2018-02-06,1.999804,0.018674,0.381310,3.001117
2018-02-07,1.985275,0.015906,0.378416,2.980470
2018-02-08,1.969317,0.002577,0.376151,2.990262
2018-02-09,1.953432,0.002517,0.372320,2.993953
2018-02-10,1.937570,0.002550,0.367743,2.986440
2018-02-11,1.920385,0.002515,0.365349,2.987595
2018-02-12,1.906106,0.002517,0.360983,2.967454
2018-02-13,1.890776,0.003614,0.358053,2.984176
2018-02-14,1.875620,0.002813,0.352755,2.979690
2018-02-15,1.860533,0.003656,0.351885,2.982268
2018-02-16,1.844477,0.002844,0.346512,2.979058
2018-02-17,1.831183,0.006738,0.343129,2.954613
2018-02-18,1.816525,0.012026,0.340735,2.933245
2018-02-19,1.801964,0.019117,0.335488,2.931903
2018-02-20,1.787528,0.004747,0.330043,2.920778
2018-02-21,1.772142,0.004463,0.331877,2.927849
2018-02-22,1.759395,0.006496,0.326570,2.906263
2018-02-23,1.745542,0.002255,0.324993,2.926777
2018-02-24,1.731959,0.006537,0.320889,2.927468
2018-02-25,1.718886,0.006510,0.316392,2.903998
2018-02-26,1.704825,0.002827,0.312877,2.911560
2018-02-27,1.693216,0.002826,0.307238,2.891009
2018-02-28,1.680488,0.002580,0.314079,3.284516
2018-03-01,1.666739,0.002829,0.306001,2.895009
2018-03-02,1.655375,0.002520,0.304928,2.889156
2018-03-03,1.642891,0.002518,0.298715,2.901620
2018-03-04,1.630513,0.002526,0.295417,2.876215
2018-03-05,1.618072,0.014189,0.291983,2.919345
2018-03-06,1.604513,0.290496,0.288744,2.846367
2018-03-07,1.593164,0.289121,0.287450,2.883254
2018-03-08,1.580869,0.021231,0.281798,2.889513
2018-03-09,1.569120,0.007812,0.281270,2.858359
2018-03-10,1.558082,0.007807,0.278892,2.868947
2018-03-11,1.546363,0.017027,0.274923,2.867915
2018-03-12,1.536773,0.010288,0.275313,2.843434
2018-03-13,1.526720,0.008977,0.268759,2.854029
2018-03-14,1.517224,0.008769,0.267659,2.855452
2018-03-15,1.507617,0.008199,0.267196,2.826414
2018-03-16,1.497126,0.007983,0.262650,2.841808
2018-03-17,1.489077,0.022428,0.439797,3.131611
2018-03-18,1.480232,0.056653,0.412026,3.422238
2018-03-19,1.468529,0.130032,0.394106,3.190507
2018-03-20,1.458053,0.246088,0.368926,3.997984
2018-03-21,1.448475,0.041011,0.261267,2.829718
2018-03-22,1.441146,0.031971,0.251430,2.828395
2018-03-23,1.432958,0.027334,0.246329,2.776418
2018-03-24,1.424785,0.011475,0.241250,2.834104
2018-03-25,1.416591,0.011289,0.242644,2.795178
2018-03-26,1.407419,0.016650,0.238553,2.802267
2018-03-27,1.400238,0.014407,0.236956,2.801628
2018-03-28,1.392255,0.009149,0.243270,2.790126
2018-03-29,1.384382,0.009696,0.235294,2.787187
2018-03-30,1.376517,0.009461,0.233363,2.788795
2018-03-31,1.368645,0.008836,0.227842,2.778546
2018-04-01,1.359959,0.008285,0.225739,2.777889
2018-04-02,1.353311,0.007896,0.225724,2.754174
2018-04-03,1.345721,0.007926,0.222161,2.768640
2018-04-04,1.338228,0.008319,0.221633,2.750808
2018-04-05,1.330810,0.008033,0.218120,2.786487
2018-04-06,1.322435,0.010435,0.217507,2.743021
2018-04-07,1.315922,0.027321,0.331525,2.792295
2018-04-08,1.308466,0.078555,0.214317,2.761867
2018-04-09,1.300912,0.278679,0.210907,2.751802
2018-04-10,1.293386,0.287666,0.215735,2.759928
2018-04-11,1.285013,0.665723,0.250869,2.743680
2018-04-12,1.278386,0.527161,0.224598,3.617868
2018-04-13,1.270877,0.369549,0.207257,2.727857
2018-04-14,1.263431,0.011257,0.203255,3.302108
2018-04-15,1.255973,0.004494,0.199328,3.220694
2018-04-16,1.247594,0.245458,3.074117,4.434309
2018-04-17,1.240970,0.138539,5.991736,3.223566
2018-04-18,1.233588,0.034097,1.984465,4.165397
2018-04-19,1.225754,0.028655,2.069709,4.259843
2018-04-20,1.222535,0.154074,1.806580,4.655985
2018-04-21,1.221461,5.217206,2.067141,4.668469
2018-04-22,1.222300,6.932065,0.643390,4.698670
2018-04-23,1.210108,0.855786,0.205150,4.262177
2018-04-24,1.175362,0.536357,0.269726,5.351656
2018-04-25,1.148643,1.268206,0.229160,6.453834
2018-04-26,1.128036,1.244595,0.239489,5.969269
2018-04-27,1.111831,1.795128,0.664269,5.197498
2018-04-28,1.098819,0.440329,0.771143,6.106136
2018-04-29,1.085946,0.008191,0.716029,6.862018
2018-04-30,1.075313,0.003990,0.716574,5.667272
2018-05-01,1.067771,0.003907,0.246949,2.721583
2018-05-02,1.065867,0.003903,0.251212,2.826629
2018-05-03,1.065950,0.003903,0.699444,4.425207
2018-05-04,1.067935,0.003903,0.631347,4.102022
2018-05-05,1.071446,0.003903,2.075354,5.648163
2018-05-06,1.075206,0.003900,1.491731,6.415404
2018-05-07,1.081264,0.003903,2.186932,5.027783
2018-05-08,1.087295,0.003903,1.223017,3.718971
2018-05-09,1.093643,0.003903,1.359873,2.680229
2018-05-10,1.100152,0.018020,1.991397,5.047648
2018-05-11,1.105698,0.013372,2.960943,6.044835
2018-05-12,1.113358,0.015501,0.612533,3.841694
2018-05-13,1.119917,0.036360,0.998074,4.998046
2018-05-14,1.125428,0.003950,0.558660,6.022851
2018-05-15,1.132600,0.003902,0.593006,5.790026
2018-05-16,1.137338,0.003899,1.184331,4.996504
2018-05-17,1.140585,0.003901,1.016794,5.308194
2018-05-18,1.142113,0.003903,0.521089,5.451119
2018-05-19,1.132179,0.003903,0.675962,5.077364
2018-05-20,1.126366,0.003903,0.629952,7.482543
2018-05-21,1.127950,0.003900,0.585594,4.987833
2018-05-22,1.131773,0.003903,1.852400,4.769041
2018-05-23,1.137303,0.892729,1.559463,4.407398
2018-05-24,1.154966,1.008314,2.019528,5.379083
2018-05-25,1.164323,0.314106,0.669235,3.757717
2018-05-26,1.161674,5.711361,1.600671,5.331253
2018-05-27,1.177819,13.928132,2.267265,4.153655
2018-05-28,1.175674,8.035880,1.984800,4.133426
2018-05-29,1.161127,14.237065,2.588508,3.744910
2018-05-30,1.160475,15.837376,2.597238,4.273280
2018-05-31,1.164409,24.086746,4.868819,4.647810
2018-06-01,1.182621,25.179310,7.240432,4.073254
2018-06-02,1.257530,77.012053,9.007816,4.457726
2018-06-03,1.324249,84.690481,7.234260,5.132994
2018-06-04,1.446628,112.925746,8.075833,9.872964
2018-06-05,1.640590,179.345304,21.281616,54.823812
2018-06-06,2.018921,340.441764,15.116610,63.124741
2018-06-07,4.223422,114.687667,6.243071,67.712618
2018-06-08,6.726114,103.849180,6.347059,47.164299
2018-06-09,8.841382,159.567613,8.284458,59.046989
2018-06-10,10.541457,136.087030,7.787915,50.802061
2018-06-11,12.342006,118.505407,9.348887,51.368941
2018-06-12,14.193698,132.278900,7.173104,46.785120
2018-06-13,16.690422,131.798979,7.434506,65.152972
2018-06-14,19.590053,114.165024,6.307680,19.925590
2018-06-15,21.509645,133.426515,8.056055,61.401934
2018-06-16,22.906982,93.105195,7.663210,48.621624
2018-06-17,25.122885,112.947551,8.000064,47.899656
2018-06-18,26.389263,142.775697,8.474721,64.545092
2018-06-19,27.039447,171.972764,8.685508,68.666032
2018-06-20,27.232080,77.546878,8.541996,33.454658
2018-06-21,27.762175,170.491683,10.690922,91.810047
2018-06-22,29.567931,122.433074,7.254671,49.488779
2018-06-23,32.912052,186.820279,8.733743,116.661280
2018-06-24,33.685154,128.497023,7.464368,65.349450
2018-06-25,35.207783,185.855180,9.854706,131.923051
2018-06-26,35.345195,217.473636,10.130422,124.559854
2018-06-27,35.768432,167.623661,11.441255,116.703037
2018-06-28,36.761466,197.269517,14.680345,99.113125
2018-06-29,39.097787,244.481274,11.287827,133.034056
2018-06-30,44.984320,134.005293,9.243311,67.368016
2018-07-01,47.395862,183.797405,10.876999,78.190289
2018-07-02,47.118092,199.162800,10.141660,113.323852
2018-07-03,47.588256,184.832383,10.490718,153.347703
2018-07-04,47.601995,112.393818,9.184813,50.114627
2018-07-05,46.643852,202.421097,15.376117,106.301589
2018-07-06,47.048319,308.753029,11.653538,202.323456
2018-07-07,51.710614,223.366711,11.250153,138.711380
2018-07-08,52.759910,201.718760,10.961606,92.946103
2018-07-09,53.427798,215.662934,8.695848,146.680443
2018-07-10,54.793142,209.024197,8.196626,113.330526
2018-07-11,53.607041,298.841531,11.873590,224.217406
2018-07-12,53.338036,435.329399,12.239857,246.775485
2018-07-13,52.897431,438.571004,11.966325,202.734110
2018-07-14,56.702088,395.724649,12.919044,248.527496
2018-07-15,54.769110,593.137254,15.742039,327.662676
2018-07-16,52.937593,342.080980,15.281205,292.602458
2018-07-17,52.191897,709.334632,16.311558,561.315537
2018-07-18,50.654502,695.214843,15.631905,603.713994
2018-07-19,48.748029,456.642627,14.672476,292.738698
2018-07-20,46.035355,351.371754,15.226395,363.644174
2018-07-21,42.455769,398.237441,14.497527,285.292297
2018-07-22,38.780943,319.449192,14.726370,293.230017
2018-07-23,35.970166,317.309723,14.523533,280.923877
2018-07-24,32.879389,229.098444,14.555558,160.672394
2018-07-25,30.679116,389.645942,16.787839,316.167842
2018-07-26,29.329755,227.370690,13.381433,227.031046
2018-07-27,28.479267,242.199885,14.099623,263.370824
2018-07-28,26.985293,319.752333,14.384078,298.006132
2018-07-29,26.539419,427.594718,14.016809,325.457895
2018-07-30,26.162893,821.494272,17.077438,515.889451
2018-07-31,25.670543,484.823006,14.049120,382.830723
2018-08-01,25.135819,371.220339,13.504144,346.715923
2018-08-02,24.348091,447.205592,12.282220,281.928566
2018-08-03,23.078520,314.529346,12.770872,245.289829
2018-08-04,21.993127,279.074841,12.283813,241.191953
2018-08-05,20.857219,312.728866,12.607486,240.506471
2018-08-06,19.469710,350.950565,13.724222,271.400230
2018-08-07,18.707506,339.331860,15.292708,245.644833
2018-08-08,18.015264,403.102688,15.978219,372.967841
2018-08-09,17.456214,496.898246,14.948196,351.382283
2018-08-10,16.724413,455.728486,12.696832,251.480179
2018-08-11,16.266083,318.508882,11.917636,222.309079
2018-08-12,16.236434,731.394360,13.200860,506.633292
2018-08-13,16.432733,1148.830595,16.457632,671.764511
2018-08-14,17.281451,1115.511774,16.766880,603.921023
2018-08-15,17.789073,392.377326,12.261756,205.734620
2018-08-16,17.939200,377.834624,16.072778,182.214593
2018-08-17,17.417962,338.499195,10.345333,159.569562
2018-08-18,17.261960,274.614524,9.658819,166.197268
2018-08-19,17.095893,265.690251,8.713596,161.143397
2018-08-20,16.818048,216.677668,7.844102,136.287449
2018-08-21,16.577141,214.393626,7.212932,153.343478
2018-08-22,16.166787,188.557497,6.526775,134.660544
2018-08-23,15.741430,220.657210,6.339986,160.616476
2018-08-24,15.180216,148.159338,5.851330,88.082962
2018-08-25,14.717029,184.710876,5.502387,103.732616
2018-08-26,14.210978,128.231711,5.729010,67.820202
2018-08-27,13.763342,145.095957,4.418122,86.634606
2018-08-28,13.159811,73.643109,4.391080,52.408004
2018-08-29,12.703960,54.396669,5.522994,51.563127
2018-08-30,12.779289,201.853794,8.074548,165.719646
2018-08-31,11.265434,143.693319,4.411983,98.942245
2018-09-01,10.849162,104.085243,3.196013,60.203775
2018-09-02,11.646739,48.153740,3.527609,61.723505
2018-09-03,12.297506,78.109147,3.331335,85.668247
2018-09-04,12.709218,64.010426,3.015650,51.777899
2018-09-05,12.987353,179.200504,11.347822,66.350290
2018-09-06,12.363943,146.251910,9.438246,161.843417
2018-09-07,12.016609,163.541614,5.457507,112.008516
2018-09-08,14.139690,79.160769,3.052225,67.227692
2018-09-09,16.237038,117.806483,3.396461,83.823552
2018-09-10,17.404787,37.014399,2.590089,13.315224
2018-09-11,17.958662,29.224640,2.700384,11.419766
2018-09-12,18.159257,43.431848,2.569912,12.622637
2018-09-13,18.008389,51.968287,2.696878,8.473899
2018-09-14,17.726411,81.916092,3.434651,7.468485
2018-09-15,17.386423,86.839567,3.263564,34.308342
2018-09-16,17.063162,54.130472,3.557803,35.067240
2018-09-17,16.029880,63.148800,3.689766,41.328251
2018-09-18,15.221971,155.672015,4.575790,37.299519
2018-09-19,13.762621,28.897321,2.141443,10.869142
2018-09-20,13.672362,9.643635,2.087388,5.156290
2018-09-21,13.924579,5.956068,2.086790,4.479183
2018-09-22,14.127869,2.640576,2.095057,4.301966
2018-09-23,14.303573,45.378535,4.547207,5.266803
2018-09-24,13.747062,11.365877,1.982785,5.357953
2018-09-25,13.443047,1.389928,1.948065,3.983307
2018-09-26,13.474442,0.550878,1.921917,3.976051
2018-09-27,13.532655,0.147539,1.984712,4.055803
2018-09-28,14.839908,0.613182,2.578968,6.416730
2018-09-29,13.860958,0.366591,1.830058,4.971447
2018-09-30,13.216976,0.386205,2.517945,5.364784
2018-10-01,13.218827,0.043145,1.886462,3.919844
2018-10-02,12.537725,0.000604,1.742751,3.898514
2018-10-03,12.220414,0.000091,1.709099,3.897968
2018-10-04,11.939741,0.000066,1.679849,3.881563
2018-10-05,11.666287,0.003898,1.845604,4.333591
2018-10-06,11.378223,0.014886,2.987177,3.898087
2018-10-07,11.107647,0.004510,1.723404,3.827549
2018-10-08,10.822125,0.000062,1.578017,3.832276
2018-10-09,10.532243,0.000100,1.548525,3.818532
2018-10-10,10.235033,0.000152,1.519455,3.815845
2018-10-11,9.927797,0.000122,1.487630,3.824547
2018-10-12,9.636312,0.000136,3.715953,4.313401
2018-10-13,9.349211,0.088085,2.180416,3.792153
2018-10-14,9.072760,0.137575,1.429414,3.778284
2018-10-15,8.805852,0.080135,1.416660,3.744063
2018-10-16,8.543460,0.306933,1.391592,3.759599
2018-10-17,8.308339,0.488821,1.361329,3.752181
2018-10-18,8.086994,0.680190,1.339235,3.742249
2018-10-19,7.873940,0.428715,1.374228,3.722588
2018-10-20,7.665715,0.210280,1.284786,3.714161
2018-10-21,7.459257,0.192139,1.253504,3.711868
2018-10-22,7.270368,0.382442,1.258568,3.704534
2018-10-23,7.081294,0.579501,1.198779,3.687143
2018-10-24,6.898341,0.425812,1.171703,3.684038
2018-10-25,6.723733,0.263797,1.143160,3.672136
2018-10-26,6.554165,0.403926,1.181037,3.873034
2018-10-27,6.408971,0.901231,1.784589,3.709908
2018-10-28,6.266357,1.402124,1.070470,3.628880
2018-10-29,6.129939,1.344258,1.042938,3.613548
2018-10-30,6.002770,1.223422,1.025703,3.654515
2018-10-31,5.879960,0.476312,1.006874,3.611921
2018-11-01,5.755581,0.393416,0.984680,3.627761
2018-11-02,5.642052,0.063418,1.001385,3.593514
2018-11-03,5.527749,0.112571,0.944512,3.596394
2018-11-04,5.415962,0.608283,0.928459,3.596862
2018-11-05,5.308344,0.519482,0.907769,3.579934
2018-11-06,5.199667,0.363426,0.902901,3.575412
2018-11-07,5.099198,0.327573,0.890034,3.552328
2018-11-08,4.998115,0.306177,1.175353,3.558598
2018-11-09,4.898240,0.276435,2.288095,3.791138
2018-11-10,4.808128,0.081459,0.825289,3.539106
2018-11-11,4.714265,0.037708,0.811840,3.511767
2018-11-12,4.626908,0.683063,0.854825,3.532065
2018-11-13,4.530452,1.159307,0.789512,3.497863
2018-11-14,4.442304,0.837199,0.769224,3.519737
2018-11-15,4.368948,0.976959,0.761764,3.492393
2018-11-16,4.296976,0.375006,0.745078,3.491794
2018-11-17,4.234497,0.179217,4.459208,3.567824
2018-11-18,4.171886,0.194292,0.904881,3.474091
2018-11-19,4.111253,0.342474,2.560644,3.500842
2018-11-20,4.051795,1.000158,8.294420,3.718931
2018-11-21,3.995694,0.910895,0.747974,3.407931
2018-11-22,3.939247,0.428681,0.775118,3.409739
2018-11-23,3.879741,0.108543,0.820793,3.397359
2018-11-24,3.822471,0.328200,1.019114,6.361481
2018-11-25,3.767136,0.176505,0.955776,3.368644
2018-11-26,3.712637,0.016671,0.801248,3.353031
2018-11-27,3.665167,0.243941,0.803195,3.355979
2018-11-28,3.615502,0.676823,0.802930,3.356631
2018-11-29,3.567571,0.310186,0.796756,3.338370
2018-11-30,3.520834,0.135490,0.792680,3.323636
2018-12-01,3.471575,0.091921,0.783521,3.320298
2018-12-02,3.428530,0.526252,0.775669,3.304303
2018-12-03,3.383839,0.566451,0.764839,3.327873
2018-12-04,3.339225,0.723203,0.754950,3.317061
2018-12-05,3.298940,0.863474,0.746086,3.335541
2018-12-06,3.258906,0.637102,0.734705,3.330279
2018-12-07,3.223774,0.255978,0.722669,3.302533
2018-12-08,3.188621,0.037268,0.708369,3.309839
2018-12-09,3.154940,0.090469,0.700760,3.290297
2018-12-10,3.121253,0.480625,0.690495,3.272666
2018-12-11,3.085541,0.479694,0.691178,3.299421
2018-12-12,3.055202,0.479836,0.719870,3.279999
2018-12-13,3.023406,0.480749,1.221248,3.285427
2018-12-14,2.991367,0.479677,0.986720,3.266456
2018-12-15,2.959225,0.481075,0.809116,3.238364
2018-12-16,2.924912,0.250213,0.628707,3.281018
2018-12-17,2.894932,0.010892,0.611938,3.247860
2018-12-18,2.863411,0.002840,0.603932,3.248046
2018-12-19,2.832186,0.000000,0.635928,3.247149
2018-12-20,2.801185,0.000000,0.753901,3.258634
2018-12-21,2.769094,0.000000,0.579938,3.234211
2018-12-22,2.741427,0.000000,0.572455,3.219544
2018-12-23,2.712531,0.055702,1.140735,3.246591
2018-12-24,2.683585,0.002009,1.493548,3.243077
2018-12-25,2.654770,0.000002,0.605725,3.179429
2018-12-26,2.624889,0.000000,0.560386,3.209756
2018-12-27,2.599076,0.017825,0.560059,3.187687
2018-12-28,2.571671,0.017502,0.547880,3.217014
2018-12-29,2.544731,0.008064,0.532940,3.186430
2018-12-30,2.517969,0.014284,0.535278,3.156476
2018-12-31,2.491104,0.014344,0.525262,3.198660
2019-01-01,2.486200,0.398826,0.537106,3.174588
2019-01-02,2.462258,0.383094,0.577525,3.140734
2019-01-03,2.436696,0.257302,0.516744,3.166100
2019-01-04,2.411512,0.077786,0.549534,3.167395
2019-01-05,2.386372,0.022512,0.506276,3.127688
2019-01-06,2.359998,0.009683,0.500466,3.107223
2019-01-07,2.338112,0.025120,0.497627,3.206685
2019-01-08,2.315150,0.033636,0.552976,3.170091
2019-01-09,2.292306,0.008082,0.533172,3.098611
2019-01-10,2.270817,0.008450,0.482974,3.119551
2019-01-11,2.249675,0.008763,0.478441,3.117876
2019-01-12,2.232172,0.009843,0.472803,3.179231
2019-01-13,2.213401,0.007738,0.468206,3.834240
2019-01-14,2.194873,0.050903,0.462580,3.106677
2019-01-15,2.176411,0.012707,0.459683,3.125801
2019-01-16,2.156760,0.010226,0.455260,3.099117
2019-01-17,2.140366,0.005913,0.448816,3.109198
2019-01-18,2.122646,0.010926,0.450031,3.131573
2019-01-19,2.105030,0.009350,0.442541,3.066747
2019-01-20,2.087339,0.012050,0.437985,3.061111
2019-01-21,2.068207,0.007563,0.430133,3.064644
2019-01-22,2.051937,0.018376,0.429672,3.077923
2019-01-23,2.034302,0.010767,0.420939,3.047381
2019-01-24,2.016912,0.011814,0.417063,3.073909
2019-01-25,2.000178,0.008349,0.415746,3.065525
2019-01-26,1.982222,0.033537,0.408099,3.068119
2019-01-27,1.967118,0.072995,0.403081,3.027539
2019-01-28,1.951365,0.012382,0.403962,3.059557
2019-01-29,1.935787,0.007583,0.392310,3.042244
2019-01-30,1.920197,0.007561,0.396281,3.030284
2019-01-31,1.904703,0.006984,0.386035,3.050388
2019-02-01,1.888034,0.019126,0.384749,3.035630
2019-02-02,1.866731,0.062059,0.380878,3.055796
2019-02-03,1.850291,0.047050,0.373178,3.068620
2019-02-04,1.835433,0.036951,0.370503,2.997108
2019-02-05,1.821372,0.000325,0.367662,3.011237
2019-02-06,1.806379,0.000009,0.364401,3.026695
2019-02-07,1.793753,0.000015,0.356901,2.980267
2019-02-08,1.779755,0.000000,0.352462,2.991713
2019-02-09,1.765526,0.000000,0.351540,2.998756
2019-02-10,1.751707,0.000001,0.345666,2.998287
2019-02-11,1.737180,0.000006,0.346726,2.984695
2019-02-12,1.725310,0.000000,0.336978,2.980120
2019-02-13,1.712274,0.000000,0.337258,2.952714
2019-02-14,1.699130,0.000000,0.334302,2.969816
2019-02-15,1.685921,0.022346,0.327306,2.964943
2019-02-16,1.671799,0.105668,0.324082,2.951296
2019-02-17,1.660479,0.197283,0.323979,2.965930
2019-02-18,1.648391,0.270461,0.319500,2.957161
2019-02-19,1.636285,0.600626,0.321100,2.945511
2019-02-20,1.624110,0.704453,0.310303,2.937711
2019-02-21,1.610758,0.701162,0.636308,2.925228
2019-02-22,1.599952,0.720400,0.309198,2.911619
2019-02-23,1.588073,0.716774,0.303101,2.936142
2019-02-24,1.576187,0.713114,0.299562,2.901130
2019-02-25,1.564564,0.715312,0.292985,2.920814
2019-02-26,1.552040,0.714527,0.296429,2.883091
2019-02-27,1.541857,0.715756,0.292203,2.913517
2019-02-28,1.530644,0.721169,0.289878,2.854275
2019-03-01,1.512238,11.458505,0.286382,2.779349
2019-03-02,1.503187,0.705103,0.281991,2.771744
2019-03-03,1.494134,0.592815,0.280222,2.761334
2019-03-04,1.485073,0.115199,0.275080,2.745825
2019-03-05,1.476193,0.095622,0.276024,2.741616
2019-03-06,1.466445,0.096069,0.270891,2.772505
2019-03-07,1.458965,0.096830,0.270423,2.734626
2019-03-08,1.450555,0.097407,0.264770,2.733037
2019-03-09,1.442077,0.096879,0.265283,2.751411
2019-03-10,1.433569,0.097006,0.262667,2.738070
2019-03-11,1.424039,0.072209,0.257629,2.734798
2019-03-12,1.416441,0.001014,0.258469,2.742932
2019-03-13,1.407874,0.000123,0.253486,2.703851
2019-03-14,1.399283,0.000109,0.250566,2.773816
2019-03-15,1.390603,0.000118,0.251347,2.699597
2019-03-16,1.381140,0.000046,0.246359,2.759469
2019-03-17,1.373659,0.000000,0.246359,2.749902
2019-03-18,1.365225,0.000000,0.245304,2.746962
2019-03-19,1.357033,0.000000,0.238178,2.704589
2019-03-20,1.349037,0.000111,0.238247,2.687022
2019-03-21,1.340532,0.000195,0.236366,2.757304
2019-03-22,1.333963,0.000036,0.235566,2.749920
2019-03-23,1.326477,0.000000,0.230046,2.737233
2019-03-24,1.319025,0.000000,0.230406,3.399423
2019-03-25,1.311569,0.000000,0.226908,2.741835
2019-03-26,1.303236,0.000000,0.225433,2.720242
2019-03-27,1.296784,0.000000,0.221357,2.704972
2019-03-28,1.289318,0.000000,0.222259,2.678902
2019-03-29,1.281873,0.000000,0.217301,2.731364
2019-03-30,1.274463,0.000000,0.216232,2.696331
2019-03-31,1.267060,0.000000,0.215148,2.718515
2019-04-01,1.258768,0.000000,0.212126,2.657398
2019-04-02,1.252190,0.000000,0.216929,3.371593
2019-04-03,1.244754,0.000000,0.277686,2.646608
2019-04-04,1.237278,0.000000,0.205541,2.669194
2019-04-05,1.229774,0.000000,0.205561,2.660620
2019-04-06,1.221525,0.000000,0.903530,3.677560
2019-04-07,1.215199,0.000000,1.648832,4.154448
2019-04-08,1.208079,0.000000,1.166462,3.470351
2019-04-09,1.201012,0.000000,0.787146,3.188985
2019-04-10,1.194004,0.000000,1.133703,3.273899
2019-04-11,1.186469,0.000000,1.265163,4.932440
2019-04-12,1.180770,0.000000,6.352519,3.583633
2019-04-13,1.174226,0.000000,3.193820,5.158497
2019-04-14,1.161262,0.000000,6.172787,3.403839
2019-04-15,1.156475,0.000000,1.114922,4.174041
2019-04-16,1.154248,0.000000,0.457563,5.400135
2019-04-17,1.142431,0.000000,0.220887,5.431441
2019-04-18,1.125034,0.000000,0.437501,3.547827
2019-04-19,1.111784,0.000000,0.816209,5.853325
2019-04-20,1.102777,0.000000,0.339356,5.653917
2019-04-21,1.093860,0.000000,0.255234,4.902378
2019-04-22,1.086632,0.000000,0.245090,2.283964
2019-04-23,1.078983,0.000000,0.247599,2.254321
2019-04-24,1.073162,0.000000,0.299790,4.687826
2019-04-25,1.069068,0.000000,0.254733,2.449891
2019-04-26,1.065412,0.000000,0.617267,4.706666
2019-04-27,1.065135,0.000000,1.443610,4.043922
2019-04-28,1.064251,0.000000,3.272223,2.862811
2019-04-29,1.044790,4.630832,6.570642,2.898399
2019-04-30,1.052872,13.180775,5.083107,3.188176
2019-05-01,1.009438,23.443925,6.238418,3.203976
2019-05-02,0.944712,34.721336,3.880941,5.164951
2019-05-03,1.004050,0.567213,1.313105,3.283870
2019-05-04,1.197588,40.796509,6.005703,3.382355
2019-05-05,1.275068,98.618335,7.514566,5.729552
2019-05-06,1.687271,92.537443,9.188345,5.130337
2019-05-07,2.798883,47.597229,2.469197,4.084578
2019-05-08,4.117393,38.733654,2.518744,5.637353
2019-05-09,5.193163,24.122668,2.141952,8.467879
2019-05-10,6.028334,6.230126,1.643563,6.236179
2019-05-11,6.738089,8.902675,1.773604,6.235586
2019-05-12,7.359669,3.662360,1.409151,3.768198
2019-05-13,7.773014,1.899781,1.699769,4.158364
2019-05-14,8.101239,10.071550,6.892584,4.766335
2019-05-15,8.345306,93.567776,5.948580,9.271364
2019-05-16,7.915236,128.975072,4.002459,8.118033
2019-05-17,8.503353,81.201430,3.856232,5.079279
2019-05-18,10.074859,83.829802,4.439022,7.787484
2019-05-19,11.759192,81.628731,4.628788,14.548622
2019-05-20,13.763431,63.706799,4.007176,17.643776
2019-05-21,15.967954,49.134418,3.983441,16.416698
2019-05-22,17.700972,61.434692,4.726837,30.841583
2019-05-23,19.503889,95.673984,7.488104,27.880823
2019-05-24,21.650662,62.456566,3.758154,32.652000
2019-05-25,24.153049,48.827995,4.598970,29.431026
2019-05-26,25.559598,104.068005,6.441431,39.927045
2019-05-27,26.553818,87.285924,5.103453,42.288926
2019-05-28,28.118226,62.097070,4.230556,16.853384
2019-05-29,28.838003,76.767245,5.200613,44.790312
2019-05-30,28.928335,68.772831,5.381893,47.370312
2019-05-31,29.110643,74.224919,5.583759,29.580176
2019-06-01,29.063941,58.536242,5.231180,24.026066
2019-06-02,29.136627,88.820817,5.984192,50.212383
2019-06-03,28.731554,119.230053,6.710650,51.810146
2019-06-04,28.309872,122.032091,7.051599,48.448120
2019-06-05,28.218064,113.787108,8.236684,53.390792
2019-06-06,28.633022,111.988581,6.753513,33.642051
2019-06-07,29.080861,147.719902,8.808340,63.047446
2019-06-08,29.492344,106.963992,8.061601,47.111331
2019-06-09,31.081416,179.379385,10.170352,64.165740
2019-06-10,31.823840,121.551740,11.967548,55.309509
2019-06-11,32.784873,326.793010,23.411398,95.231966
2019-06-12,42.075972,231.713647,22.440337,94.802068
2019-06-13,50.462615,277.975972,20.698836,112.799885
2019-06-14,53.002326,246.351194,16.467857,109.535024
2019-06-15,54.342744,237.809822,14.312681,108.755049
2019-06-16,55.039453,298.019932,14.217734,123.539778
2019-06-17,54.831712,365.614821,13.583321,144.031800
2019-06-18,55.276510,246.348177,12.775817,121.737530
2019-06-19,56.580040,285.205377,13.069309,137.895644
2019-06-20,56.224654,242.134338,11.951157,126.330909
2019-06-21,55.430216,221.482242,11.641152,121.427251
2019-06-22,53.905919,219.679616,11.878373,118.177606
2019-06-23,51.761830,271.285762,11.983303,136.749991
2019-06-24,49.492419,276.725662,12.463346,150.042358
2019-06-25,48.716613,378.097118,15.554517,225.323905
2019-06-26,48.621364,418.527636,15.027168,225.492349
2019-06-27,52.166705,387.097977,13.226626,201.307721
2019-06-28,55.024615,306.474194,12.905747,196.330618
2019-06-29,56.183494,271.891559,14.379796,180.040367
2019-06-30,56.843006,226.284881,14.085622,191.250489
2019-07-01,56.042279,169.802873,15.133862,168.086457
2019-07-02,53.385144,255.258482,16.347610,141.234034
2019-07-03,52.714196,263.982077,14.674613,192.688766
2019-07-04,55.608130,217.979773,14.760834,183.072875
2019-07-05,55.818317,256.826478,15.812483,212.858731
2019-07-06,54.686733,251.676719,15.722506,205.610977
2019-07-07,54.377122,281.204017,15.131087,224.261942
2019-07-08,53.306359,344.915223,14.172602,206.196135
2019-07-09,54.052673,299.985323,16.604007,245.063830
2019-07-10,57.343830,228.425128,14.644231,218.280956
2019-07-11,57.612252,250.683717,15.547477,249.597358
2019-07-12,55.127980,249.121468,14.623024,233.403381
2019-07-13,52.059344,243.001593,14.930205,254.166451
2019-07-14,49.721430,301.102822,16.276077,285.419520
2019-07-15,47.278155,388.050293,13.123423,228.393958
2019-07-16,48.367580,316.844308,15.520273,305.497627
2019-07-17,49.002659,328.142792,15.038643,288.942621
2019-07-18,47.596032,307.734369,15.920478,314.114533
2019-07-19,45.934225,324.028832,14.332492,289.020027
2019-07-20,42.967991,330.140727,16.090138,311.926578
2019-07-21,40.363399,356.337276,15.414263,339.935195
2019-07-22,37.845711,358.842860,16.621917,335.988462
2019-07-23,35.586154,368.441233,16.532050,288.060088
2019-07-24,33.550911,298.735528,15.858737,297.975413
2019-07-25,31.975910,303.051674,14.136914,216.241443
2019-07-26,30.043349,277.708558,14.529768,237.772500
2019-07-27,28.710753,347.330585,15.244992,301.386794
2019-07-28,27.087071,259.405596,14.103825,191.759213
2019-07-29,26.975873,464.723550,20.601131,388.579598
2019-07-30,29.642601,870.887055,17.747121,370.864636
2019-07-31,30.425534,1116.333517,19.357146,626.513845
2019-08-01,33.876215,706.851666,14.807235,429.612448
2019-08-02,34.579220,482.250073,13.551944,309.488002
2019-08-03,32.878946,497.659271,14.243118,328.084414
2019-08-04,30.351107,416.539280,13.876156,285.996873
2019-08-05,28.302917,477.850957,13.982065,300.216675
2019-08-06,25.999336,348.020775,13.347268,262.823366
2019-08-07,24.560778,331.747741,13.398002,259.978210
2019-08-08,23.154385,326.700288,12.704179,243.517714
2019-08-09,21.902572,320.919619,12.415928,182.346998
2019-08-10,20.649616,304.620117,12.511869,266.693562
2019-08-11,19.508641,259.666398,11.261136,149.673662
2019-08-12,18.361968,200.882341,12.406292,220.003338
2019-08-13,17.620111,511.402281,13.718413,336.088603
2019-08-14,16.735991,238.552343,11.342516,215.188316
2019-08-15,16.425107,216.700481,11.106537,187.518927
2019-08-16,16.139297,283.638311,11.044806,162.808306
2019-08-17,15.704277,272.566705,11.067696,157.616665
2019-08-18,15.088964,228.973689,10.130887,115.559599
2019-08-19,14.667260,279.397019,11.106485,204.335634
2019-08-20,13.997262,258.405662,11.162863,197.434173
2019-08-21,13.519095,157.272806,10.369824,95.987636
2019-08-22,13.056804,123.440994,10.258558,81.549409
2019-08-23,12.750646,120.989858,10.632011,77.261509
2019-08-24,12.256690,115.422126,11.333371,53.187789
2019-08-25,12.172478,302.083581,11.495531,147.440489
2019-08-26,11.540535,226.469777,9.516070,133.174212
2019-08-27,11.174647,140.928018,9.577278,135.328634
2019-08-28,10.914021,122.220245,9.416625,127.744800
2019-08-29,10.574321,102.578048,9.049653,47.600143
2019-08-30,10.307908,74.065821,9.539501,42.391047
2019-08-31,10.016747,85.867703,9.154395,35.109895
2019-09-01,9.712885,119.369148,8.810598,79.977807
2019-09-02,9.396813,141.092041,8.335075,81.383649
2019-09-03,9.352561,172.054233,9.172779,106.784001
2019-09-04,8.985681,218.115251,8.657380,150.580364
2019-09-05,8.433987,124.494098,8.139619,57.052608
2019-09-06,8.344754,197.728888,10.706041,136.957182
2019-09-07,8.095232,179.692147,8.929421,135.731758
2019-09-08,7.808067,155.378566,7.368201,54.184343
2019-09-09,7.582333,59.642273,8.173484,41.999565
2019-09-10,7.534015,151.646391,7.604715,39.902975
2019-09-11,7.247794,50.348103,8.056230,11.932930
2019-09-12,7.049895,29.817391,8.774126,13.375824
2019-09-13,6.868467,26.891959,9.363518,13.770093
2019-09-14,6.699996,35.465369,9.301406,12.742170
2019-09-15,6.563067,27.317999,8.289359,13.665975
2019-09-16,6.425990,23.352901,7.941274,13.383750
2019-09-17,6.281287,5.813499,7.195382,8.087742
2019-09-18,7.277714,5.647907,7.277006,10.692642
2019-09-19,6.169626,57.328247,6.836660,10.066129
2019-09-20,5.930036,101.806660,6.925759,20.864804
2019-09-21,5.722123,71.173636,6.402411,40.103288
2019-09-22,5.831840,273.693359,10.914155,141.120353
2019-09-23,5.568933,333.841289,7.755297,201.738316
2019-09-24,4.999828,261.222253,8.275353,207.328375
2019-09-25,4.848111,184.692547,5.517980,109.141406
2019-09-26,5.129183,105.202700,5.224268,12.778788
2019-09-27,6.213294,447.758834,6.301278,47.328904
2019-09-28,6.679042,483.679943,8.088493,283.462184
2019-09-29,6.238371,117.905585,5.395086,34.590874
2019-09-30,6.724642,45.555013,5.362001,18.686274
2019-10-01,7.559785,27.377573,7.859732,27.082489
2019-10-02,7.441727,76.383292,14.466865,33.155477
2019-10-03,7.043519,94.832102,12.326737,51.488919
2019-10-04,7.549157,168.521562,19.422905,97.241756
2019-10-05,9.035272,259.525003,17.466130,121.302045
2019-10-06,12.732492,423.841751,17.075933,144.368727
2019-10-07,17.321721,98.512678,15.232588,41.440843
2019-10-08,22.428995,11.056955,15.941448,10.180303
2019-10-09,25.042236,49.203144,15.254535,7.924258
2019-10-10,25.549698,17.475746,13.012296,5.515033
2019-10-11,24.702911,2.554229,10.799590,5.548510
2019-10-12,23.827044,0.514891,9.010494,5.318549
2019-10-13,22.891168,0.840178,7.723075,5.338446
2019-10-14,22.501930,0.922208,6.601873,5.283044
2019-10-15,21.216486,0.704710,5.741014,5.265124
2019-10-16,19.827301,0.513565,5.069142,5.243316
2019-10-17,18.736093,0.452335,4.559117,5.746800
2019-10-18,17.777130,0.562880,4.058023,5.931040
2019-10-19,16.850090,2.939046,4.041716,5.516657
2019-10-20,16.331449,4.183334,3.418322,5.189403
2019-10-21,15.267371,0.721988,3.068734,5.170212
2019-10-22,14.515773,0.299254,2.828539,5.170442
2019-10-23,14.068733,0.444393,2.620498,5.147709
2019-10-24,13.186214,0.646716,2.436787,5.129016
2019-10-25,12.605457,0.809781,2.271174,5.113086
2019-10-26,12.071899,1.194044,2.123174,5.085308
2019-10-27,11.620688,0.921621,1.991562,5.084783
2019-10-28,11.447180,0.973322,2.701416,5.040875
2019-10-29,12.346167,1.043107,1.902998,5.038552
2019-10-30,10.473821,0.778766,1.670322,5.034176
2019-10-31,10.083229,1.426139,1.582168,5.025889
2019-11-01,9.706516,1.415554,1.569790,5.002166
2019-11-02,9.376052,0.992145,1.445934,4.967210
2019-11-03,9.061889,0.370108,1.368646,4.963479
2019-11-04,8.785896,0.560044,1.311675,4.946210
2019-11-05,8.544103,0.299448,1.781755,4.940137
2019-11-06,8.322313,0.216813,1.330286,4.918049
2019-11-07,8.120365,0.627956,1.474939,4.913122
2019-11-08,7.919922,0.973268,3.414987,5.257576
2019-11-09,7.729896,0.631630,1.350795,4.883622
2019-11-10,7.544079,0.512653,4.666745,5.138301
2019-11-11,7.346856,0.554584,2.279711,4.962971
2019-11-12,7.165888,0.764935,1.029033,4.881548
2019-11-13,6.980818,0.218882,1.948884,4.853281
2019-11-14,6.805401,0.166457,1.986843,4.945261
2019-11-15,6.640711,0.326499,0.960144,4.778617
2019-11-16,6.480847,0.211282,0.952429,4.803744
2019-11-17,6.342429,0.104380,1.188208,4.749394
2019-11-18,6.212838,0.075484,4.109179,4.761096
2019-11-19,6.096014,0.127208,1.197873,4.727767
2019-11-20,5.985368,0.580320,0.964713,4.723166
2019-11-21,5.867875,0.732701,1.035798,4.719732
2019-11-22,5.763437,0.391084,0.938441,4.726185
2019-11-23,5.655363,0.171843,0.914341,4.743962
2019-11-24,5.548871,0.206990,0.902965,4.727416
2019-11-25,5.445015,0.236475,0.886047,4.703947
2019-11-26,5.339916,0.203759,0.865512,4.718848
2019-11-27,5.244834,0.163879,0.844997,4.810984
2019-11-28,5.148133,0.373888,0.827531,4.689768
2019-11-29,5.051746,0.441758,0.806199,4.690391
2019-11-30,4.957264,0.554749,0.835616,4.721765
2019-12-01,4.862747,0.732186,0.974448,4.653847
2019-12-02,4.774955,0.615512,1.522860,4.682382
2019-12-03,4.688038,0.419771,0.732290,4.641658
2019-12-04,4.605879,0.245384,0.714704,4.607291
2019-12-05,4.527238,0.169895,0.698517,4.600936
2019-12-06,4.452964,0.177051,0.685410,4.590203
2019-12-07,4.390190,0.373855,0.673800,4.635951
2019-12-08,4.325735,0.308460,0.650986,4.613995
2019-12-09,4.262033,0.393995,0.642910,4.636884
2019-12-10,4.199649,0.546976,0.623456,4.599108
2019-12-11,4.135605,0.423632,0.611669,4.620430
2019-12-12,4.077162,0.311309,0.599934,4.584231
2019-12-13,4.016812,0.332931,0.585614,4.589650
2019-12-14,3.956718,0.583406,0.571836,4.518730
2019-12-15,3.897437,0.246716,0.561223,4.565908
2019-12-16,3.837039,0.231406,0.548874,4.521341
2019-12-17,3.782408,0.310217,0.535544,4.506786
2019-12-18,3.726707,0.152859,0.526262,4.506394
2019-12-19,3.672005,0.277184,0.512439,4.532376
2019-12-20,3.617148,0.151551,0.504457,4.486316
2019-12-21,3.561287,0.230784,0.491402,4.560842
2019-12-22,3.511258,0.394531,0.482352,4.482081
2019-12-23,3.458950,0.079813,0.471826,4.452241
2019-12-24,3.408475,0.051678,0.463829,4.455110
2019-12-25,3.359100,0.169148,0.455141,4.494794
2019-12-26,3.308766,0.534794,0.442634,4.461790
2019-12-27,3.266152,0.555071,0.438484,4.442933
2019-12-28,3.224144,0.344526,0.423680,4.499553
2019-12-29,3.183333,0.457588,0.421959,4.454983
2019-12-30,3.145852,0.156339,0.409302,4.451002
2019-12-31,3.109239,0.024568,0.406069,4.442733

