time,MAR_land,MAR_ice,RACMO_land,RACMO_ice
2015-01-01,0.000000,0.000000,0.469892,0.069400
2015-01-02,0.000000,0.000000,0.465403,0.070855
2015-01-03,0.000000,0.000000,0.462987,0.054273
2015-01-04,0.000000,0.000000,0.457897,0.052738
2015-01-05,0.000000,0.000000,0.450875,0.062547
2015-01-06,0.000000,0.000000,0.448586,0.060202
2015-01-07,0.000000,0.000000,0.443778,0.069397
2015-01-08,0.000000,0.000000,0.437327,0.050951
2015-01-09,0.000000,0.000000,0.435452,0.056818
2015-01-10,0.000000,0.000000,0.568659,0.062714
2015-01-11,0.000000,0.000000,0.424346,0.057809
2015-01-12,0.000000,0.000000,0.421337,0.057231
2015-01-13,0.000000,0.000000,0.413495,0.058819
2015-01-14,0.000000,0.000000,0.412382,0.069302
2015-01-15,0.000000,0.000000,0.410342,0.080406
2015-01-16,0.000000,0.000000,0.399854,0.049877
2015-01-17,0.000000,0.000000,0.400372,0.069778
2015-01-18,0.000000,0.000000,0.393507,0.066240
2015-01-19,0.000000,0.000000,0.391761,0.056794
2015-01-20,0.000000,0.000000,0.417413,0.068026
2015-01-21,0.000000,0.000000,0.413944,0.077461
2015-01-22,0.000000,0.000000,0.380546,0.063245
2015-01-23,0.000000,0.000000,0.371074,0.064024
2015-01-24,0.000000,0.000000,0.372817,0.064593
2015-01-25,0.000000,0.000000,0.366311,0.073198
2015-01-26,0.000000,0.000000,0.362749,0.080356
2015-01-27,0.000000,0.000000,0.359418,0.072268
2015-01-28,0.000000,0.000000,0.354303,0.087484
2015-01-29,0.000000,0.000000,0.351720,0.049088
2015-01-30,0.000000,0.000000,0.346494,0.064685
2015-01-31,0.000000,0.000000,0.346070,0.085978
2015-02-01,0.000000,0.000000,0.338200,0.074399
2015-02-02,0.000000,0.000000,0.338929,0.072825
2015-02-03,0.000000,0.000000,0.337984,0.066521
2015-02-04,0.000000,0.000000,0.328170,0.100067
2015-02-05,0.000000,0.000000,0.324437,0.072332
2015-02-06,0.000000,0.000000,0.322969,0.075260
2015-02-07,0.000000,0.000000,0.317215,0.075601
2015-02-08,0.000000,0.000000,0.322725,0.067766
2015-02-09,0.000000,0.000000,0.308120,0.086046
2015-02-10,0.000000,0.000000,0.304883,0.061944
2015-02-11,0.000000,0.000000,0.303065,0.085332
2015-02-12,0.000000,0.000000,0.297256,0.085172
2015-02-13,0.000000,0.000000,0.294230,0.059192
2015-02-14,0.000000,0.000000,0.294339,0.097038
2015-02-15,0.000000,0.000000,0.289697,0.068248
2015-02-16,0.000000,0.000000,0.283641,0.084054
2015-02-17,0.000000,0.000000,0.281438,0.277791
2015-02-18,0.000000,0.000000,0.276886,0.031418
2015-02-19,0.000000,0.000000,0.273534,0.062048
2015-02-20,0.000000,0.000000,0.272841,0.066406
2015-02-21,0.000000,0.000000,0.267417,0.082869
2015-02-22,0.000000,0.000000,0.262318,0.066671
2015-02-23,0.000000,0.000000,0.263272,0.071770
2015-02-24,0.000000,0.000000,0.256987,0.068869
2015-02-25,0.000000,0.000000,0.249733,0.081819
2015-02-26,0.000000,0.000000,0.253371,0.066798
2015-02-27,0.000000,0.000000,0.248313,0.080646
2015-02-28,0.000000,0.000000,0.240933,0.083038
2015-03-01,0.000000,0.000000,0.242352,0.066054
2015-03-02,0.000000,0.000000,0.231643,0.066037
2015-03-03,0.000000,0.000000,0.236031,0.077950
2015-03-04,0.000000,0.000000,0.232383,0.081174
2015-03-05,0.000000,0.000000,0.224413,0.070339
2015-03-06,0.000000,0.000000,0.225489,0.081492
2015-03-07,0.000000,0.000000,0.221727,0.069741
2015-03-08,0.000000,0.000000,0.215996,0.080117
2015-03-09,0.000000,0.000000,0.214189,0.064628
2015-03-10,0.000000,0.000000,0.211425,0.070224
2015-03-11,0.000000,0.000000,0.207418,0.083838
2015-03-12,0.000000,0.000000,0.204354,0.053409
2015-03-13,0.000000,0.000000,0.201315,0.065855
2015-03-14,0.000000,0.000000,0.287489,0.068106
2015-03-15,0.000000,0.000000,0.196208,0.078977
2015-03-16,0.000000,0.000000,0.190737,0.054483
2015-03-17,0.000000,0.000000,0.194303,0.070154
2015-03-18,0.000000,0.000000,0.186816,0.072744
2015-03-19,0.000000,0.000000,0.185505,0.062257
2015-03-20,0.000000,0.000000,0.186176,0.026895
2015-03-21,0.000000,0.000000,0.180628,0.071624
2015-03-22,0.000000,0.000000,0.178913,0.060117
2015-03-23,0.000000,0.000000,0.176032,0.066876
2015-03-24,0.000000,0.000000,0.171333,0.058507
2015-03-25,0.000000,0.000000,0.172452,0.060137
2015-03-26,0.000000,0.000000,0.171225,0.078167
2015-03-27,0.000000,0.000000,0.163519,0.057122
2015-03-28,0.000000,0.000000,0.166742,0.076612
2015-03-29,0.000000,0.000000,0.161637,0.060337
2015-03-30,0.000000,0.000000,0.160789,0.073692
2015-03-31,0.000000,0.000000,0.157446,0.059722
2015-04-01,0.000000,0.000000,0.156455,0.060520
2015-04-02,0.000000,0.000000,0.152020,0.071195
2015-04-03,0.000000,0.000000,0.153268,0.062826
2015-04-04,0.000000,0.000000,0.306693,0.065739
2015-04-05,0.000000,0.000000,0.146047,0.076300
2015-04-06,0.000000,0.000000,0.147741,0.056418
2015-04-07,0.000000,0.000000,0.143775,0.060101
2015-04-08,0.000000,0.000000,0.141950,0.056144
2015-04-09,0.000000,0.000000,0.140369,0.060592
2015-04-10,0.000000,0.000000,0.137759,0.069902
2015-04-11,0.000000,0.000000,0.140825,0.071674
2015-04-12,0.000000,0.000000,0.132735,0.082467
2015-04-13,0.000000,0.000000,0.136432,0.054123
2015-04-14,0.000000,0.000000,0.140055,0.068535
2015-04-15,0.000000,0.000000,0.129847,0.163207
2015-04-16,0.000000,0.000000,0.377569,0.711215
2015-04-17,0.000000,0.000000,1.949557,0.354431
2015-04-18,0.000000,0.000000,1.853606,0.810785
2015-04-19,0.000000,0.000000,11.104806,0.316853
2015-04-20,0.000000,0.000000,15.077854,0.155381
2015-04-21,0.000000,0.000000,1.443975,0.081014
2015-04-22,0.000000,0.000000,0.228462,0.073122
2015-04-23,0.000000,0.000000,0.118916,0.127834
2015-04-24,0.000000,0.000000,0.121801,0.062474
2015-04-25,0.000000,0.000000,0.117255,0.194346
2015-04-26,0.000000,0.000000,0.306700,0.047867
2015-04-27,0.000000,0.000000,0.328242,0.062731
2015-04-28,0.000000,0.000000,0.113679,0.057792
2015-04-29,0.000000,0.000000,0.168202,0.063090
2015-04-30,0.000000,0.000000,0.142005,0.045430
2015-05-01,0.000000,0.000000,0.113287,0.055602
2015-05-02,0.000000,0.000000,0.156204,0.069779
2015-05-03,0.000000,0.000000,0.131309,0.055669
2015-05-04,0.000000,0.000000,0.326679,0.062089
2015-05-05,0.000000,0.000000,0.131715,0.137930
2015-05-06,0.000000,0.000000,0.109255,0.127562
2015-05-07,0.000000,0.000000,0.293499,0.123317
2015-05-08,0.000000,0.000000,1.067596,0.115498
2015-05-09,0.000000,0.000000,0.308481,0.233339
2015-05-10,0.000000,0.000000,0.711051,0.317172
2015-05-11,0.000000,0.000000,1.511649,0.236848
2015-05-12,0.000000,0.000000,4.088917,0.152879
2015-05-13,0.000000,0.000000,6.059445,0.337619
2015-05-14,0.000000,0.000000,10.619804,0.360109
2015-05-15,0.000000,0.000012,8.291209,0.448209
2015-05-16,0.000066,0.000238,24.068478,0.204136
2015-05-17,0.001044,0.004674,10.969741,0.327747
2015-05-18,0.000557,0.005735,9.347091,0.508035
2015-05-19,0.000356,0.003269,7.859745,0.660763
2015-05-20,0.000567,0.004727,2.285415,0.486331
2015-05-21,0.000500,0.009056,6.048890,0.481583
2015-05-22,0.000000,0.003296,2.071877,0.469606
2015-05-23,0.000633,0.003858,3.169815,0.459379
2015-05-24,1.414144,0.012565,9.750754,0.295490
2015-05-25,1.651971,0.009674,6.664585,0.338273
2015-05-26,2.700778,0.011748,15.954266,0.786133
2015-05-27,0.004294,0.009744,10.288192,0.987401
2015-05-28,0.160627,0.008340,11.455036,0.757650
2015-05-29,1.363947,0.005481,15.640216,0.516761
2015-05-30,0.000366,0.001571,10.782624,0.449128
2015-05-31,0.000592,0.000994,11.165101,0.511788
2015-06-01,0.000962,0.001353,12.981481,0.626169
2015-06-02,1.378686,0.003577,23.200590,0.890953
2015-06-03,6.551776,0.011252,24.474303,0.551732
2015-06-04,12.468635,0.122924,28.345324,0.459202
2015-06-05,12.973986,0.226491,28.450308,1.912036
2015-06-06,8.922164,0.292537,25.804109,0.506033
2015-06-07,11.410692,0.369504,30.189348,1.902783
2015-06-08,20.780825,0.777670,36.341154,0.995104
2015-06-09,25.007902,1.198208,32.785696,1.085279
2015-06-10,26.773684,1.099048,26.393005,0.847276
2015-06-11,32.859684,1.209717,32.700409,1.276346
2015-06-12,20.915619,1.111274,21.733133,0.625547
2015-06-13,34.054377,1.238183,36.627359,1.255133
2015-06-14,27.019290,1.372664,32.799746,1.563050
2015-06-15,26.905288,1.060251,32.836773,1.385519
2015-06-16,32.198064,1.229985,32.743771,1.853123
2015-06-17,79.931472,4.251870,39.167437,3.809243
2015-06-18,53.450364,4.523158,36.904402,3.149329
2015-06-19,34.591155,3.205681,39.633117,3.466025
2015-06-20,40.057248,3.145528,33.533285,3.116860
2015-06-21,36.810289,3.736940,35.352092,3.069338
2015-06-22,43.838183,4.637889,36.726019,3.222188
2015-06-23,41.606646,5.424299,34.506796,3.035264
2015-06-24,28.069573,6.005395,37.185368,3.361125
2015-06-25,31.380514,6.868406,39.068845,4.147448
2015-06-26,33.982185,7.320956,38.615583,5.155323
2015-06-27,32.322224,7.754976,35.842035,5.393708
2015-06-28,26.021732,7.144984,31.697056,5.170227
2015-06-29,29.054512,5.664612,26.473454,3.782569
2015-06-30,21.475635,5.345446,26.495788,4.467920
2015-07-01,23.683205,5.320394,27.481671,4.795524
2015-07-02,14.577328,6.009501,24.157425,5.051939
2015-07-03,10.527039,7.116777,22.312456,5.157892
2015-07-04,10.340417,7.342950,22.350111,5.338358
2015-07-05,13.523078,8.372208,22.462442,6.950652
2015-07-06,11.419063,8.735822,23.635528,7.467160
2015-07-07,9.238376,7.479727,21.956426,7.136050
2015-07-08,9.482473,7.551386,23.033110,7.060661
2015-07-09,9.292782,6.063988,17.880713,5.327632
2015-07-10,9.283103,5.991258,17.490990,5.316534
2015-07-11,6.286926,5.247319,11.209765,4.973418
2015-07-12,6.786065,7.791326,10.864192,3.307090
2015-07-13,5.927343,9.685922,12.838186,6.693018
2015-07-14,5.881026,10.248034,14.765498,9.013644
2015-07-15,6.445701,9.109801,15.434679,8.462549
2015-07-16,5.277488,9.881806,17.326249,9.492740
2015-07-17,4.000665,10.917472,20.601333,9.660941
2015-07-18,3.749705,10.092518,20.877758,9.573247
2015-07-19,2.448913,7.847701,19.537811,9.281161
2015-07-20,2.600493,6.281252,16.686842,8.389428
2015-07-21,6.733543,6.757369,13.124556,5.454574
2015-07-22,2.787859,6.042846,14.368827,6.730553
2015-07-23,2.337477,6.727672,13.919648,5.850197
2015-07-24,2.755201,5.652642,13.838217,5.144250
2015-07-25,2.666920,6.414630,14.217930,5.804207
2015-07-26,1.400696,6.229861,14.410086,5.700256
2015-07-27,2.214282,4.740152,14.454923,5.986652
2015-07-28,2.026140,5.338806,13.715621,6.244445
2015-07-29,2.251761,6.354800,14.997772,7.120364
2015-07-30,2.283069,6.294731,14.843846,5.171385
2015-07-31,3.194468,6.996626,20.913302,6.820868
2015-08-01,9.802101,25.036938,37.376333,13.778504
2015-08-02,0.105316,25.708447,10.330098,6.698804
2015-08-03,2.304105,9.523212,13.680065,8.843126
2015-08-04,0.110931,8.660704,7.032875,4.053891
2015-08-05,0.073285,9.023270,9.138430,5.442783
2015-08-06,1.649339,6.687892,12.514252,7.025243
2015-08-07,2.551694,5.715832,10.822316,5.432395
2015-08-08,0.046729,6.964919,9.555389,6.361064
2015-08-09,5.587289,5.484481,10.951056,4.366840
2015-08-10,1.746244,7.919335,13.507043,7.713898
2015-08-11,0.354328,9.007780,11.417028,5.884334
2015-08-12,0.013707,6.268451,10.255737,5.948969
2015-08-13,0.223059,10.688715,19.202410,9.137117
2015-08-14,0.035672,15.864559,36.142997,9.789296
2015-08-15,0.101272,18.958782,24.881931,7.382678
2015-08-16,25.287959,19.636145,30.240002,6.693829
2015-08-17,11.209171,10.007547,6.993266,3.438962
2015-08-18,1.088842,8.034250,4.994658,5.282549
2015-08-19,0.028086,6.352192,3.060907,4.669818
2015-08-20,0.001075,6.580331,6.213701,5.277098
2015-08-21,0.090019,10.642305,16.362439,4.464894
2015-08-22,0.103496,12.969768,16.099629,7.695927
2015-08-23,0.025507,9.580842,5.611891,3.311391
2015-08-24,10.271569,6.118689,27.138947,7.684432
2015-08-25,0.313800,11.394494,29.352537,8.506144
2015-08-26,8.738811,10.537006,15.924691,6.300076
2015-08-27,0.042268,10.042685,7.112219,5.125225
2015-08-28,0.003583,6.783634,4.769720,3.506319
2015-08-29,0.009041,3.537826,3.413827,2.985961
2015-08-30,0.024948,2.544800,4.632634,3.109287
2015-08-31,0.103097,3.185972,7.874534,3.683173
2015-09-01,0.062821,4.647124,2.802878,0.526133
2015-09-02,3.640461,4.318959,8.793209,2.512432
2015-09-03,9.660714,4.712686,1.827411,1.517443
2015-09-04,0.066422,1.333849,1.529429,1.128238
2015-09-05,0.019611,2.213779,1.488236,2.793822
2015-09-06,0.000898,2.965906,3.938494,1.924631
2015-09-07,3.075489,6.994956,7.771843,2.777849
2015-09-08,42.456509,8.420806,16.801432,4.033953
2015-09-09,94.102264,21.650495,62.314398,12.611121
2015-09-10,75.354877,19.045341,53.605927,11.145878
2015-09-11,1.019105,9.955376,4.131662,2.756988
2015-09-12,3.788579,3.128717,0.997019,1.904062
2015-09-13,0.915061,1.407186,1.000524,1.073280
2015-09-14,0.000046,1.121395,1.645084,1.224945
2015-09-15,0.000000,0.559812,0.922947,1.171616
2015-09-16,0.000043,0.135276,0.942670,1.066964
2015-09-17,0.011659,0.051921,0.976822,0.867602
2015-09-18,0.599697,0.085903,0.999261,0.857623
2015-09-19,20.085456,0.403617,2.990128,0.399690
2015-09-20,72.186223,11.637879,40.462423,5.050594
2015-09-21,6.937337,9.480764,12.650852,1.757488
2015-09-22,1.629320,2.011208,7.061456,2.266439
2015-09-23,0.566708,0.533752,25.816488,3.132423
2015-09-24,0.002413,0.378234,4.271969,1.190561
2015-09-25,0.013657,0.419857,5.121317,0.837984
2015-09-26,2.792539,0.116780,5.838171,0.859723
2015-09-27,34.969783,2.111867,8.902103,0.712436
2015-09-28,2.822438,0.391041,3.634814,0.057415
2015-09-29,0.030682,0.050119,2.176087,0.038743
2015-09-30,0.013012,0.006818,1.575425,0.046548
2015-10-01,0.000282,0.000927,1.506825,0.045113
2015-10-02,0.000001,0.000073,1.448875,0.038699
2015-10-03,0.000014,0.000005,1.402599,0.031896
2015-10-04,0.000558,0.000001,1.357456,0.037797
2015-10-05,0.326943,0.000000,3.022550,0.056936
2015-10-06,41.573243,1.367957,55.935252,5.151053
2015-10-07,27.010365,5.722854,15.171349,0.946327
2015-10-08,0.426311,1.744918,1.534209,0.099721
2015-10-09,0.058767,0.566413,4.926228,0.029374
2015-10-10,0.000653,0.126849,1.458019,0.076148
2015-10-11,0.000096,0.017209,1.490203,0.046986
2015-10-12,0.000255,0.002341,1.507759,0.036402
2015-10-13,0.000000,0.000055,1.541419,0.035993
2015-10-14,0.000000,0.000000,1.497860,0.030102
2015-10-15,0.001328,0.000000,1.516701,0.094345
2015-10-16,0.737597,0.048559,1.474793,0.029488
2015-10-17,31.531262,1.257682,10.462438,0.084544
2015-10-18,0.692236,0.807305,1.814378,0.069124
2015-10-19,0.000000,0.075646,1.408151,0.052063
2015-10-20,0.000000,0.003532,1.394329,0.034734
2015-10-21,0.000000,0.000483,1.376159,0.053747
2015-10-22,0.000000,0.000066,1.358877,0.069798
2015-10-23,0.000001,0.000009,1.339507,0.052105
2015-10-24,0.000000,0.000001,1.324009,0.051765
2015-10-25,0.000001,0.000000,1.307324,0.035691
2015-10-26,0.000001,0.000000,1.288806,0.051553
2015-10-27,0.000012,0.000000,1.275402,0.068342
2015-10-28,6.671763,0.042867,6.818109,0.056785
2015-10-29,30.763584,1.802333,34.016574,0.686261
2015-10-30,32.795652,3.363224,14.763407,1.547591
2015-10-31,0.135896,0.614099,1.257624,0.048441
2015-11-01,0.000000,0.082789,1.264763,0.048828
2015-11-02,0.000000,0.006791,1.283300,0.065041
2015-11-03,0.000000,0.000053,1.291235,0.048097
2015-11-04,0.000000,0.000000,1.301633,0.066348
2015-11-05,0.000006,0.000000,1.306954,0.064684
2015-11-06,0.000427,0.000000,2.895484,0.057523
2015-11-07,1.030536,0.007012,12.120443,0.056705
2015-11-08,0.003133,0.003137,1.308470,0.056981
2015-11-09,0.000261,0.000000,1.309747,0.078694
2015-11-10,0.003925,0.000000,1.319206,0.055937
2015-11-11,0.000183,0.000000,1.313052,0.068350
2015-11-12,0.000158,0.000000,1.313539,0.089940
2015-11-13,0.000084,0.000000,1.308472,0.058239
2015-11-14,0.000862,0.000000,1.306484,0.087864
2015-11-15,0.000710,0.000000,1.300286,0.123070
2015-11-16,0.000025,0.000000,1.291739,0.059282
2015-11-17,0.000050,0.000000,1.280290,0.060236
2015-11-18,0.001314,0.000000,1.274215,0.085984
2015-11-19,0.007553,0.000000,1.258792,0.059432
2015-11-20,0.000107,0.000000,1.243791,0.085798
2015-11-21,0.000256,0.000000,1.232613,0.059675
2015-11-22,0.001214,0.000000,1.218190,0.087247
2015-11-23,0.000000,0.000000,1.219371,0.059342
2015-11-24,0.000000,0.000000,1.184905,0.059853
2015-11-25,0.000000,0.000000,1.173992,0.085637
2015-11-26,0.000000,0.000000,1.151351,0.059363
2015-11-27,0.000000,0.000000,1.138552,0.085632
2015-11-28,0.000004,0.000000,1.125045,0.059295
2015-11-29,0.000013,0.000000,1.105542,0.085173
2015-11-30,0.000055,0.000000,1.090584,0.060080
2015-12-01,0.000965,0.000000,1.074309,0.084979
2015-12-02,0.000030,0.000000,1.057790,0.058535
2015-12-03,0.000091,0.000000,1.043173,0.058802
2015-12-04,0.000048,0.000000,1.022225,0.083810
2015-12-05,0.000002,0.000000,1.009507,0.058575
2015-12-06,0.000997,0.000000,0.991640,0.067555
2015-12-07,0.000425,0.000000,0.977712,0.102145
2015-12-08,0.000413,0.000000,0.959651,0.101339
2015-12-09,0.000336,0.000000,0.944487,0.067085
2015-12-10,0.000018,0.000000,0.929352,0.066574
2015-12-11,0.003472,0.000000,0.910022,0.101794
2015-12-12,0.000108,0.000000,0.902785,0.098746
2015-12-13,0.000003,0.000000,0.883487,0.084675
2015-12-14,0.000001,0.000000,0.866293,0.098692
2015-12-15,0.000000,0.000000,0.856655,0.101325
2015-12-16,0.000000,0.000000,0.837598,0.066612
2015-12-17,0.000000,0.000000,0.825802,0.064738
2015-12-18,0.000000,0.000000,0.812054,0.099967
2015-12-19,0.000000,0.000000,0.799396,0.065975
2015-12-20,0.000000,0.000000,0.784630,0.099918
2015-12-21,0.000000,0.000000,0.774572,0.064741
2015-12-22,0.000000,0.000000,0.755986,0.098005
2015-12-23,0.000002,0.000000,0.749691,0.098094
2015-12-24,0.000002,0.000000,0.740785,0.062291
2015-12-25,0.000000,0.000000,0.720597,0.085347
2015-12-26,0.000003,0.000000,0.710748,0.096515
2015-12-27,0.000047,0.000000,0.703570,0.055752
2015-12-28,0.000002,0.000000,1.491016,0.059243
2015-12-29,0.000000,0.000000,0.676955,0.099569
2015-12-30,0.000000,0.000000,0.681398,0.096862
2015-12-31,0.000000,0.000000,0.795981,0.062503
2016-01-01,0.000000,0.000000,0.735645,0.096520
2016-01-02,0.000000,0.000000,0.643621,0.063109
2016-01-03,0.000000,0.000000,0.626592,0.061616
2016-01-04,0.000000,0.000000,0.616214,0.095077
2016-01-05,0.000000,0.000000,0.603838,0.093461
2016-01-06,0.000000,0.000000,0.600164,0.061920
2016-01-07,0.000000,0.000000,0.597532,0.092248
2016-01-08,0.000000,0.000000,0.581008,0.093465
2016-01-09,0.000000,0.000000,0.575405,0.061050
2016-01-10,0.000000,0.000000,0.568239,0.060749
2016-01-11,0.000000,0.000000,0.559899,0.092569
2016-01-12,0.000000,0.000000,0.551334,0.060549
2016-01-13,0.000000,0.000000,0.543603,0.092538
2016-01-14,0.000000,0.000000,0.530202,0.060631
2016-01-15,0.000000,0.000000,0.527909,0.091788
2016-01-16,0.000000,0.000000,0.521907,0.101453
2016-01-17,0.000000,0.000000,0.512874,0.077034
2016-01-18,0.000000,0.000000,0.509435,0.077250
2016-01-19,0.000000,0.000000,0.499753,0.092241
2016-01-20,0.000000,0.000000,0.488831,0.093420
2016-01-21,0.000000,0.000000,0.491762,0.091360
2016-01-22,0.000000,0.000000,3.764414,0.090945
2016-01-23,0.000165,0.000000,6.045628,0.075219
2016-01-24,0.000000,0.000000,0.708809,0.089930
2016-01-25,0.000000,0.000000,0.598549,0.076364
2016-01-26,0.000000,0.000000,0.451690,0.060112
2016-01-27,0.000000,0.000000,0.443770,0.093807
2016-01-28,0.000000,0.000000,0.438790,0.076103
2016-01-29,0.000000,0.000000,0.432139,0.090113
2016-01-30,0.000000,0.000000,0.427050,0.073458
2016-01-31,0.000000,0.000000,0.421833,0.088265
2016-02-01,0.000000,0.000000,0.416989,0.072640
2016-02-02,0.000000,0.000000,0.408939,0.086947
2016-02-03,0.000000,0.000000,0.406098,0.072166
2016-02-04,0.000000,0.000000,0.398296,0.087698
2016-02-05,0.000000,0.000000,0.395975,0.072055
2016-02-06,0.000000,0.000000,0.390846,0.070248
2016-02-07,0.000000,0.000000,0.379325,0.086151
2016-02-08,0.000000,0.000000,0.380152,0.088436
2016-02-09,0.000000,0.000000,0.374337,0.070073
2016-02-10,0.000000,0.000000,0.366859,0.069385
2016-02-11,0.000000,0.000000,0.359825,0.085190
2016-02-12,0.000000,0.000000,0.357971,0.070356
2016-02-13,0.000000,0.000000,0.348213,0.086497
2016-02-14,0.000000,0.000000,0.347548,0.057919
2016-02-15,0.000000,0.000000,0.342175,0.071313
2016-02-16,0.000000,0.000000,0.333962,0.070109
2016-02-17,0.000000,0.000000,0.335949,0.069304
2016-02-18,0.000000,0.000000,0.322933,0.085005
2016-02-19,0.000000,0.000000,0.322307,0.072125
2016-02-20,0.000000,0.000000,0.314954,0.067179
2016-02-21,0.000000,0.000000,0.314057,0.068990
2016-02-22,0.000000,0.000000,0.309357,0.070631
2016-02-23,0.000000,0.000000,0.305418,0.057573
2016-02-24,0.000000,0.000000,0.297143,0.070898
2016-02-25,0.000000,0.000000,0.296452,0.057047
2016-02-26,0.000000,0.000000,0.288012,0.083510
2016-02-27,0.000000,0.000000,0.285498,0.057492
2016-02-28,0.000000,0.000000,0.283129,0.071370
2016-02-29,0.000000,0.000000,0.276775,0.068641
2016-03-01,0.000000,0.000000,0.272815,0.057577
2016-03-02,0.000000,0.000000,0.267865,0.056079
2016-03-03,0.000000,0.000000,0.267457,0.069187
2016-03-04,0.000000,0.000000,0.257127,0.069505
2016-03-05,0.000000,0.000000,0.256479,0.075411
2016-03-06,0.000000,0.000000,0.250988,0.070978
2016-03-07,0.000000,0.000000,0.250691,0.067683
2016-03-08,0.000000,0.000000,0.248338,0.069350
2016-03-09,0.000000,0.000000,0.275690,0.046213
2016-03-10,0.000000,0.000000,0.318985,0.059474
2016-03-11,0.000000,0.000000,0.237024,0.065658
2016-03-12,0.000000,0.000000,0.260382,0.053128
2016-03-13,0.000000,0.000000,0.273620,0.066435
2016-03-14,0.000597,0.000000,1.067663,0.052395
2016-03-15,0.000000,0.000000,0.237327,0.065596
2016-03-16,0.000000,0.000000,0.262547,0.052972
2016-03-17,0.000000,0.000000,0.213737,0.064508
2016-03-18,0.000000,0.000000,0.231294,0.085187
2016-03-19,0.000000,0.000000,0.211674,0.063491
2016-03-20,0.000000,0.000000,0.203284,0.052472
2016-03-21,0.000000,0.000000,0.206538,0.063020
2016-03-22,0.000000,0.000000,0.202510,0.074723
2016-03-23,0.000000,0.000000,0.198551,0.063986
2016-03-24,0.000000,0.000000,0.203647,0.054687
2016-03-25,0.000000,0.000000,0.195197,0.051378
2016-03-26,0.000000,0.000000,0.193637,0.076479
2016-03-27,0.000000,0.000000,0.193168,0.062951
2016-03-28,0.000000,0.000000,0.187578,0.051334
2016-03-29,0.000000,0.000000,0.186949,0.061901
2016-03-30,0.000000,0.000000,0.186108,0.051085
2016-03-31,0.000000,0.000000,0.180908,0.062489
2016-04-01,0.000000,0.000000,0.180323,0.049790
2016-04-02,0.000000,0.000000,0.180146,0.062480
2016-04-03,0.000000,0.000000,0.183010,0.047414
2016-04-04,0.000000,0.000000,0.393201,0.155043
2016-04-05,0.000000,0.000000,0.172646,0.059047
2016-04-06,0.000000,0.000000,0.228219,0.074380
2016-04-07,0.000000,0.000000,0.168404,0.049225
2016-04-08,0.000000,0.000000,0.166954,0.194380
2016-04-09,0.000000,0.000000,0.165678,0.048465
2016-04-10,0.000270,0.000000,0.905009,0.170576
2016-04-11,0.000114,0.000000,1.536407,0.060200
2016-04-12,0.000869,0.000000,2.869847,0.314859
2016-04-13,3.816282,0.004435,14.318276,0.266345
2016-04-14,0.000000,0.001012,0.156584,0.060586
2016-04-15,0.000000,0.000000,0.608305,0.137874
2016-04-16,0.000000,0.000000,0.155528,0.048432
2016-04-17,0.000000,0.000000,0.152463,0.060728
2016-04-18,0.000000,0.000000,0.151007,0.075287
2016-04-19,0.000000,0.000000,0.151447,0.157766
2016-04-20,0.000000,0.000000,0.148090,0.048880
2016-04-21,0.000000,0.000000,0.148432,0.061479
2016-04-22,0.000000,0.000000,0.156462,0.164240
2016-04-23,0.000000,0.000000,7.067343,0.059958
2016-04-24,0.000000,0.000000,0.338583,0.048517
2016-04-25,0.000000,0.000000,0.933193,0.151564
2016-04-26,0.000000,0.000000,1.772579,0.299109
2016-04-27,0.000000,0.000000,0.330664,0.146744
2016-04-28,0.000000,0.000000,5.062353,0.304369
2016-04-29,0.000000,0.000526,3.432491,0.313356
2016-04-30,0.000000,0.002034,8.844025,0.447660
2016-05-01,0.000009,0.003696,7.826689,0.342919
2016-05-02,0.000001,0.000000,7.038643,0.314671
2016-05-03,0.000001,0.001623,8.257859,0.390814
2016-05-04,0.000000,0.004098,10.186686,0.401284
2016-05-05,0.000000,0.004112,8.467476,0.521737
2016-05-06,0.000000,0.008896,13.897570,0.523969
2016-05-07,0.000000,0.010153,9.078762,0.633030
2016-05-08,0.000000,0.011013,10.124391,0.184846
2016-05-09,0.549414,0.015657,17.184327,0.769676
2016-05-10,10.875380,0.073323,31.086921,0.168154
2016-05-11,1.547447,0.059769,10.277114,0.062290
2016-05-12,5.552905,0.048347,17.991245,0.469144
2016-05-13,9.090745,0.066486,22.865170,0.245764
2016-05-14,10.165450,0.086936,24.182701,0.311574
2016-05-15,5.627696,0.122171,11.984710,0.290926
2016-05-16,0.041973,0.074970,8.275778,0.144704
2016-05-17,0.666183,0.061350,11.467997,0.866340
2016-05-18,0.001061,0.049283,9.653815,0.382283
2016-05-19,2.019367,0.034811,8.992844,0.186140
2016-05-20,2.795593,0.028923,9.872355,0.862494
2016-05-21,6.066935,0.030613,9.116437,0.351463
2016-05-22,9.468665,0.033497,13.523114,0.381097
2016-05-23,7.548665,0.032806,15.592278,0.598549
2016-05-24,19.312599,0.083846,16.037429,0.212251
2016-05-25,63.920794,2.646148,14.560996,0.265368
2016-05-26,0.260557,0.522764,8.248211,0.312010
2016-05-27,0.091578,0.120271,14.119200,0.359180
2016-05-28,56.840441,1.501346,19.239418,0.203816
2016-05-29,25.382884,2.607829,22.343778,1.615724
2016-05-30,7.197329,1.638676,8.287989,3.201208
2016-05-31,20.827385,1.062027,13.739175,2.049233
2016-06-01,49.033660,4.823175,9.826225,8.674007
2016-06-02,19.795195,3.199408,17.401788,2.848369
2016-06-03,44.519774,5.379467,17.786830,1.377082
2016-06-04,36.513206,7.405356,17.859799,1.534819
2016-06-05,1.711710,2.870115,6.565414,0.125280
2016-06-06,10.217018,1.645653,16.214812,0.737461
2016-06-07,20.308631,3.070489,17.395120,0.888010
2016-06-08,8.323755,4.058274,19.302047,1.249561
2016-06-09,8.373160,4.655032,23.545794,1.583098
2016-06-10,8.281459,6.058755,28.337157,1.751651
2016-06-11,6.457913,5.563349,31.481639,1.938491
2016-06-12,8.358734,5.472986,28.654349,1.990628
2016-06-13,7.192814,6.024908,26.263688,1.562266
2016-06-14,6.182555,5.160936,24.996810,1.661010
2016-06-15,8.258267,4.616665,25.900339,1.942438
2016-06-16,6.946221,4.674959,26.206085,2.502083
2016-06-17,4.737735,6.034628,26.334226,3.151300
2016-06-18,4.443129,6.831982,20.886198,2.909904
2016-06-19,5.810827,7.979148,20.065502,3.100403
2016-06-20,8.442481,11.005301,21.669374,3.403965
2016-06-21,6.200760,12.074309,24.518220,3.790137
2016-06-22,4.412729,10.484266,21.740599,4.114858
2016-06-23,5.025836,9.825769,23.514482,5.319061
2016-06-24,9.184176,13.513953,27.038913,6.235252
2016-06-25,4.987086,14.189096,24.175178,7.388079
2016-06-26,5.729780,12.652666,25.484473,8.071330
2016-06-27,0.172021,21.356894,38.164762,11.463987
2016-06-28,0.108517,17.842004,28.221341,9.688295
2016-06-29,1.919511,19.428252,23.311854,6.901246
2016-06-30,4.570133,10.639856,19.691153,5.525314
2016-07-01,0.067992,9.591692,23.405519,6.812778
2016-07-02,0.033676,9.891161,25.786507,8.114724
2016-07-03,0.005500,10.790278,21.726264,7.491908
2016-07-04,0.005528,10.558839,23.147612,7.224476
2016-07-05,0.003497,9.970437,21.540922,7.314865
2016-07-06,0.007126,9.678338,21.514424,6.936304
2016-07-07,0.008737,9.681356,23.899826,7.395096
2016-07-08,0.096986,9.365040,26.139468,9.315646
2016-07-09,0.033147,10.503209,21.810122,8.455115
2016-07-10,1.133794,9.959654,17.961425,6.365411
2016-07-11,0.032559,8.206063,19.059815,10.003400
2016-07-12,0.017384,10.549863,16.698096,9.464159
2016-07-13,0.005799,10.955499,17.566348,9.361566
2016-07-14,0.007067,9.976002,16.954763,9.822265
2016-07-15,0.069210,11.603675,17.865521,9.873028
2016-07-16,0.171165,14.015735,18.586252,8.966416
2016-07-17,0.054053,10.851716,19.545293,9.735310
2016-07-18,0.012895,9.537852,18.805527,8.952937
2016-07-19,0.013380,9.317516,18.534507,9.299635
2016-07-20,0.015657,9.547236,18.323355,9.542290
2016-07-21,0.008229,10.716931,19.294236,9.790454
2016-07-22,0.007879,10.769509,21.477962,9.977576
2016-07-23,0.025271,11.124907,21.896524,9.469990
2016-07-24,8.437874,14.258444,21.716322,9.253632
2016-07-25,0.235265,11.139116,22.180382,9.420782
2016-07-26,0.028799,10.655097,19.882171,9.022482
2016-07-27,0.016269,10.812036,19.186597,9.152605
2016-07-28,0.085970,11.449498,18.204333,8.306505
2016-07-29,0.115299,11.030243,17.062918,7.965920
2016-07-30,11.702883,8.526221,15.765421,4.309881
2016-07-31,7.531639,5.272990,14.351639,5.728009
2016-08-01,0.176602,6.116052,17.312357,5.591043
2016-08-02,0.071650,7.216111,14.113150,5.970676
2016-08-03,3.455663,7.438288,14.097497,6.034890
2016-08-04,0.005390,7.598658,15.943726,7.749003
2016-08-05,0.026311,8.357155,14.589850,7.132123
2016-08-06,0.002015,7.931902,17.700884,7.910564
2016-08-07,8.453649,7.377296,15.880641,6.464425
2016-08-08,0.191048,8.159576,14.383938,6.323579
2016-08-09,0.000106,7.659215,11.912450,6.004898
2016-08-10,0.017565,6.756178,14.603938,5.888653
2016-08-11,0.000420,7.911660,13.056783,4.834317
2016-08-12,0.030376,7.096326,13.637244,5.515689
2016-08-13,0.328385,7.244709,13.308281,5.798944
2016-08-14,0.560663,7.696088,11.415009,5.274439
2016-08-15,18.928630,9.436241,40.555920,10.531828
2016-08-16,6.729961,12.773285,16.144346,4.686036
2016-08-17,0.287054,8.448689,15.674851,7.385799
2016-08-18,0.279987,7.741561,12.185938,5.686390
2016-08-19,0.093389,9.433940,11.466938,5.526125
2016-08-20,0.005692,7.781709,10.683311,5.264027
2016-08-21,0.003288,6.082992,15.485900,6.037617
2016-08-22,0.016498,5.588935,10.445572,5.060638
2016-08-23,0.027784,6.342654,10.347841,4.488399
2016-08-24,0.003664,4.900856,14.812878,5.734963
2016-08-25,0.006550,4.634816,11.103015,4.772871
2016-08-26,0.901527,4.772750,9.639672,4.369720
2016-08-27,0.672664,4.441251,9.933500,3.369081
2016-08-28,0.002486,3.572419,6.504521,3.285126
2016-08-29,0.242444,3.723712,9.367102,3.747822
2016-08-30,1.657792,3.906021,10.050440,3.569297
2016-08-31,0.635195,3.115399,7.530055,2.690871
2016-09-01,0.821942,3.331344,8.269943,3.175810
2016-09-02,0.002728,2.659988,5.309580,2.720807
2016-09-03,0.266738,1.522923,4.850050,1.069502
2016-09-04,0.540066,2.138891,4.564135,1.975312
2016-09-05,0.210067,2.826851,9.354731,3.517541
2016-09-06,0.005108,2.053325,2.601830,2.172083
2016-09-07,0.081393,1.183848,5.787148,1.480530
2016-09-08,1.224862,4.031755,18.067619,3.162191
2016-09-09,1.102003,5.453119,34.891547,4.932401
2016-09-10,0.062019,5.596963,11.318584,3.116378
2016-09-11,0.671402,8.255560,23.432165,5.345052
2016-09-12,0.198561,9.071233,14.825902,3.033938
2016-09-13,0.030668,7.115818,4.395742,1.557468
2016-09-14,0.000570,3.453911,3.242006,1.625419
2016-09-15,1.039543,2.028738,11.517469,0.845147
2016-09-16,10.644419,1.854224,9.483851,1.136102
2016-09-17,11.274090,1.472109,5.466733,0.877893
2016-09-18,1.080295,1.152324,0.821441,1.610715
2016-09-19,0.001312,0.479658,0.749535,1.066640
2016-09-20,0.001798,0.069537,0.775224,0.799130
2016-09-21,0.000031,0.011342,0.601465,0.852931
2016-09-22,0.003346,0.007959,2.110814,0.528172
2016-09-23,2.692711,1.439859,21.027703,1.240457
2016-09-24,0.001614,0.776839,2.169697,0.531383
2016-09-25,0.012128,0.779371,0.558902,0.808781
2016-09-26,0.008997,2.950321,2.283447,0.671794
2016-09-27,0.000080,1.097034,0.540921,0.389895
2016-09-28,0.005862,0.151351,0.535482,0.150248
2016-09-29,0.007115,0.021338,0.530548,0.116814
2016-09-30,0.001201,0.001640,0.526096,0.091186
2016-10-01,0.000000,0.000000,0.520934,0.084123
2016-10-02,0.000000,0.000000,0.579272,0.084223
2016-10-03,42.355943,0.764823,10.606572,0.904322
2016-10-04,41.228874,1.777973,4.401069,0.116040
2016-10-05,8.630940,0.960267,22.625957,1.663444
2016-10-06,32.264473,4.829438,37.652168,3.634586
2016-10-07,1.048398,0.984867,0.908217,0.637634
2016-10-08,0.055582,0.567353,2.522865,0.141747
2016-10-09,0.017503,0.219673,3.179595,0.176158
2016-10-10,8.288598,1.248169,3.503623,0.093511
2016-10-11,5.008371,0.299571,1.674702,0.184213
2016-10-12,193.655793,10.553475,40.475125,3.929031
2016-10-13,87.978264,19.522474,25.056130,3.155108
2016-10-14,0.156130,3.270386,0.608242,0.082329
2016-10-15,0.031878,0.264189,0.632498,0.080691
2016-10-16,0.005186,0.035924,3.835893,0.081438
2016-10-17,2.819405,0.028367,1.402659,0.086103
2016-10-18,5.912894,0.054550,0.785850,0.038254
2016-10-19,76.339201,0.848299,12.703722,0.822725
2016-10-20,86.972470,9.698464,27.672380,2.342334
2016-10-21,26.306109,1.741316,3.572936,0.341228
2016-10-22,39.621601,2.289724,9.251123,1.221916
2016-10-23,5.460661,1.225089,1.023213,0.439479
2016-10-24,0.024677,0.032187,1.040492,0.462556
2016-10-25,0.001589,0.000729,0.988408,0.027433
2016-10-26,0.000130,0.000105,1.702530,0.088821
2016-10-27,0.006507,0.000016,1.571726,0.028438
2016-10-28,0.001238,0.000003,1.142695,0.096039
2016-10-29,0.000018,0.000001,1.410637,0.079127
2016-10-30,0.000004,0.000001,1.551480,0.030346
2016-10-31,0.000000,0.000000,1.101396,0.033452
2016-11-01,0.000000,0.000000,1.102665,0.034747
2016-11-02,0.905575,0.000364,1.400150,0.024914
2016-11-03,0.000031,0.001583,2.244486,0.029781
2016-11-04,0.000000,0.000233,1.116138,0.030957
2016-11-05,0.000000,0.000034,1.124325,0.032125
2016-11-06,10.343573,0.011979,4.619250,0.037707
2016-11-07,11.828604,0.223185,2.322555,0.029162
2016-11-08,27.851963,0.750626,1.995632,0.034430
2016-11-09,0.000001,0.075201,1.219287,0.026578
2016-11-10,0.968886,0.021635,1.305790,0.025990
2016-11-11,0.001102,0.011558,2.034231,0.038769
2016-11-12,0.000568,0.021527,6.160807,0.479328
2016-11-13,0.000000,0.002475,1.178787,0.027433
2016-11-14,0.000000,0.000000,1.166475,0.025242
2016-11-15,0.000000,0.000000,1.181745,0.028456
2016-11-16,0.000000,0.000000,1.194622,0.030085
2016-11-17,0.000000,0.000000,1.201303,0.025396
2016-11-18,0.000000,0.000000,1.210230,0.029165
2016-11-19,0.000000,0.000000,1.212996,0.025008
2016-11-20,0.000000,0.000000,1.216576,0.028118
2016-11-21,0.000000,0.000000,1.214614,0.029104
2016-11-22,0.000000,0.000000,1.214434,0.028275
2016-11-23,0.000000,0.000000,1.210026,0.028220
2016-11-24,0.000000,0.000000,1.240124,0.021125
2016-11-25,0.000000,0.000000,1.204248,0.028304
2016-11-26,0.000000,0.000000,1.200000,0.021057
2016-11-27,0.000000,0.000000,1.223842,0.024129
2016-11-28,0.000000,0.000000,1.183082,0.023970
2016-11-29,0.000000,0.000000,1.182555,0.025128
2016-11-30,0.000000,0.000000,1.166851,0.026793
2016-12-01,0.000000,0.000000,1.160984,0.025242
2016-12-02,0.000000,0.000000,1.157712,0.020361
2016-12-03,0.000000,0.000000,1.145767,0.025183
2016-12-04,0.000000,0.000000,1.139779,0.023111
2016-12-05,0.000000,0.000000,1.144185,0.022052
2016-12-06,0.000000,0.000000,1.120870,0.023230
2016-12-07,0.000000,0.000000,1.110091,0.025076
2016-12-08,0.000000,0.000000,1.100751,0.025041
2016-12-09,0.000000,0.000000,1.090760,0.027924
2016-12-10,0.000000,0.000000,1.086028,0.026659
2016-12-11,0.000000,0.000000,1.150036,0.020823
2016-12-12,0.000000,0.000000,1.719459,0.023956
2016-12-13,0.000000,0.000000,1.063937,0.027187
2016-12-14,0.000000,0.000000,3.583575,0.021378
2016-12-15,0.000000,0.000001,1.192598,0.026840
2016-12-16,0.000000,0.000000,2.789108,0.024532
2016-12-17,0.000000,0.000000,1.033816,0.026537
2016-12-18,0.000000,0.000001,1.422659,0.020291
2016-12-19,0.000000,0.000000,0.990759,0.025173
2016-12-20,0.000000,0.000000,0.979823,0.023604
2016-12-21,0.000000,0.000000,0.967560,0.024558
2016-12-22,0.000000,0.000000,0.961650,0.021023
2016-12-23,0.000000,0.000000,0.952725,0.056314
2016-12-24,0.000000,0.000000,0.941564,0.024251
2016-12-25,0.000000,0.000000,0.933326,0.020089
2016-12-26,0.000000,0.000002,0.930090,0.038020
2016-12-27,0.000000,0.000001,0.911883,0.112926
2016-12-28,0.000000,0.000000,0.932360,0.023865
2016-12-29,0.000000,0.000000,0.900097,0.022380
2016-12-30,0.000000,0.000000,0.891935,0.021764
2016-12-31,0.000000,0.000000,0.882440,0.021931
2017-01-01,0.000000,0.000000,0.875161,0.020524
2017-01-02,0.000000,0.000000,0.868470,0.021509
2017-01-03,0.000000,0.000000,0.856547,0.021830
2017-01-04,0.000000,0.000000,0.851858,0.037886
2017-01-05,0.000000,0.000000,0.847114,0.040329
2017-01-06,0.000000,0.000000,0.834049,0.039880
2017-01-07,0.000000,0.000000,0.825786,0.030445
2017-01-08,0.000000,0.000000,0.815528,0.038526
2017-01-09,0.000000,0.000000,0.813292,0.039937
2017-01-10,0.000000,0.000000,0.802897,0.039426
2017-01-11,0.000000,0.000000,0.793267,0.031249
2017-01-12,0.000000,0.000000,0.788298,0.039383
2017-01-13,0.000000,0.000000,0.777387,0.040583
2017-01-14,0.000000,0.000074,0.774005,0.030414
2017-01-15,0.000000,0.000143,0.764722,0.042411
2017-01-16,0.000000,0.000143,0.752821,0.030135
2017-01-17,0.000000,0.000050,0.745653,0.030195
2017-01-18,0.000000,0.000102,0.743952,0.027086
2017-01-19,0.000000,0.000143,0.735434,0.061220
2017-01-20,0.000000,0.000143,0.725502,0.029245
2017-01-21,0.000000,0.000143,0.717107,0.038166
2017-01-22,0.000000,0.000143,0.712575,0.038853
2017-01-23,0.000000,0.000143,0.706545,0.028969
2017-01-24,0.000000,0.013420,0.711450,0.038135
2017-01-25,0.000000,0.052763,0.689878,0.038654
2017-01-26,0.000000,0.066164,0.685759,0.028766
2017-01-27,0.000000,0.068437,0.676337,0.037883
2017-01-28,0.000000,0.036098,0.667056,0.029987
2017-01-29,0.000000,0.000565,0.663196,0.027753
2017-01-30,0.000000,0.009418,0.656228,0.034425
2017-01-31,0.000000,0.000095,0.645478,0.030354
2017-02-01,0.000000,0.000000,0.641586,0.037449
2017-02-02,0.000000,0.000000,0.665583,0.038005
2017-02-03,0.000000,0.000000,0.647953,0.037410
2017-02-04,0.000000,0.000000,0.621538,0.028629
2017-02-05,0.000000,0.000000,1.295184,0.026946
2017-02-06,0.000000,0.000000,0.617903,0.036881
2017-02-07,0.000000,0.000000,0.876251,0.028109
2017-02-08,0.000000,0.000000,0.968010,0.030575
2017-02-09,0.000000,0.000000,0.728263,0.038111
2017-02-10,0.000000,0.000000,0.592436,0.037575
2017-02-11,0.000000,0.000000,0.629722,0.058519
2017-02-12,0.000000,0.000000,0.870864,0.034521
2017-02-13,0.000000,0.000000,0.576206,0.037207
2017-02-14,0.000000,0.000000,0.597107,0.037505
2017-02-15,0.000000,0.000000,0.565119,0.038395
2017-02-16,0.000000,0.000000,0.552348,0.034208
2017-02-17,0.000000,0.000000,0.550457,0.037490
2017-02-18,0.000000,0.000000,0.548226,0.031520
2017-02-19,0.000000,0.000000,0.543628,0.037768
2017-02-20,0.000000,0.000000,0.536270,0.028716
2017-02-21,0.000000,0.000000,0.537159,0.065499
2017-02-22,0.000000,0.000000,0.531067,0.038345
2017-02-23,0.000000,0.000000,0.524110,0.058263
2017-02-24,0.000000,0.000000,0.519059,0.028472
2017-02-25,0.000000,0.000000,0.515812,0.035427
2017-02-26,0.000000,0.000000,0.513483,0.066250
2017-02-27,0.000000,0.000000,0.506859,0.028562
2017-02-28,0.000000,0.000000,0.506652,0.036230
2017-03-01,0.000000,0.000000,0.499796,0.034969
2017-03-02,0.000000,0.000000,0.494193,0.034483
2017-03-03,0.000000,0.000078,0.494064,0.061630
2017-03-04,0.000000,0.000208,0.488207,0.025407
2017-03-05,0.000000,0.000207,0.491591,0.060845
2017-03-06,0.000000,0.000207,0.479688,0.034503
2017-03-07,0.000000,0.000207,0.475481,0.033837
2017-03-08,0.000000,0.000207,0.473446,0.058724
2017-03-09,0.000000,0.000207,0.464338,0.029860
2017-03-10,0.000000,0.000207,0.469550,0.033693
2017-03-11,0.000000,0.000207,0.466000,0.030607
2017-03-12,0.000000,0.000207,0.457532,0.034308
2017-03-13,0.000000,0.000207,0.454650,0.034619
2017-03-14,0.000000,0.000207,0.449297,0.060497
2017-03-15,0.000000,0.000207,0.448500,0.031973
2017-03-16,0.000000,0.000206,0.443523,0.025124
2017-03-17,0.000000,0.000206,0.440557,0.034368
2017-03-18,0.000000,0.000206,0.433072,0.057911
2017-03-19,0.000000,0.000206,0.437672,0.034145
2017-03-20,0.000000,0.000206,0.425368,0.024518
2017-03-21,0.000000,0.000206,0.429818,0.059891
2017-03-22,0.000000,0.000206,0.421866,0.046781
2017-03-23,0.000000,0.000206,0.420064,0.060499
2017-03-24,0.000000,0.000169,0.416407,0.059274
2017-03-25,0.000000,0.000000,0.410835,0.031103
2017-03-26,0.000000,0.000000,0.409879,0.025365
2017-03-27,0.000000,0.000000,0.407127,0.034026
2017-03-28,0.000000,0.000000,0.400572,0.033174
2017-03-29,0.000000,0.000000,0.400063,0.033900
2017-03-30,0.000000,0.000000,0.397484,0.025505
2017-03-31,0.000000,0.000000,0.393938,0.061998
2017-04-01,0.000000,0.000000,0.390888,0.033880
2017-04-02,0.000000,0.000000,0.386301,0.025576
2017-04-03,0.000000,0.000000,0.381129,0.034510
2017-04-04,0.000000,0.000000,0.381169,0.032749
2017-04-05,0.000000,0.000000,0.375523,0.031604
2017-04-06,0.000000,0.000000,0.377662,0.024486
2017-04-07,0.000000,0.000000,0.370275,0.055086
2017-04-08,0.000000,0.000000,0.366953,0.059125
2017-04-09,0.000000,0.000000,0.364021,0.039397
2017-04-10,0.000000,0.000000,0.365066,0.134235
2017-04-11,0.000000,0.000000,0.357253,0.033558
2017-04-12,0.000000,0.000000,0.359113,0.022067
2017-04-13,0.000000,0.000000,0.352118,0.057114
2017-04-14,0.000000,0.000000,0.350429,0.024053
2017-04-15,0.000000,0.000000,0.348425,0.028116
2017-04-16,0.000000,0.000000,0.344695,0.035188
2017-04-17,0.000000,0.000000,0.342207,0.031854
2017-04-18,0.000000,0.000000,0.340522,0.023187
2017-04-19,0.000000,0.000000,0.338899,0.054705
2017-04-20,0.000000,0.000000,0.334310,0.031363
2017-04-21,0.000000,0.000000,0.330339,0.031565
2017-04-22,0.000000,0.000000,0.330601,0.031767
2017-04-23,0.000000,0.000000,0.325747,0.081260
2017-04-24,0.000000,0.000000,0.323039,0.111706
2017-04-25,0.000000,0.000000,0.321583,0.086428
2017-04-26,0.000000,0.000000,0.330482,0.031543
2017-04-27,0.000000,0.000000,0.901037,0.251488
2017-04-28,0.000000,0.000000,1.040559,0.024893
2017-04-29,0.000000,0.000000,2.877514,0.137703
2017-04-30,0.000617,0.000000,2.305174,0.325003
2017-05-01,0.000264,0.000000,2.696951,0.247178
2017-05-02,0.001454,0.006385,9.437855,0.186837
2017-05-03,0.001486,0.015761,16.463653,0.181541
2017-05-04,10.795880,0.334672,17.908571,0.088961
2017-05-05,25.751187,1.460395,9.472490,0.095057
2017-05-06,26.521510,1.455229,13.030646,0.185027
2017-05-07,19.703007,1.309605,12.576194,0.117655
2017-05-08,7.509637,0.705741,7.471369,0.177663
2017-05-09,1.023767,0.248549,2.589934,0.195652
2017-05-10,0.802224,0.021736,0.796866,0.088445
2017-05-11,0.685448,0.000000,0.346837,0.083030
2017-05-12,0.815765,0.000000,0.534473,0.071345
2017-05-13,0.722291,0.000000,0.555027,0.102732
2017-05-14,0.657649,0.000000,0.789069,0.358767
2017-05-15,1.913728,0.037205,4.108637,0.222477
2017-05-16,28.059550,0.793931,4.704456,0.134946
2017-05-17,18.205137,1.087590,3.127559,0.132282
2017-05-18,10.210934,0.725817,2.519533,0.161132
2017-05-19,18.256415,0.802698,11.753603,0.180947
2017-05-20,40.841698,1.494279,15.023027,2.075770
2017-05-21,42.856537,2.583677,15.119019,2.208037
2017-05-22,8.718477,1.634240,3.889924,0.457365
2017-05-23,15.729478,0.908707,8.884897,0.925219
2017-05-24,4.244035,0.529689,7.624755,0.500104
2017-05-25,0.594186,0.116592,4.750561,0.688196
2017-05-26,0.577822,0.040066,7.210134,1.295215
2017-05-27,1.437801,0.073828,11.350896,0.740329
2017-05-28,0.985813,0.085373,9.675871,1.456703
2017-05-29,0.750927,0.050572,7.863378,2.785595
2017-05-30,0.521677,0.014731,1.822164,3.949413
2017-05-31,0.499944,0.012987,1.915266,5.152694
2017-06-01,0.496798,0.016889,2.682594,5.344469
2017-06-02,3.784990,0.176772,4.606182,7.291173
2017-06-03,20.034094,0.660968,8.828302,5.530700
2017-06-04,39.305782,1.503770,10.875995,4.397485
2017-06-05,31.567073,1.674220,13.990940,4.760652
2017-06-06,38.762107,2.448371,26.008745,1.140068
2017-06-07,42.643202,3.009947,21.714376,1.644316
2017-06-08,32.186356,2.401687,15.888122,0.843446
2017-06-09,41.820060,3.273747,19.085535,1.193393
2017-06-10,34.426131,3.475125,20.017953,1.256670
2017-06-11,39.239002,3.644250,23.302601,1.665525
2017-06-12,45.716723,4.440410,26.556030,1.930829
2017-06-13,46.363881,5.119225,27.955497,1.679622
2017-06-14,46.548225,4.987245,30.838509,1.802440
2017-06-15,51.937107,5.059412,28.992255,1.924395
2017-06-16,31.603759,4.335394,30.741279,1.888509
2017-06-17,53.336723,5.789733,28.725422,2.861818
2017-06-18,42.105940,6.306074,30.947604,2.257375
2017-06-19,35.760257,5.289257,28.176858,1.530940
2017-06-20,26.941188,4.690235,26.843800,1.474391
2017-06-21,21.972329,3.179801,22.326006,1.636195
2017-06-22,49.797890,4.596435,30.812783,2.679509
2017-06-23,53.218533,7.407535,31.877462,2.163173
2017-06-24,25.701558,7.159007,26.809998,1.987801
2017-06-25,25.908593,6.197335,31.274563,2.389986
2017-06-26,26.212388,6.987920,33.474964,2.371613
2017-06-27,31.870806,7.755618,34.199288,2.565094
2017-06-28,24.046431,7.227549,34.063987,2.966834
2017-06-29,25.224588,7.181542,34.748228,2.728272
2017-06-30,20.997316,5.476922,31.122749,2.220447
2017-07-01,28.854654,4.739402,30.373993,2.780543
2017-07-02,20.413236,3.753070,27.115785,2.164881
2017-07-03,25.883421,2.799727,13.807834,0.528981
2017-07-04,34.180343,3.638697,14.064215,1.677064
2017-07-05,17.295799,3.980034,14.122171,2.725647
2017-07-06,21.476522,4.806900,16.176024,2.965843
2017-07-07,7.958222,6.160770,21.415244,3.690248
2017-07-08,7.849294,6.450161,22.132105,4.237236
2017-07-09,9.579426,7.165844,24.964283,4.827919
2017-07-10,8.906239,6.975028,24.781256,4.567093
2017-07-11,7.719343,6.722364,23.172370,3.966551
2017-07-12,6.880635,6.282758,22.669238,3.647266
2017-07-13,6.499851,5.601897,25.626483,4.119190
2017-07-14,6.906681,5.473533,26.686624,4.168622
2017-07-15,11.261226,7.524935,28.240247,4.299193
2017-07-16,11.445262,12.884801,28.682673,3.557319
2017-07-17,12.245538,9.890793,33.976333,6.061962
2017-07-18,15.271938,9.371802,40.422154,7.628186
2017-07-19,22.251678,17.724117,39.077313,7.564554
2017-07-20,28.317843,12.772008,31.116785,5.042084
2017-07-21,5.365564,11.319376,29.441693,6.064322
2017-07-22,60.401986,11.708222,50.061976,7.927074
2017-07-23,17.433135,15.813488,35.197967,7.786870
2017-07-24,4.852504,10.964617,25.196549,6.595216
2017-07-25,5.073891,10.270503,25.537628,6.512663
2017-07-26,5.768167,10.563923,25.692932,6.253083
2017-07-27,4.973167,9.888936,26.344506,6.043020
2017-07-28,7.231721,9.051502,29.945174,7.149506
2017-07-29,4.270337,9.464510,25.848334,6.428481
2017-07-30,2.856741,9.449783,24.815535,5.819605
2017-07-31,2.676984,8.994247,26.022053,5.651873
2017-08-01,2.754663,8.709536,25.258518,5.440621
2017-08-02,3.127230,8.841501,27.060722,5.883791
2017-08-03,2.685198,8.532869,23.270153,5.162276
2017-08-04,2.017089,7.465020,20.630487,4.299826
2017-08-05,2.950527,7.440917,16.624321,3.240048
2017-08-06,2.003576,6.185113,19.860671,4.267880
2017-08-07,1.457099,6.321783,18.158871,4.023794
2017-08-08,1.264266,5.145328,19.044533,2.479497
2017-08-09,1.951305,5.559640,17.771284,4.129656
2017-08-10,1.026265,4.845626,18.179865,3.755241
2017-08-11,1.641969,4.828688,17.766416,4.300664
2017-08-12,1.836788,5.424732,18.453362,4.292069
2017-08-13,1.639585,5.148969,17.274665,2.986978
2017-08-14,1.322148,5.258915,16.240792,3.438209
2017-08-15,1.005101,5.194312,18.118295,4.170036
2017-08-16,1.360127,5.450397,17.374200,3.231271
2017-08-17,1.106466,4.750283,14.460071,0.812876
2017-08-18,0.450984,4.858423,13.350031,2.073113
2017-08-19,0.602194,4.456714,13.907154,2.275669
2017-08-20,0.823239,4.297667,13.777488,3.097287
2017-08-21,0.923348,5.283055,13.777266,3.229603
2017-08-22,0.745890,3.998219,13.111080,3.747926
2017-08-23,1.737756,4.416986,11.791176,4.709116
2017-08-24,3.045454,6.321241,12.847033,4.680966
2017-08-25,16.886424,5.217192,10.295912,3.245067
2017-08-26,2.327022,4.115243,28.085902,4.923955
2017-08-27,2.839022,4.739813,18.753866,5.185312
2017-08-28,0.000010,4.834336,9.892914,4.207637
2017-08-29,0.000835,3.613196,7.686637,2.901811
2017-08-30,0.016459,3.556636,9.760141,2.664908
2017-08-31,0.017664,4.003609,11.504677,3.032814
2017-09-01,0.015896,4.871474,10.640504,3.822584
2017-09-02,0.573310,4.366964,5.348349,2.375752
2017-09-03,0.253655,2.304739,7.626982,1.389052
2017-09-04,0.591288,3.423520,37.650322,4.013051
2017-09-05,0.605749,4.922116,28.194636,4.872850
2017-09-06,0.156553,7.271856,4.660660,2.818193
2017-09-07,0.087232,4.355239,1.637579,1.701523
2017-09-08,0.006382,2.141905,1.878611,1.772593
2017-09-09,0.312639,1.538816,2.876006,0.875969
2017-09-10,0.000001,1.104366,1.540629,1.725998
2017-09-11,0.002545,0.485142,1.410834,1.347724
2017-09-12,0.000068,0.202267,1.437166,1.561162
2017-09-13,0.000005,0.183882,1.338766,1.760881
2017-09-14,0.000000,0.189499,1.882748,1.393643
2017-09-15,0.170811,1.639009,14.196874,2.437225
2017-09-16,10.966542,10.728980,18.323086,2.942366
2017-09-17,42.156865,10.176318,17.349131,3.963286
2017-09-18,0.196810,4.676225,4.221091,1.859432
2017-09-19,3.911450,2.607035,14.766946,2.158595
2017-09-20,0.681291,2.618417,23.175933,2.434979
2017-09-21,17.679687,5.554360,61.543697,5.771852
2017-09-22,0.260097,5.452140,27.520396,2.962585
2017-09-23,1.765835,1.792477,17.894094,2.019057
2017-09-24,18.499214,10.748374,69.056783,6.163997
2017-09-25,2.263575,8.012561,11.959658,1.198436
2017-09-26,4.402850,3.653647,32.602273,1.717210
2017-09-27,62.269482,19.926928,142.498658,17.843446
2017-09-28,18.192018,13.149771,16.747805,4.029273
2017-09-29,9.930470,3.657553,7.475795,1.620372
2017-09-30,30.544529,10.082719,25.610950,2.218106
2017-10-01,33.721355,13.639679,26.227516,3.239858
2017-10-02,3.337534,5.990794,2.793523,0.600581
2017-10-03,0.150339,1.295329,2.196678,0.309498
2017-10-04,0.019287,0.242765,2.129238,0.126660
2017-10-05,0.008990,0.034820,2.070247,0.065418
2017-10-06,0.003344,0.005019,1.994202,0.061654
2017-10-07,5.245505,0.004841,2.059902,0.056695
2017-10-08,9.176379,0.526504,4.993307,0.243182
2017-10-09,0.919900,1.801470,22.006354,1.353229
2017-10-10,14.947921,4.429909,25.213921,2.647569
2017-10-11,2.100412,5.244411,23.101393,2.138157
2017-10-12,0.037854,1.109180,1.998471,0.152628
2017-10-13,0.212148,0.153619,2.675395,0.176957
2017-10-14,0.071904,0.206701,6.265032,0.374122
2017-10-15,1.234198,0.121325,2.180726,0.052860
2017-10-16,0.494921,0.016714,2.167764,0.060433
2017-10-17,0.000058,0.002282,2.141668,0.063706
2017-10-18,0.034070,0.000312,2.125172,0.061319
2017-10-19,0.778526,0.002404,3.692259,0.273487
2017-10-20,69.472041,3.271842,34.711526,4.416628
2017-10-21,2.538367,3.130252,5.217712,0.199792
2017-10-22,0.854971,0.433193,2.409557,0.182750
2017-10-23,1.115569,0.413008,9.517735,0.161079
2017-10-24,0.000006,0.357378,2.706091,0.053911
2017-10-25,0.003431,0.051932,2.194196,0.048302
2017-10-26,0.000024,0.047031,3.103466,0.069523
2017-10-27,0.000087,0.333475,2.199101,0.048383
2017-10-28,0.000008,0.047744,2.138661,0.046727
2017-10-29,0.000076,0.006472,2.098161,0.049178
2017-10-30,0.000052,0.000831,2.043791,0.049844
2017-10-31,0.000000,0.000009,2.011150,0.051978
2017-11-01,0.000000,0.000000,1.943324,0.048566
2017-11-02,0.000000,0.000000,1.890958,0.044853
2017-11-03,0.000000,0.000000,1.840084,0.046654
2017-11-04,0.000000,0.000000,1.788801,0.046234
2017-11-05,0.000000,0.000000,1.751613,0.048632
2017-11-06,0.000000,0.000000,1.707794,0.047551
2017-11-07,0.000000,0.000000,1.666349,0.044901
2017-11-08,0.000000,0.000000,1.625189,0.046489
2017-11-09,0.000000,0.000000,1.587688,0.043840
2017-11-10,0.000000,0.000000,1.554913,0.043348
2017-11-11,0.000000,0.000000,1.519024,0.045657
2017-11-12,0.000000,0.000000,1.485915,0.042124
2017-11-13,0.000000,0.000000,1.454570,0.045724
2017-11-14,0.000000,0.000000,1.426760,0.043142
2017-11-15,0.000000,0.000000,1.398392,0.044613
2017-11-16,0.000000,0.000000,1.369984,0.046349
2017-11-17,0.000000,0.000000,1.346418,0.042931
2017-11-18,0.000000,0.000000,1.318363,0.043402
2017-11-19,0.000000,0.000000,1.294400,0.043410
2017-11-20,0.000000,0.000000,1.270946,0.042367
2017-11-21,0.000000,0.000000,1.247072,0.043319
2017-11-22,0.000000,0.000000,1.226618,0.043246
2017-11-23,0.000000,0.000000,1.206072,0.043164
2017-11-24,0.000000,0.000000,1.182241,0.042554
2017-11-25,0.000000,0.000000,1.161064,0.043159
2017-11-26,0.000000,0.000000,1.143920,0.042045
2017-11-27,0.000000,0.000000,1.120047,0.043321
2017-11-28,0.000000,0.000000,1.102903,0.041938
2017-11-29,0.000000,0.000000,1.079444,0.042113
2017-11-30,0.039627,0.000000,6.621490,0.045429
2017-12-01,0.000000,0.000000,1.043370,0.042110
2017-12-02,0.000000,0.000000,1.022363,0.040913
2017-12-03,0.000000,0.000000,1.004693,0.042230
2017-12-04,0.000000,0.000000,0.986824,0.040967
2017-12-05,0.000000,0.000000,0.969728,0.042247
2017-12-06,0.000000,0.000000,0.952512,0.041200
2017-12-07,0.000000,0.000000,0.933882,0.042248
2017-12-08,0.000000,0.000000,0.918102,0.041305
2017-12-09,0.000000,0.000000,0.902990,0.041428
2017-12-10,0.000000,0.000000,0.882064,0.041122
2017-12-11,0.000000,0.000000,0.867944,0.043072
2017-12-12,0.000000,0.000000,0.848691,0.040082
2017-12-13,0.000000,0.000000,0.831198,0.041054
2017-12-14,0.000000,0.000000,0.817582,0.039890
2017-12-15,0.000000,0.000000,0.799689,0.041209
2017-12-16,0.000000,0.000000,0.784846,0.039911
2017-12-17,0.000000,0.000000,0.767254,0.040153
2017-12-18,0.000000,0.000000,0.762429,0.040703
2017-12-19,0.000000,0.000000,0.740410,0.039783
2017-12-20,0.000000,0.000000,0.726273,0.039607
2017-12-21,0.000000,0.000000,0.710804,0.040711
2017-12-22,0.000000,0.000000,0.698550,0.039959
2017-12-23,0.000000,0.000000,0.683150,0.111542
2017-12-24,0.000000,0.000000,0.675694,0.040075
2017-12-25,0.000000,0.000000,0.660105,0.039798
2017-12-26,0.000000,0.000000,0.649467,0.039723
2017-12-27,0.000000,0.000000,0.634222,0.039949
2017-12-28,0.000000,0.000000,0.625178,0.039606
2017-12-29,0.000000,0.000000,0.612292,0.038798
2017-12-30,0.000000,0.000000,0.599315,0.038747
2017-12-31,0.000000,0.000000,0.587256,0.038782
2018-01-01,0.000000,0.000000,0.575207,0.034085
2018-01-02,0.000000,0.000000,0.563676,0.041612
2018-01-03,0.000000,0.000000,0.552526,0.038621
2018-01-04,0.000000,0.000000,0.539536,0.038515
2018-01-05,0.000000,0.000000,0.530623,0.042225
2018-01-06,0.000000,0.000000,0.522046,0.038672
2018-01-07,0.000000,0.000000,0.508480,0.033228
2018-01-08,0.000000,0.000000,0.500396,0.037854
2018-01-09,0.000000,0.000000,0.582178,0.039654
2018-01-10,0.000000,0.000000,1.858996,0.038336
2018-01-11,0.000000,0.000000,0.594888,0.036153
2018-01-12,0.000000,0.000000,1.037870,0.037290
2018-01-13,0.000000,0.000000,0.458802,0.036422
2018-01-14,0.000000,0.000000,0.493251,0.036992
2018-01-15,0.000000,0.000000,0.444122,0.036393
2018-01-16,0.000000,0.000000,0.437525,0.036316
2018-01-17,0.000000,0.000000,0.428579,0.035954
2018-01-18,0.000000,0.000012,0.421406,0.036016
2018-01-19,0.000000,0.000031,0.416407,0.036188
2018-01-20,0.000000,0.000031,0.410961,0.031895
2018-01-21,0.000000,0.000031,0.404044,0.034858
2018-01-22,0.000000,0.000031,0.398250,0.035858
2018-01-23,0.000000,0.000031,0.393708,0.036097
2018-01-24,0.000000,0.000031,0.389314,0.036089
2018-01-25,0.000000,0.000033,0.383743,0.036030
2018-01-26,0.000000,0.000032,0.375874,0.035059
2018-01-27,0.000000,0.000031,0.379037,0.036712
2018-01-28,0.000000,0.000031,0.398701,0.034847
2018-01-29,0.000000,0.000026,0.376095,0.035893
2018-01-30,0.000000,0.000000,0.356954,0.035871
2018-01-31,0.000000,0.000000,0.351964,0.038652
2018-02-01,0.000000,0.000000,0.345745,0.039439
2018-02-02,0.000000,0.000000,0.343117,0.034757
2018-02-03,0.000000,0.000000,0.337401,0.040804
2018-02-04,0.000000,0.000000,0.381134,0.035481
2018-02-05,0.000000,0.000000,0.327827,0.040438
2018-02-06,0.000000,0.000000,0.324880,0.034538
2018-02-07,0.000000,0.000000,0.320342,0.035653
2018-02-08,0.000000,0.000000,0.315582,0.037905
2018-02-09,0.000000,0.000000,0.312349,0.033741
2018-02-10,0.000000,0.000000,0.308852,0.035651
2018-02-11,0.000000,0.000000,0.304687,0.031550
2018-02-12,0.000000,0.000000,0.298123,0.035915
2018-02-13,0.000000,0.000000,0.296873,0.036628
2018-02-14,0.000000,0.000000,0.290596,0.036319
2018-02-15,0.000000,0.000000,0.610786,0.036460
2018-02-16,0.000000,0.000000,1.178727,0.036884
2018-02-17,0.000000,0.000000,0.284480,0.030988
2018-02-18,0.000000,0.000000,0.316711,0.035976
2018-02-19,0.000000,0.000000,0.405061,0.035917
2018-02-20,0.000000,0.000000,0.480699,0.034598
2018-02-21,0.000000,0.000000,0.277460,0.031178
2018-02-22,0.000000,0.000000,0.276085,0.036091
2018-02-23,0.000000,0.000000,0.376124,0.036478
2018-02-24,0.000000,0.000000,1.172630,0.036457
2018-02-25,0.000000,0.000000,0.336539,0.036271
2018-02-26,0.154433,0.005766,2.014540,0.036598
2018-02-27,0.062922,0.007319,0.272255,0.034129
2018-02-28,0.008447,0.000000,0.255776,0.055860
2018-03-01,0.000972,0.000000,0.245829,0.038083
2018-03-02,0.000000,0.000000,0.245143,0.037050
2018-03-03,0.000000,0.000000,0.244486,0.037752
2018-03-04,0.000000,0.000000,0.241429,0.041070
2018-03-05,0.000000,0.000000,0.234670,0.034158
2018-03-06,0.000000,0.000000,0.237688,0.038221
2018-03-07,0.000000,0.000000,0.231555,0.036811
2018-03-08,0.000000,0.000000,0.231173,0.037701
2018-03-09,0.000000,0.000000,0.226527,0.037106
2018-03-10,0.000000,0.000000,0.225374,0.037896
2018-03-11,0.000000,0.000000,0.222536,0.036697
2018-03-12,0.000000,0.000000,0.220745,0.037815
2018-03-13,0.000000,0.000000,0.216260,0.036825
2018-03-14,0.000000,0.000000,0.216856,0.036200
2018-03-15,0.000000,0.000000,0.212670,0.032666
2018-03-16,0.000000,0.000000,0.290537,0.035921
2018-03-17,0.000000,0.000000,0.208980,0.034632
2018-03-18,0.000000,0.000000,0.206465,0.043615
2018-03-19,0.000000,0.000000,0.199633,0.061939
2018-03-20,0.000000,0.000000,0.200855,0.059723
2018-03-21,0.000000,0.000000,0.192991,0.031564
2018-03-22,0.000000,0.000000,0.196910,0.037486
2018-03-23,0.000000,0.000000,0.195581,0.045975
2018-03-24,0.000000,0.000000,0.190691,0.038186
2018-03-25,0.000000,0.000000,0.187452,0.036103
2018-03-26,0.000000,0.000000,0.191681,0.035202
2018-03-27,0.000000,0.000000,0.197788,0.036688
2018-03-28,0.000000,0.000000,0.181577,0.035298
2018-03-29,0.000000,0.000000,0.180614,0.036516
2018-03-30,0.000000,0.000000,0.180355,0.037151
2018-03-31,0.000000,0.000000,0.176570,0.036530
2018-04-01,0.000000,0.000000,0.175209,0.034564
2018-04-02,0.000000,0.000000,0.177053,0.039702
2018-04-03,0.000000,0.000000,0.171596,0.036716
2018-04-04,0.000000,0.000000,0.169787,0.036774
2018-04-05,0.000000,0.000000,0.168344,0.034858
2018-04-06,0.000000,0.000000,0.169037,0.035691
2018-04-07,0.000000,0.000000,0.164468,0.036187
2018-04-08,0.000000,0.000000,0.164964,0.036326
2018-04-09,0.000000,0.000000,0.163623,0.036436
2018-04-10,0.000000,0.000000,0.200718,0.035038
2018-04-11,0.000000,0.000000,1.775915,0.163446
2018-04-12,0.000000,0.000000,0.646162,0.118895
2018-04-13,0.000000,0.000000,1.176084,0.085374
2018-04-14,0.000000,0.000000,1.892906,0.336766
2018-04-15,0.000000,0.000000,0.996942,0.210568
2018-04-16,0.000000,0.000000,3.125637,0.253801
2018-04-17,0.000134,0.000000,8.094774,0.155703
2018-04-18,0.000009,0.000000,17.260019,0.259530
2018-04-19,0.000973,0.004488,4.139126,0.229907
2018-04-20,0.000000,0.000000,1.408968,0.296765
2018-04-21,0.000000,0.000000,0.844159,0.035665
2018-04-22,0.000000,0.000000,0.603283,0.096094
2018-04-23,0.000000,0.000000,0.608198,0.099655
2018-04-24,0.000000,0.000000,0.916329,0.097576
2018-04-25,0.000000,0.000000,0.421315,0.036008
2018-04-26,0.000000,0.000000,0.398033,0.130325
2018-04-27,0.000000,0.000000,0.954983,0.084616
2018-04-28,0.000000,0.000000,1.527692,0.037728
2018-04-29,0.000000,0.000000,1.404381,0.141586
2018-04-30,0.000000,0.000000,0.539366,0.151502
2018-05-01,0.000000,0.000000,0.361881,0.034858
2018-05-02,0.000000,0.000000,0.226936,0.081988
2018-05-03,0.000000,0.000000,0.132398,0.034275
2018-05-04,0.000000,0.000000,0.192660,0.035024
2018-05-05,0.000000,0.000000,0.138552,0.034827
2018-05-06,0.000000,0.000000,0.129480,0.210477
2018-05-07,0.000000,0.000000,0.129103,0.119701
2018-05-08,0.000000,0.000000,0.142988,0.036436
2018-05-09,0.000000,0.000000,0.132649,0.035942
2018-05-10,0.000000,0.000000,0.154984,0.074648
2018-05-11,0.000000,0.000000,1.133957,0.369869
2018-05-12,0.000000,0.000000,1.266938,0.414487
2018-05-13,0.000000,0.000000,5.848850,0.181644
2018-05-14,0.000945,0.001942,7.680784,0.219222
2018-05-15,0.000661,0.003739,2.357829,0.323019
2018-05-16,0.000108,0.000430,2.752180,0.304894
2018-05-17,0.000314,0.000354,12.276026,0.192033
2018-05-18,0.012689,0.010589,8.777535,0.380524
2018-05-19,0.000518,0.003560,0.840213,0.531981
2018-05-20,0.000229,0.000000,0.931608,0.201731
2018-05-21,0.016747,0.001153,2.585570,0.290517
2018-05-22,1.117646,0.002735,4.856082,0.334874
2018-05-23,20.114252,0.068671,4.240747,0.260272
2018-05-24,2.992809,0.062743,2.877080,0.362054
2018-05-25,0.627796,0.010517,2.442865,0.356261
2018-05-26,13.556538,0.156844,5.595736,0.195270
2018-05-27,9.177028,0.194013,11.079943,0.180223
2018-05-28,16.483238,0.300312,9.119081,0.148672
2018-05-29,13.122465,0.352542,11.699892,0.140322
2018-05-30,35.845090,1.087715,27.440303,1.023401
2018-05-31,24.258726,1.087767,26.838511,0.964519
2018-06-01,30.950260,1.464354,22.576631,1.187930
2018-06-02,42.919642,1.690068,30.489000,2.131885
2018-06-03,27.597108,1.569871,22.804968,1.073892
2018-06-04,15.817854,0.931286,22.534964,1.261207
2018-06-05,19.771432,0.821987,19.923837,0.448617
2018-06-06,38.293280,1.494301,28.685165,1.792920
2018-06-07,45.316424,2.222172,27.727140,1.149465
2018-06-08,45.106813,3.131310,28.461687,1.220733
2018-06-09,21.821577,2.185500,21.635815,1.671956
2018-06-10,22.594843,1.534589,16.827973,0.633867
2018-06-11,36.611780,2.083877,20.719744,1.129690
2018-06-12,27.200169,2.356208,22.078741,0.586834
2018-06-13,24.732197,1.693360,25.190298,0.601634
2018-06-14,35.416018,2.005554,27.256932,1.131815
2018-06-15,26.615780,2.341719,26.233988,0.785803
2018-06-16,21.140900,1.753298,22.309935,0.969722
2018-06-17,9.689963,1.454929,19.190099,0.166797
2018-06-18,11.965459,1.889918,24.046670,0.517604
2018-06-19,13.897405,2.634617,24.581669,0.861486
2018-06-20,25.131962,3.832082,27.788780,1.238692
2018-06-21,48.869381,4.346820,36.730109,1.664388
2018-06-22,36.228358,7.115639,32.217244,2.332973
2018-06-23,34.930533,6.056015,31.860427,2.140475
2018-06-24,39.963672,6.977622,19.979831,2.129188
2018-06-25,22.356303,4.745299,16.736280,0.951885
2018-06-26,22.055723,4.691094,21.630744,2.021788
2018-06-27,29.367754,6.007796,20.558865,1.893068
2018-06-28,23.662235,5.925957,28.714443,1.968489
2018-06-29,35.923766,7.065480,30.223470,2.463683
2018-06-30,38.228908,8.684529,27.065769,2.072835
2018-07-01,14.519540,6.330565,28.141356,2.125621
2018-07-02,39.296996,6.386367,17.760194,1.605670
2018-07-03,22.141568,8.046178,24.464108,2.424912
2018-07-04,11.634092,6.064209,21.113088,1.647141
2018-07-05,11.547061,5.420147,23.874108,1.839453
2018-07-06,18.748948,6.299121,25.146179,2.092393
2018-07-07,20.500768,6.649436,27.748586,2.579776
2018-07-08,29.805481,8.089368,33.568107,3.206568
2018-07-09,19.612992,11.187405,33.044768,3.050137
2018-07-10,5.993219,10.538640,29.293615,3.271172
2018-07-11,5.773180,9.908083,29.980834,3.344442
2018-07-12,4.128913,9.056368,31.571409,3.777158
2018-07-13,4.608336,7.429629,34.730111,5.869267
2018-07-14,4.335731,7.700362,29.286725,5.620522
2018-07-15,4.890165,8.999314,27.052788,5.242464
2018-07-16,3.171521,7.444665,28.273701,5.238077
2018-07-17,4.704111,7.566788,25.505853,5.454002
2018-07-18,3.755154,7.415895,25.978802,4.767234
2018-07-19,4.908839,6.640673,23.427734,3.227468
2018-07-20,5.069571,7.818959,30.224842,5.009296
2018-07-21,4.424302,7.908258,35.120197,6.653878
2018-07-22,3.662838,7.442172,25.355208,5.859358
2018-07-23,5.085564,7.403428,23.429031,4.625891
2018-07-24,5.057089,7.074806,23.847905,4.964506
2018-07-25,1.731568,6.443684,23.305840,4.531227
2018-07-26,1.649704,6.716061,21.954254,4.631167
2018-07-27,2.094662,6.540860,30.027674,5.904028
2018-07-28,5.966919,8.268230,36.584626,8.075139
2018-07-29,14.922645,35.463720,55.592421,14.137048
2018-07-30,6.607433,49.343471,79.797739,19.116447
2018-07-31,4.703026,37.827312,52.866222,13.916891
2018-08-01,2.576694,16.884360,20.522931,5.151879
2018-08-02,17.638129,12.489192,23.659974,5.967142
2018-08-03,0.280640,8.985030,19.930561,4.770611
2018-08-04,0.058702,8.659705,20.226898,4.895414
2018-08-05,0.019343,7.736365,23.544309,5.002735
2018-08-06,3.424336,6.099552,16.438715,3.657750
2018-08-07,2.690571,7.905986,14.706104,3.911624
2018-08-08,0.004197,8.678407,15.444230,4.587434
2018-08-09,0.026626,7.041931,17.025374,4.165112
2018-08-10,0.034669,7.181473,15.398235,4.430246
2018-08-11,0.043118,6.287550,15.376162,4.471197
2018-08-12,0.115658,5.727286,16.704011,4.580267
2018-08-13,0.239803,6.420118,14.436775,4.136179
2018-08-14,0.080024,7.173120,14.957871,4.005211
2018-08-15,0.127484,10.813633,14.626338,3.062464
2018-08-16,0.000301,10.487506,16.053906,4.470362
2018-08-17,0.001886,7.467376,13.891306,4.234647
2018-08-18,0.003010,6.146768,11.677411,4.432566
2018-08-19,0.090910,5.148374,11.542006,3.954516
2018-08-20,0.552648,4.666858,12.574698,3.888973
2018-08-21,29.967707,6.106256,10.296371,2.178802
2018-08-22,7.091547,6.707587,10.327306,3.583775
2018-08-23,1.119702,4.089652,11.119150,2.315936
2018-08-24,0.270330,3.900647,8.706229,2.602170
2018-08-25,0.052790,3.499202,3.929179,2.403530
2018-08-26,0.157037,2.916521,4.617918,2.711562
2018-08-27,0.184884,2.017101,6.320669,2.094408
2018-08-28,0.000019,1.454633,2.865329,2.263508
2018-08-29,0.000017,1.090787,2.938093,2.159596
2018-08-30,4.730709,0.904606,9.928376,2.147840
2018-08-31,102.650353,12.161055,39.264636,4.190053
2018-09-01,4.103553,13.008646,11.099411,2.239295
2018-09-02,0.027701,3.330600,4.461786,2.325059
2018-09-03,1.068546,1.435453,3.589583,1.947641
2018-09-04,0.459374,1.404012,2.317767,2.299996
2018-09-05,0.168638,1.165735,1.842477,1.947550
2018-09-06,0.000324,0.856012,5.092599,2.285943
2018-09-07,0.018810,1.355508,6.034841,1.703214
2018-09-08,21.781775,4.448005,7.959858,1.995956
2018-09-09,46.871046,15.057121,19.444721,2.904034
2018-09-10,22.683581,10.071359,34.863570,10.259977
2018-09-11,5.647451,7.706812,6.394228,2.663618
2018-09-12,6.225456,8.530583,5.581504,1.645681
2018-09-13,16.043504,5.179528,3.816705,1.677532
2018-09-14,1.524071,2.118874,1.513047,1.096408
2018-09-15,5.640853,0.697613,1.239841,0.182290
2018-09-16,0.656920,0.625685,4.688786,0.108465
2018-09-17,0.002267,1.299597,4.646842,0.890536
2018-09-18,0.000684,0.700719,1.130931,0.268904
2018-09-19,0.550006,0.133714,1.119746,0.205730
2018-09-20,0.009265,0.021934,1.102604,0.165308
2018-09-21,3.336358,0.003786,1.099775,0.056192
2018-09-22,3.955312,0.000374,1.076445,0.081112
2018-09-23,0.008309,0.000244,1.051418,0.097483
2018-09-24,0.014409,0.000035,1.063045,0.068617
2018-09-25,0.419295,0.000005,1.020318,0.054489
2018-09-26,0.007091,0.000001,1.006193,0.055751
2018-09-27,0.000292,0.000000,0.980140,0.100942
2018-09-28,4.647350,0.000000,0.994006,0.054715
2018-09-29,0.001109,0.000000,0.948276,0.078453
2018-09-30,0.000000,0.000000,0.932759,0.097377
2018-10-01,0.020418,0.000000,0.917857,0.054422
2018-10-02,0.000048,0.000000,0.902300,0.054235
2018-10-03,0.000000,0.000000,0.885102,0.055987
2018-10-04,0.000000,0.000000,0.871091,0.054016
2018-10-05,0.000000,0.000000,0.856725,0.090466
2018-10-06,0.000000,0.000000,0.839783,0.055395
2018-10-07,0.000047,0.000000,0.828846,0.054519
2018-10-08,0.000003,0.000000,0.812760,0.055267
2018-10-09,0.000001,0.000000,0.802314,0.048739
2018-10-10,0.000185,0.000000,0.790707,0.054526
2018-10-11,0.003421,0.000000,1.922478,0.048355
2018-10-12,0.018708,0.000000,5.482007,0.050354
2018-10-13,0.628972,0.000152,1.490340,0.053775
2018-10-14,0.119618,0.000512,0.818763,0.053136
2018-10-15,0.006392,0.000991,0.733273,0.053048
2018-10-16,2.212908,0.000822,1.231372,0.051927
2018-10-17,0.006214,0.000094,3.419384,0.051726
2018-10-18,0.001122,0.000234,0.801021,0.046590
2018-10-19,3.695194,0.005433,2.002252,0.049378
2018-10-20,0.000000,0.000000,0.682069,0.050663
2018-10-21,0.000000,0.000000,0.674894,0.052057
2018-10-22,0.000000,0.000000,0.664438,0.056371
2018-10-23,0.000000,0.000000,0.658862,0.051074
2018-10-24,0.000000,0.000000,0.646681,0.045423
2018-10-25,0.000000,0.000000,0.644544,0.052390
2018-10-26,0.000000,0.000000,0.638541,0.046938
2018-10-27,0.000000,0.000000,0.623464,0.056129
2018-10-28,0.000000,0.000000,0.659956,0.051218
2018-10-29,0.000000,0.000000,0.611122,0.052366
2018-10-30,0.000000,0.000000,0.608241,0.046332
2018-10-31,0.000000,0.000000,0.606187,0.053344
2018-11-01,0.000000,0.000000,0.591961,0.050346
2018-11-02,0.000000,0.000000,0.583787,0.050282
2018-11-03,0.000000,0.000000,0.582262,0.050688
2018-11-04,0.000001,0.000000,0.574413,0.049385
2018-11-05,0.000010,0.000000,0.566252,0.046395
2018-11-06,0.000009,0.000000,0.557808,0.048292
2018-11-07,0.000021,0.000000,0.560081,0.053648
2018-11-08,3.263630,0.004446,4.190772,0.043256
2018-11-09,3.727527,0.065609,2.085442,0.053249
2018-11-10,0.000471,0.009795,0.551639,0.048387
2018-11-11,0.000072,0.003935,0.541659,0.049712
2018-11-12,0.000015,0.001557,0.525346,0.046466
2018-11-13,0.000009,0.000530,0.515627,0.048389
2018-11-14,0.000020,0.000075,0.514538,0.046414
2018-11-15,0.000011,0.000010,0.505102,0.046151
2018-11-16,0.000095,0.000001,0.501838,0.049168
2018-11-17,32.237538,0.133460,52.667405,0.226542
2018-11-18,42.174774,1.536899,52.591319,1.275419
2018-11-19,0.000000,0.013923,0.914501,0.047734
2018-11-20,0.000000,0.000000,4.193626,0.048351
2018-11-21,0.000000,0.000000,0.481479,0.046064
2018-11-22,0.000000,0.000000,0.471364,0.047903
2018-11-23,0.000000,0.000000,0.467075,0.046952
2018-11-24,0.000000,0.000000,0.463170,0.044514
2018-11-25,0.000000,0.000000,0.459788,0.051284
2018-11-26,0.000000,0.000000,0.453588,0.051110
2018-11-27,0.000000,0.000000,0.449584,0.053090
2018-11-28,0.000000,0.000000,0.446453,0.052488
2018-11-29,0.000000,0.000000,0.441439,0.053208
2018-11-30,0.000000,0.000000,0.438177,0.047547
2018-12-01,0.000000,0.000000,0.431696,0.052150
2018-12-02,0.000000,0.000000,0.430227,0.053012
2018-12-03,0.000000,0.000000,0.425330,0.051992
2018-12-04,0.000000,0.000000,0.419917,0.056131
2018-12-05,0.000000,0.000000,0.416945,0.048162
2018-12-06,0.000005,0.000000,0.410766,0.051830
2018-12-07,0.000005,0.000000,0.410178,0.045653
2018-12-08,0.000084,0.000000,0.396200,0.050661
2018-12-09,0.000148,0.000000,0.398927,0.044452
2018-12-10,0.000615,0.000000,0.392040,0.051684
2018-12-11,0.000012,0.000000,0.763294,0.091996
2018-12-12,0.000000,0.000000,0.422349,0.052493
2018-12-13,0.000000,0.000000,1.895335,0.042171
2018-12-14,16.487092,0.006250,4.665522,0.054919
2018-12-15,0.000000,0.000000,3.489439,0.042490
2018-12-16,0.000000,0.000000,0.396923,0.045340
2018-12-17,0.000018,0.000000,0.754568,0.049699
2018-12-18,0.007259,0.000000,10.589672,0.050667
2018-12-19,1.087615,0.000000,15.469551,0.051035
2018-12-20,2.474646,0.000000,0.691665,0.050734
2018-12-21,0.010292,0.000000,0.346031,0.046566
2018-12-22,0.000000,0.000000,0.341632,0.044495
2018-12-23,0.000000,0.000000,0.338590,0.045975
2018-12-24,0.000000,0.000000,0.333454,0.043871
2018-12-25,0.000000,0.000000,0.332350,0.048029
2018-12-26,0.000000,0.000000,0.324488,0.040328
2018-12-27,0.000000,0.000000,0.326166,0.631225
2018-12-28,0.000000,0.000000,0.320953,0.041098
2018-12-29,0.000000,0.000000,0.321561,0.047299
2018-12-30,0.000000,0.000000,0.317623,0.039573
2018-12-31,0.000000,0.000000,0.311365,0.039892
2019-01-01,0.000000,0.000000,0.310010,0.049524
2019-01-02,0.000000,0.000000,0.348910,0.049057
2019-01-03,13.611530,0.106251,7.536094,0.040412
2019-01-04,0.140207,0.000000,1.717650,0.047772
2019-01-05,6.830929,0.000638,0.313267,0.040064
2019-01-06,0.000000,0.000000,0.298459,0.047994
2019-01-07,0.000000,0.000000,0.290225,0.038662
2019-01-08,0.000000,0.000000,0.336771,0.046678
2019-01-09,0.000000,0.000000,0.530220,0.047160
2019-01-10,0.000000,0.000000,0.287603,0.046567
2019-01-11,0.000000,0.000000,0.284208,0.047645
2019-01-12,0.000000,0.000000,0.282438,0.046556
2019-01-13,0.000000,0.000000,0.276659,0.047116
2019-01-14,0.000000,0.000000,0.278930,0.043782
2019-01-15,0.000000,0.000000,0.273800,0.046981
2019-01-16,0.000000,0.000000,0.271096,0.047179
2019-01-17,0.000000,0.000000,0.271528,0.043873
2019-01-18,0.000000,0.000000,0.262954,0.039512
2019-01-19,0.000000,0.000000,0.268305,0.042942
2019-01-20,0.000000,0.000000,0.258155,0.039872
2019-01-21,0.000000,0.000000,0.259114,0.045767
2019-01-22,0.000000,0.000000,0.380902,0.040492
2019-01-23,0.000000,0.000000,0.275239,0.052809
2019-01-24,0.000000,0.000000,0.251211,0.038480
2019-01-25,0.000000,0.000000,0.249889,0.045624
2019-01-26,0.000000,0.000000,0.249141,0.037720
2019-01-27,0.000000,0.000000,0.241077,0.049011
2019-01-28,0.000000,0.000000,0.245096,0.038994
2019-01-29,0.000000,0.000000,0.235188,0.040161
2019-01-30,0.000000,0.000000,0.239614,0.050297
2019-01-31,0.000000,0.000000,0.237452,0.037725
2019-02-01,0.000000,0.000000,0.233053,0.043024
2019-02-02,0.000000,0.000000,0.229484,0.048312
2019-02-03,0.000000,0.000000,0.228902,0.038720
2019-02-04,0.000000,0.000000,0.223887,0.043759
2019-02-05,0.000000,0.000000,0.221195,0.039435
2019-02-06,0.000000,0.000000,0.220384,0.049370
2019-02-07,0.000000,0.000000,0.218713,0.034765
2019-02-08,0.000000,0.000000,0.216088,0.042443
2019-02-09,0.000000,0.000000,0.213890,0.042727
2019-02-10,0.000000,0.000000,0.208958,0.044265
2019-02-11,0.000000,0.000000,0.208980,0.044438
2019-02-12,0.000000,0.000000,0.204456,0.044276
2019-02-13,0.000000,0.000000,0.201739,0.035637
2019-02-14,0.000000,0.000000,0.197301,0.034894
2019-02-15,0.000000,0.000000,0.201297,0.044613
2019-02-16,0.000000,0.000000,0.194933,0.043528
2019-02-17,0.000000,0.000000,0.192830,0.043823
2019-02-18,0.000000,0.000000,0.192704,0.040157
2019-02-19,0.000000,0.000000,0.189435,0.041975
2019-02-20,0.000000,0.000000,0.186699,0.034754
2019-02-21,0.000000,0.000000,0.230760,0.041002
2019-02-22,0.000000,0.000000,0.189386,0.038106
2019-02-23,0.000000,0.000000,2.830504,0.041254
2019-02-24,0.000000,0.000000,0.183101,0.037870
2019-02-25,0.000000,0.000000,0.186019,0.043874
2019-02-26,0.000000,0.000000,0.313078,0.036942
2019-02-27,0.000000,0.000000,0.174027,0.033813
2019-02-28,0.000000,0.000000,0.169548,0.044206
2019-03-01,0.000000,0.000000,0.167995,0.031938
2019-03-02,0.000000,0.000000,0.168481,0.041837
2019-03-03,0.000000,0.000000,0.162195,0.039896
2019-03-04,0.000000,0.000000,0.162195,0.041897
2019-03-05,0.000000,0.000000,0.162531,0.033283
2019-03-06,0.000000,0.000000,0.160082,0.039789
2019-03-07,0.000000,0.000000,0.157911,0.033267
2019-03-08,0.000000,0.000000,0.159159,0.037402
2019-03-09,0.000000,0.000000,0.154782,0.039564
2019-03-10,0.000000,0.000000,0.152364,0.039718
2019-03-11,0.000000,0.000000,0.150090,0.037290
2019-03-12,0.000000,0.000000,0.149628,0.039061
2019-03-13,0.000000,0.000000,0.150257,0.033194
2019-03-14,0.000000,0.000000,0.139682,0.031475
2019-03-15,0.000000,0.000000,0.148332,0.042734
2019-03-16,0.000000,0.000000,0.140016,0.032115
2019-03-17,0.000000,0.000000,0.140941,0.038325
2019-03-18,0.000000,0.000000,0.137865,0.035498
2019-03-19,0.000000,0.000000,0.133466,0.039864
2019-03-20,0.000000,0.000000,0.137914,0.031355
2019-03-21,0.000000,0.000000,0.133428,0.042133
2019-03-22,0.000000,0.000000,0.132499,0.031810
2019-03-23,0.000000,0.000000,0.130731,0.036657
2019-03-24,0.000000,0.000000,0.134897,0.036306
2019-03-25,0.000000,0.000000,0.129027,0.036832
2019-03-26,0.000000,0.000000,0.130979,0.037628
2019-03-27,0.000000,0.000000,0.128390,0.036170
2019-03-28,0.000000,0.000000,0.125752,0.038494
2019-03-29,0.000000,0.000000,0.124214,0.039370
2019-03-30,0.000000,0.000000,0.124435,0.036852
2019-03-31,0.000000,0.000000,0.120444,0.039459
2019-04-01,0.000000,0.000000,0.120939,0.037598
2019-04-02,0.000000,0.000000,0.119627,0.066629
2019-04-03,0.000000,0.000000,0.120920,0.035726
2019-04-04,0.000000,0.000000,0.138378,0.038360
2019-04-05,0.000000,0.000000,0.116239,0.040217
2019-04-06,0.000000,0.000000,0.115719,0.076623
2019-04-07,0.000000,0.000000,0.114929,0.032498
2019-04-08,0.000000,0.000000,0.112978,0.096202
2019-04-09,0.000000,0.000000,0.112984,0.077726
2019-04-10,0.000000,0.000000,0.117369,0.088221
2019-04-11,0.000000,0.000000,0.159715,0.067383
2019-04-12,0.000000,0.000000,5.815828,0.274333
2019-04-13,0.000000,0.000000,8.187513,0.110641
2019-04-14,0.000000,0.000000,9.995063,0.168086
2019-04-15,0.000000,0.000000,10.722006,0.195303
2019-04-16,0.181533,0.000000,9.874309,0.208461
2019-04-17,30.040899,0.068097,8.362834,0.198161
2019-04-18,16.642924,0.006394,7.245291,0.183383
2019-04-19,45.334961,0.375775,18.152156,0.160304
2019-04-20,5.785671,0.645652,2.404259,0.198611
2019-04-21,0.000000,0.000521,0.104268,0.038838
2019-04-22,0.000000,0.000000,0.101406,0.029141
2019-04-23,0.000000,0.000000,0.101227,0.036329
2019-04-24,1.069599,0.000000,5.174609,0.339375
2019-04-25,58.147430,0.760629,13.404162,0.163822
2019-04-26,88.674055,2.359026,13.227642,0.127356
2019-04-27,60.971690,4.089111,37.504169,0.132090
2019-04-28,23.724422,1.639987,33.733168,0.514483
2019-04-29,19.553450,1.308083,13.099854,0.331104
2019-04-30,22.697046,1.121489,17.768071,0.825291
2019-05-01,3.690763,0.809330,3.953278,0.189676
2019-05-02,0.038188,0.225829,0.272941,0.036094
2019-05-03,0.000471,0.090215,1.656384,0.028779
2019-05-04,0.803677,0.265961,7.124219,0.293273
2019-05-05,0.050275,0.193840,0.713885,0.031695
2019-05-06,0.009884,0.175254,13.574148,0.373941
2019-05-07,0.040147,0.282861,10.092157,0.351313
2019-05-08,0.360396,0.166507,1.358827,0.116773
2019-05-09,0.032401,0.056044,2.336498,0.154114
2019-05-10,0.044983,0.016817,2.777135,0.036853
2019-05-11,0.906111,0.000000,4.089132,0.036696
2019-05-12,0.000195,0.001966,7.305349,0.094618
2019-05-13,0.000096,0.004637,13.055990,0.427759
2019-05-14,0.531418,0.132459,20.807138,0.273882
2019-05-15,6.648876,0.532563,22.789489,0.162946
2019-05-16,14.810179,0.767379,27.686893,0.087842
2019-05-17,18.030761,0.872504,30.648126,0.301899
2019-05-18,26.730730,1.418647,16.437006,0.545052
2019-05-19,19.508143,1.429296,18.576391,0.340400
2019-05-20,17.381310,1.501888,17.743700,0.921661
2019-05-21,10.041694,1.723240,9.419734,0.762707
2019-05-22,10.471051,1.751576,19.290964,1.245591
2019-05-23,9.091933,1.431538,17.145800,1.673909
2019-05-24,14.071332,2.003091,21.524174,0.415513
2019-05-25,12.220459,2.391353,24.300820,0.813212
2019-05-26,2.638277,1.617346,18.212193,0.375628
2019-05-27,0.960239,0.942299,7.579805,0.203729
2019-05-28,1.099122,1.116660,14.631902,2.077568
2019-05-29,0.168365,1.199680,21.567705,0.253793
2019-05-30,3.108687,1.068839,15.451385,1.041348
2019-05-31,2.328812,0.831553,11.332719,1.000937
2019-06-01,4.917567,1.104182,20.910143,3.194993
2019-06-02,7.624304,1.611906,19.764782,0.223335
2019-06-03,10.192191,1.738490,18.931959,0.492853
2019-06-04,11.681314,1.577396,19.623060,0.227457
2019-06-05,13.098692,1.799858,24.288573,0.575831
2019-06-06,2.425509,2.182464,28.170745,1.119899
2019-06-07,5.051065,2.494132,28.552720,1.243039
2019-06-08,11.457361,2.673839,31.539183,1.343584
2019-06-09,11.859962,2.608097,30.898602,1.628019
2019-06-10,23.588704,3.527261,31.190908,1.907143
2019-06-11,26.465951,3.555614,37.744808,2.071192
2019-06-12,14.753196,5.365097,41.886222,3.077393
2019-06-13,17.119223,9.190394,38.928060,3.489221
2019-06-14,12.496147,8.018678,29.949848,3.086406
2019-06-15,10.231770,7.125943,32.270379,3.864602
2019-06-16,13.012823,7.346270,31.970777,3.708503
2019-06-17,7.588519,7.484651,22.146001,3.146169
2019-06-18,10.385769,8.858544,22.938012,2.881780
2019-06-19,5.949393,7.611814,18.838423,2.781222
2019-06-20,4.264607,7.694542,19.307537,3.196062
2019-06-21,2.912676,8.105118,18.998574,4.112231
2019-06-22,2.352656,7.263750,20.655818,4.494002
2019-06-23,3.111921,7.832404,21.802033,6.182894
2019-06-24,2.834904,7.876982,27.536603,7.859706
2019-06-25,4.676261,10.079788,25.201675,8.758137
2019-06-26,3.643202,10.917049,25.020436,7.966960
2019-06-27,3.971568,7.723635,23.566558,7.870304
2019-06-28,6.717366,10.573912,19.673551,6.453427
2019-06-29,3.716370,9.672097,21.328455,7.560651
2019-06-30,12.150624,8.374515,18.185370,6.437514
2019-07-01,4.942360,8.506372,22.205763,7.406764
2019-07-02,4.829647,11.331754,21.960994,7.120394
2019-07-03,5.067011,10.828234,25.352387,8.115336
2019-07-04,0.094177,9.353763,20.166277,6.881349
2019-07-05,0.012330,8.566686,21.362428,7.320236
2019-07-06,0.006832,9.154686,27.197427,7.687302
2019-07-07,0.225199,10.974810,16.879001,5.570967
2019-07-08,3.894444,13.891758,18.865531,5.326809
2019-07-09,3.333120,10.581177,12.606003,4.942389
2019-07-10,0.055522,8.574854,11.950602,5.880841
2019-07-11,0.071643,10.335293,15.737281,6.620620
2019-07-12,0.007877,10.472868,19.791905,7.479761
2019-07-13,0.005004,11.414502,21.758258,8.974555
2019-07-14,0.006974,11.429914,14.910084,9.897809
2019-07-15,0.003410,9.781922,18.957251,10.194867
2019-07-16,0.075007,11.194929,22.240732,9.246591
2019-07-17,0.861768,14.271470,20.020364,9.974293
2019-07-18,0.032208,12.120820,15.473961,8.718508
2019-07-19,0.009237,10.949587,16.639821,8.785264
2019-07-20,0.004842,10.111187,19.802545,9.212902
2019-07-21,0.005578,10.408336,18.135561,9.282391
2019-07-22,0.020035,10.668706,19.353403,9.560856
2019-07-23,0.282538,9.036848,16.722903,6.370548
2019-07-24,3.564209,6.773504,16.537722,8.580109
2019-07-25,0.810334,5.970855,18.664333,9.271421
2019-07-26,0.302199,12.420353,17.472280,7.038512
2019-07-27,7.635298,21.735732,45.093217,14.126053
2019-07-28,44.534131,32.143780,89.797733,22.110076
2019-07-29,34.165280,30.378715,54.390469,20.186502
2019-07-30,0.037932,24.224922,10.908228,9.945599
2019-07-31,0.008131,16.099679,10.030979,9.312235
2019-08-01,0.008988,12.596305,10.752686,9.263717
2019-08-02,0.004377,10.972088,11.922782,9.153037
2019-08-03,0.003753,10.201110,14.022552,9.453218
2019-08-04,0.018915,10.653587,13.610161,8.091911
2019-08-05,0.030233,9.974045,12.158923,8.517900
2019-08-06,0.054094,8.990592,10.982072,6.415693
2019-08-07,0.002870,6.619977,9.746408,6.452848
2019-08-08,0.008883,6.270632,9.555673,6.296437
2019-08-09,0.224760,5.860571,10.547782,5.028365
2019-08-10,4.584589,4.859845,10.559886,5.657344
2019-08-11,0.208637,6.281743,12.905559,7.384915
2019-08-12,0.009899,5.667512,14.321299,7.999370
2019-08-13,0.009715,5.118921,11.949865,5.861714
2019-08-14,0.009078,4.853243,11.647921,5.658430
2019-08-15,0.012767,5.485733,12.445248,6.517724
2019-08-16,0.013208,5.846037,9.054468,3.390176
2019-08-17,0.001648,5.386276,9.973854,4.969516
2019-08-18,0.001945,4.711825,9.770231,4.813813
2019-08-19,0.014012,4.413342,9.601533,4.780949
2019-08-20,0.155047,3.851963,8.375151,3.917913
2019-08-21,0.067304,3.345275,7.285543,3.506678
2019-08-22,0.865052,2.930186,11.155195,2.957313
2019-08-23,1.560953,3.072806,38.437307,5.277518
2019-08-24,13.422735,11.475632,15.633487,4.687745
2019-08-25,0.119488,6.377265,5.155935,4.501325
2019-08-26,0.102218,6.057454,19.117437,4.583390
2019-08-27,0.322444,7.507540,6.476211,4.156220
2019-08-28,2.652055,4.470604,5.345962,3.417147
2019-08-29,0.264613,3.378771,4.859560,3.060927
2019-08-30,0.016443,3.333655,4.842891,2.912984
2019-08-31,1.054757,2.521221,6.410196,3.005842
2019-09-01,4.716762,1.922772,0.000000,0.000000
2019-09-02,1.127836,2.258421,0.000000,0.000000
2019-09-03,0.000851,1.946577,0.000000,0.000000
2019-09-04,0.000949,1.372177,0.000000,0.000000
2019-09-05,0.033216,1.159501,0.000000,0.000000
2019-09-06,0.002388,0.837492,0.000000,0.000000
2019-09-07,37.516953,2.467705,0.000000,0.000000
2019-09-08,23.520667,7.870755,0.000000,0.000000
2019-09-09,0.011629,2.578340,0.000000,0.000000
2019-09-10,0.063024,0.718737,0.000000,0.000000
2019-09-11,0.000372,0.201979,0.000000,0.000000
2019-09-12,0.001045,0.112071,0.000000,0.000000
2019-09-13,0.003314,0.078246,0.000000,0.000000
2019-09-14,0.006529,0.011223,0.000000,0.000000
2019-09-15,0.008462,0.001826,0.000000,0.000000
2019-09-16,0.000113,0.000559,0.000000,0.000000
2019-09-17,0.007310,0.000409,0.000000,0.000000
2019-09-18,0.009505,0.000373,0.000000,0.000000
2019-09-19,0.007296,0.000102,0.000000,0.000000
2019-09-20,0.162219,0.019127,0.000000,0.000000
2019-09-21,0.131269,0.117802,0.000000,0.000000
2019-09-22,21.850908,5.053781,0.000000,0.000000
2019-09-23,45.014462,14.890914,0.000000,0.000000
2019-09-24,18.387514,6.874858,0.000000,0.000000
2019-09-25,15.901393,7.106649,0.000000,0.000000
2019-09-26,11.706509,8.474200,0.000000,0.000000
2019-09-27,0.000018,3.472580,0.000000,0.000000
2019-09-28,0.000000,0.514823,0.000000,0.000000
2019-09-29,0.000063,0.308187,0.000000,0.000000
2019-09-30,0.031285,0.233741,0.000000,0.000000
2019-10-01,0.026529,0.033396,0.000000,0.000000
2019-10-02,0.601965,0.004820,0.000000,0.000000
2019-10-03,0.622212,0.000961,0.000000,0.000000
2019-10-04,0.625973,0.109215,0.000000,0.000000
2019-10-05,6.566127,0.872060,0.000000,0.000000
2019-10-06,12.805447,3.993464,0.000000,0.000000
2019-10-07,4.747973,2.097862,0.000000,0.000000
2019-10-08,0.118599,4.329397,0.000000,0.000000
2019-10-09,0.001689,1.292734,0.000000,0.000000
2019-10-10,0.000250,0.177063,0.000000,0.000000
2019-10-11,0.000000,0.024262,0.000000,0.000000
2019-10-12,0.000001,0.003339,0.000000,0.000000
2019-10-13,0.000914,0.000459,0.000000,0.000000
2019-10-14,0.000074,0.000057,0.000000,0.000000
2019-10-15,0.002369,0.000008,0.000000,0.000000
2019-10-16,0.276660,0.000001,0.000000,0.000000
2019-10-17,0.000000,0.000000,0.000000,0.000000
2019-10-18,0.011306,0.000000,0.000000,0.000000
2019-10-19,0.004989,0.000000,0.000000,0.000000
2019-10-20,0.000474,0.000000,0.000000,0.000000
2019-10-21,0.000000,0.000000,0.000000,0.000000
2019-10-22,0.000000,0.000000,0.000000,0.000000
2019-10-23,0.000000,0.000000,0.000000,0.000000
2019-10-24,0.000001,0.000000,0.000000,0.000000
2019-10-25,0.000003,0.000000,0.000000,0.000000
2019-10-26,0.072802,0.000000,0.000000,0.000000
2019-10-27,0.000070,0.000000,0.000000,0.000000
2019-10-28,0.000247,0.000000,0.000000,0.000000
2019-10-29,0.000071,0.000000,0.000000,0.000000
2019-10-30,0.000287,0.000000,0.000000,0.000000
2019-10-31,0.000015,0.000000,0.000000,0.000000
2019-11-01,0.000002,0.000000,0.000000,0.000000
2019-11-02,0.000011,0.000000,0.000000,0.000000
2019-11-03,0.000003,0.000000,0.000000,0.000000
2019-11-04,0.000000,0.000000,0.000000,0.000000
2019-11-05,0.000000,0.000000,0.000000,0.000000
2019-11-06,0.000000,0.000000,0.000000,0.000000
2019-11-07,0.000000,0.000000,0.000000,0.000000
2019-11-08,0.000000,0.000000,0.000000,0.000000
2019-11-09,0.000000,0.000000,0.000000,0.000000
2019-11-10,0.000000,0.000000,0.000000,0.000000
2019-11-11,0.000000,0.000000,0.000000,0.000000
2019-11-12,0.000000,0.000000,0.000000,0.000000
2019-11-13,0.000000,0.000000,0.000000,0.000000
2019-11-14,0.000000,0.000000,0.000000,0.000000
2019-11-15,0.000000,0.000000,0.000000,0.000000
2019-11-16,0.000000,0.000000,0.000000,0.000000
2019-11-17,0.000000,0.000000,0.000000,0.000000
2019-11-18,0.000000,0.000000,0.000000,0.000000
2019-11-19,0.000000,0.000000,0.000000,0.000000
2019-11-20,0.000000,0.000000,0.000000,0.000000
2019-11-21,0.000000,0.000000,0.000000,0.000000
2019-11-22,0.000000,0.000000,0.000000,0.000000
2019-11-23,0.000000,0.000000,0.000000,0.000000
2019-11-24,0.000000,0.000000,0.000000,0.000000
2019-11-25,0.000000,0.000000,0.000000,0.000000
2019-11-26,0.000000,0.000000,0.000000,0.000000
2019-11-27,0.000000,0.000000,0.000000,0.000000
2019-11-28,0.000000,0.000000,0.000000,0.000000
2019-11-29,0.000000,0.000000,0.000000,0.000000
2019-11-30,0.000000,0.000000,0.000000,0.000000
2019-12-01,0.000000,0.000000,0.000000,0.000000
2019-12-02,0.000087,0.000000,0.000000,0.000000
2019-12-03,4.347793,0.000000,0.000000,0.000000
2019-12-04,0.000000,0.000000,0.000000,0.000000
2019-12-05,0.000000,0.000000,0.000000,0.000000
2019-12-06,0.000000,0.000000,0.000000,0.000000
2019-12-07,0.000000,0.000000,0.000000,0.000000
2019-12-08,0.000000,0.000000,0.000000,0.000000
2019-12-09,0.000000,0.000000,0.000000,0.000000
2019-12-10,0.000000,0.000000,0.000000,0.000000
2019-12-11,0.000000,0.000000,0.000000,0.000000
2019-12-12,0.000000,0.000000,0.000000,0.000000
2019-12-13,0.000000,0.000000,0.000000,0.000000
2019-12-14,0.000000,0.000000,0.000000,0.000000
2019-12-15,0.000000,0.000000,0.000000,0.000000
2019-12-16,0.000000,0.000000,0.000000,0.000000
2019-12-17,0.000000,0.000000,0.000000,0.000000
2019-12-18,0.000000,0.000000,0.000000,0.000000
2019-12-19,0.000000,0.000000,0.000000,0.000000
2019-12-20,0.000000,0.000000,0.000000,0.000000
2019-12-21,0.000000,0.000000,0.000000,0.000000
2019-12-22,0.000000,0.000000,0.000000,0.000000
2019-12-23,0.000000,0.000000,0.000000,0.000000
2019-12-24,0.000000,0.000000,0.000000,0.000000
2019-12-25,0.000000,0.000000,0.000000,0.000000
2019-12-26,0.000000,0.000000,0.000000,0.000000
2019-12-27,0.000000,0.000000,0.000000,0.000000
2019-12-28,0.000000,0.000000,0.000000,0.000000
2019-12-29,0.000000,0.000000,0.000000,0.000000
2019-12-30,0.000000,0.000000,0.000000,0.000000
2019-12-31,0.000000,0.000000,0.000000,0.000000

