time,MAR_land,MAR_ice,RACMO_land,RACMO_ice
2015-01-01,0.000000,0.492791,1.314149,0.950657
2015-01-02,0.000000,0.770168,1.292089,0.956425
2015-01-03,0.000000,0.804281,1.289446,0.967919
2015-01-04,0.000000,0.594470,1.264490,0.960068
2015-01-05,0.000000,0.148376,1.253631,0.951935
2015-01-06,0.000000,0.145478,1.235398,0.966321
2015-01-07,0.000000,0.196421,1.219897,0.966370
2015-01-08,0.000000,0.661147,1.208902,0.954761
2015-01-09,0.000000,0.821851,1.190830,0.948543
2015-01-10,0.000000,0.705103,1.178923,0.952710
2015-01-11,0.000000,0.160539,1.164764,0.951469
2015-01-12,0.000000,0.145222,1.148343,0.929901
2015-01-13,0.000000,0.123814,1.140341,0.957603
2015-01-14,0.000000,0.092795,1.116389,1.126414
2015-01-15,0.000000,0.071695,1.111218,0.950230
2015-01-16,0.000000,0.071445,1.096369,0.930752
2015-01-17,0.000000,0.071420,1.084402,0.943113
2015-01-18,0.000000,0.071359,1.069527,0.982580
2015-01-19,0.000000,0.071358,1.053518,0.933573
2015-01-20,0.000000,0.071261,1.121872,0.918160
2015-01-21,0.000000,0.071032,1.046752,0.942178
2015-01-22,0.000000,0.070880,1.015853,0.936359
2015-01-23,0.000000,0.070693,1.002308,0.906843
2015-01-24,0.000000,0.070642,0.992578,1.242197
2015-01-25,0.000000,0.070534,0.975783,0.917078
2015-01-26,0.000000,0.070406,0.965891,0.927287
2015-01-27,0.000000,0.070313,0.952817,0.929712
2015-01-28,0.000000,0.070176,0.942272,0.937605
2015-01-29,0.000000,0.070179,0.932380,0.902853
2015-01-30,0.000000,0.070084,0.917195,0.918389
2015-01-31,0.000000,0.069997,0.910274,0.918427
2015-02-01,0.000000,0.069836,0.899150,0.934141
2015-02-02,0.000000,0.069858,0.884915,0.977985
2015-02-03,0.000000,0.069863,0.869613,0.961999
2015-02-04,0.000000,0.069681,0.866350,0.926075
2015-02-05,0.000000,0.069412,0.850431,0.935821
2015-02-06,0.000000,0.069304,0.842157,0.928959
2015-02-07,0.000000,0.069315,0.829455,0.933660
2015-02-08,0.000000,0.069313,0.836786,0.982698
2015-02-09,0.000000,0.069313,0.808102,0.938352
2015-02-10,0.000000,0.069318,0.796830,0.918683
2015-02-11,0.000000,0.069187,0.789928,0.930139
2015-02-12,0.000000,0.068746,0.780380,0.936415
2015-02-13,0.000000,0.068772,0.763964,0.910487
2015-02-14,0.000000,0.068778,0.756126,0.926388
2015-02-15,0.000000,0.068623,0.743619,0.926541
2015-02-16,0.000000,0.068223,0.735589,0.921934
2015-02-17,0.000000,0.068183,0.725059,0.915115
2015-02-18,0.000000,0.068447,0.715460,0.914649
2015-02-19,0.000000,0.071003,0.702318,0.918190
2015-02-20,0.000000,0.073833,0.693339,0.908606
2015-02-21,0.000000,0.070804,0.682421,0.920255
2015-02-22,0.000000,0.070319,0.676060,0.908292
2015-02-23,0.000000,0.069269,0.665333,0.924408
2015-02-24,0.000000,0.068638,0.654992,0.903483
2015-02-25,0.000000,0.078143,0.644101,0.911160
2015-02-26,0.000000,0.090769,0.641428,0.916480
2015-02-27,0.000000,0.070866,0.631844,0.896274
2015-02-28,0.000000,0.068546,0.624762,0.910861
2015-03-01,0.000000,0.068165,0.613095,0.897343
2015-03-02,0.000000,0.067029,0.610421,0.889547
2015-03-03,0.000000,0.066730,0.593206,0.913638
2015-03-04,0.000000,0.067908,0.589328,0.920115
2015-03-05,0.000000,0.067780,0.579229,1.031598
2015-03-06,0.000000,0.067646,0.573841,0.901539
2015-03-07,0.000000,0.067614,0.561796,0.893331
2015-03-08,0.000000,0.067607,0.558977,0.903815
2015-03-09,0.000000,0.067587,0.575667,0.896679
2015-03-10,0.000000,0.067509,0.538930,0.897555
2015-03-11,0.000000,0.066403,0.554710,0.887489
2015-03-12,0.000000,0.065433,0.540472,0.889771
2015-03-13,0.000000,0.065202,0.514965,0.896700
2015-03-14,0.000000,0.065099,0.540496,0.892231
2015-03-15,0.000000,0.065024,0.528116,0.898701
2015-03-16,0.000000,0.064965,0.502775,0.872596
2015-03-17,0.000000,0.064918,0.499894,0.892359
2015-03-18,0.000000,0.064920,0.490537,0.884854
2015-03-19,0.000000,0.064915,0.483727,0.893708
2015-03-20,0.000000,0.064912,0.481411,0.889850
2015-03-21,0.000000,0.064891,0.474395,0.881403
2015-03-22,0.000000,0.064927,0.463727,0.890093
2015-03-23,0.000000,0.064897,0.463727,0.883709
2015-03-24,0.000000,0.064861,0.457307,0.887091
2015-03-25,0.000000,0.064724,0.452628,0.886121
2015-03-26,0.000000,0.064593,0.445360,0.874497
2015-03-27,0.000000,0.064409,0.440418,0.874746
2015-03-28,0.000000,0.064257,0.437915,0.888833
2015-03-29,0.000000,0.064135,0.431721,0.876030
2015-03-30,0.000000,0.064130,0.423594,0.869291
2015-03-31,0.000000,0.064020,0.425274,0.874046
2015-04-01,0.000000,0.063890,0.416578,0.873117
2015-04-02,0.000000,0.063693,0.412925,0.866537
2015-04-03,0.000000,0.063804,0.405724,0.873413
2015-04-04,0.000000,0.063801,0.405459,0.864233
2015-04-05,0.000000,0.063568,0.396380,0.873387
2015-04-06,0.000000,0.063208,0.393466,0.884700
2015-04-07,0.000000,0.063128,0.389020,0.866829
2015-04-08,0.000000,0.062975,0.383599,0.863804
2015-04-09,0.000000,0.062806,0.382686,0.861218
2015-04-10,0.000000,0.062719,0.372249,0.856169
2015-04-11,0.000000,0.062659,0.371561,0.853278
2015-04-12,0.000000,0.074263,0.365803,0.863107
2015-04-13,0.000000,0.111847,0.366684,0.858980
2015-04-14,0.000000,0.129818,0.361670,0.853404
2015-04-15,0.000000,0.139396,0.358272,1.958101
2015-04-16,0.000000,0.144887,0.946511,1.763340
2015-04-17,0.000000,0.067065,0.510045,1.742926
2015-04-18,0.000000,0.062396,0.598167,1.585882
2015-04-19,0.000000,0.062390,5.294455,1.885945
2015-04-20,0.000000,0.115302,2.068375,1.882349
2015-04-21,0.000000,0.216081,0.331203,0.837402
2015-04-22,0.000000,0.191921,0.330659,0.845421
2015-04-23,0.000000,0.074174,0.320534,1.549822
2015-04-24,0.000000,0.058120,0.327662,0.843949
2015-04-25,0.000000,0.058104,0.317423,1.618064
2015-04-26,0.000000,0.058131,0.313976,0.836795
2015-04-27,0.000000,0.058135,0.313882,0.844157
2015-04-28,0.000000,0.058058,0.308749,0.834047
2015-04-29,0.000000,0.058033,0.307550,0.832372
2015-04-30,0.000000,0.058049,0.302597,0.852367
2015-05-01,0.000000,0.057981,0.297628,0.840164
2015-05-02,0.000000,0.057837,0.300196,0.838364
2015-05-03,0.000000,0.057691,0.292142,0.878302
2015-05-04,0.000000,0.057644,0.322112,0.887933
2015-05-05,0.000000,0.057465,0.286324,2.049799
2015-05-06,0.000000,0.057281,0.801528,3.023736
2015-05-07,0.000000,0.057278,0.712682,2.646182
2015-05-08,0.000000,0.057270,0.658866,2.525036
2015-05-09,0.000000,0.057263,0.709538,2.267348
2015-05-10,0.000000,0.057276,0.623761,2.241536
2015-05-11,0.000000,0.057231,1.564701,1.823490
2015-05-12,0.000000,0.057244,2.218728,2.348676
2015-05-13,0.000000,0.057245,1.370047,1.739256
2015-05-14,0.000000,0.057244,2.295335,2.028088
2015-05-15,0.000000,0.057239,5.611169,2.230215
2015-05-16,0.212764,0.137047,5.178860,2.252902
2015-05-17,5.328503,0.633456,4.842922,2.175941
2015-05-18,13.183282,0.639695,4.041572,2.018327
2015-05-19,1.645613,0.277822,0.319025,0.834998
2015-05-20,1.465446,0.062685,0.263225,1.695094
2015-05-21,7.480024,0.195540,0.686610,2.521685
2015-05-22,8.492047,0.509775,1.192078,2.084844
2015-05-23,30.156344,3.586611,2.024725,3.389408
2015-05-24,20.891421,4.542666,2.956882,2.293269
2015-05-25,4.605113,2.299523,0.643758,2.095205
2015-05-26,16.698735,2.356120,3.137864,2.786060
2015-05-27,23.275358,5.007761,3.567767,2.024961
2015-05-28,11.590027,3.497647,3.038478,2.062899
2015-05-29,1.978704,1.571077,1.315208,2.020294
2015-05-30,0.841254,0.246818,0.698753,1.661339
2015-05-31,1.198920,0.115995,1.414307,2.688174
2015-06-01,1.545444,0.168474,1.560413,2.219007
2015-06-02,7.779570,0.989112,3.739210,2.783018
2015-06-03,17.707868,2.852801,4.529540,2.213466
2015-06-04,23.596383,4.315289,8.234127,1.799219
2015-06-05,24.354622,5.187320,8.108489,1.468758
2015-06-06,22.243594,5.582832,7.273393,1.516755
2015-06-07,26.552837,6.085927,9.851955,1.684993
2015-06-08,36.186233,8.807429,11.246389,1.893904
2015-06-09,48.431665,10.568509,11.365326,1.807486
2015-06-10,60.506126,15.958080,15.096271,2.444887
2015-06-11,35.446885,12.021712,11.974495,1.885933
2015-06-12,27.063978,9.213426,11.157129,1.752186
2015-06-13,45.309533,9.855781,13.340033,1.748096
2015-06-14,47.239236,11.621350,14.841978,1.762712
2015-06-15,41.562526,12.241000,21.619882,2.711177
2015-06-16,56.743092,14.779371,20.993345,4.315628
2015-06-17,138.584595,37.113104,22.873192,5.573861
2015-06-18,64.891594,30.282579,18.807296,15.091058
2015-06-19,70.422647,28.934713,20.732860,13.539768
2015-06-20,76.418679,33.285758,20.694834,22.595807
2015-06-21,74.075009,33.432513,23.077054,28.917725
2015-06-22,67.407004,32.610889,23.268157,28.920972
2015-06-23,65.333757,31.747309,24.512557,27.428279
2015-06-24,76.176084,37.778466,26.738617,27.067585
2015-06-25,90.625904,49.974697,29.955008,30.572897
2015-06-26,114.920073,65.402502,31.340382,45.394283
2015-06-27,155.492755,92.779348,38.124280,58.749302
2015-06-28,139.392658,104.360643,36.742422,52.788588
2015-06-29,86.486187,83.018316,32.035754,40.844125
2015-06-30,59.747408,56.889471,33.002629,37.832493
2015-07-01,77.636232,67.801957,35.113767,51.018695
2015-07-02,82.158924,89.699942,37.607327,57.684126
2015-07-03,82.067972,101.273080,43.079654,57.637993
2015-07-04,79.234996,105.108597,38.690711,47.236540
2015-07-05,128.879710,138.393098,44.964690,85.194295
2015-07-06,111.557141,177.313181,45.357359,99.768020
2015-07-07,71.344508,137.838650,41.213182,88.041147
2015-07-08,75.592762,124.878672,40.398525,81.809521
2015-07-09,55.319349,124.461969,39.213585,78.738429
2015-07-10,54.754515,115.063666,36.389031,76.540317
2015-07-11,89.423217,117.090895,32.432373,56.550002
2015-07-12,89.800584,89.955061,35.932780,53.963111
2015-07-13,103.807757,120.722167,42.327058,68.910811
2015-07-14,55.093903,131.494587,30.255030,89.658496
2015-07-15,74.539356,165.068695,29.232744,108.570387
2015-07-16,102.744521,189.865014,30.181529,123.078288
2015-07-17,62.999000,181.965248,30.543751,120.602851
2015-07-18,58.292422,162.451517,30.386253,127.029850
2015-07-19,61.338941,170.728990,28.609740,122.244689
2015-07-20,50.980154,154.765822,31.228273,122.742643
2015-07-21,29.960416,118.879613,34.776360,110.924191
2015-07-22,29.924680,105.237929,34.518566,106.122044
2015-07-23,25.263080,91.877556,32.395647,94.019981
2015-07-24,29.599219,78.191499,26.496797,66.545943
2015-07-25,21.721213,63.764982,26.480273,77.283782
2015-07-26,23.156079,62.472021,28.120937,89.419790
2015-07-27,16.599144,58.854862,25.518166,80.051336
2015-07-28,17.565774,62.485681,26.596280,80.080474
2015-07-29,14.227553,57.868408,25.327320,71.019638
2015-07-30,20.325599,63.983446,25.224014,75.756101
2015-07-31,22.165416,73.332681,25.749249,72.734725
2015-08-01,50.745113,139.847262,25.291397,100.478419
2015-08-02,59.298323,198.367845,26.519567,143.690977
2015-08-03,29.384469,153.288263,26.889000,128.436657
2015-08-04,31.932500,119.562708,24.744430,96.884615
2015-08-05,25.898296,107.297231,24.779846,79.629906
2015-08-06,19.096952,78.883352,20.421094,66.168534
2015-08-07,23.770762,85.764238,23.078424,78.803898
2015-08-08,14.397090,71.933340,23.602685,68.788135
2015-08-09,13.938346,53.333041,23.514752,51.519035
2015-08-10,13.085198,46.052901,25.626742,44.407749
2015-08-11,18.903479,51.416762,23.750709,53.545852
2015-08-12,20.385937,56.116717,31.232769,47.315785
2015-08-13,47.269372,93.721230,29.250737,68.299054
2015-08-14,32.202484,89.182725,16.226980,45.377121
2015-08-15,39.800873,89.552422,16.617241,56.553244
2015-08-16,29.705361,87.773912,18.161779,80.753708
2015-08-17,18.620110,59.607573,16.348332,57.718912
2015-08-18,7.002180,45.014477,14.484331,46.220852
2015-08-19,4.922768,34.800790,14.330624,32.519766
2015-08-20,5.563108,41.767771,16.516644,41.681357
2015-08-21,6.143557,42.874199,16.520117,17.827300
2015-08-22,8.348367,53.846974,18.737897,71.600548
2015-08-23,5.805078,44.752468,16.980967,40.153642
2015-08-24,8.864984,53.286139,15.805938,56.646647
2015-08-25,70.544500,144.668426,22.584072,101.888000
2015-08-26,50.736890,229.211346,20.533646,121.547700
2015-08-27,19.095238,168.776561,12.822432,80.234212
2015-08-28,1.153048,50.361290,10.442164,38.384833
2015-08-29,5.588416,29.614708,9.391980,47.621000
2015-08-30,8.851826,50.966544,10.330259,47.873677
2015-08-31,10.065628,80.557040,8.321809,49.384429
2015-09-01,2.421194,54.542101,8.186149,23.737543
2015-09-02,49.527396,34.305433,10.716013,31.665923
2015-09-03,0.416523,29.639742,6.768420,12.335287
2015-09-04,30.324386,25.369273,7.806670,21.000778
2015-09-05,9.121050,61.672608,7.365035,38.801994
2015-09-06,39.642866,98.397022,12.918641,60.772482
2015-09-07,28.587849,159.990415,19.339171,104.099712
2015-09-08,81.145246,148.964564,22.972371,72.244037
2015-09-09,255.394803,301.298438,28.336538,96.141890
2015-09-10,161.582927,234.648462,18.406008,83.051600
2015-09-11,31.104715,139.224452,11.209732,24.896495
2015-09-12,0.638400,43.435902,6.777105,4.542351
2015-09-13,0.061402,18.858761,6.716959,3.891107
2015-09-14,0.048430,11.548894,6.646868,3.303881
2015-09-15,0.036556,8.784647,6.328729,8.830876
2015-09-16,0.043119,7.706175,6.041662,5.361486
2015-09-17,0.049841,4.663306,5.911137,3.983111
2015-09-18,0.052577,3.593137,5.941688,3.196200
2015-09-19,63.426111,8.448272,9.246999,6.216430
2015-09-20,79.370058,56.712751,14.399523,14.308569
2015-09-21,5.903700,31.041817,10.010641,9.096042
2015-09-22,64.459240,33.224189,11.562768,16.272908
2015-09-23,26.029072,39.523566,8.550895,12.044257
2015-09-24,8.769033,23.171432,8.595909,14.268242
2015-09-25,46.366621,12.859292,14.376842,9.952405
2015-09-26,10.995322,10.991555,9.829859,5.121731
2015-09-27,1.282435,2.289482,7.285434,2.753251
2015-09-28,2.208274,2.149082,6.520142,1.862009
2015-09-29,1.025291,1.720530,6.433018,1.719856
2015-09-30,0.701514,1.666188,6.365900,1.842925
2015-10-01,0.280795,1.654547,6.264595,1.834540
2015-10-02,0.036661,1.639609,6.118228,1.378562
2015-10-03,0.003793,1.626269,5.948839,1.377994
2015-10-04,0.004864,1.625407,5.774474,1.376764
2015-10-05,0.009744,1.618957,5.696785,1.362340
2015-10-06,14.475466,2.182824,6.473792,1.713335
2015-10-07,20.732168,5.284111,5.906312,2.211579
2015-10-08,11.163381,4.779811,5.193230,1.881568
2015-10-09,2.616909,2.794344,4.821218,1.359912
2015-10-10,0.584579,1.564254,4.663151,1.328389
2015-10-11,0.500117,1.544979,4.518478,1.635069
2015-10-12,0.378961,1.545614,4.373018,1.467775
2015-10-13,0.441404,1.522036,4.227632,1.349682
2015-10-14,0.372380,1.506700,4.095491,1.737472
2015-10-15,0.149180,1.477032,4.082876,1.610529
2015-10-16,0.121982,1.471915,5.513374,1.329368
2015-10-17,18.091728,3.577411,7.798841,1.921454
2015-10-18,0.469655,2.131273,3.640038,1.332340
2015-10-19,0.366759,1.425208,3.508201,1.321301
2015-10-20,0.241936,1.308512,3.412676,1.319727
2015-10-21,0.109166,1.225034,3.325658,1.320124
2015-10-22,0.098970,1.221651,3.238869,1.319828
2015-10-23,0.089222,1.084976,3.155415,1.301081
2015-10-24,0.084019,0.995323,3.080791,1.324229
2015-10-25,0.004974,0.921708,2.997972,1.306957
2015-10-26,0.004368,0.642753,2.923157,1.324596
2015-10-27,0.014110,0.643137,2.851456,1.305079
2015-10-28,0.022824,0.642780,4.489137,1.334606
2015-10-29,57.014158,3.916237,10.822962,1.788998
2015-10-30,45.813604,17.286646,5.053038,1.599250
2015-10-31,0.168901,2.985739,2.599392,1.304736
2015-11-01,0.174443,0.929872,2.558188,1.305603
2015-11-02,0.183787,0.752504,2.574424,1.303738
2015-11-03,0.190241,0.948245,2.480544,1.280086
2015-11-04,0.184605,0.911488,2.453290,1.288933
2015-11-05,0.174028,0.914398,2.454230,1.288835
2015-11-06,0.167989,0.917942,2.496139,1.277584
2015-11-07,0.162988,0.919288,3.480805,1.288818
2015-11-08,0.092020,0.941391,2.312055,1.260430
2015-11-09,0.096077,0.941277,2.281753,1.285391
2015-11-10,0.094753,0.943803,2.243469,1.265885
2015-11-11,0.078613,0.941783,2.220792,1.271984
2015-11-12,0.071873,0.942589,2.183695,1.262346
2015-11-13,0.070982,0.944185,2.152094,1.253192
2015-11-14,0.068088,0.944096,2.121926,1.261371
2015-11-15,0.065119,0.942218,2.094846,1.261380
2015-11-16,0.063995,0.942494,2.060667,1.245924
2015-11-17,0.063071,0.720952,2.028099,1.237009
2015-11-18,0.061822,0.635200,2.002708,1.226563
2015-11-19,0.061162,0.637173,1.967575,1.220994
2015-11-20,0.058637,0.638294,1.941518,1.231352
2015-11-21,0.058686,0.637566,1.908385,1.233498
2015-11-22,0.003791,0.638373,2.421103,1.225840
2015-11-23,0.001239,0.645648,1.853766,1.230591
2015-11-24,0.001129,0.682774,1.822224,1.222866
2015-11-25,0.001836,0.721622,1.785725,1.232317
2015-11-26,0.005978,0.727150,1.762996,1.208974
2015-11-27,0.012020,0.726970,1.737415,1.216216
2015-11-28,0.013836,0.721389,1.703769,1.212743
2015-11-29,0.009970,0.710697,1.685220,1.215103
2015-11-30,0.006422,0.729665,1.648918,1.208570
2015-12-01,0.011305,0.733086,1.624421,1.219215
2015-12-02,0.010042,0.735428,1.601747,1.217882
2015-12-03,0.013555,0.735446,1.573698,1.232418
2015-12-04,0.015274,0.731512,1.551140,1.185746
2015-12-05,0.013721,0.720548,1.524241,1.202104
2015-12-06,0.000017,0.715990,1.501502,1.200015
2015-12-07,0.000000,0.729280,1.481548,1.206458
2015-12-08,0.000000,0.731946,1.446192,1.204304
2015-12-09,0.000000,0.730386,1.427953,1.189378
2015-12-10,0.000000,0.729481,1.406015,1.196062
2015-12-11,0.000000,0.728167,1.384637,1.201412
2015-12-12,0.000000,0.721458,1.365519,1.180514
2015-12-13,0.000000,0.721115,1.332290,1.205463
2015-12-14,0.000000,0.723905,1.323479,1.164950
2015-12-15,0.000000,0.724290,1.296793,1.157605
2015-12-16,0.000000,0.722255,1.278077,1.171870
2015-12-17,0.000000,0.719212,1.254908,1.172576
2015-12-18,0.000000,0.720010,1.236166,1.176994
2015-12-19,0.000000,0.717873,1.213161,1.170585
2015-12-20,0.000000,0.694343,1.193083,1.151406
2015-12-21,0.000000,0.703149,1.177402,1.162758
2015-12-22,0.000000,0.714902,1.155186,1.163655
2015-12-23,0.000000,0.719857,1.141681,1.138580
2015-12-24,0.000000,0.703174,1.119976,1.157034
2015-12-25,0.000000,0.657840,1.096459,1.168595
2015-12-26,0.000000,0.704271,1.088357,1.129594
2015-12-27,0.000000,0.717484,1.064704,1.163044
2015-12-28,0.000000,0.716546,1.052865,1.154327
2015-12-29,0.000000,0.719758,1.028678,1.148898
2015-12-30,0.000000,0.422831,1.016062,1.162229
2015-12-31,0.000000,0.424956,1.010426,1.138277
2016-01-01,0.000000,0.632262,0.976582,1.133843
2016-01-02,0.000031,0.482258,0.971971,1.131239
2016-01-03,0.000097,0.517956,0.950404,1.125648
2016-01-04,0.000046,0.548895,0.937573,1.119164
2016-01-05,0.000050,0.513937,0.917127,1.126832
2016-01-06,0.000025,0.445733,0.910200,1.124383
2016-01-07,0.000217,0.421859,0.896256,1.103895
2016-01-08,0.000020,0.409797,0.882350,1.117880
2016-01-09,0.000019,0.323665,0.864081,1.108373
2016-01-10,0.000019,0.115316,0.857068,1.104665
2016-01-11,0.000017,0.055909,0.841367,1.099653
2016-01-12,0.000017,0.001171,0.830908,1.105144
2016-01-13,0.000019,0.001315,0.817654,1.106303
2016-01-14,0.000024,0.000921,0.800302,1.103828
2016-01-15,0.000017,0.001312,0.793007,1.108602
2016-01-16,0.000061,0.001453,0.776142,1.085509
2016-01-17,0.000248,0.001759,0.756698,1.088488
2016-01-18,0.000160,0.001451,0.749184,1.077993
2016-01-19,0.000020,0.001651,0.776590,1.091447
2016-01-20,0.000010,0.001250,2.182801,1.105232
2016-01-21,0.000018,0.073019,3.877845,1.108494
2016-01-22,0.000031,0.178060,4.746691,1.087577
2016-01-23,0.000028,0.235303,2.286778,1.075703
2016-01-24,0.000028,0.268427,0.804052,1.072647
2016-01-25,0.000005,0.279693,0.792289,1.068480
2016-01-26,0.000000,0.284117,0.639338,1.104960
2016-01-27,0.000208,0.283805,0.627405,1.062876
2016-01-28,0.000208,0.272369,0.616261,1.070784
2016-01-29,0.000013,0.260153,0.602716,1.056344
2016-01-30,0.000022,0.251789,0.596658,1.055340
2016-01-31,0.000018,0.234158,0.583992,1.040922
2016-02-01,0.000015,0.213311,0.576529,1.046141
2016-02-02,0.000115,0.208176,0.563250,1.058143
2016-02-03,0.000078,0.209175,0.551882,1.033291
2016-02-04,0.000000,0.206026,0.548397,1.058963
2016-02-05,0.000000,0.205866,0.535091,1.037244
2016-02-06,0.000000,0.213860,0.526489,1.057148
2016-02-07,0.000000,0.228404,0.514651,1.052681
2016-02-08,0.000000,0.243156,0.506127,1.040602
2016-02-09,0.000000,0.247349,0.501071,1.040874
2016-02-10,0.000000,0.230026,0.487135,1.030265
2016-02-11,0.000000,0.216644,0.479167,1.037289
2016-02-12,0.000000,0.224371,0.469107,1.040585
2016-02-13,0.000000,0.222327,0.464361,1.028085
2016-02-14,0.000000,0.211303,0.450179,1.041088
2016-02-15,0.000000,0.202547,0.443116,1.042184
2016-02-16,0.000000,0.208410,0.430377,1.055194
2016-02-17,0.000000,0.233263,0.431872,1.015711
2016-02-18,0.000000,0.256755,0.418120,1.029295
2016-02-19,0.002331,0.264223,0.406180,1.042826
2016-02-20,0.000000,0.270806,0.395009,1.023466
2016-02-21,0.000000,0.279194,0.395009,1.026609
2016-02-22,0.000000,0.280483,0.388012,1.026478
2016-02-23,0.000000,0.293725,0.375008,1.022937
2016-02-24,0.000000,0.030927,0.368582,1.028980
2016-02-25,0.000000,0.001125,0.361229,1.010991
2016-02-26,0.000000,0.001171,0.353466,1.015833
2016-02-27,0.000000,0.001171,0.350898,1.001314
2016-02-28,0.000000,0.069547,0.338025,1.019433
2016-02-29,0.000000,0.231959,0.331533,1.009449
2016-03-01,0.000000,0.277070,0.323882,0.996512
2016-03-02,0.000000,0.273131,0.316576,0.996512
2016-03-03,0.000000,0.224353,0.317177,1.010727
2016-03-04,0.000000,0.206013,0.307615,1.288174
2016-03-05,0.000000,0.208928,0.300228,1.194396
2016-03-06,0.000000,0.224527,0.302163,0.994073
2016-03-07,0.000000,0.248224,0.288588,1.005192
2016-03-08,0.000000,0.248381,0.543496,1.025408
2016-03-09,0.000000,0.275167,0.281204,0.995509
2016-03-10,0.000000,0.296415,0.291754,0.997719
2016-03-11,0.000000,0.299839,0.290406,0.967300
2016-03-12,0.000000,0.298328,0.311808,0.998965
2016-03-13,0.000000,0.298096,0.319667,0.973832
2016-03-14,0.000000,0.297427,0.390217,0.952182
2016-03-15,0.000000,0.296964,0.249334,0.965789
2016-03-16,0.000000,0.288783,0.276787,0.966121
2016-03-17,0.000000,0.284691,1.361074,1.572025
2016-03-18,0.000000,0.286371,6.298916,1.424189
2016-03-19,0.000000,0.288291,1.546220,0.971258
2016-03-20,0.000000,0.312717,0.473071,0.952237
2016-03-21,0.000000,0.332343,0.226693,0.974069
2016-03-22,0.000000,0.332710,0.222114,0.990919
2016-03-23,0.000000,0.322311,0.219441,0.956917
2016-03-24,0.000000,0.314153,0.224204,0.966042
2016-03-25,0.000000,0.304800,0.213967,0.968119
2016-03-26,0.000000,0.300719,0.209625,0.958329
2016-03-27,0.000000,0.289197,0.206316,0.971240
2016-03-28,0.000000,0.272198,0.207944,0.962757
2016-03-29,0.000000,0.249408,0.203299,0.941152
2016-03-30,0.000000,0.226091,0.198956,0.974237
2016-03-31,0.000000,0.213423,0.194510,0.947878
2016-04-01,0.000000,0.210890,0.191399,0.959331
2016-04-02,0.000000,0.226791,0.189857,0.952024
2016-04-03,0.000000,0.251514,0.230586,0.943795
2016-04-04,0.000000,0.274716,0.413950,1.576438
2016-04-05,0.000000,0.290310,0.177666,0.948308
2016-04-06,0.000000,0.291627,0.179685,0.951387
2016-04-07,0.000000,0.292869,0.174649,0.939676
2016-04-08,0.000000,0.292149,0.171035,1.980145
2016-04-09,0.000000,0.289148,0.170062,1.798747
2016-04-10,0.000000,0.285196,0.589236,3.173695
2016-04-11,0.000000,0.283329,4.119327,2.129448
2016-04-12,0.000000,0.308737,7.891467,1.545263
2016-04-13,0.000000,0.518289,6.193063,1.862287
2016-04-14,0.000000,0.790956,4.821227,2.533284
2016-04-15,0.000000,0.649938,6.767254,2.273168
2016-04-16,0.000000,0.504706,0.640923,1.223100
2016-04-17,0.000000,0.391919,0.178601,0.935741
2016-04-18,0.000000,0.362216,0.803189,0.924258
2016-04-19,0.000000,0.352858,0.145158,1.470023
2016-04-20,0.000000,0.350700,0.985663,0.933893
2016-04-21,0.000000,0.348572,1.350931,1.969813
2016-04-22,0.000000,0.343594,6.554538,2.162451
2016-04-23,0.000000,0.341751,12.682426,2.756677
2016-04-24,0.000000,0.868016,10.347388,2.283675
2016-04-25,0.030203,0.798716,5.355987,2.608763
2016-04-26,0.960155,0.622627,9.360353,2.306064
2016-04-27,0.139694,0.523399,8.132505,2.926538
2016-04-28,0.139527,0.369231,9.235523,2.786341
2016-04-29,0.125641,0.376722,10.705894,2.158851
2016-04-30,0.302663,0.421173,8.530943,2.108371
2016-05-01,5.359641,1.030737,9.908958,1.942611
2016-05-02,5.786391,1.280129,14.084146,1.722437
2016-05-03,5.727564,1.253915,13.227872,2.306173
2016-05-04,7.178880,1.528918,16.654745,2.203849
2016-05-05,9.725353,2.035364,18.189428,2.272968
2016-05-06,8.780898,2.366895,18.146639,2.278580
2016-05-07,2.502327,1.532205,18.936964,2.813731
2016-05-08,2.265728,0.799497,18.091289,3.360324
2016-05-09,11.286198,2.186169,27.442914,2.620228
2016-05-10,55.552509,12.210365,32.888866,1.367819
2016-05-11,34.690531,17.344207,23.812336,1.697403
2016-05-12,18.621165,7.226439,26.572545,1.520209
2016-05-13,16.207079,5.684726,22.522086,1.584414
2016-05-14,41.142600,11.674363,30.201586,1.452434
2016-05-15,68.217421,22.637884,30.938861,1.538514
2016-05-16,26.573392,15.526300,21.127424,2.619664
2016-05-17,28.584471,10.109838,25.144946,1.750731
2016-05-18,10.455523,6.400383,16.529797,3.279922
2016-05-19,12.013000,3.191252,22.843558,3.143599
2016-05-20,9.989530,3.618660,25.668651,2.187471
2016-05-21,9.395175,4.171845,17.994308,3.348584
2016-05-22,7.938314,3.027870,11.966269,2.377612
2016-05-23,8.525436,2.343089,12.581114,2.855994
2016-05-24,46.781724,6.210083,10.419224,2.233363
2016-05-25,50.480760,16.327737,6.109531,2.820185
2016-05-26,21.805073,10.190370,5.681028,2.991484
2016-05-27,10.144318,5.380189,5.120926,2.752932
2016-05-28,26.320062,5.915321,8.370206,2.177235
2016-05-29,22.833382,6.210141,5.565731,2.710121
2016-05-30,23.821144,5.928410,6.695429,3.142850
2016-05-31,3.010100,3.159684,7.156222,2.747579
2016-06-01,28.581200,5.420023,8.030439,3.740989
2016-06-02,52.079669,14.018175,15.281994,2.047087
2016-06-03,82.156630,33.380005,15.910685,2.716206
2016-06-04,57.876761,36.836727,15.407535,9.283577
2016-06-05,43.516826,28.832704,15.439682,9.142092
2016-06-06,50.721188,25.968809,15.652268,21.343279
2016-06-07,52.830847,28.962540,15.745078,19.021312
2016-06-08,55.297288,32.873713,20.021056,23.185682
2016-06-09,76.560305,45.478007,22.972550,22.807707
2016-06-10,92.827757,56.364216,17.254679,14.831185
2016-06-11,135.313601,81.512889,18.760077,16.273780
2016-06-12,89.948747,69.343251,22.367925,28.872071
2016-06-13,66.243867,54.454574,23.006881,42.305150
2016-06-14,66.838410,53.094873,26.113980,36.828854
2016-06-15,47.855959,38.836258,20.126520,26.037454
2016-06-16,77.447088,40.305654,17.180235,44.866661
2016-06-17,79.105231,42.554328,18.319896,50.161336
2016-06-18,88.140949,57.639658,20.245152,53.052864
2016-06-19,100.626087,82.236309,21.603418,64.245377
2016-06-20,103.616624,99.726034,16.782284,69.673401
2016-06-21,99.498175,119.683094,13.512701,71.423983
2016-06-22,62.170486,104.761324,14.643774,81.140969
2016-06-23,56.363276,111.631333,14.646132,90.786557
2016-06-24,53.752880,131.204387,10.170849,110.960946
2016-06-25,52.475583,122.656280,9.846251,100.508127
2016-06-26,82.632805,168.493921,13.345466,120.310392
2016-06-27,214.270094,330.564710,19.091667,116.954388
2016-06-28,70.448988,256.884982,12.552385,142.750345
2016-06-29,51.275935,177.085821,9.574953,97.196573
2016-06-30,70.068349,170.025755,10.112841,103.484667
2016-07-01,47.230122,159.451836,10.104070,127.499541
2016-07-02,48.415866,146.514408,10.807803,130.916969
2016-07-03,47.877949,152.098222,11.536074,123.536298
2016-07-04,42.899042,147.154655,12.150780,118.722208
2016-07-05,52.097454,151.381075,12.771539,114.754724
2016-07-06,35.410724,140.707878,13.285506,112.148611
2016-07-07,36.143697,138.207215,12.902234,122.206345
2016-07-08,41.155638,145.882085,13.297244,121.890832
2016-07-09,41.470229,138.484043,13.720811,132.779199
2016-07-10,32.050288,133.817088,13.276168,116.049224
2016-07-11,34.410420,153.212779,12.083249,113.034054
2016-07-12,36.212097,182.084419,13.922266,148.514011
2016-07-13,32.854603,174.228109,13.821741,128.322882
2016-07-14,39.946218,169.250534,12.880648,141.652153
2016-07-15,29.146077,223.546965,14.132865,182.388324
2016-07-16,22.298419,228.660425,10.568433,133.856774
2016-07-17,17.849739,172.453520,9.538950,121.670515
2016-07-18,13.905603,154.688348,9.443280,117.245526
2016-07-19,15.730814,160.970278,11.030925,131.460992
2016-07-20,18.472083,177.331695,9.430629,129.148096
2016-07-21,26.857704,252.153135,9.832829,151.257033
2016-07-22,23.018301,265.223096,10.928805,145.429345
2016-07-23,23.062796,262.731669,9.597163,133.213042
2016-07-24,24.996625,254.799984,9.213603,116.976311
2016-07-25,19.819595,260.070270,9.709645,137.029571
2016-07-26,18.770877,219.396924,9.666573,141.049447
2016-07-27,20.562401,224.245906,9.145797,131.795721
2016-07-28,16.844762,204.876413,9.083151,124.352479
2016-07-29,11.499085,160.779017,8.648104,97.648464
2016-07-30,10.484658,125.762762,8.447944,96.223274
2016-07-31,8.814861,112.489070,8.027267,85.471346
2016-08-01,7.013570,101.403451,7.539485,68.893360
2016-08-02,6.839592,91.366066,7.704419,62.696099
2016-08-03,5.535185,77.248974,7.316674,69.302665
2016-08-04,8.690310,84.468795,7.667585,71.104354
2016-08-05,9.219403,96.760620,7.858374,79.258314
2016-08-06,17.273252,157.269295,8.633978,111.365418
2016-08-07,14.235182,174.060732,8.402107,117.631195
2016-08-08,9.986827,145.961871,8.158899,86.947642
2016-08-09,5.437167,89.572167,7.833062,63.036589
2016-08-10,9.308554,87.662333,7.787923,81.676918
2016-08-11,8.416739,123.804270,8.569611,71.388907
2016-08-12,8.509282,120.981892,7.358980,98.300591
2016-08-13,8.628081,104.694021,6.594554,61.015742
2016-08-14,10.328538,77.422921,7.366252,49.475384
2016-08-15,51.089090,178.214854,18.805865,128.415024
2016-08-16,151.801474,255.734253,23.350602,133.426384
2016-08-17,53.202939,275.768325,13.539791,93.293372
2016-08-18,23.111987,175.161103,9.149036,73.584875
2016-08-19,6.908075,92.379449,3.681604,65.061820
2016-08-20,5.712884,69.359240,4.152590,57.880638
2016-08-21,7.256118,71.241558,5.082728,86.624306
2016-08-22,16.867718,124.685381,4.148765,62.216706
2016-08-23,11.388523,129.817922,3.716955,48.859239
2016-08-24,8.867627,102.710022,4.703434,53.216522
2016-08-25,12.516184,111.651008,5.973671,75.346767
2016-08-26,11.728591,117.383193,5.093381,64.841810
2016-08-27,0.985609,48.651285,3.999061,25.768983
2016-08-28,0.825921,24.056995,3.663769,28.207811
2016-08-29,2.157754,27.045445,3.701353,15.547073
2016-08-30,7.303143,67.265542,6.128031,46.677529
2016-08-31,0.649659,38.204001,3.298662,15.212429
2016-09-01,1.188265,26.453256,3.525573,12.649575
2016-09-02,0.277433,22.820270,3.043329,15.961036
2016-09-03,0.026821,19.091950,2.373204,17.655375
2016-09-04,0.029093,16.838180,3.409476,18.869199
2016-09-05,0.135745,18.138482,2.681537,22.462023
2016-09-06,0.013922,14.675315,2.912807,14.894133
2016-09-07,0.020750,13.125911,3.233025,16.279938
2016-09-08,48.168512,48.345826,8.056425,16.104023
2016-09-09,80.911043,90.430847,6.788107,24.686406
2016-09-10,63.491964,89.086072,7.048265,36.592410
2016-09-11,1.086042,53.714969,1.920247,15.811837
2016-09-12,0.517349,42.529681,1.624012,15.240791
2016-09-13,0.004652,19.806618,1.435420,14.301018
2016-09-14,0.005622,16.351692,2.042860,6.495614
2016-09-15,25.677399,40.992407,8.497369,22.954746
2016-09-16,22.878057,75.912062,7.272812,33.807175
2016-09-17,4.802186,37.123518,2.652089,10.767867
2016-09-18,0.026310,11.831673,1.371411,2.849436
2016-09-19,1.093460,8.875900,1.504710,5.656424
2016-09-20,3.816486,7.906137,1.480987,3.389163
2016-09-21,1.152408,4.139004,1.260866,4.239886
2016-09-22,0.412221,3.328885,1.242962,1.832124
2016-09-23,10.369743,15.823216,1.258425,4.095900
2016-09-24,25.216250,37.191725,1.273746,6.351086
2016-09-25,0.001474,11.689095,1.157885,6.845968
2016-09-26,0.002692,4.559199,1.140995,6.360974
2016-09-27,0.002411,4.644435,1.117672,6.265623
2016-09-28,0.002804,3.630566,1.100861,1.774862
2016-09-29,0.314046,2.424365,1.088105,1.410981
2016-09-30,2.556978,2.183462,1.073473,2.749830
2016-10-01,1.428373,1.959238,1.055744,1.236699
2016-10-02,0.006188,1.898559,1.236534,2.411659
2016-10-03,106.427296,13.109287,6.144893,6.441422
2016-10-04,131.901660,56.673120,7.174781,12.953895
2016-10-05,129.161281,44.162359,8.657061,14.885697
2016-10-06,91.190462,54.298016,11.718722,16.495223
2016-10-07,93.635454,54.885569,18.801562,27.696337
2016-10-08,91.781024,66.853193,9.960313,19.790028
2016-10-09,92.570194,68.420768,5.085868,9.807227
2016-10-10,0.944897,17.511302,3.195191,6.435143
2016-10-11,16.708115,6.910552,4.163898,7.962857
2016-10-12,5.773442,15.568572,4.037196,6.988938
2016-10-13,52.301445,32.166998,2.955161,3.888485
2016-10-14,0.735316,10.055738,2.208151,2.484518
2016-10-15,0.468460,2.850132,1.872613,1.499908
2016-10-16,3.121280,2.503006,5.751691,6.240981
2016-10-17,0.337748,2.383331,2.507757,4.498724
2016-10-18,0.975528,2.006553,2.153136,1.247205
2016-10-19,44.158701,4.051789,10.120173,9.270508
2016-10-20,46.756641,19.891382,4.989767,6.423667
2016-10-21,37.294225,7.035681,4.571825,5.188246
2016-10-22,13.879279,9.635234,3.272774,2.512159
2016-10-23,5.830673,3.110993,2.964530,1.217700
2016-10-24,0.520518,2.070791,2.994056,1.155061
2016-10-25,0.297276,1.784087,3.100521,1.158696
2016-10-26,0.774972,1.762961,3.222637,1.154232
2016-10-27,0.266129,1.764279,3.275293,1.160000
2016-10-28,0.303785,1.760678,3.336840,1.169296
2016-10-29,0.210917,1.763577,3.493255,1.141767
2016-10-30,1.500552,1.804683,4.195764,1.142637
2016-10-31,0.289800,1.755229,3.413619,1.264942
2016-11-01,0.276768,1.738561,3.508960,1.200847
2016-11-02,0.271423,1.736320,3.496452,1.142270
2016-11-03,0.933977,1.766910,3.575730,1.139157
2016-11-04,0.272478,1.782016,3.407949,1.147339
2016-11-05,0.263121,1.744409,3.739228,1.197128
2016-11-06,0.255901,1.741582,5.012457,1.162179
2016-11-07,0.192858,1.732077,3.432308,1.118325
2016-11-08,0.186296,1.729802,3.321476,1.134348
2016-11-09,0.163263,1.730888,3.323506,1.137056
2016-11-10,0.149333,1.724353,3.278447,1.143339
2016-11-11,0.147871,1.725618,3.260667,1.137699
2016-11-12,0.090399,1.721604,3.219120,1.095266
2016-11-13,0.053414,1.721785,3.187601,1.118456
2016-11-14,0.047899,1.718258,3.149731,1.126636
2016-11-15,0.013309,1.721789,3.120065,1.294837
2016-11-16,0.005705,1.683121,3.077516,1.129168
2016-11-17,0.004368,1.668690,3.046971,1.118491
2016-11-18,0.004675,1.657713,3.007936,1.132022
2016-11-19,0.003061,1.447417,2.964026,1.096624
2016-11-20,0.002264,1.364722,2.931463,1.105025
2016-11-21,0.000406,1.363749,2.895222,1.110044
2016-11-22,0.000000,1.378303,2.850244,1.099802
2016-11-23,0.000000,1.416869,2.814941,1.110165
2016-11-24,0.000000,1.333688,2.779482,1.104923
2016-11-25,0.000000,0.976563,2.732821,1.091537
2016-11-26,0.000000,0.666151,2.698413,1.087150
2016-11-27,0.000000,0.751860,2.675804,1.130487
2016-11-28,0.005818,0.827605,2.634315,1.100154
2016-11-29,0.002914,0.833127,2.584886,1.108022
2016-11-30,0.000462,0.834584,2.541981,1.088201
2016-12-01,0.000437,0.837860,2.505662,1.108394
2016-12-02,0.000649,0.842123,2.470348,1.073337
2016-12-03,0.000229,0.841712,2.434612,1.098654
2016-12-04,0.000409,0.838617,2.402060,1.092390
2016-12-05,0.003203,0.827658,2.373611,1.106338
2016-12-06,0.001728,0.826150,2.382951,1.090613
2016-12-07,0.003601,0.826884,2.300769,1.084255
2016-12-08,0.003351,0.826756,2.260672,1.082854
2016-12-09,0.000500,0.826616,2.227746,1.085176
2016-12-10,0.000539,0.826616,2.233787,1.087875
2016-12-11,0.000357,0.825959,2.201336,1.052106
2016-12-12,0.000583,0.826169,2.135366,1.076370
2016-12-13,0.000398,0.826215,2.110469,1.091923
2016-12-14,0.000000,0.827467,2.101591,1.071422
2016-12-15,0.000000,0.827951,2.050687,1.067133
2016-12-16,0.000000,0.827461,2.085606,1.066383
2016-12-17,0.000000,0.827945,1.992030,1.056987
2016-12-18,0.000000,0.827999,1.958956,1.072992
2016-12-19,0.000000,0.828071,1.934682,1.039230
2016-12-20,0.000000,0.827971,1.905987,1.074841
2016-12-21,0.000000,0.693774,1.882501,1.059807
2016-12-22,0.000000,0.698238,1.854089,1.069435
2016-12-23,0.000000,0.745417,1.832737,1.051492
2016-12-24,0.000000,0.755138,1.803238,1.066016
2016-12-25,0.000000,0.756457,1.783231,1.024092
2016-12-26,0.000000,0.755288,1.763782,1.058700
2016-12-27,0.000000,0.755090,1.731089,1.052653
2016-12-28,0.000000,0.754038,1.716784,1.039004
2016-12-29,0.000000,0.643287,1.700217,1.038900
2016-12-30,0.000000,0.590200,1.665025,1.046312
2016-12-31,0.000286,0.590763,1.645673,1.035669
2017-01-01,0.000000,0.234816,1.624143,1.037996
2017-01-02,0.000000,0.000280,1.600054,1.029649
2017-01-03,0.000000,0.000224,1.579746,1.031654
2017-01-04,0.000000,0.000181,1.561739,1.051031
2017-01-05,0.000000,0.000183,1.542000,1.023668
2017-01-06,0.000000,0.002400,1.520192,1.035784
2017-01-07,0.000000,0.495507,1.503591,1.030458
2017-01-08,0.000000,0.823251,1.481419,1.031516
2017-01-09,0.000000,0.837899,1.459777,1.033423
2017-01-10,0.000000,0.731661,1.448456,1.017729
2017-01-11,0.000000,0.248391,1.424021,1.030481
2017-01-12,0.000000,0.091618,1.408337,1.018323
2017-01-13,0.000000,0.027280,1.391916,1.031672
2017-01-14,0.000000,0.464495,1.374444,1.011765
2017-01-15,0.000000,0.809198,1.360870,1.008020
2017-01-16,0.000000,0.784328,1.337930,1.044719
2017-01-17,0.000000,0.050694,1.321418,1.015551
2017-01-18,0.000000,0.000725,1.311770,1.021332
2017-01-19,0.000000,0.088417,1.292143,1.011200
2017-01-20,0.000000,0.609805,1.272115,1.031277
2017-01-21,0.000000,0.837089,1.263130,1.012055
2017-01-22,0.000000,0.894700,1.242235,1.010486
2017-01-23,0.000000,0.970517,1.331185,1.006233
2017-01-24,0.000000,1.008069,1.584336,1.006049
2017-01-25,0.000000,1.042581,1.197268,1.001185
2017-01-26,0.000000,1.053808,1.187143,1.001299
2017-01-27,0.000000,0.862183,1.167100,0.994380
2017-01-28,0.000000,0.413722,1.159054,2.155951
2017-01-29,0.000000,0.831618,1.143214,1.008122
2017-01-30,0.000000,0.954423,1.131914,0.990706
2017-01-31,0.000000,0.934385,1.116988,1.015281
2017-02-01,0.000000,0.326455,1.102753,0.988954
2017-02-02,0.000000,0.328453,1.090483,1.001432
2017-02-03,0.000000,0.362781,1.081858,0.982399
2017-02-04,0.000023,0.384257,1.072727,1.010035
2017-02-05,0.000150,0.393944,1.058741,0.987812
2017-02-06,0.000203,0.399440,1.042335,0.981230
2017-02-07,0.000250,0.403331,1.037590,1.007624
2017-02-08,0.000109,0.409303,1.071114,1.009375
2017-02-09,0.000178,0.412864,1.010745,0.986887
2017-02-10,0.000232,0.334693,0.999201,0.982283
2017-02-11,0.000000,0.184397,0.996714,0.966491
2017-02-12,0.000000,0.187842,1.079978,1.001722
2017-02-13,0.000000,0.213698,0.965043,0.961158
2017-02-14,0.000000,0.377123,0.956702,0.981835
2017-02-15,0.000000,0.424571,0.939831,0.968093
2017-02-16,0.000000,0.427775,0.936793,0.965755
2017-02-17,0.000000,0.426577,0.920531,0.974424
2017-02-18,0.000000,0.425281,0.916201,1.049808
2017-02-19,0.000000,0.414994,0.898472,0.955700
2017-02-20,0.000000,0.403151,0.904225,1.058868
2017-02-21,0.000000,0.397008,0.880497,0.975866
2017-02-22,0.000000,0.390747,0.875326,0.958699
2017-02-23,0.000000,0.389213,0.867106,0.951522
2017-02-24,0.000000,0.388473,0.867741,0.982375
2017-02-25,0.000000,0.384943,0.846051,0.957754
2017-02-26,0.000000,0.381089,0.845459,0.961311
2017-02-27,0.000000,0.383985,0.831120,0.947645
2017-02-28,0.000000,0.389297,0.824404,0.955262
2017-03-01,0.000000,0.294668,0.819206,0.961349
2017-03-02,0.000000,0.186285,0.809605,0.942980
2017-03-03,0.000000,0.187981,0.800308,0.955047
2017-03-04,0.000000,0.187130,0.793380,0.936025
2017-03-05,0.000000,0.184685,0.786823,0.955946
2017-03-06,0.000000,0.084770,0.782263,0.948770
2017-03-07,0.000000,0.105864,0.773363,0.940213
2017-03-08,0.000000,0.106082,0.763051,0.948416
2017-03-09,0.000000,0.098955,0.757275,0.953779
2017-03-10,0.000000,0.079897,0.746342,0.989626
2017-03-11,0.000000,0.105846,0.744685,0.942486
2017-03-12,0.000000,0.105913,0.734881,0.943755
2017-03-13,0.000000,0.105898,0.730030,0.944395
2017-03-14,0.000000,0.105902,0.720402,0.941620
2017-03-15,0.000000,0.105901,0.716001,0.926467
2017-03-16,0.000000,0.105848,0.706472,0.946542
2017-03-17,0.000000,0.093206,0.706952,0.924355
2017-03-18,0.000000,0.104488,0.690509,0.914763
2017-03-19,0.000000,0.053515,0.690791,0.939966
2017-03-20,0.000000,0.100714,0.681133,0.936087
2017-03-21,0.000000,0.049003,0.678786,0.936970
2017-03-22,0.000000,0.099920,0.668280,1.452221
2017-03-23,0.000000,0.105198,0.672109,0.936910
2017-03-24,0.000000,0.105183,0.659293,0.919789
2017-03-25,0.000000,0.105181,0.650123,0.926368
2017-03-26,0.000000,0.101035,0.646815,0.919613
2017-03-27,0.000000,0.087234,0.636578,0.926481
2017-03-28,0.000000,0.104961,0.632130,0.920156
2017-03-29,0.000000,0.105185,0.629254,0.914565
2017-03-30,0.000000,0.105185,0.622549,0.912011
2017-03-31,0.000000,0.105193,0.616112,0.912768
2017-04-01,0.000000,0.105133,0.608873,0.911340
2017-04-02,0.000000,0.105184,0.604808,0.923309
2017-04-03,0.000000,0.105184,0.601066,0.905930
2017-04-04,0.000000,0.105182,0.589469,0.914429
2017-04-05,0.000000,0.105188,0.591485,0.900142
2017-04-06,0.000000,0.105134,0.582589,0.897264
2017-04-07,0.000000,0.105181,0.579991,0.910607
2017-04-08,0.000000,0.105179,0.569044,0.893631
2017-04-09,0.000000,0.071907,0.561310,1.639312
2017-04-10,0.000000,0.104321,0.569061,1.027955
2017-04-11,0.000000,0.105136,0.560189,0.924088
2017-04-12,0.000000,0.105188,0.549675,0.906648
2017-04-13,0.000000,0.105182,0.550258,0.894366
2017-04-14,0.000000,0.105181,0.541790,0.894263
2017-04-15,0.000000,0.105183,0.537938,0.903309
2017-04-16,0.000000,0.105127,0.534569,0.894810
2017-04-17,0.000000,0.105183,0.527907,0.888524
2017-04-18,0.000000,0.105179,0.527105,0.969927
2017-04-19,0.000000,0.105179,0.518782,0.906343
2017-04-20,0.000000,0.105176,0.512336,0.885900
2017-04-21,0.000000,0.105122,0.514337,0.881808
2017-04-22,0.000000,0.105177,0.505640,0.889831
2017-04-23,0.000000,0.105179,0.500763,1.909446
2017-04-24,0.000000,0.105176,0.530641,1.860347
2017-04-25,0.000000,0.105176,1.707787,2.336354
2017-04-26,0.000000,0.105122,4.659906,1.679015
2017-04-27,0.000000,0.105177,0.591885,0.930284
2017-04-28,0.000000,0.108414,0.515172,0.890583
2017-04-29,0.000000,0.123721,0.606174,0.926354
2017-04-30,0.000000,0.126139,1.101708,1.884053
2017-05-01,0.000000,0.126222,1.257492,1.244065
2017-05-02,0.000000,0.126486,3.138204,1.419210
2017-05-03,0.853491,0.134977,37.279628,1.351806
2017-05-04,34.475282,3.635690,19.106057,1.808768
2017-05-05,25.872622,5.214039,5.924495,1.587208
2017-05-06,33.892048,6.758724,6.743731,1.731129
2017-05-07,35.223181,8.284515,6.805617,1.797902
2017-05-08,30.072414,8.444146,6.240993,1.682390
2017-05-09,60.995398,14.196109,12.181418,1.873322
2017-05-10,4.292434,7.689696,2.286405,2.645573
2017-05-11,3.280132,1.181278,2.030433,2.931961
2017-05-12,2.915540,0.478832,0.793626,2.331908
2017-05-13,2.628389,0.362374,0.965620,2.365936
2017-05-14,9.568310,0.509514,1.766779,2.737829
2017-05-15,38.781975,5.514890,3.102205,1.596395
2017-05-16,39.666301,8.911728,4.853987,3.379123
2017-05-17,27.606490,7.300264,3.861793,2.396195
2017-05-18,34.960448,7.711680,4.516244,2.484963
2017-05-19,71.723555,14.723403,11.848808,5.743147
2017-05-20,124.896723,47.952109,11.510390,6.751513
2017-05-21,113.938566,54.056337,12.385140,6.398605
2017-05-22,72.942649,44.104040,9.306277,10.895102
2017-05-23,50.714428,27.701091,12.173903,16.934324
2017-05-24,47.523276,22.322546,10.258591,14.114256
2017-05-25,37.312916,18.442752,11.130860,19.681624
2017-05-26,11.137412,9.734445,9.175413,13.516802
2017-05-27,14.438110,3.735184,10.533768,18.574248
2017-05-28,19.365289,3.508756,8.680178,15.625525
2017-05-29,29.206641,6.418683,10.417010,23.285015
2017-05-30,9.862078,4.323198,9.155245,17.091217
2017-05-31,2.414079,0.916671,8.498309,1.605913
2017-06-01,2.744952,0.471102,9.099315,2.255494
2017-06-02,39.970512,5.323716,10.479314,21.376299
2017-06-03,46.280870,9.543256,11.240917,24.806570
2017-06-04,69.604833,16.335438,13.253658,17.137657
2017-06-05,64.419550,24.211861,15.988983,25.919330
2017-06-06,50.789626,21.464137,14.129607,27.128186
2017-06-07,70.800943,31.853861,17.646609,28.813394
2017-06-08,52.031414,29.413988,16.878516,25.596481
2017-06-09,55.676315,27.696427,16.015837,21.243398
2017-06-10,48.149065,25.422380,17.561906,22.958344
2017-06-11,54.637471,27.121215,19.159519,22.886925
2017-06-12,57.987909,30.521546,20.349064,20.372669
2017-06-13,71.086116,34.513448,21.924350,24.817622
2017-06-14,72.973837,37.238119,23.634074,25.608574
2017-06-15,81.314554,40.424699,25.648800,34.098474
2017-06-16,80.193648,36.236412,24.663620,30.066007
2017-06-17,127.770370,55.904049,29.998922,38.758542
2017-06-18,70.783367,48.722804,23.833544,42.980642
2017-06-19,81.213751,43.524385,25.215593,51.130805
2017-06-20,170.215880,54.525865,27.980632,58.409669
2017-06-21,203.497922,58.014644,29.028719,33.938525
2017-06-22,142.160434,64.205499,33.169433,52.773821
2017-06-23,74.430433,50.481388,28.171099,53.244553
2017-06-24,56.669401,39.032019,31.475598,67.072835
2017-06-25,62.702588,43.871237,29.930719,58.396581
2017-06-26,61.491038,46.654290,29.959820,57.998140
2017-06-27,56.063432,46.983080,30.271933,54.671384
2017-06-28,61.495972,46.348248,31.094554,55.400213
2017-06-29,58.076290,44.397452,30.996582,50.701008
2017-06-30,65.296503,41.545396,30.783977,46.974648
2017-07-01,97.341112,61.436555,31.618155,48.143285
2017-07-02,50.445543,43.524392,28.479669,33.094770
2017-07-03,27.687693,23.359885,27.765736,41.263395
2017-07-04,26.312497,14.334375,28.833448,42.117056
2017-07-05,37.177099,16.799489,25.955793,38.515461
2017-07-06,109.176718,45.250592,36.550369,64.910652
2017-07-07,90.844652,69.970190,38.147438,68.894732
2017-07-08,52.964535,58.914084,33.358733,68.528291
2017-07-09,51.039727,59.602741,35.108630,67.136026
2017-07-10,50.989356,64.993604,34.479729,66.484048
2017-07-11,50.371554,65.506727,33.765163,63.075269
2017-07-12,50.041825,62.374587,34.256791,61.939028
2017-07-13,40.962979,62.484035,34.511733,61.615408
2017-07-14,135.903653,74.831132,35.063103,55.741228
2017-07-15,69.871778,110.450522,39.014582,73.073744
2017-07-16,44.631386,65.742600,33.693351,64.235445
2017-07-17,63.948903,70.490885,29.810566,51.868312
2017-07-18,93.981985,88.557176,38.536693,70.189119
2017-07-19,100.450773,153.466818,30.821398,61.219302
2017-07-20,53.263388,107.506961,29.607173,73.697454
2017-07-21,34.807833,80.479188,29.132229,76.153261
2017-07-22,152.392688,167.827444,28.773233,65.635568
2017-07-23,86.099637,240.277901,28.451003,80.313061
2017-07-24,64.223803,176.053735,32.586824,94.065215
2017-07-25,167.136136,353.680328,51.706871,172.169297
2017-07-26,103.499792,378.395811,30.967964,119.988244
2017-07-27,68.679349,271.859221,29.079164,95.900640
2017-07-28,63.548493,219.599100,30.684717,98.618569
2017-07-29,52.615557,207.399043,31.495287,108.425040
2017-07-30,45.471147,193.080828,29.341894,94.720501
2017-07-31,37.117679,164.826306,29.018790,91.596780
2017-08-01,36.481320,151.221128,28.046029,85.246475
2017-08-02,38.804673,149.949550,27.527439,85.482887
2017-08-03,33.696150,149.441803,26.259839,78.951213
2017-08-04,23.000701,111.762047,24.986611,66.113495
2017-08-05,24.031983,84.357999,23.694361,58.762595
2017-08-06,32.859596,90.918066,23.680352,60.858837
2017-08-07,12.742337,61.688799,23.787610,63.952085
2017-08-08,36.170394,70.220217,22.544748,83.543220
2017-08-09,20.019514,67.173062,21.001535,54.770819
2017-08-10,24.628337,62.350173,20.970938,54.332627
2017-08-11,30.630383,89.234980,20.959485,68.818963
2017-08-12,30.789564,90.894254,20.426320,81.077835
2017-08-13,24.937530,85.357834,20.441964,87.563939
2017-08-14,28.341995,86.111587,18.429986,85.255503
2017-08-15,18.271373,74.882223,17.506413,63.385876
2017-08-16,17.610917,68.237900,17.463951,74.234084
2017-08-17,8.163445,47.264747,14.863273,32.223715
2017-08-18,7.876827,29.649124,15.982162,28.315606
2017-08-19,11.821489,29.279920,15.598808,52.219847
2017-08-20,14.493917,25.041061,14.159763,21.480200
2017-08-21,9.800764,20.282583,13.409159,36.027203
2017-08-22,17.198742,41.406423,15.177992,71.099578
2017-08-23,15.216890,49.600798,13.097352,66.040907
2017-08-24,19.319923,51.041677,12.578477,47.436953
2017-08-25,103.108794,156.869174,13.702274,57.912855
2017-08-26,56.083362,153.953444,17.640071,87.409427
2017-08-27,36.448117,96.014507,13.987088,56.356615
2017-08-28,21.604094,58.255200,10.368306,39.886851
2017-08-29,17.254706,45.303405,10.286559,36.638238
2017-08-30,14.193484,68.043481,9.584782,31.836484
2017-08-31,14.655818,71.674655,10.318327,40.961102
2017-09-01,17.761912,127.456113,11.084070,64.750473
2017-09-02,4.558892,58.863684,7.966855,13.500127
2017-09-03,6.933123,35.316404,7.620837,9.613336
2017-09-04,83.430184,49.280877,17.505811,65.769430
2017-09-05,4.306052,61.129901,10.215263,53.025377
2017-09-06,4.881567,28.357847,8.331327,51.846963
2017-09-07,0.108319,15.154051,6.003779,6.444938
2017-09-08,0.067915,11.954192,5.455321,3.198368
2017-09-09,2.433054,16.005755,5.810732,11.203971
2017-09-10,0.112791,12.065463,5.119015,3.299928
2017-09-11,5.752650,6.745770,4.705794,3.280597
2017-09-12,5.605690,8.976543,4.947532,9.730962
2017-09-13,0.029194,5.827822,4.204585,3.387908
2017-09-14,0.090260,7.736021,6.181333,3.224187
2017-09-15,95.285840,113.159017,16.126223,32.022267
2017-09-16,85.580123,253.958919,20.844095,158.770725
2017-09-17,14.276042,181.131229,9.133626,77.206252
2017-09-18,0.423264,40.256372,3.830211,9.568121
2017-09-19,52.425915,30.797683,6.011429,8.320154
2017-09-20,14.480947,19.776411,3.745608,6.939030
2017-09-21,94.196881,58.485788,7.918981,14.575287
2017-09-22,25.240137,44.270266,4.715301,11.482398
2017-09-23,45.419253,28.046399,3.982870,9.017802
2017-09-24,177.746659,79.457895,13.741575,26.336672
2017-09-25,8.727322,48.229389,6.099378,15.182487
2017-09-26,101.823044,36.332351,11.262427,26.395627
2017-09-27,43.286171,53.843976,5.618986,12.506960
2017-09-28,0.461943,13.929088,2.915259,1.463549
2017-09-29,0.088725,2.952443,2.897121,1.880443
2017-09-30,2.119342,1.873571,2.830331,1.434901
2017-10-01,12.539548,9.921841,5.303116,2.197232
2017-10-02,24.346000,19.981378,5.145252,2.731933
2017-10-03,9.850540,13.059803,3.270761,2.255108
2017-10-04,0.085726,4.250054,2.608313,2.008085
2017-10-05,0.018002,1.737067,2.623562,1.884243
2017-10-06,0.009000,1.592606,2.578368,1.918562
2017-10-07,1.897880,2.049208,2.750819,1.762750
2017-10-08,10.683259,11.079391,4.513567,2.548556
2017-10-09,41.288246,22.166797,4.574656,5.510920
2017-10-10,21.430158,21.657965,3.012164,4.354077
2017-10-11,58.912012,29.893485,3.667040,3.355319
2017-10-12,0.028987,13.096118,2.176469,1.354229
2017-10-13,0.005432,4.149962,2.146011,1.342615
2017-10-14,0.007253,2.136923,2.103671,1.383142
2017-10-15,0.007660,1.557922,2.070118,1.336580
2017-10-16,0.048691,1.469000,2.060986,1.340671
2017-10-17,6.901689,1.860443,2.560534,1.555460
2017-10-18,0.538373,1.497919,2.966697,1.736022
2017-10-19,28.475583,4.524695,3.650289,1.948331
2017-10-20,89.970168,15.047364,8.007722,4.157008
2017-10-21,4.940238,9.077539,2.237689,1.989240
2017-10-22,1.613718,2.118102,1.886112,1.320425
2017-10-23,14.554468,1.895143,3.150920,1.471636
2017-10-24,1.283195,2.807737,1.893653,1.541932
2017-10-25,0.943286,1.299595,1.871474,1.307178
2017-10-26,31.228894,4.191965,3.074127,1.642378
2017-10-27,9.726012,8.435939,2.283296,1.629760
2017-10-28,1.268287,1.807976,1.863716,1.291470
2017-10-29,0.948793,1.273270,1.861924,1.537854
2017-10-30,0.660503,1.261928,1.853945,1.302385
2017-10-31,0.353051,1.256661,1.871247,1.406090
2017-11-01,0.304567,1.264552,1.845364,1.393634
2017-11-02,0.271728,1.271734,1.832088,1.299838
2017-11-03,0.236781,1.297596,1.827649,1.288484
2017-11-04,0.194996,1.202564,1.816835,1.280941
2017-11-05,0.097079,0.892193,1.802493,1.301556
2017-11-06,0.014232,0.882691,1.796828,3.471161
2017-11-07,0.016318,0.856171,1.783988,1.280206
2017-11-08,0.037586,0.845212,1.771302,1.278361
2017-11-09,0.000730,0.852295,1.761195,1.250171
2017-11-10,0.000232,0.853612,1.747436,1.287711
2017-11-11,0.000270,0.706539,1.728878,1.262623
2017-11-12,0.000632,0.692991,1.729760,1.273305
2017-11-13,0.000637,0.688904,1.711810,1.274700
2017-11-14,0.000562,0.687073,1.698980,1.261821
2017-11-15,0.000341,0.686335,1.684792,1.249255
2017-11-16,0.000343,0.685054,1.676614,1.260738
2017-11-17,0.000330,0.684379,1.654978,1.233487
2017-11-18,0.002116,0.618414,1.651371,1.248847
2017-11-19,0.001186,0.610089,1.633749,1.237494
2017-11-20,0.001244,0.609319,1.620593,1.256918
2017-11-21,0.000635,0.608694,1.611996,1.226632
2017-11-22,0.000048,0.609251,1.593504,1.250152
2017-11-23,0.000105,0.609186,1.582760,1.236387
2017-11-24,0.000753,0.609142,1.568440,1.216929
2017-11-25,0.004690,0.609022,1.558257,1.228896
2017-11-26,0.019072,0.608850,1.544014,1.233836
2017-11-27,0.011288,0.613026,1.530660,1.223615
2017-11-28,0.003902,0.684532,1.516943,1.238799
2017-11-29,0.037780,0.711190,1.838610,1.221998
2017-11-30,0.201364,0.714473,3.154828,1.244061
2017-12-01,0.003570,0.714201,1.594194,1.225979
2017-12-02,0.003088,0.715313,1.464428,1.201472
2017-12-03,0.005737,0.714888,1.454633,1.195519
2017-12-04,0.004825,0.715569,1.439569,1.200346
2017-12-05,0.014281,0.682839,1.427276,1.202060
2017-12-06,0.022129,0.621352,1.412474,1.209492
2017-12-07,0.021804,0.618149,1.403986,1.205923
2017-12-08,0.000216,0.617648,1.386022,1.200786
2017-12-09,0.000202,0.616954,1.381575,1.195685
2017-12-10,0.000346,0.617274,1.357961,1.193165
2017-12-11,0.000264,0.632762,1.355529,1.194894
2017-12-12,0.000270,0.621233,1.334733,1.197104
2017-12-13,0.000316,0.618522,1.325399,1.198500
2017-12-14,0.000400,0.617443,1.310493,1.192846
2017-12-15,0.000363,0.617126,1.300087,1.242798
2017-12-16,0.000355,0.616769,1.286357,1.248907
2017-12-17,0.000315,0.617054,1.273021,1.186999
2017-12-18,0.000537,0.615523,1.260839,1.179505
2017-12-19,0.000396,0.630284,1.245915,1.174018
2017-12-20,0.000454,0.615204,1.236333,1.168136
2017-12-21,0.000404,0.614037,1.222935,1.172155
2017-12-22,0.000312,0.613705,1.209226,1.159022
2017-12-23,0.000336,0.611213,1.201678,1.162822
2017-12-24,0.000368,0.606764,1.185221,1.170142
2017-12-25,0.000173,0.606745,1.172659,1.147602
2017-12-26,0.000026,0.606405,1.166559,1.166847
2017-12-27,0.000017,0.607069,1.149903,1.156147
2017-12-28,0.000027,0.606834,1.139986,1.217046
2017-12-29,0.000022,0.606437,1.126965,1.215887
2017-12-30,0.000027,0.308854,1.115186,1.193087
2017-12-31,0.000019,0.447488,1.104668,1.211789
2018-01-01,0.000000,0.057987,1.087650,1.187568
2018-01-02,0.000000,0.058017,1.083201,1.143496
2018-01-03,0.000000,0.058016,1.065814,1.210459
2018-01-04,0.000000,0.058015,1.059197,1.145541
2018-01-05,0.000000,0.058025,1.041498,1.189067
2018-01-06,0.000000,0.057984,1.032081,1.200706
2018-01-07,0.000000,0.058019,1.019689,1.202520
2018-01-08,0.000000,0.058023,1.007807,1.182585
2018-01-09,0.000000,0.058021,0.992505,1.196881
2018-01-10,0.000000,0.058031,1.111600,1.141308
2018-01-11,0.000000,0.057985,0.977979,1.159285
2018-01-12,0.000000,0.058017,1.140514,1.167046
2018-01-13,0.000000,0.058046,0.965600,1.161872
2018-01-14,0.000000,0.058014,0.942683,1.163034
2018-01-15,0.000000,0.058615,0.932136,1.157628
2018-01-16,0.000000,0.060330,0.921899,1.157749
2018-01-17,0.000000,0.061567,0.909328,1.160451
2018-01-18,0.000000,0.065449,0.898547,1.151873
2018-01-19,0.000000,0.070226,0.892251,1.157341
2018-01-20,0.000000,0.071114,0.879737,1.153282
2018-01-21,0.000000,0.068329,0.871372,1.147341
2018-01-22,0.000000,0.158751,0.860634,1.145210
2018-01-23,0.000000,0.868066,0.852965,1.141669
2018-01-24,0.000000,1.126069,0.843696,1.146991
2018-01-25,0.000000,1.263046,0.832199,1.140020
2018-01-26,0.000000,1.529973,0.827624,1.150629
2018-01-27,0.000000,2.349197,0.812079,1.130261
2018-01-28,0.000000,2.562330,0.817549,1.133255
2018-01-29,0.000000,2.639601,0.798284,1.144692
2018-01-30,0.000000,2.726164,0.790865,1.132524
2018-01-31,0.000000,2.704553,0.779489,1.142264
2018-02-01,0.000000,2.486157,0.771418,1.130397
2018-02-02,0.000000,2.492814,0.765040,1.143714
2018-02-03,0.000000,2.499555,0.756330,1.133091
2018-02-04,0.000000,2.515024,0.755236,1.135144
2018-02-05,0.000000,1.285918,0.743620,1.129359
2018-02-06,0.000000,1.003646,0.729168,1.120383
2018-02-07,0.000000,1.104769,0.726724,1.124122
2018-02-08,0.000000,1.165331,0.717118,1.144048
2018-02-09,0.000000,1.193996,0.708081,1.036959
2018-02-10,0.000000,1.167283,0.698741,1.126502
2018-02-11,0.000000,1.165733,0.693106,1.111359
2018-02-12,0.000000,1.167891,0.686965,1.115637
2018-02-13,0.000000,1.166412,0.680133,1.107832
2018-02-14,0.000000,1.164748,0.670350,1.418898
2018-02-15,0.000000,1.166202,0.665801,1.117254
2018-02-16,0.000000,1.167852,0.662314,1.086102
2018-02-17,0.000000,1.169207,0.649566,1.083662
2018-02-18,0.000000,1.176198,0.643484,1.092001
2018-02-19,0.000000,1.146508,0.642794,1.114151
2018-02-20,0.000000,1.131056,0.653903,1.495558
2018-02-21,0.000000,1.131925,0.628628,0.986788
2018-02-22,0.000000,1.162741,0.620320,1.095993
2018-02-23,0.000000,1.188514,0.610222,1.100243
2018-02-24,0.000000,1.189300,0.701850,1.103643
2018-02-25,0.000000,1.173207,0.601889,1.147791
2018-02-26,0.000000,1.169524,0.794989,1.046108
2018-02-27,0.000000,1.173418,0.587190,1.021357
2018-02-28,0.000000,1.149585,0.582830,1.172911
2018-03-01,0.000000,1.176726,0.578478,1.075845
2018-03-02,0.000000,1.216742,0.570214,1.068612
2018-03-03,0.000000,1.226067,0.569129,1.069726
2018-03-04,0.000000,1.231796,0.564226,1.013000
2018-03-05,0.000000,1.232222,0.552378,1.070555
2018-03-06,0.000000,1.271202,0.550749,1.066925
2018-03-07,0.000000,1.287201,0.544552,1.064291
2018-03-08,0.000000,1.289997,0.543209,1.054465
2018-03-09,0.000000,1.286106,0.533912,1.067997
2018-03-10,0.000000,1.815561,0.527964,1.071068
2018-03-11,0.000000,2.250011,0.524105,1.068805
2018-03-12,0.000000,2.352999,0.518211,1.062089
2018-03-13,0.000000,2.402554,0.514075,1.064724
2018-03-14,0.000000,2.392620,0.507681,1.050425
2018-03-15,0.000000,2.390753,0.505613,1.069633
2018-03-16,0.000000,2.381233,0.497248,1.004212
2018-03-17,0.000000,2.367735,0.655725,1.054027
2018-03-18,0.000000,2.372512,1.892747,1.345818
2018-03-19,0.000000,2.386049,0.628162,1.980245
2018-03-20,0.000000,2.391500,0.478826,1.634763
2018-03-21,0.000000,2.401959,0.472409,0.977668
2018-03-22,0.000000,2.415154,0.470552,1.051764
2018-03-23,0.000000,2.387226,0.461559,1.023702
2018-03-24,0.000000,2.382464,0.458365,1.043115
2018-03-25,0.000000,2.390309,0.455057,1.044641
2018-03-26,0.000000,2.402146,0.450638,1.036602
2018-03-27,0.000000,2.413610,0.444959,1.031229
2018-03-28,0.000000,2.422210,0.443278,1.018858
2018-03-29,0.000000,2.609840,0.437496,1.025271
2018-03-30,0.000000,3.021861,0.433274,1.023014
2018-03-31,0.000000,2.471823,0.429733,1.009552
2018-04-01,0.000000,2.404078,0.424259,1.015373
2018-04-02,0.000000,2.412818,0.424501,0.969582
2018-04-03,0.000000,2.423388,0.416955,1.009034
2018-04-04,0.000000,2.431485,0.415048,1.008876
2018-04-05,0.000000,2.375479,0.408155,1.004480
2018-04-06,0.000000,2.338506,0.407724,1.017828
2018-04-07,0.000000,2.132443,0.402597,1.002961
2018-04-08,0.000000,1.736100,0.408928,1.015286
2018-04-09,0.000000,1.028982,0.413177,1.007161
2018-04-10,0.000000,0.470932,0.389845,1.005264
2018-04-11,0.000000,0.417888,0.466918,0.984990
2018-04-12,0.000000,0.378736,0.590703,2.139426
2018-04-13,0.000000,0.360606,0.519711,1.657251
2018-04-14,0.000000,0.378812,1.253410,1.773167
2018-04-15,0.000000,0.832014,0.609107,2.697233
2018-04-16,0.000000,1.127836,9.156896,1.759149
2018-04-17,0.000000,1.203577,8.177376,1.883085
2018-04-18,0.000000,2.043315,4.653903,1.591598
2018-04-19,18.119328,4.698790,5.303901,1.995121
2018-04-20,8.856266,4.719568,1.843060,2.352143
2018-04-21,2.333827,2.271428,1.817240,2.819393
2018-04-22,1.759529,1.108984,1.060194,2.221275
2018-04-23,1.521022,1.009643,1.262105,2.392939
2018-04-24,1.343468,0.986413,1.030575,1.855983
2018-04-25,1.190436,0.976341,1.021168,1.309080
2018-04-26,1.084564,0.963198,0.392367,1.470719
2018-04-27,0.968982,0.950859,0.721353,1.430524
2018-04-28,0.861329,0.935979,0.621686,1.897166
2018-04-29,0.778430,0.931052,0.771501,2.112553
2018-04-30,0.755082,0.927768,0.343620,2.872244
2018-05-01,0.705978,0.923505,0.786352,0.940215
2018-05-02,0.678449,0.924342,0.350581,1.267768
2018-05-03,0.620238,0.922212,0.423494,0.937704
2018-05-04,0.585644,0.914226,0.935632,1.072746
2018-05-05,0.560565,0.910439,0.945946,0.935042
2018-05-06,0.517898,0.907378,0.664282,2.572657
2018-05-07,0.496326,0.904338,0.529414,2.526263
2018-05-08,0.481261,0.897698,1.055673,0.911543
2018-05-09,0.474718,0.888612,0.409789,0.919836
2018-05-10,0.472142,0.887658,1.370322,3.306311
2018-05-11,0.462914,0.861522,0.961643,2.961439
2018-05-12,0.437639,0.843937,2.897715,2.290251
2018-05-13,0.427386,0.840874,1.792895,2.200555
2018-05-14,0.440902,0.859277,3.694898,2.608144
2018-05-15,4.165936,0.889682,1.259184,2.926960
2018-05-16,1.658031,0.886667,0.892932,2.890899
2018-05-17,17.483755,2.279178,2.613334,1.863682
2018-05-18,2.345812,2.470844,0.456469,2.715612
2018-05-19,0.531006,1.078853,0.441020,2.592666
2018-05-20,7.583881,1.503060,0.968237,3.339492
2018-05-21,8.624806,2.345854,0.899226,2.589255
2018-05-22,0.701821,1.708534,0.663761,2.530522
2018-05-23,19.718474,3.181169,2.370783,2.106943
2018-05-24,8.478686,3.648131,0.801795,2.718487
2018-05-25,2.099156,2.445375,0.977181,2.456175
2018-05-26,16.106215,3.346000,1.269785,2.461262
2018-05-27,12.823294,4.111908,0.787075,2.886720
2018-05-28,4.903344,3.006969,0.964384,2.440458
2018-05-29,24.789725,4.047801,4.708028,2.234349
2018-05-30,37.896487,9.833454,5.061758,3.199198
2018-05-31,25.342520,8.475634,5.682460,2.390338
2018-06-01,22.503384,7.755588,7.106256,2.267091
2018-06-02,41.053063,12.093346,12.449753,2.180097
2018-06-03,41.877837,11.922103,9.150428,1.966512
2018-06-04,36.409643,9.664769,13.693347,2.044083
2018-06-05,45.161613,11.284929,12.343644,2.015583
2018-06-06,53.771994,16.020121,15.421228,2.347167
2018-06-07,76.105414,23.194106,16.938648,5.460610
2018-06-08,48.953011,20.662375,14.018807,5.095891
2018-06-09,51.164466,18.809489,10.352792,2.929866
2018-06-10,98.226755,31.884787,9.302199,6.752952
2018-06-11,73.061749,32.006938,9.274042,6.045943
2018-06-12,60.428309,27.488219,11.075667,10.780385
2018-06-13,43.415604,22.197772,10.092372,6.042213
2018-06-14,54.867339,20.408915,12.896668,11.472691
2018-06-15,43.731333,19.509485,15.201846,16.107275
2018-06-16,41.392554,19.262454,12.022191,10.047961
2018-06-17,52.252403,21.039113,13.143415,19.740759
2018-06-18,44.032301,20.820146,14.637655,19.303692
2018-06-19,52.230501,22.836869,16.093112,16.995951
2018-06-20,55.255893,30.070928,19.836139,24.245604
2018-06-21,92.418024,37.918472,15.816814,15.304266
2018-06-22,90.496625,49.450250,18.953385,34.401926
2018-06-23,101.532311,46.229316,19.801769,16.809680
2018-06-24,115.840987,62.186500,16.328622,19.414572
2018-06-25,69.658701,43.640045,18.520621,26.182927
2018-06-26,67.176840,38.611787,18.428397,26.592314
2018-06-27,71.684998,41.951855,21.065137,27.411099
2018-06-28,94.243796,39.284052,22.337933,28.305548
2018-06-29,108.974307,71.274086,20.704244,29.553483
2018-06-30,69.886330,49.578889,19.495787,42.270925
2018-07-01,90.615093,48.037978,19.093203,25.104768
2018-07-02,155.249841,82.480867,24.203798,48.944383
2018-07-03,78.770957,60.471986,19.473474,55.884172
2018-07-04,50.652316,39.356675,19.008073,45.895796
2018-07-05,57.402794,35.480491,22.398226,55.461626
2018-07-06,73.416212,46.191973,24.437533,52.939094
2018-07-07,70.996396,51.538906,24.000168,50.145245
2018-07-08,94.486960,52.768694,26.038500,33.132941
2018-07-09,101.772326,74.047162,27.054899,67.448065
2018-07-10,63.420741,58.145081,23.289372,52.281891
2018-07-11,68.445221,65.552543,25.807448,60.285661
2018-07-12,71.794391,87.727634,29.265022,65.818418
2018-07-13,108.517837,113.538675,31.497880,71.363361
2018-07-14,93.334666,123.527802,31.143741,80.850241
2018-07-15,130.996140,160.101690,31.858174,91.850721
2018-07-16,71.697989,109.825456,31.477284,72.547366
2018-07-17,77.243596,118.692910,34.218158,75.634042
2018-07-18,89.610776,116.310267,32.762629,72.704405
2018-07-19,57.224539,92.619004,33.156291,76.765900
2018-07-20,69.268257,83.483317,34.462780,82.461368
2018-07-21,87.702529,105.047626,33.287273,77.295931
2018-07-22,74.388045,99.006096,34.780449,88.500139
2018-07-23,60.428191,88.357845,33.837267,73.812111
2018-07-24,48.002177,83.105577,32.718973,63.649612
2018-07-25,45.418575,67.840019,33.300579,72.454656
2018-07-26,36.634023,57.172772,32.976255,67.328617
2018-07-27,50.981973,72.292517,32.273061,69.841473
2018-07-28,57.628599,87.399331,31.334297,65.450072
2018-07-29,259.626917,307.904121,59.131652,241.737401
2018-07-30,189.367543,435.261231,35.405739,165.104469
2018-07-31,129.133808,367.834330,35.315421,104.916893
2018-08-01,46.428885,210.135060,30.523906,126.475131
2018-08-02,37.619979,127.596914,28.441442,86.330223
2018-08-03,28.804263,96.242324,28.917023,85.478257
2018-08-04,31.608835,97.851031,29.601112,95.772236
2018-08-05,36.695928,106.793944,29.178654,87.861702
2018-08-06,29.124008,104.897985,29.071763,79.470740
2018-08-07,27.423585,89.101290,28.376096,86.503158
2018-08-08,34.426998,95.206892,27.336404,83.210838
2018-08-09,23.264202,82.574288,25.455971,75.913743
2018-08-10,40.733762,94.750951,25.814638,76.728871
2018-08-11,88.095650,165.913819,25.156885,106.929108
2018-08-12,62.564051,207.929527,26.941463,113.579662
2018-08-13,54.605450,165.725726,26.477096,65.032075
2018-08-14,41.985866,151.008560,30.012868,96.397179
2018-08-15,30.434652,134.806775,25.105754,72.625451
2018-08-16,20.145835,82.423988,23.988248,60.876631
2018-08-17,15.261960,59.429729,22.805307,63.212900
2018-08-18,14.647341,49.105193,22.241999,45.677926
2018-08-19,13.975902,42.242756,21.212753,41.093958
2018-08-20,11.835461,34.763440,19.317706,34.217252
2018-08-21,8.967534,27.401619,17.893803,20.532745
2018-08-22,27.176342,49.653347,18.641782,45.664297
2018-08-23,8.142088,30.177666,15.843646,13.598139
2018-08-24,3.348239,17.159000,14.471138,6.290347
2018-08-25,2.632152,12.081719,15.949569,11.014313
2018-08-26,2.176516,8.867483,15.052158,16.344850
2018-08-27,3.406373,17.343941,12.407548,9.275959
2018-08-28,0.405755,14.196385,13.359832,6.319103
2018-08-29,1.291217,11.683211,13.929699,6.929119
2018-08-30,54.320829,14.220452,16.203013,15.931741
2018-08-31,68.439435,44.053109,20.896693,26.639879
2018-09-01,36.389402,62.998429,12.829098,27.664472
2018-09-02,2.765011,34.715769,11.977225,19.958206
2018-09-03,0.320050,12.530752,11.783762,17.635215
2018-09-04,2.763367,14.693325,10.669321,15.555883
2018-09-05,4.097778,15.967298,12.522686,21.335844
2018-09-06,56.324047,35.215185,15.899922,23.790385
2018-09-07,252.343142,123.774664,38.300607,61.340202
2018-09-08,171.357812,180.722364,31.116801,69.377418
2018-09-09,58.500282,115.572986,25.699274,49.517185
2018-09-10,56.152608,92.488221,21.692015,40.213208
2018-09-11,45.179154,51.483833,24.363940,30.590856
2018-09-12,47.415701,57.713379,18.386113,30.953855
2018-09-13,15.748309,45.292835,18.629363,31.234460
2018-09-14,0.806955,13.959211,16.845033,7.242867
2018-09-15,11.540696,11.556878,15.455246,6.928995
2018-09-16,4.207262,11.511621,14.134076,7.765126
2018-09-17,20.427596,22.002795,13.571082,9.211152
2018-09-18,0.102438,17.683595,11.259493,4.444847
2018-09-19,0.032737,6.376558,10.221272,1.605055
2018-09-20,0.050558,2.742916,9.333092,1.579260
2018-09-21,0.025269,1.908140,8.583966,1.539828
2018-09-22,0.033555,1.951956,7.927593,2.249683
2018-09-23,0.035516,1.772124,7.359882,2.728002
2018-09-24,0.076973,1.521671,6.886330,1.747103
2018-09-25,0.039805,1.500562,6.482442,1.521595
2018-09-26,0.045572,1.493304,5.936815,1.519639
2018-09-27,0.023961,1.471149,5.608042,2.497757
2018-09-28,7.962683,1.453190,5.260807,1.491972
2018-09-29,0.111802,1.463877,4.957474,2.379162
2018-09-30,0.014792,1.461512,4.697622,2.454309
2018-10-01,0.045290,1.452625,4.463493,1.493004
2018-10-02,1.100623,1.451080,4.247941,1.462699
2018-10-03,2.144793,1.432377,4.060260,1.490616
2018-10-04,0.651195,1.409505,3.873047,1.478247
2018-10-05,0.045909,1.299816,3.709653,2.032959
2018-10-06,0.020503,1.273585,3.552101,1.474641
2018-10-07,0.003652,1.275402,3.415584,1.464933
2018-10-08,0.002354,1.275934,3.283655,1.469790
2018-10-09,0.005285,1.275952,3.161033,1.436607
2018-10-10,0.010112,1.276058,3.051256,1.494399
2018-10-11,0.006156,1.272274,3.507760,1.428638
2018-10-12,0.017689,1.266872,3.948375,1.687510
2018-10-13,0.024035,1.260753,2.752856,1.437521
2018-10-14,0.013451,1.247812,2.663081,1.441459
2018-10-15,0.009890,1.188111,2.584950,1.435933
2018-10-16,0.017383,1.125160,2.516742,1.423008
2018-10-17,0.019685,1.044274,2.428410,1.428790
2018-10-18,0.009266,1.024195,2.588117,1.423014
2018-10-19,0.021398,1.024248,2.527470,1.418696
2018-10-20,0.027771,1.025075,2.263226,1.415990
2018-10-21,0.027936,1.025032,2.172712,1.412996
2018-10-22,0.039668,0.852119,2.112938,1.557246
2018-10-23,0.022208,0.117333,2.057252,1.384689
2018-10-24,0.037328,0.102135,2.005917,1.394574
2018-10-25,0.016556,0.102190,1.952804,1.403234
2018-10-26,0.011962,0.102082,1.909538,1.681695
2018-10-27,0.003067,0.102135,1.852585,1.392552
2018-10-28,0.016380,0.102593,1.822530,1.372235
2018-10-29,0.010641,0.102432,1.763992,1.358254
2018-10-30,0.008814,0.102174,1.716223,1.399083
2018-10-31,0.005055,0.102185,1.687755,1.367954
2018-11-01,0.006260,0.102216,1.636203,1.366485
2018-11-02,0.010772,0.103063,1.598098,1.360744
2018-11-03,0.010755,0.102864,1.557348,1.370827
2018-11-04,0.012408,0.102356,1.522104,1.367404
2018-11-05,0.009747,0.102306,1.484546,1.349294
2018-11-06,0.010053,0.102201,1.449681,1.350922
2018-11-07,0.004766,0.102242,1.458010,1.354707
2018-11-08,1.850886,0.104650,2.696025,1.398246
2018-11-09,17.178516,1.382650,2.310919,1.398193
2018-11-10,0.046159,0.248259,1.320587,1.338026
2018-11-11,2.873748,0.133930,1.350180,1.338763
2018-11-12,0.127100,0.102596,1.264618,1.330667
2018-11-13,0.052323,0.102179,1.238011,1.338293
2018-11-14,0.024957,0.102188,1.211196,1.321120
2018-11-15,0.021421,0.102254,1.184924,1.327405
2018-11-16,0.016653,0.102136,1.160902,1.310070
2018-11-17,0.018287,0.102129,16.649112,1.496303
2018-11-18,6.033027,0.867195,12.604389,1.409313
2018-11-19,0.029222,0.106673,3.200529,1.314962
2018-11-20,6.811403,0.141964,7.509349,1.480405
2018-11-21,16.406757,2.869730,1.494574,1.312116
2018-11-22,0.116453,0.144028,1.035564,1.309499
2018-11-23,0.043252,0.102101,1.011698,1.301745
2018-11-24,0.026461,0.102113,0.997514,1.303626
2018-11-25,0.004243,0.102130,0.974258,1.305809
2018-11-26,0.003820,0.102122,0.962265,1.302912
2018-11-27,0.000823,0.102120,0.942756,1.294775
2018-11-28,0.006012,0.102091,0.922723,1.292989
2018-11-29,0.001769,0.102124,0.906352,1.290699
2018-11-30,0.000887,0.102149,0.891721,1.279612
2018-12-01,0.004175,0.102143,0.869697,1.287844
2018-12-02,0.005190,0.102195,0.857651,1.281724
2018-12-03,0.001837,0.102194,0.836266,1.283261
2018-12-04,0.000000,0.102203,0.819326,1.285115
2018-12-05,0.001608,0.101776,0.795207,1.273587
2018-12-06,0.000161,0.101663,0.778320,1.271042
2018-12-07,0.000000,0.101708,0.755313,1.284386
2018-12-08,0.000000,0.101707,0.741510,1.249293
2018-12-09,0.000000,0.101711,0.723656,1.264411
2018-12-10,0.000000,0.101715,0.706269,1.274046
2018-12-11,0.000000,0.101781,0.800324,1.276398
2018-12-12,0.000000,0.102014,1.160774,1.288665
2018-12-13,0.001109,0.102088,5.898282,1.328321
2018-12-14,0.412332,0.101849,4.251155,1.266477
2018-12-15,1.169588,0.106643,1.158584,1.259122
2018-12-16,0.001525,0.101773,0.601645,1.252226
2018-12-17,0.003897,0.101982,0.632530,1.251792
2018-12-18,0.003354,0.101792,0.582811,1.238543
2018-12-19,0.004486,0.101361,0.646903,1.237260
2018-12-20,0.005185,0.101385,0.555660,1.238903
2018-12-21,0.000000,0.101111,0.542976,1.239637
2018-12-22,0.000000,0.101049,0.533498,1.235089
2018-12-23,0.000000,0.101108,0.534869,1.225938
2018-12-24,0.000000,0.101078,0.528238,1.230086
2018-12-25,0.000000,0.101072,0.505721,1.224758
2018-12-26,0.000000,0.101070,0.520281,1.223449
2018-12-27,0.000000,0.101379,0.483372,1.209458
2018-12-28,0.000000,0.101497,0.491946,1.193406
2018-12-29,0.000000,0.101504,0.464452,1.212426
2018-12-30,0.000000,0.798985,0.456229,1.214774
2018-12-31,0.000000,0.187431,0.449337,1.203373
2019-01-01,0.015267,0.861710,0.479003,1.214004
2019-01-02,0.002529,0.859952,0.964116,1.211364
2019-01-03,0.000000,0.859916,10.527643,1.177861
2019-01-04,0.000000,0.867947,1.851632,1.209638
2019-01-05,0.000000,1.043635,0.440668,1.194636
2019-01-06,0.000000,0.859403,0.401527,1.208441
2019-01-07,0.000000,0.859819,0.406252,1.189967
2019-01-08,0.000000,0.862194,0.458101,1.215018
2019-01-09,0.000000,0.862949,0.391819,1.251355
2019-01-10,0.000000,0.861503,0.380469,1.181686
2019-01-11,0.000000,0.861427,0.373558,1.193317
2019-01-12,0.000000,0.860741,0.371137,1.187161
2019-01-13,0.000000,0.860206,0.363122,1.192869
2019-01-14,0.000000,0.859891,0.356358,1.190725
2019-01-15,0.000000,0.859439,0.352109,1.172929
2019-01-16,0.000000,0.860072,0.344691,1.186397
2019-01-17,0.000000,0.860924,0.337927,1.177654
2019-01-18,0.000000,0.867615,0.342578,1.185650
2019-01-19,0.000000,1.810508,0.320890,1.164182
2019-01-20,0.000000,2.324679,0.316908,1.168288
2019-01-21,0.000000,2.354470,0.314273,1.179319
2019-01-22,0.000000,2.498611,0.312276,1.152870
2019-01-23,0.000000,2.579129,0.300018,1.160644
2019-01-24,0.000000,2.603786,0.295106,1.159415
2019-01-25,0.000000,2.630532,0.290938,1.187864
2019-01-26,0.000000,2.600690,0.284492,1.131966
2019-01-27,0.000000,2.600538,0.284716,1.146536
2019-01-28,0.000000,2.617026,0.273545,1.167891
2019-01-29,0.000000,2.475632,0.269601,1.140686
2019-01-30,0.000000,1.452324,0.264054,1.149461
2019-01-31,0.000000,0.920240,0.266517,2.747506
2019-02-01,0.000000,0.925051,0.256159,1.140420
2019-02-02,0.000000,1.974461,0.250057,1.140438
2019-02-03,0.000000,2.448502,0.243062,1.150872
2019-02-04,0.000000,1.575963,0.244154,1.155356
2019-02-05,0.000000,0.846553,0.235934,1.157564
2019-02-06,0.000000,0.841975,0.233016,1.165510
2019-02-07,0.000000,0.842390,0.226284,1.151592
2019-02-08,0.000000,0.842458,0.223432,1.159087
2019-02-09,0.000000,0.842570,0.219891,1.148255
2019-02-10,0.000000,0.842967,0.217323,1.146424
2019-02-11,0.000000,0.842398,0.206793,1.146694
2019-02-12,0.000000,0.842882,0.204458,1.158277
2019-02-13,0.000000,0.842822,0.202823,1.117587
2019-02-14,0.000000,0.843093,0.195873,1.138745
2019-02-15,0.000000,0.843101,0.194603,1.159742
2019-02-16,0.000000,0.841943,0.185874,1.139615
2019-02-17,0.000000,0.842304,0.184278,1.140444
2019-02-18,0.000000,0.842341,0.178832,1.144013
2019-02-19,0.000000,0.842491,0.176654,1.136084
2019-02-20,0.000000,0.852232,0.169844,1.149215
2019-02-21,0.000000,0.841843,0.643774,1.148078
2019-02-22,0.000000,0.842227,0.539018,1.137489
2019-02-23,0.000000,0.843820,0.934272,1.176396
2019-02-24,0.000000,0.849330,0.156111,1.134496
2019-02-25,0.000000,0.848683,0.172006,1.127922
2019-02-26,0.000000,0.891635,1.510987,1.128559
2019-02-27,0.000000,0.946405,0.147628,1.104670
2019-02-28,0.000000,0.905941,0.143815,1.124731
2019-03-01,0.000000,0.891334,0.143815,1.134304
2019-03-02,0.000000,0.845516,0.135595,1.114763
2019-03-03,0.000000,0.863691,0.135568,1.121639
2019-03-04,0.000000,0.852014,0.132895,1.114363
2019-03-05,0.000000,0.842958,0.132457,1.132526
2019-03-06,0.000000,0.843747,0.130287,1.114202
2019-03-07,0.000000,0.845163,0.126607,1.116675
2019-03-08,0.000000,0.845433,0.125244,1.122740
2019-03-09,0.000000,0.845316,0.119162,1.118550
2019-03-10,0.000000,0.845158,0.120704,1.116596
2019-03-11,0.000000,0.844550,0.110174,1.113647
2019-03-12,0.000000,0.845002,0.111716,1.109206
2019-03-13,0.000000,0.845059,0.117619,1.109502
2019-03-14,0.000000,0.845162,0.106672,1.110136
2019-03-15,0.000000,0.845162,0.102729,1.112226
2019-03-16,0.000000,0.844639,0.102729,1.118293
2019-03-17,0.000000,0.844999,0.097593,1.079391
2019-03-18,0.000000,0.845094,0.102729,1.120238
2019-03-19,0.000000,0.845119,0.097593,1.105413
2019-03-20,0.000000,0.845072,0.094455,1.102857
2019-03-21,0.000000,0.844480,0.100055,1.104657
2019-03-22,0.000000,0.844964,0.095634,1.104008
2019-03-23,0.000000,0.845165,0.090792,1.204809
2019-03-24,0.000000,0.921993,0.090551,1.092511
2019-03-25,0.000000,1.031777,0.090783,1.100653
2019-03-26,0.000000,0.862587,0.089214,1.091495
2019-03-27,0.000000,0.845051,0.086646,1.091186
2019-03-28,0.000000,0.845014,0.083740,1.093166
2019-03-29,0.000000,0.929305,0.082742,1.094093
2019-03-30,0.000000,1.033020,0.083740,1.087099
2019-03-31,0.000000,1.023367,0.081173,1.073630
2019-04-01,0.000000,0.873669,0.081173,1.078704
2019-04-02,0.000000,0.849303,0.077268,2.085725
2019-04-03,0.000000,0.845762,0.122768,1.074131
2019-04-04,0.000000,0.845681,0.110825,1.070587
2019-04-05,0.000000,0.845687,0.073131,1.075014
2019-04-06,0.000000,0.845015,0.082777,1.574645
2019-04-07,0.000000,0.845024,0.070226,1.066653
2019-04-08,0.000000,0.844966,0.071795,1.946638
2019-04-09,0.000000,0.875848,0.075382,2.590345
2019-04-10,0.000000,1.069524,0.623521,2.301801
2019-04-11,0.000000,1.693433,10.193605,1.726368
2019-04-12,14.804682,2.896947,20.810680,1.413137
2019-04-13,63.985097,16.157725,35.600321,1.883097
2019-04-14,84.776572,22.353012,21.234916,2.024104
2019-04-15,42.265136,14.133775,7.799072,1.997707
2019-04-16,36.002050,9.831104,9.467311,2.303811
2019-04-17,28.405929,11.812679,7.463877,1.993077
2019-04-18,1.392342,3.612333,2.747469,2.313517
2019-04-19,39.715711,5.214151,6.867862,2.690780
2019-04-20,22.080475,9.904640,5.170621,2.795091
2019-04-21,0.325486,3.957866,0.128186,2.374433
2019-04-22,0.265886,1.510946,0.057307,1.034266
2019-04-23,0.242412,1.120331,0.097504,1.032281
2019-04-24,0.226752,1.091538,0.548674,1.031352
2019-04-25,29.688701,2.649907,15.676139,1.834568
2019-04-26,93.834880,15.568532,38.863023,2.781891
2019-04-27,157.297286,38.699147,42.188280,2.112702
2019-04-28,119.624888,31.639258,41.851844,4.674489
2019-04-29,167.300381,53.957499,55.081370,9.218940
2019-04-30,100.677302,41.067620,18.749324,7.864317
2019-05-01,51.130325,30.183612,11.573178,9.444906
2019-05-02,2.235080,11.201136,0.800264,2.662704
2019-05-03,2.771492,2.838505,4.614507,3.705782
2019-05-04,18.691308,4.673302,9.859626,3.961777
2019-05-05,22.989698,6.681882,9.461375,6.750517
2019-05-06,33.126178,8.807286,12.889589,7.076443
2019-05-07,38.872102,14.353398,11.001193,6.055572
2019-05-08,5.588999,9.773444,10.580690,4.794106
2019-05-09,6.559934,2.905625,2.171508,2.468050
2019-05-10,3.572881,2.504382,2.720604,1.943646
2019-05-11,6.989971,3.712044,5.161833,3.413996
2019-05-12,0.763518,4.203333,6.587109,3.178416
2019-05-13,0.600699,2.290005,3.104675,1.045241
2019-05-14,28.336913,5.491430,22.642327,11.409843
2019-05-15,155.505674,51.954969,39.647901,20.510234
2019-05-16,68.798497,42.176752,28.638954,17.072228
2019-05-17,76.265362,42.785869,19.644756,19.819800
2019-05-18,92.021673,39.053592,19.547502,18.855377
2019-05-19,114.706728,37.933007,27.600246,17.183319
2019-05-20,65.595129,43.210134,11.207373,16.579309
2019-05-21,39.788022,24.531429,10.148320,13.114642
2019-05-22,36.157555,23.107630,16.613369,18.535313
2019-05-23,30.546992,22.605854,12.812350,14.000954
2019-05-24,25.273325,20.802569,15.222550,16.023296
2019-05-25,29.748784,22.490828,17.656243,18.271884
2019-05-26,26.517910,22.941383,16.316292,12.730320
2019-05-27,23.507838,21.307001,12.374344,4.787877
2019-05-28,18.100806,17.472216,16.637785,12.266452
2019-05-29,25.815749,18.693882,24.354793,20.087511
2019-05-30,20.148701,18.878031,25.714271,15.566825
2019-05-31,12.280283,14.546894,19.644082,16.013222
2019-06-01,12.091750,12.232989,22.887842,20.906912
2019-06-02,21.294726,15.847167,25.651870,16.346251
2019-06-03,28.470995,20.436183,26.572196,14.821534
2019-06-04,35.755446,25.418173,30.321919,19.141622
2019-06-05,28.108413,29.793153,31.008478,18.100434
2019-06-06,27.998466,31.172327,34.870801,18.410069
2019-06-07,29.789037,32.574350,43.284295,20.313558
2019-06-08,30.654945,33.599773,40.607228,20.898032
2019-06-09,31.369399,34.457652,40.187289,17.626053
2019-06-10,32.531990,35.788389,41.353892,20.298349
2019-06-11,31.374866,33.537295,35.979211,21.718802
2019-06-12,76.488163,59.038237,45.349940,62.268924
2019-06-13,89.572678,103.285600,48.564597,72.351690
2019-06-14,67.280452,107.352413,44.532122,61.976134
2019-06-15,48.939545,85.532236,44.447235,60.458095
2019-06-16,62.868092,97.238185,65.669350,67.381304
2019-06-17,50.346114,110.182685,55.441255,75.037142
2019-06-18,42.402275,95.276153,43.846540,68.458550
2019-06-19,38.658303,92.380638,39.792580,70.273199
2019-06-20,36.567124,84.484320,39.533827,66.392230
2019-06-21,38.888413,96.856443,32.780972,69.133048
2019-06-22,36.956869,105.405589,33.157574,72.226805
2019-06-23,42.725385,112.675087,31.579247,75.805824
2019-06-24,51.344366,122.110379,29.159485,75.647928
2019-06-25,65.754476,181.106362,34.787821,111.988063
2019-06-26,50.456140,154.453332,36.758907,103.337466
2019-06-27,72.684880,165.811928,20.839478,75.204606
2019-06-28,86.249961,194.828173,23.381467,104.767842
2019-06-29,84.000159,186.792379,23.688012,108.634300
2019-06-30,128.187493,196.307116,20.709527,89.203182
2019-07-01,41.728611,130.979543,21.236422,105.958253
2019-07-02,52.338735,87.072716,17.096105,73.409840
2019-07-03,279.924478,182.498047,38.521435,125.749686
2019-07-04,72.920399,224.612396,14.922337,127.924438
2019-07-05,42.642036,143.349201,11.553154,109.024689
2019-07-06,41.628854,134.654864,11.246124,108.769254
2019-07-07,37.165686,138.102746,9.123703,108.610044
2019-07-08,39.138128,139.259287,9.525325,100.773359
2019-07-09,41.725232,144.993029,9.260471,110.074641
2019-07-10,22.141645,107.469884,9.571957,127.071101
2019-07-11,16.230493,113.526588,9.686384,121.179094
2019-07-12,15.133553,118.627663,10.118112,120.971711
2019-07-13,18.038378,125.620635,11.218904,133.562808
2019-07-14,19.322808,131.363691,11.783870,124.317910
2019-07-15,51.124025,200.948471,15.356424,181.748984
2019-07-16,46.080065,339.943365,13.891221,184.291139
2019-07-17,29.586296,256.078249,10.062567,131.831792
2019-07-18,23.548861,198.651922,9.939136,135.682053
2019-07-19,21.971642,192.234333,8.126287,130.829882
2019-07-20,26.031847,216.114044,8.306258,157.018419
2019-07-21,22.194972,216.510471,7.625372,147.311904
2019-07-22,23.951804,206.217356,7.500456,142.325948
2019-07-23,21.852475,206.946705,6.830106,121.699342
2019-07-24,17.931262,192.555851,7.108884,106.859497
2019-07-25,23.906387,159.446038,7.610121,90.822876
2019-07-26,42.337253,164.992289,8.862536,89.571319
2019-07-27,62.995784,175.644056,8.272740,142.386012
2019-07-28,155.049233,328.600921,28.969147,212.578381
2019-07-29,152.159832,556.839122,29.338011,374.511213
2019-07-30,55.948980,661.128190,39.219065,374.630247
2019-07-31,53.506910,559.620311,13.040741,274.387736
2019-08-01,32.972657,410.611960,3.193386,151.123411
2019-08-02,18.768070,262.150702,3.613208,125.769450
2019-08-03,18.730895,201.805791,4.283049,127.131888
2019-08-04,22.968230,231.050163,4.572019,125.510071
2019-08-05,15.236413,178.411056,4.589508,115.612539
2019-08-06,14.621955,171.308080,5.249729,103.975371
2019-08-07,10.441039,128.041468,3.749922,95.611953
2019-08-08,9.197661,105.375183,4.475339,88.770445
2019-08-09,11.134864,113.089847,4.086544,84.956063
2019-08-10,7.276750,91.485471,4.738791,78.327519
2019-08-11,9.147931,87.420312,4.582832,96.342892
2019-08-12,6.312458,82.450715,3.527429,62.196592
2019-08-13,5.176862,68.366767,3.327727,55.110254
2019-08-14,5.683809,61.811036,3.924181,56.777419
2019-08-15,10.806385,85.527290,4.887720,69.581651
2019-08-16,6.740395,93.268210,4.752951,71.308551
2019-08-17,6.033643,73.250954,4.158603,40.655288
2019-08-18,4.698573,61.719645,4.162864,33.715298
2019-08-19,4.071681,52.617997,4.173565,26.942403
2019-08-20,2.190493,40.754826,3.931230,18.127343
2019-08-21,1.830229,36.106288,4.177100,13.311128
2019-08-22,0.612898,35.014041,4.087831,8.468554
2019-08-23,32.317795,48.853905,8.846391,27.710506
2019-08-24,31.798121,85.707407,10.230621,45.408584
2019-08-25,11.762667,98.320580,13.330794,65.012444
2019-08-26,3.113660,78.592129,4.802902,52.105953
2019-08-27,0.745662,42.875395,3.920052,33.933831
2019-08-28,0.352740,26.230438,3.533643,27.698362
2019-08-29,0.174280,24.976590,3.170347,8.561729
2019-08-30,0.051778,25.897882,3.136953,8.839967
2019-08-31,0.036392,24.831374,3.026906,7.862453
2019-09-01,0.439090,22.651057,0.000000,0.000000
2019-09-02,0.084958,17.767215,0.000000,0.000000
2019-09-03,0.216821,17.411659,0.000000,0.000000
2019-09-04,0.531915,19.527066,0.000000,0.000000
2019-09-05,1.550735,24.546116,0.000000,0.000000
2019-09-06,3.561196,22.166834,0.000000,0.000000
2019-09-07,68.564840,47.673171,0.000000,0.000000
2019-09-08,39.338962,70.808541,0.000000,0.000000
2019-09-09,2.051255,56.010098,0.000000,0.000000
2019-09-10,0.039833,23.129527,0.000000,0.000000
2019-09-11,0.301672,13.166843,0.000000,0.000000
2019-09-12,0.884081,9.803984,0.000000,0.000000
2019-09-13,0.038941,5.954296,0.000000,0.000000
2019-09-14,0.044596,4.152501,0.000000,0.000000
2019-09-15,0.056437,3.645082,0.000000,0.000000
2019-09-16,0.054509,3.676908,0.000000,0.000000
2019-09-17,0.038844,3.907943,0.000000,0.000000
2019-09-18,0.042193,3.851306,0.000000,0.000000
2019-09-19,5.547179,3.650654,0.000000,0.000000
2019-09-20,14.609984,6.642808,0.000000,0.000000
2019-09-21,16.331725,10.776484,0.000000,0.000000
2019-09-22,104.574388,74.465744,0.000000,0.000000
2019-09-23,18.674795,118.276002,0.000000,0.000000
2019-09-24,21.912902,100.302599,0.000000,0.000000
2019-09-25,8.673465,89.651799,0.000000,0.000000
2019-09-26,40.087402,63.479173,0.000000,0.000000
2019-09-27,3.999560,73.815282,0.000000,0.000000
2019-09-28,0.422072,25.054098,0.000000,0.000000
2019-09-29,0.338171,14.357623,0.000000,0.000000
2019-09-30,0.200048,10.423086,0.000000,0.000000
2019-10-01,0.026398,6.702942,0.000000,0.000000
2019-10-02,0.036982,4.165534,0.000000,0.000000
2019-10-03,88.141965,9.567177,0.000000,0.000000
2019-10-04,143.620771,47.767981,0.000000,0.000000
2019-10-05,86.896909,42.863177,0.000000,0.000000
2019-10-06,34.965325,32.498445,0.000000,0.000000
2019-10-07,10.632952,21.559195,0.000000,0.000000
2019-10-08,24.898779,16.177282,0.000000,0.000000
2019-10-09,12.186125,24.488647,0.000000,0.000000
2019-10-10,0.696498,6.840491,0.000000,0.000000
2019-10-11,0.409456,3.742216,0.000000,0.000000
2019-10-12,0.264509,3.419357,0.000000,0.000000
2019-10-13,0.259236,3.375155,0.000000,0.000000
2019-10-14,0.176826,3.367925,0.000000,0.000000
2019-10-15,0.166126,3.364750,0.000000,0.000000
2019-10-16,0.151746,3.356558,0.000000,0.000000
2019-10-17,0.074282,3.339061,0.000000,0.000000
2019-10-18,0.024795,3.329364,0.000000,0.000000
2019-10-19,0.026237,3.332745,0.000000,0.000000
2019-10-20,0.026044,3.338802,0.000000,0.000000
2019-10-21,0.020531,3.368488,0.000000,0.000000
2019-10-22,0.024636,3.363984,0.000000,0.000000
2019-10-23,0.024982,3.361492,0.000000,0.000000
2019-10-24,0.021480,3.356287,0.000000,0.000000
2019-10-25,0.016926,3.322074,0.000000,0.000000
2019-10-26,0.017910,3.313724,0.000000,0.000000
2019-10-27,0.023994,3.315782,0.000000,0.000000
2019-10-28,0.024659,3.317856,0.000000,0.000000
2019-10-29,0.023509,3.324047,0.000000,0.000000
2019-10-30,0.019377,3.319805,0.000000,0.000000
2019-10-31,0.019690,3.310942,0.000000,0.000000
2019-11-01,0.021917,3.311746,0.000000,0.000000
2019-11-02,0.020982,3.315023,0.000000,0.000000
2019-11-03,0.022710,3.315954,0.000000,0.000000
2019-11-04,0.019492,3.273513,0.000000,0.000000
2019-11-05,0.023422,3.160796,0.000000,0.000000
2019-11-06,0.019059,3.147466,0.000000,0.000000
2019-11-07,0.026984,3.144980,0.000000,0.000000
2019-11-08,0.022731,3.142276,0.000000,0.000000
2019-11-09,0.020157,3.143086,0.000000,0.000000
2019-11-10,0.023788,3.042355,0.000000,0.000000
2019-11-11,0.014791,2.982337,0.000000,0.000000
2019-11-12,0.014930,2.930495,0.000000,0.000000
2019-11-13,0.017589,2.923492,0.000000,0.000000
2019-11-14,0.018963,2.914290,0.000000,0.000000
2019-11-15,0.011902,2.946795,0.000000,0.000000
2019-11-16,0.013407,2.957047,0.000000,0.000000
2019-11-17,0.012838,2.963784,0.000000,0.000000
2019-11-18,0.009812,2.989044,0.000000,0.000000
2019-11-19,0.020314,2.995665,0.000000,0.000000
2019-11-20,0.012231,3.002938,0.000000,0.000000
2019-11-21,0.020911,3.129815,0.000000,0.000000
2019-11-22,0.011918,3.176839,0.000000,0.000000
2019-11-23,0.012429,3.111777,0.000000,0.000000
2019-11-24,0.011479,3.064724,0.000000,0.000000
2019-11-25,0.009907,3.084340,0.000000,0.000000
2019-11-26,0.007970,3.106537,0.000000,0.000000
2019-11-27,0.000152,3.131777,0.000000,0.000000
2019-11-28,0.004094,3.148335,0.000000,0.000000
2019-11-29,0.005053,3.123841,0.000000,0.000000
2019-11-30,0.005429,3.003287,0.000000,0.000000
2019-12-01,0.008628,3.001153,0.000000,0.000000
2019-12-02,0.008651,3.001635,0.000000,0.000000
2019-12-03,0.008579,3.008396,0.000000,0.000000
2019-12-04,0.007622,2.946136,0.000000,0.000000
2019-12-05,0.008011,2.957660,0.000000,0.000000
2019-12-06,0.004664,2.860904,0.000000,0.000000
2019-12-07,0.001070,2.670463,0.000000,0.000000
2019-12-08,0.003904,2.670621,0.000000,0.000000
2019-12-09,0.006614,2.670423,0.000000,0.000000
2019-12-10,0.008711,1.848541,0.000000,0.000000
2019-12-11,0.008851,1.744405,0.000000,0.000000
2019-12-12,0.009411,2.175361,0.000000,0.000000
2019-12-13,0.007754,1.851872,0.000000,0.000000
2019-12-14,0.007636,2.251071,0.000000,0.000000
2019-12-15,0.008470,2.290247,0.000000,0.000000
2019-12-16,0.008571,2.315619,0.000000,0.000000
2019-12-17,0.008576,2.339055,0.000000,0.000000
2019-12-18,0.008407,2.357495,0.000000,0.000000
2019-12-19,0.008521,2.371806,0.000000,0.000000
2019-12-20,0.006727,2.374512,0.000000,0.000000
2019-12-21,0.007335,2.375827,0.000000,0.000000
2019-12-22,0.007346,1.516235,0.000000,0.000000
2019-12-23,0.007546,0.778045,0.000000,0.000000
2019-12-24,0.007154,0.776152,0.000000,0.000000
2019-12-25,0.007581,0.774267,0.000000,0.000000
2019-12-26,0.008501,0.768130,0.000000,0.000000
2019-12-27,0.008576,0.765567,0.000000,0.000000
2019-12-28,0.006214,0.764496,0.000000,0.000000
2019-12-29,0.005574,0.763243,0.000000,0.000000
2019-12-30,0.008576,0.421890,0.000000,0.000000
2019-12-31,0.008778,0.420971,0.000000,0.000000

