time,MAR_land,MAR_ice,RACMO_land,RACMO_ice
2015-01-01,0.000000,1.755369,0.000000,3.298551
2015-01-02,0.000000,2.135737,0.000000,3.319801
2015-01-03,0.000000,0.682950,0.000000,3.292510
2015-01-04,0.000000,0.628310,0.000000,3.285842
2015-01-05,0.000000,0.625936,0.000000,3.296689
2015-01-06,0.000000,0.633245,0.000000,3.293624
2015-01-07,0.000000,1.153122,0.000000,3.266352
2015-01-08,0.000000,1.532461,0.000000,3.268510
2015-01-09,0.000000,0.971556,0.000000,3.294257
2015-01-10,0.000000,0.879555,0.000000,3.240996
2015-01-11,0.000000,0.861536,0.000000,3.245806
2015-01-12,0.000000,0.867411,0.000000,3.224120
2015-01-13,0.000000,0.861634,0.000000,3.229426
2015-01-14,0.000000,0.855830,0.000000,3.237523
2015-01-15,0.000000,0.821863,0.000000,3.234174
2015-01-16,0.000000,0.769026,0.000000,3.210767
2015-01-17,0.000000,0.768752,0.000000,3.213025
2015-01-18,0.000000,0.769232,0.000000,3.215099
2015-01-19,0.000000,0.769205,0.000000,3.272151
2015-01-20,0.000000,0.768739,0.000391,3.199172
2015-01-21,0.000000,0.768728,0.000000,3.197392
2015-01-22,0.000000,0.769977,0.000016,3.169480
2015-01-23,0.000000,0.770338,0.000000,3.179841
2015-01-24,0.000000,0.753545,0.000000,3.157029
2015-01-25,0.000000,0.734260,0.000000,3.166566
2015-01-26,0.000000,0.733139,0.000000,3.167516
2015-01-27,0.000000,0.542006,0.000000,3.225602
2015-01-28,0.000000,0.382489,0.000000,3.150779
2015-01-29,0.000000,0.382390,0.000000,3.156038
2015-01-30,0.000000,0.382389,0.000000,3.146776
2015-01-31,0.000000,0.382379,0.000000,3.146851
2015-02-01,0.000000,1.591993,0.000000,3.156054
2015-02-02,0.000000,2.231489,0.000000,3.217419
2015-02-03,0.000000,2.293520,0.000000,3.157502
2015-02-04,0.000000,2.346968,0.000000,3.121933
2015-02-05,0.000000,2.400520,0.000000,3.136951
2015-02-06,0.000000,2.443635,0.000000,3.109714
2015-02-07,0.000000,2.472754,0.000000,3.153303
2015-02-08,0.000000,2.505171,0.000000,3.116480
2015-02-09,0.000000,2.515677,0.000000,3.115336
2015-02-10,0.000000,1.979105,0.000000,3.134572
2015-02-11,0.000000,0.945497,0.000000,3.121895
2015-02-12,0.000000,0.916306,0.000000,3.118100
2015-02-13,0.000000,2.012741,0.000000,3.101359
2015-02-14,0.000000,2.099963,0.000000,3.089203
2015-02-15,0.000000,2.224811,0.000000,3.086834
2015-02-16,0.000000,2.279183,0.000000,3.097809
2015-02-17,0.000000,1.396224,0.000000,3.090340
2015-02-18,0.000000,2.022757,0.000000,3.081571
2015-02-19,0.000000,2.168470,0.000000,3.072395
2015-02-20,0.000000,2.124096,0.000000,3.063420
2015-02-21,0.000000,0.988167,0.000000,3.062942
2015-02-22,0.000000,0.936060,0.000000,3.065231
2015-02-23,0.000000,0.836702,0.000000,3.052754
2015-02-24,0.000000,0.865484,0.000000,3.050525
2015-02-25,0.000000,1.916504,0.000000,3.044274
2015-02-26,0.000000,2.157880,0.000000,3.057357
2015-02-27,0.000000,2.189166,0.000000,3.029622
2015-02-28,0.000000,2.212560,0.000000,3.052067
2015-03-01,0.000000,2.222200,0.000000,3.046104
2015-03-02,0.000000,2.104216,0.000000,3.040914
2015-03-03,0.000000,2.394601,0.000000,3.038798
2015-03-04,0.000000,2.194461,0.000000,3.075724
2015-03-05,0.000000,2.215617,0.000000,3.046094
2015-03-06,0.000000,2.231744,0.000000,3.031715
2015-03-07,0.000000,2.250579,0.000000,3.045149
2015-03-08,0.000000,2.268345,0.000000,3.024163
2015-03-09,0.000000,2.284899,0.000000,2.997027
2015-03-10,0.000000,2.288736,0.000000,3.010322
2015-03-11,0.000000,2.287060,0.000000,3.025343
2015-03-12,0.000000,2.286000,0.000000,2.989304
2015-03-13,0.000000,2.285279,0.000000,3.004574
2015-03-14,0.000000,2.285652,0.000259,3.019929
2015-03-15,0.000000,2.288310,0.000005,2.940505
2015-03-16,0.000000,2.287268,0.000000,2.956671
2015-03-17,0.000000,2.288446,-0.000005,2.946641
2015-03-18,0.000000,2.288702,0.000000,2.933496
2015-03-19,0.000000,2.291119,0.000000,2.950420
2015-03-20,0.000000,2.291935,0.000000,2.942170
2015-03-21,0.000000,2.290883,0.000000,2.947242
2015-03-22,0.000000,2.291922,0.000000,2.927078
2015-03-23,0.000000,2.290593,0.000000,2.925466
2015-03-24,0.000000,2.290310,0.000000,2.923211
2015-03-25,0.000000,2.289851,0.000000,2.931853
2015-03-26,0.000000,2.286944,0.000000,2.937944
2015-03-27,0.000000,2.281904,0.000000,2.902956
2015-03-28,0.000000,2.278224,0.000000,2.888494
2015-03-29,0.000000,2.127253,0.000000,2.893325
2015-03-30,0.000000,1.540582,0.000000,2.895603
2015-03-31,0.000000,2.039137,0.000000,2.890817
2015-04-01,0.000000,2.066810,0.000000,2.882485
2015-04-02,0.000000,2.067987,0.000000,2.868155
2015-04-03,0.000000,2.068019,0.000000,2.883671
2015-04-04,0.000000,2.068021,0.000000,2.888517
2015-04-05,0.000000,2.067490,0.000000,2.882129
2015-04-06,0.000000,2.065994,0.000000,2.894379
2015-04-07,0.000000,2.066357,0.000000,2.896077
2015-04-08,0.000000,2.066229,0.000000,2.871042
2015-04-09,0.000000,2.066013,0.000000,2.870575
2015-04-10,0.000000,2.065597,0.000000,2.875362
2015-04-11,0.000000,1.917569,0.000000,3.213402
2015-04-12,0.000000,1.867675,0.000000,2.860673
2015-04-13,0.000000,1.867414,0.000000,2.859002
2015-04-14,0.000000,1.867305,0.000000,2.866729
2015-04-15,0.000000,1.867119,0.000000,4.277616
2015-04-16,0.000000,1.869380,0.000539,3.966634
2015-04-17,0.000000,1.883209,0.000111,4.070868
2015-04-18,0.000000,1.891457,0.001696,3.648435
2015-04-19,0.000000,1.892900,0.002399,4.125884
2015-04-20,0.000000,1.895658,0.001670,4.439542
2015-04-21,0.000000,1.892210,0.000000,2.832984
2015-04-22,0.000000,1.891957,0.000000,2.805562
2015-04-23,0.000000,1.878256,0.000000,4.131003
2015-04-24,0.000000,1.873660,0.000000,2.807743
2015-04-25,0.000000,1.873379,0.000000,3.293146
2015-04-26,0.000000,1.872210,0.000000,2.790181
2015-04-27,0.000000,1.872940,0.000000,2.813158
2015-04-28,0.000000,1.873022,0.000000,2.808086
2015-04-29,0.000000,1.873157,0.000000,2.772699
2015-04-30,0.000000,1.872991,0.000000,2.817892
2015-05-01,0.000000,1.871729,0.000000,2.794816
2015-05-02,0.000000,1.872443,0.000000,2.794614
2015-05-03,0.000000,1.874174,0.000000,2.783249
2015-05-04,0.000000,1.917227,0.000000,2.792551
2015-05-05,0.000000,2.171390,0.000000,4.565969
2015-05-06,0.000000,2.339532,0.000000,3.910698
2015-05-07,0.000000,2.445999,0.000000,4.288905
2015-05-08,0.000000,2.494896,0.000000,6.127046
2015-05-09,0.000000,2.525841,0.000000,4.328719
2015-05-10,0.000000,2.556159,0.000000,4.301098
2015-05-11,0.000000,2.010932,0.000772,5.011162
2015-05-12,0.000000,1.463280,-0.000005,3.858138
2015-05-13,0.000000,1.367720,0.001421,4.738986
2015-05-14,0.000000,1.457688,0.000972,4.428571
2015-05-15,0.000000,1.472428,0.002399,6.982435
2015-05-16,0.000000,1.475083,0.003408,5.669264
2015-05-17,0.191473,1.481078,0.003995,5.327763
2015-05-18,0.799438,1.490429,0.001358,6.279215
2015-05-19,0.875650,1.518246,0.000518,5.723752
2015-05-20,0.060097,1.603889,0.000000,3.521360
2015-05-21,0.976178,1.993983,0.000285,8.093025
2015-05-22,0.626364,2.755638,0.001670,6.941064
2015-05-23,2.648310,6.469585,0.002119,6.914963
2015-05-24,9.379440,10.654302,0.002425,5.575452
2015-05-25,3.770480,9.159316,0.001749,8.495285
2015-05-26,5.442909,11.149733,0.003451,5.722658
2015-05-27,9.442663,24.616091,0.002811,5.567997
2015-05-28,5.008112,19.492162,0.004291,6.297576
2015-05-29,4.016743,13.135540,0.004724,5.630555
2015-05-30,2.176601,10.335405,0.002241,7.673385
2015-05-31,4.013604,12.064961,0.001501,8.069280
2015-06-01,4.047656,12.765064,0.001797,6.841905
2015-06-02,6.450008,15.577154,0.004729,5.832195
2015-06-03,6.331903,17.813333,0.004439,5.324572
2015-06-04,7.002815,19.345359,0.005940,4.945089
2015-06-05,8.002765,22.220642,0.006066,4.986152
2015-06-06,7.593463,22.119287,0.005554,5.062730
2015-06-07,9.220220,21.176219,0.006394,5.426316
2015-06-08,12.719235,31.914308,0.007673,5.356312
2015-06-09,16.283706,48.564537,0.007747,4.539546
2015-06-10,16.609075,60.829605,0.008915,4.763110
2015-06-11,14.429869,53.774826,0.007969,4.737997
2015-06-12,11.759972,50.113515,0.005823,5.133064
2015-06-13,14.508660,55.949470,0.008048,4.885778
2015-06-14,13.388393,60.869831,0.008402,4.926714
2015-06-15,9.903562,52.066178,0.012365,4.751617
2015-06-16,17.648048,62.509428,0.008624,4.337793
2015-06-17,34.756002,131.801557,0.012196,4.419594
2015-06-18,22.054786,125.322113,0.015425,36.891396
2015-06-19,21.233583,108.532589,0.012112,34.973599
2015-06-20,22.057069,117.231698,0.014532,36.126906
2015-06-21,22.109164,127.202252,0.013158,35.724201
2015-06-22,24.994619,134.775137,0.011287,43.833851
2015-06-23,22.551910,132.163904,0.011123,54.645167
2015-06-24,26.595692,156.809677,0.011900,65.075021
2015-06-25,33.229435,211.969735,0.012386,103.843285
2015-06-26,37.129984,225.825957,0.013316,122.972373
2015-06-27,38.203358,219.142328,0.013369,132.279981
2015-06-28,36.366284,204.680509,0.013200,130.698854
2015-06-29,26.090183,168.667324,0.010230,103.722487
2015-06-30,26.340329,149.674724,0.010769,115.409359
2015-07-01,30.460311,180.278547,0.011414,130.995812
2015-07-02,35.366890,216.867728,0.011995,158.126211
2015-07-03,36.052601,233.826802,0.013480,175.641502
2015-07-04,35.180899,240.785428,0.013871,198.241494
2015-07-05,44.550893,293.962734,0.013279,215.078451
2015-07-06,44.521044,286.831779,0.013179,221.191720
2015-07-07,39.989985,254.196307,0.011625,211.026841
2015-07-08,52.068549,282.386878,0.011472,204.808682
2015-07-09,45.913344,278.304210,0.010547,209.393762
2015-07-10,46.143557,273.216508,0.012032,249.915050
2015-07-11,53.614730,315.554216,0.007562,190.556896
2015-07-12,47.163798,269.133976,0.011710,193.786404
2015-07-13,41.407812,293.981810,0.011620,227.375953
2015-07-14,49.867275,279.490055,0.010479,266.571540
2015-07-15,53.545798,339.941135,0.012149,308.922404
2015-07-16,68.065446,468.840702,0.011810,326.194006
2015-07-17,56.139937,446.989753,0.014278,330.351854
2015-07-18,58.736451,462.078410,0.013105,336.991752
2015-07-19,46.796895,440.862852,0.012714,331.234852
2015-07-20,37.933649,383.537390,0.009586,275.412278
2015-07-21,31.581681,310.220499,0.009543,306.380720
2015-07-22,28.416434,275.143919,0.010193,282.513090
2015-07-23,23.486630,240.744499,0.009876,245.135741
2015-07-24,20.479248,210.871489,0.008582,239.611397
2015-07-25,16.081428,188.506576,0.008745,220.250200
2015-07-26,19.929535,196.939363,0.008603,215.214375
2015-07-27,18.316788,195.594554,0.008830,215.458213
2015-07-28,19.358357,195.842369,0.008222,195.116898
2015-07-29,19.208847,198.483924,0.008328,202.496276
2015-07-30,18.870139,196.470396,0.008883,218.049267
2015-07-31,30.061500,234.435973,0.010822,250.612812
2015-08-01,61.473345,499.748884,0.013602,394.241260
2015-08-02,53.634962,597.682832,0.010669,311.512335
2015-08-03,32.065068,371.573912,0.011176,322.304112
2015-08-04,27.627641,308.199000,0.009200,267.014179
2015-08-05,26.166965,283.044613,0.008444,201.165398
2015-08-06,20.352015,234.021992,0.008333,218.128122
2015-08-07,23.352981,229.942683,0.008518,291.726040
2015-08-08,13.105278,177.048906,0.007821,225.008183
2015-08-09,12.467300,125.334470,0.006352,169.036682
2015-08-10,15.099977,139.251652,0.007905,155.280140
2015-08-11,13.947227,209.597187,0.007144,172.587190
2015-08-12,5.632657,170.898147,0.011440,199.557801
2015-08-13,17.882926,192.965619,0.010669,258.347836
2015-08-14,13.938450,242.708539,0.008825,217.082518
2015-08-15,21.280064,290.437173,0.008074,210.816549
2015-08-16,24.016749,340.381350,0.013633,280.560035
2015-08-17,11.074422,246.119690,0.008793,148.895459
2015-08-18,3.588672,122.653100,0.007255,165.539667
2015-08-19,4.138702,96.039595,0.005945,99.288515
2015-08-20,3.630179,110.643490,0.006484,99.204641
2015-08-21,7.191939,130.774467,0.005776,98.403723
2015-08-22,8.719415,201.980642,0.010510,185.780717
2015-08-23,3.947715,133.239974,0.006103,133.445455
2015-08-24,4.431137,103.827376,0.006595,135.545431
2015-08-25,30.159216,288.203044,0.014204,303.533656
2015-08-26,55.896556,433.378699,0.014120,326.708590
2015-08-27,21.705401,351.860673,0.007081,186.793165
2015-08-28,0.917827,139.103081,0.005723,104.241831
2015-08-29,4.303052,73.725730,0.005739,99.892815
2015-08-30,5.865288,78.636423,0.006605,118.725726
2015-08-31,10.378746,108.731983,0.006220,123.018678
2015-09-01,1.846519,83.796761,0.005025,71.005960
2015-09-02,7.196747,50.009105,0.008132,110.941694
2015-09-03,0.605606,64.683509,0.004893,33.329447
2015-09-04,0.141662,37.344240,0.004978,76.600953
2015-09-05,0.901894,43.788488,0.004983,61.272670
2015-09-06,2.465943,62.825609,0.005427,72.771867
2015-09-07,19.346451,196.264966,0.017908,273.247482
2015-09-08,65.119277,376.016941,0.041106,336.348151
2015-09-09,137.310095,1219.989459,0.084707,541.049124
2015-09-10,76.499258,867.301693,0.039479,431.055963
2015-09-11,15.263488,453.639808,0.020846,129.392609
2015-09-12,0.700670,119.951168,0.000000,9.634689
2015-09-13,0.327260,53.621764,0.000269,6.819726
2015-09-14,0.260852,31.432881,0.000000,10.036027
2015-09-15,0.213651,28.196914,0.000000,5.026821
2015-09-16,0.277251,30.227884,-0.000005,5.006108
2015-09-17,0.198304,19.594338,0.000000,4.973814
2015-09-18,0.269139,11.322135,0.000032,8.338480
2015-09-19,41.094722,52.177136,0.013337,24.102468
2015-09-20,87.002824,644.671410,0.036673,141.856267
2015-09-21,2.594690,241.829187,0.009438,96.396979
2015-09-22,16.891565,108.897515,0.009512,86.430445
2015-09-23,14.552141,142.306667,0.003488,68.660391
2015-09-24,0.466627,88.750670,0.000761,20.775090
2015-09-25,2.499448,25.069203,0.002087,22.130653
2015-09-26,10.602688,23.929201,0.005966,13.297939
2015-09-27,9.675007,47.254451,0.001501,5.822131
2015-09-28,4.362435,18.004467,0.001258,4.955074
2015-09-29,0.672644,7.971854,0.000000,4.946096
2015-09-30,0.425680,5.975320,0.000000,5.513454
2015-10-01,0.229426,6.142203,0.000000,5.554673
2015-10-02,0.183861,6.154760,0.000000,4.940104
2015-10-03,0.099462,5.906835,0.000000,4.910580
2015-10-04,0.022430,5.746363,0.000153,4.905569
2015-10-05,0.067203,5.502800,0.000227,4.965141
2015-10-06,23.148662,27.075942,0.012360,5.590609
2015-10-07,12.194485,66.115294,0.003968,14.704004
2015-10-08,22.937469,62.180793,0.006848,18.937732
2015-10-09,2.351392,42.122048,0.000000,4.867863
2015-10-10,0.395526,7.516614,0.000000,4.788837
2015-10-11,0.356502,5.329255,0.000000,5.175185
2015-10-12,0.252917,5.104745,0.000063,4.985298
2015-10-13,0.214282,5.033311,0.000021,4.841006
2015-10-14,0.191148,4.972403,0.000000,4.780945
2015-10-15,0.167900,4.933035,0.000037,5.349987
2015-10-16,0.210912,4.925928,0.000174,4.761114
2015-10-17,6.479827,9.973061,0.014511,5.244151
2015-10-18,0.224311,7.751518,0.000085,4.772192
2015-10-19,0.166249,4.803741,0.000000,4.732833
2015-10-20,0.204554,3.741097,0.000000,4.738887
2015-10-21,0.138221,3.586595,0.000000,4.731948
2015-10-22,0.104916,3.369497,0.000000,4.708751
2015-10-23,0.088811,3.317486,0.000000,4.723563
2015-10-24,0.025640,3.237023,0.000000,4.701748
2015-10-25,0.005648,3.029691,0.000000,4.693504
2015-10-26,0.002077,1.946656,0.000000,4.686570
2015-10-27,0.003822,1.913888,0.000069,4.683924
2015-10-28,7.223554,5.011632,0.002082,4.970816
2015-10-29,62.229532,120.544830,0.027145,8.906174
2015-10-30,20.167060,169.814649,0.005295,12.441885
2015-10-31,0.157848,19.179769,0.000000,4.624031
2015-11-01,0.129354,2.295605,0.000000,4.601816
2015-11-02,0.122888,1.956352,0.000127,4.591749
2015-11-03,0.125897,1.916526,0.000000,4.585398
2015-11-04,0.123181,1.910875,0.000000,4.563416
2015-11-05,0.116170,1.908429,0.000211,4.539883
2015-11-06,0.115612,1.906986,0.002441,4.578545
2015-11-07,0.120667,1.908012,0.000449,4.522377
2015-11-08,0.122275,1.908035,0.000000,4.519785
2015-11-09,0.131167,1.906436,0.000000,4.566131
2015-11-10,0.114848,1.905228,0.000005,4.581451
2015-11-11,0.107545,1.903969,0.000000,4.517344
2015-11-12,0.106197,1.904952,0.000000,4.533699
2015-11-13,0.103226,1.904935,0.000000,4.558264
2015-11-14,0.098079,1.904670,-0.000005,4.500740
2015-11-15,0.100705,1.904634,0.000000,4.517314
2015-11-16,0.093326,1.903044,0.000000,4.511226
2015-11-17,0.082818,1.811184,0.000000,4.507973
2015-11-18,0.081132,1.795191,0.000000,4.488069
2015-11-19,0.079815,1.794899,0.000000,4.488570
2015-11-20,0.090222,1.794868,0.000000,4.474922
2015-11-21,0.098879,1.794133,0.000000,4.461107
2015-11-22,0.087658,1.795017,0.000000,4.461489
2015-11-23,0.036311,1.794957,0.000000,4.482980
2015-11-24,0.019624,1.795029,0.000000,4.467597
2015-11-25,0.016079,1.794962,0.000000,4.480379
2015-11-26,0.016269,1.793734,0.000000,4.468189
2015-11-27,0.014916,1.793198,0.000000,4.429065
2015-11-28,0.011861,1.792558,0.000000,4.446259
2015-11-29,0.009806,1.792497,0.000000,4.447982
2015-11-30,0.008917,1.792429,0.000000,4.424928
2015-12-01,0.007873,1.791560,0.000000,4.425656
2015-12-02,0.013159,1.792502,0.000000,4.420411
2015-12-03,0.002896,1.792537,0.000000,4.419981
2015-12-04,0.000283,1.792597,0.000000,4.397311
2015-12-05,0.000054,1.792629,0.000000,4.388868
2015-12-06,0.000231,1.791720,0.000000,4.396526
2015-12-07,0.000047,1.792615,0.000000,4.390583
2015-12-08,0.000053,1.791634,0.000000,4.401604
2015-12-09,0.000058,1.789669,0.000000,4.379495
2015-12-10,0.000048,1.787138,0.000000,4.360261
2015-12-11,0.000048,1.784249,0.000000,4.352077
2015-12-12,0.000000,1.785161,0.000000,4.390609
2015-12-13,0.000061,1.784792,0.000000,4.337098
2015-12-14,0.000518,1.784139,0.000000,4.343707
2015-12-15,0.000165,1.784109,0.000000,4.360265
2015-12-16,0.041195,1.783182,0.000000,4.315254
2015-12-17,0.014067,1.782485,0.000000,4.310523
2015-12-18,0.014473,1.781380,0.000000,4.306047
2015-12-19,0.014184,1.779900,0.000000,4.296621
2015-12-20,0.012285,1.771093,0.000000,4.290190
2015-12-21,0.013527,1.753155,0.000000,4.274498
2015-12-22,0.014813,1.746335,0.000000,4.269799
2015-12-23,0.015161,1.740847,0.000000,4.256344
2015-12-24,0.017420,1.739518,0.000000,4.270020
2015-12-25,0.005669,1.737905,0.000000,4.263851
2015-12-26,0.008432,1.733697,0.000000,4.226206
2015-12-27,0.005212,1.734575,0.000000,4.257662
2015-12-28,0.005622,1.725885,0.000021,4.250078
2015-12-29,0.003875,1.722060,0.000000,4.257658
2015-12-30,0.003340,2.774491,0.000000,4.205203
2015-12-31,0.004410,0.622939,0.000000,4.210335
2016-01-01,0.016626,1.691674,0.000000,4.205442
2016-01-02,0.040268,1.669628,0.000000,4.204796
2016-01-03,0.000016,1.568902,0.000000,4.146591
2016-01-04,0.000046,1.564954,0.000000,4.209369
2016-01-05,0.000017,1.538442,0.000000,4.141848
2016-01-06,0.001472,1.435833,0.000000,4.158884
2016-01-07,0.000030,1.337971,0.000000,4.140728
2016-01-08,0.000020,1.328643,0.000000,4.136545
2016-01-09,0.000006,1.236626,0.000000,4.114304
2016-01-10,0.000048,1.147657,0.000000,4.108940
2016-01-11,0.000000,1.140407,0.000000,4.106651
2016-01-12,0.000000,1.135981,0.000000,4.111514
2016-01-13,0.000000,1.131506,0.000000,4.098538
2016-01-14,0.000000,1.129132,0.000000,4.080977
2016-01-15,0.000000,1.126010,0.000000,4.072111
2016-01-16,0.000000,1.120163,0.000000,4.369485
2016-01-17,0.000000,1.118253,0.000000,4.022255
2016-01-18,0.000000,1.117738,0.000000,4.044185
2016-01-19,0.000000,1.112090,0.000000,4.008103
2016-01-20,0.000000,1.121664,0.000000,4.049946
2016-01-21,0.003155,1.192841,0.000528,4.015739
2016-01-22,0.013106,1.200795,0.000079,4.006663
2016-01-23,0.009085,1.198666,0.000053,3.982436
2016-01-24,0.000019,1.189695,0.000042,4.030739
2016-01-25,0.000017,1.210469,0.000069,4.022600
2016-01-26,0.000037,1.219925,0.000000,3.994056
2016-01-27,0.000026,1.207645,0.000000,3.958300
2016-01-28,0.000000,1.197708,0.000000,3.944839
2016-01-29,0.000000,1.185085,0.000000,3.951903
2016-01-30,0.000025,1.175161,0.000000,3.940834
2016-01-31,0.000152,1.170973,0.000000,3.923667
2016-02-01,0.000076,1.163069,0.000000,3.936157
2016-02-02,0.009605,1.158102,0.000000,3.921990
2016-02-03,0.001140,1.153267,0.000000,3.917420
2016-02-04,0.000337,1.146953,0.000000,4.094093
2016-02-05,0.001184,1.140272,0.000000,3.912001
2016-02-06,0.000776,1.135105,0.000000,3.899689
2016-02-07,0.000398,1.130456,0.000000,3.906920
2016-02-08,0.000000,1.119532,0.000000,3.900848
2016-02-09,0.000000,1.113267,0.000000,3.889702
2016-02-10,0.001505,1.111697,0.000000,3.891852
2016-02-11,0.001221,1.109343,0.000000,3.867597
2016-02-12,0.001541,1.108855,0.000000,3.878341
2016-02-13,0.000855,1.106809,0.000000,3.857817
2016-02-14,0.000492,1.104989,0.000000,3.850119
2016-02-15,0.000655,1.104457,0.000000,3.890958
2016-02-16,0.000633,1.103191,0.000000,3.820122
2016-02-17,0.003989,1.102336,0.000000,3.839565
2016-02-18,0.000903,1.101061,0.000000,3.838874
2016-02-19,0.000762,1.098903,0.000000,3.805550
2016-02-20,0.001820,1.098802,0.000000,3.835307
2016-02-21,0.000551,1.096408,0.000000,3.782902
2016-02-22,0.000095,1.094779,0.000005,3.803764
2016-02-23,0.000054,1.093505,0.000000,3.774723
2016-02-24,0.000000,1.092741,0.000000,3.769314
2016-02-25,0.000000,1.091793,0.000000,3.781083
2016-02-26,0.000000,1.090369,0.000000,3.762478
2016-02-27,0.000000,1.089170,0.000000,3.757442
2016-02-28,0.000132,1.087887,0.000000,3.747074
2016-02-29,0.000000,1.087408,0.000000,3.751074
2016-03-01,0.000000,1.086142,0.000000,3.740190
2016-03-02,0.000000,1.148652,0.000000,3.740190
2016-03-03,0.001278,1.218689,0.000000,3.761566
2016-03-04,0.001456,1.254445,0.000000,3.746396
2016-03-05,0.013331,1.309771,0.000000,3.877095
2016-03-06,0.003709,1.308158,0.000000,3.729643
2016-03-07,0.003476,1.307239,0.000011,3.748995
2016-03-08,0.007535,1.253790,0.000285,3.721882
2016-03-09,0.029203,1.206536,0.000000,3.750988
2016-03-10,0.007755,1.204395,0.000000,3.755018
2016-03-11,0.004933,1.200670,0.000000,3.697958
2016-03-12,0.005611,1.195263,0.000000,3.655465
2016-03-13,0.006568,1.193526,0.000026,3.708587
2016-03-14,0.008265,1.186042,0.000148,3.657258
2016-03-15,0.002380,1.185632,0.000000,3.642477
2016-03-16,0.000061,1.184058,0.000005,3.642768
2016-03-17,0.000000,1.182392,0.000000,4.241206
2016-03-18,0.000000,1.179998,0.000011,4.295056
2016-03-19,0.000000,1.177168,0.001511,3.655156
2016-03-20,0.000000,1.457761,0.000000,3.597576
2016-03-21,0.000230,1.859747,0.000000,3.614317
2016-03-22,0.000377,1.881894,0.000000,3.614719
2016-03-23,0.000000,1.709825,0.000000,3.624845
2016-03-24,0.000000,1.206788,0.000000,3.600572
2016-03-25,0.000000,1.178099,0.000000,3.595404
2016-03-26,0.000000,1.177659,0.000016,3.581630
2016-03-27,0.000000,1.178296,0.000000,3.595849
2016-03-28,0.000000,1.176812,0.000000,3.576591
2016-03-29,0.000000,1.175823,0.000000,3.582658
2016-03-30,0.000000,1.175296,0.000000,3.574701
2016-03-31,0.000000,1.175249,0.000000,3.568700
2016-04-01,0.000000,1.182807,0.000000,3.554003
2016-04-02,0.000000,1.185096,0.000000,3.548917
2016-04-03,0.000000,1.174477,0.000042,3.565205
2016-04-04,0.000000,1.173377,0.000000,4.595716
2016-04-05,0.000000,1.169488,0.000000,3.552727
2016-04-06,0.000000,1.166188,0.000000,3.530630
2016-04-07,0.000000,1.164033,0.000000,3.536079
2016-04-08,0.000000,1.162045,0.000000,4.837387
2016-04-09,0.000000,1.160874,0.000000,3.517776
2016-04-10,0.000000,1.160558,0.001136,9.209563
2016-04-11,0.000000,1.158285,0.003112,7.856006
2016-04-12,0.003748,1.152434,0.000618,6.147064
2016-04-13,0.000000,1.265202,0.008772,5.389240
2016-04-14,0.001400,1.688825,0.000745,10.844793
2016-04-15,0.000106,1.724913,0.000159,4.660451
2016-04-16,0.000000,1.723929,0.000000,3.591127
2016-04-17,0.000168,2.140383,0.000000,3.473796
2016-04-18,0.000000,2.542641,0.000000,3.461386
2016-04-19,0.000000,2.549290,0.000000,4.239014
2016-04-20,0.000000,2.549108,0.000000,3.462986
2016-04-21,0.002031,2.547167,0.000000,3.453561
2016-04-22,0.015104,2.547599,0.000000,3.730398
2016-04-23,0.004052,2.546943,0.004608,7.115695
2016-04-24,0.001501,2.164310,0.002283,6.961954
2016-04-25,0.000000,1.961206,0.000317,10.756495
2016-04-26,0.000000,1.983795,0.000909,8.424916
2016-04-27,0.000000,2.450936,0.000454,6.442160
2016-04-28,0.000000,2.792665,0.000935,6.565754
2016-04-29,0.000000,2.944405,0.002473,5.133855
2016-04-30,0.000000,3.030040,0.002182,5.933081
2016-05-01,0.000000,3.074311,0.003234,5.800326
2016-05-02,0.000734,3.127250,0.003620,7.040636
2016-05-03,0.006289,3.169831,0.004005,7.345655
2016-05-04,0.000000,3.209245,0.004206,6.541151
2016-05-05,1.689488,3.227717,0.004655,6.413346
2016-05-06,3.226489,5.369313,0.004042,6.759973
2016-05-07,0.254384,4.099568,0.003519,7.293085
2016-05-08,0.669760,2.728596,0.002188,9.315066
2016-05-09,3.009361,5.198557,0.005755,6.991611
2016-05-10,5.585628,13.315178,0.008164,5.256487
2016-05-11,5.816088,22.375133,0.005004,7.608500
2016-05-12,4.526392,14.709362,0.007361,5.534052
2016-05-13,2.742697,11.545085,0.006008,5.611397
2016-05-14,10.477653,27.644690,0.009269,5.072624
2016-05-15,21.301591,78.709264,0.011562,6.121899
2016-05-16,8.511038,50.879132,0.004624,7.106227
2016-05-17,5.635263,28.092305,0.006574,9.372074
2016-05-18,0.955240,14.158923,0.003667,6.087652
2016-05-19,2.897979,10.987533,0.005607,9.754301
2016-05-20,2.170612,13.454355,0.005823,9.622090
2016-05-21,1.393346,9.704083,0.004671,8.375140
2016-05-22,5.263603,14.189592,0.007905,8.056347
2016-05-23,4.651489,19.628725,0.007715,6.449393
2016-05-24,18.662019,31.218961,0.004661,5.332010
2016-05-25,16.602492,79.351463,0.004011,7.468306
2016-05-26,2.669858,25.509800,0.000745,7.276737
2016-05-27,1.458435,9.242154,0.000798,8.180040
2016-05-28,8.448174,16.512513,0.001744,6.599785
2016-05-29,21.929994,73.292957,0.003361,6.076759
2016-05-30,4.695098,38.428194,0.000877,8.264824
2016-05-31,6.349238,16.599309,0.002098,7.511886
2016-06-01,22.915544,72.871196,0.004037,6.983453
2016-06-02,15.655482,65.399455,0.004914,6.110247
2016-06-03,22.663851,98.992807,0.004872,18.635069
2016-06-04,17.506322,102.202068,0.004412,35.494601
2016-06-05,6.238770,59.841618,0.005068,26.180517
2016-06-06,17.467356,61.196442,0.007366,40.270219
2016-06-07,15.053181,74.218015,0.005496,55.752817
2016-06-08,18.195208,90.961315,0.007239,59.001987
2016-06-09,20.821411,118.754152,0.009549,72.513865
2016-06-10,28.709682,141.488486,0.010722,95.776915
2016-06-11,30.227459,151.159152,0.014415,127.219463
2016-06-12,31.670368,163.715678,0.010220,91.873912
2016-06-13,28.952393,147.715694,0.012249,113.273468
2016-06-14,28.019841,159.194666,0.011182,112.278689
2016-06-15,15.665356,106.779893,0.005744,78.998940
2016-06-16,28.383182,108.642481,0.010743,108.249137
2016-06-17,28.837171,126.941148,0.008169,142.895617
2016-06-18,27.894089,149.485481,0.008217,149.565088
2016-06-19,31.102471,183.611401,0.009623,156.703297
2016-06-20,31.976771,194.796798,0.013750,189.846663
2016-06-21,32.911737,191.774884,0.010167,173.749090
2016-06-22,33.726158,209.594615,0.011086,205.006185
2016-06-23,26.130954,228.852196,0.012333,228.136386
2016-06-24,31.712402,247.335857,0.013147,252.110626
2016-06-25,29.643507,247.190330,0.011467,212.371427
2016-06-26,34.684784,236.369835,0.016793,250.470292
2016-06-27,108.198273,526.842385,0.017232,273.350406
2016-06-28,63.445867,552.069441,0.017686,364.468354
2016-06-29,40.304547,383.729856,0.009956,259.238913
2016-06-30,46.180206,338.566261,0.011742,291.610593
2016-07-01,37.843973,320.291758,0.013211,333.240388
2016-07-02,45.051356,375.437527,0.012767,351.995506
2016-07-03,39.291492,356.513736,0.012492,341.313209
2016-07-04,41.227603,350.171507,0.011308,316.316936
2016-07-05,39.832851,344.454140,0.011736,327.072847
2016-07-06,38.161054,335.188106,0.013057,356.761059
2016-07-07,36.067027,315.737615,0.010251,336.182351
2016-07-08,40.865588,321.236773,0.016043,389.342441
2016-07-09,23.119138,302.036909,0.013670,376.572744
2016-07-10,35.363276,311.392620,0.012328,355.347531
2016-07-11,45.341318,376.355191,0.012259,355.628324
2016-07-12,44.429815,411.410226,0.012476,365.638337
2016-07-13,46.709123,466.746115,0.013073,395.861692
2016-07-14,34.988466,381.028876,0.014051,411.834729
2016-07-15,41.048684,377.496992,0.012059,414.800544
2016-07-16,28.816226,352.877589,0.012038,339.329823
2016-07-17,34.822238,359.483684,0.012423,339.184686
2016-07-18,35.014478,404.685211,0.010965,350.447596
2016-07-19,32.769719,413.515358,0.012291,354.081204
2016-07-20,41.666285,455.926677,0.011287,344.454865
2016-07-21,52.385532,603.809177,0.011372,399.995839
2016-07-22,42.514720,605.584809,0.011995,389.541935
2016-07-23,41.449533,620.380596,0.012798,411.585808
2016-07-24,36.794583,532.432087,0.010690,316.203077
2016-07-25,39.105784,547.831917,0.013871,396.420672
2016-07-26,34.084248,517.182355,0.012191,376.452111
2016-07-27,39.481650,583.882043,0.010553,359.065841
2016-07-28,30.621001,545.630964,0.011652,344.341918
2016-07-29,21.301619,407.259805,0.009284,271.212566
2016-07-30,18.987085,316.797424,0.011055,288.747102
2016-07-31,15.127598,270.895973,0.009549,264.942401
2016-08-01,8.630332,219.740799,0.008656,185.020129
2016-08-02,7.067000,184.051007,0.009179,182.687001
2016-08-03,8.913465,182.400399,0.009179,225.143082
2016-08-04,13.544736,227.453168,0.010056,244.148411
2016-08-05,20.742944,301.212458,0.009697,231.520354
2016-08-06,42.796287,539.197449,0.011197,326.623634
2016-08-07,26.746294,521.239958,0.011261,306.905323
2016-08-08,12.296513,324.203010,0.010790,243.462893
2016-08-09,10.043647,236.109978,0.010769,240.553625
2016-08-10,15.741326,259.717861,0.009903,320.782574
2016-08-11,9.654189,242.870516,0.008561,179.085412
2016-08-12,9.414107,203.732952,0.011108,281.495342
2016-08-13,13.183849,220.589589,0.007926,200.068652
2016-08-14,9.905314,177.793954,0.008767,111.512375
2016-08-15,133.524037,762.093806,0.016297,327.381669
2016-08-16,98.015297,921.755925,0.036181,533.471983
2016-08-17,43.251862,749.298318,0.016962,385.568128
2016-08-18,21.797113,410.234888,0.005797,185.481940
2016-08-19,12.479871,273.355376,0.006103,174.716558
2016-08-20,9.847468,203.403416,0.005522,145.546608
2016-08-21,20.123214,253.625488,0.006854,216.312544
2016-08-22,19.284668,279.810096,0.005189,147.951464
2016-08-23,12.675603,239.426299,0.004872,128.386394
2016-08-24,23.033541,268.462384,0.006436,145.406764
2016-08-25,19.749174,326.848437,0.007916,178.827710
2016-08-26,9.303791,259.832144,0.006457,185.370464
2016-08-27,3.745719,132.821031,0.005992,147.781673
2016-08-28,0.718109,72.325225,0.003974,27.703570
2016-08-29,6.922379,114.552980,0.005348,38.488210
2016-08-30,11.430432,244.674652,0.008233,159.115116
2016-08-31,0.255673,107.005111,0.003879,9.361089
2016-09-01,1.940743,67.341715,0.003657,15.460464
2016-09-02,0.064202,64.834558,0.003329,14.686487
2016-09-03,0.068810,49.261504,0.002859,8.706674
2016-09-04,0.085973,41.164633,0.003287,11.486693
2016-09-05,0.063429,53.727317,0.002970,11.201710
2016-09-06,0.065541,40.878690,0.003197,9.810349
2016-09-07,2.622892,36.696903,0.004840,9.683329
2016-09-08,3.170352,98.304981,0.007588,28.683101
2016-09-09,52.015188,324.380963,0.009031,97.381946
2016-09-10,5.577261,298.262404,0.006394,114.190818
2016-09-11,2.296926,194.267497,0.005638,82.006381
2016-09-12,0.403051,142.221115,0.003350,46.986408
2016-09-13,0.114845,76.283735,0.002452,10.532605
2016-09-14,0.070753,43.145376,0.004090,8.051170
2016-09-15,4.840090,54.819719,0.009607,81.171699
2016-09-16,15.651225,163.342447,0.013591,131.097561
2016-09-17,7.667442,117.399742,0.008233,75.896803
2016-09-18,0.048454,43.712472,0.002505,7.865905
2016-09-19,0.039311,19.558578,0.003070,7.480346
2016-09-20,1.018977,16.440479,0.002595,6.086263
2016-09-21,0.025643,11.562724,0.000766,5.392875
2016-09-22,0.015180,10.285147,0.001279,4.523539
2016-09-23,11.060980,54.653223,0.001337,6.279048
2016-09-24,3.200299,110.881328,0.001400,4.495464
2016-09-25,0.007972,34.714159,0.000824,4.987562
2016-09-26,0.034990,27.338078,0.000000,5.256518
2016-09-27,0.004470,26.085739,0.000000,5.313700
2016-09-28,0.006962,16.072656,0.000032,4.418274
2016-09-29,0.026347,10.094621,0.001009,4.390169
2016-09-30,1.143555,7.709959,0.000676,4.680616
2016-10-01,0.396627,7.355222,0.000000,4.370361
2016-10-02,0.007597,5.370997,0.002013,4.783825
2016-10-03,38.843849,61.369830,0.029830,25.837812
2016-10-04,26.782888,175.488814,0.006722,49.463522
2016-10-05,44.038302,160.267169,0.023943,67.430474
2016-10-06,17.211898,184.033580,0.028995,82.082573
2016-10-07,18.124834,155.558785,0.018585,117.334930
2016-10-08,19.535190,191.843537,0.019198,82.103525
2016-10-09,15.493213,172.028139,0.011958,57.310617
2016-10-10,0.073436,40.999631,0.000259,4.372620
2016-10-11,15.013449,25.870780,0.010854,30.924414
2016-10-12,25.695417,135.085213,0.013887,66.270433
2016-10-13,40.194866,274.427203,0.022300,78.058309
2016-10-14,0.322649,69.027048,0.000338,4.650485
2016-10-15,0.114756,11.352704,0.000011,4.852874
2016-10-16,0.090211,5.672378,0.000486,4.988957
2016-10-17,0.201052,4.978212,0.000777,4.336598
2016-10-18,0.123566,4.909351,0.000111,4.356273
2016-10-19,20.006547,19.341369,0.019118,12.685746
2016-10-20,20.384832,116.752867,0.013972,34.370345
2016-10-21,11.513724,32.929411,0.007187,17.382614
2016-10-22,6.533534,42.443329,0.003186,11.935163
2016-10-23,0.413906,8.607548,0.000951,4.246337
2016-10-24,0.484786,4.880917,0.000349,4.224599
2016-10-25,0.335731,4.832939,0.000021,4.186081
2016-10-26,2.275186,5.993906,0.000122,4.182099
2016-10-27,0.916171,10.521836,0.000386,4.185224
2016-10-28,0.346880,5.158558,0.000016,4.182264
2016-10-29,1.213663,5.196512,0.001009,4.159656
2016-10-30,2.785808,11.916335,0.000698,4.155899
2016-10-31,0.279399,5.659230,0.000000,4.423230
2016-11-01,0.249968,4.781799,0.000254,4.265303
2016-11-02,2.626844,6.662134,0.001321,4.125035
2016-11-03,6.845088,27.063155,0.003868,4.111083
2016-11-04,0.175934,7.802262,0.000100,4.156060
2016-11-05,0.169117,3.630949,0.000005,4.332604
2016-11-06,0.025898,3.647959,0.005337,4.180784
2016-11-07,0.023687,3.682624,0.000407,4.108041
2016-11-08,0.969061,6.479457,0.000248,4.122639
2016-11-09,0.017108,4.157141,0.000233,4.117503
2016-11-10,0.014157,3.727067,0.000011,4.141424
2016-11-11,0.013097,3.765505,0.000021,4.285479
2016-11-12,0.092693,3.745051,0.000148,4.104395
2016-11-13,0.074906,3.719312,0.000000,4.114951
2016-11-14,0.053951,3.528444,0.000000,4.074588
2016-11-15,0.040155,3.493261,0.000000,4.075665
2016-11-16,0.038935,3.488658,0.000000,4.073074
2016-11-17,0.092317,2.926470,0.000000,4.055475
2016-11-18,0.114070,2.814972,0.000000,4.050397
2016-11-19,0.066002,2.813893,0.000000,4.053677
2016-11-20,0.007324,2.797872,0.000000,4.040633
2016-11-21,0.004198,2.798934,0.000000,4.032679
2016-11-22,0.004273,2.799068,0.000000,4.037816
2016-11-23,0.004297,2.799042,0.000000,4.026986
2016-11-24,0.004266,2.825348,0.000000,4.003801
2016-11-25,0.004356,2.828763,0.000000,4.052778
2016-11-26,0.004344,2.834674,0.000000,3.993938
2016-11-27,0.001875,2.828551,0.000074,3.973948
2016-11-28,0.000105,2.792603,0.000000,3.997226
2016-11-29,0.000031,2.630388,0.000000,3.980663
2016-11-30,0.000040,2.360755,0.000000,4.000207
2016-12-01,0.000766,2.357896,0.000000,3.994597
2016-12-02,0.000000,2.357727,0.000000,4.000177
2016-12-03,0.000000,2.354182,0.000000,3.996941
2016-12-04,0.000000,2.322315,0.000000,3.985380
2016-12-05,0.000000,2.320220,0.000053,3.964928
2016-12-06,0.000000,2.331572,0.000000,3.972619
2016-12-07,0.000000,2.332258,0.000000,3.962731
2016-12-08,0.000000,2.311706,0.000000,3.973656
2016-12-09,0.000000,2.199572,0.000000,3.954880
2016-12-10,0.000000,2.161626,0.000285,3.978530
2016-12-11,0.000000,2.140491,0.000085,3.988618
2016-12-12,0.000000,2.128461,0.000000,4.002441
2016-12-13,0.000000,2.119365,0.000005,3.937001
2016-12-14,0.000000,2.116282,0.000111,4.016237
2016-12-15,0.000000,2.116815,0.000349,3.928062
2016-12-16,0.000000,2.113553,0.001279,3.930959
2016-12-17,0.000000,2.113407,0.000000,3.893298
2016-12-18,0.000000,2.114750,0.000000,3.953786
2016-12-19,0.000304,2.114007,0.000000,3.851103
2016-12-20,0.000614,2.113693,0.000000,3.838011
2016-12-21,0.000116,1.855954,0.000000,3.810981
2016-12-22,0.000123,1.817116,0.000000,3.836303
2016-12-23,0.000080,1.817069,0.000000,3.848396
2016-12-24,0.000033,1.817077,0.000000,3.799378
2016-12-25,0.000048,1.817059,0.000000,3.806304
2016-12-26,0.000079,1.815674,0.000000,3.821836
2016-12-27,0.000059,1.815131,0.000000,3.812532
2016-12-28,0.000042,1.813250,0.000005,3.762365
2016-12-29,0.000053,1.811647,0.000000,3.761549
2016-12-30,0.000058,2.224251,0.000000,3.769972
2016-12-31,0.000056,2.485406,0.000000,3.747206
2017-01-01,0.000000,1.256186,0.000000,3.749832
2017-01-02,0.000000,1.724456,0.000000,3.741516
2017-01-03,0.004219,1.750533,0.000000,3.724309
2017-01-04,0.010483,1.901191,0.000000,3.718689
2017-01-05,0.000868,1.617198,0.000000,3.740981
2017-01-06,0.000000,0.739327,0.000000,3.726699
2017-01-07,0.000000,0.518177,0.000000,3.717597
2017-01-08,0.000000,0.515847,0.000000,3.721548
2017-01-09,0.000000,0.514618,0.000000,3.711780
2017-01-10,0.000000,0.509067,0.000000,3.697028
2017-01-11,0.000000,0.505567,0.000000,3.714898
2017-01-12,0.000000,0.450355,0.000000,3.704889
2017-01-13,0.000000,0.412889,0.000000,3.695040
2017-01-14,0.000000,0.405245,0.000000,3.690100
2017-01-15,0.000000,0.405206,0.000000,3.771409
2017-01-16,0.000000,0.404945,0.000000,3.686224
2017-01-17,0.000000,0.405004,0.000000,3.702209
2017-01-18,0.000000,0.404016,0.000000,3.665826
2017-01-19,0.000000,0.383206,0.000000,3.657868
2017-01-20,0.000000,0.367262,0.000000,3.702238
2017-01-21,0.000000,0.365211,0.000000,3.689734
2017-01-22,0.000000,0.364941,0.000000,3.673704
2017-01-23,0.000000,0.365314,0.000164,3.681660
2017-01-24,0.000000,0.366005,0.000074,3.706225
2017-01-25,0.000000,0.365880,0.000000,3.663681
2017-01-26,0.000000,0.365695,0.000000,3.664382
2017-01-27,0.000000,0.366058,0.000005,3.642849
2017-01-28,0.000000,0.366515,0.000000,3.669071
2017-01-29,0.000000,0.367397,0.000000,3.628213
2017-01-30,0.000000,0.516061,0.000000,3.672190
2017-01-31,0.000000,0.808311,0.000000,3.622989
2017-02-01,0.000000,0.867188,0.000000,3.562382
2017-02-02,0.000000,0.890243,0.000000,3.575206
2017-02-03,0.000000,0.905336,0.000698,3.562572
2017-02-04,0.000000,0.904980,0.000306,3.563824
2017-02-05,0.000000,0.909720,-0.000005,3.545307
2017-02-06,0.000000,0.931351,0.000116,3.551669
2017-02-07,0.000000,0.928554,0.000724,3.583126
2017-02-08,0.000000,0.925219,0.000338,3.612905
2017-02-09,0.000000,0.919165,0.000005,3.532687
2017-02-10,0.000000,0.910726,0.000000,3.509605
2017-02-11,0.000000,0.908306,0.000000,3.486209
2017-02-12,0.000000,0.889620,0.000402,3.580033
2017-02-13,0.000000,0.831321,0.000000,3.493976
2017-02-14,0.000000,0.833697,0.000000,3.488054
2017-02-15,0.000000,0.848192,0.000000,3.482851
2017-02-16,0.000000,0.852312,0.000005,3.494161
2017-02-17,0.000000,0.850790,0.000000,3.480364
2017-02-18,0.000000,0.846406,0.000000,3.472917
2017-02-19,0.000000,0.845249,0.000000,3.481685
2017-02-20,0.000000,0.851819,0.000000,3.456128
2017-02-21,0.000000,0.851676,0.000000,3.471320
2017-02-22,0.000000,0.850663,0.000000,3.490336
2017-02-23,0.000000,0.847851,0.000000,3.463786
2017-02-24,0.000000,0.843887,0.000000,3.493240
2017-02-25,0.000000,0.842484,0.000000,3.485398
2017-02-26,0.000000,0.844527,0.000000,3.409449
2017-02-27,0.000000,0.851163,0.000000,3.430396
2017-02-28,0.000000,0.849556,0.000000,3.437108
2017-03-01,0.000000,0.846074,0.000000,3.425277
2017-03-02,0.000000,0.845715,0.000000,3.422875
2017-03-03,0.000000,0.842099,0.000000,3.418473
2017-03-04,0.000000,0.839487,0.000000,3.409031
2017-03-05,0.000000,0.837798,0.000005,3.417553
2017-03-06,0.000000,0.843537,0.000000,3.404320
2017-03-07,0.000000,0.845621,-0.000005,3.422349
2017-03-08,0.000000,0.841538,0.000000,3.458602
2017-03-09,0.000000,0.839272,0.000000,3.446854
2017-03-10,0.000000,0.835636,0.000005,3.423779
2017-03-11,0.000000,0.832284,0.000000,3.419328
2017-03-12,0.000000,0.831119,0.000000,3.462498
2017-03-13,0.000000,0.829425,0.000000,3.415824
2017-03-14,0.000000,0.831801,0.000000,3.418999
2017-03-15,0.000000,0.836699,0.000000,3.415423
2017-03-16,0.000000,0.816716,-0.000005,3.421946
2017-03-17,0.000000,0.684521,0.000000,3.415527
2017-03-18,0.000000,0.680198,0.000000,3.367347
2017-03-19,0.000000,0.495692,0.000000,3.409276
2017-03-20,0.000000,0.374331,0.000000,3.379703
2017-03-21,0.000000,0.598840,0.000005,3.395234
2017-03-22,0.000000,0.656593,0.000000,4.253796
2017-03-23,0.000000,0.663311,0.000000,3.373095
2017-03-24,0.000000,0.670426,0.000000,3.372216
2017-03-25,0.000000,0.669306,0.000000,3.377119
2017-03-26,0.000000,0.671129,0.000000,3.363410
2017-03-27,0.000000,0.667724,0.000000,3.354662
2017-03-28,0.000000,0.666364,0.000000,3.351302
2017-03-29,0.000000,0.667985,0.000000,3.342169
2017-03-30,0.000000,0.661957,0.000000,3.341860
2017-03-31,0.000000,0.662675,0.000000,3.333893
2017-04-01,0.000000,0.659194,0.000000,3.330849
2017-04-02,0.000000,0.654829,0.000000,3.319473
2017-04-03,0.000000,0.659157,0.000000,3.334407
2017-04-04,0.000000,0.663624,0.000000,3.308331
2017-04-05,0.000000,0.663775,0.000000,3.291519
2017-04-06,0.000000,0.664609,0.000000,3.354531
2017-04-07,0.000000,0.658326,0.000000,3.293740
2017-04-08,0.000000,0.656875,0.000000,3.312703
2017-04-09,0.000000,0.657236,0.000000,4.773988
2017-04-10,0.000000,0.651932,0.000000,3.415347
2017-04-11,0.000000,0.652607,0.000000,3.303262
2017-04-12,0.000000,0.650922,0.000000,3.313398
2017-04-13,0.000000,0.646646,0.000000,3.325439
2017-04-14,0.000000,0.656113,0.000000,3.299082
2017-04-15,0.000000,0.656535,0.000000,3.299456
2017-04-16,0.000000,0.654163,0.000000,3.314570
2017-04-17,0.000000,0.657499,0.000000,3.303608
2017-04-18,0.000000,0.652896,0.000000,3.334551
2017-04-19,0.000000,0.651966,0.000000,3.285523
2017-04-20,0.000000,0.651515,0.000000,3.269920
2017-04-21,0.000000,0.644605,0.000000,3.267281
2017-04-22,0.000000,0.645684,0.000000,3.273206
2017-04-23,0.000000,0.644262,0.000000,5.154831
2017-04-24,0.000000,0.641465,0.000000,6.792529
2017-04-25,0.000000,0.648616,0.002727,10.088759
2017-04-26,0.000000,0.649869,0.001390,6.909246
2017-04-27,0.000000,0.644185,0.000201,5.940932
2017-04-28,0.000000,0.644095,0.000507,3.268569
2017-04-29,0.000000,0.645129,0.001781,7.290971
2017-04-30,0.000000,0.637840,0.001871,6.750508
2017-05-01,0.000000,0.634707,0.010521,5.287016
2017-05-02,0.000000,0.634503,0.010051,5.647905
2017-05-03,0.181828,0.681998,0.046866,4.408178
2017-05-04,3.680627,10.702904,0.023821,5.998675
2017-05-05,8.423088,13.724702,0.003562,6.051355
2017-05-06,7.293069,20.321479,0.003620,5.686191
2017-05-07,6.964530,20.283769,0.004470,5.744269
2017-05-08,10.050211,20.104762,0.004143,5.851060
2017-05-09,17.712604,48.728766,0.011969,5.280120
2017-05-10,3.778719,27.301519,0.000819,3.457483
2017-05-11,0.922977,8.864857,0.000000,4.885659
2017-05-12,0.827221,4.440397,0.000000,5.818361
2017-05-13,0.728602,3.524906,0.000005,6.285052
2017-05-14,2.332671,4.285410,0.001416,8.735609
2017-05-15,13.513591,27.523978,0.001585,10.172679
2017-05-16,15.591584,34.244432,0.003488,7.892202
2017-05-17,10.090445,27.399853,0.002346,6.406468
2017-05-18,9.160795,26.324390,0.002462,6.483096
2017-05-19,15.614377,37.154187,0.006589,5.897634
2017-05-20,31.851347,98.829039,0.008613,4.717441
2017-05-21,36.554274,183.818038,0.008497,4.782045
2017-05-22,13.230314,102.261642,0.001950,7.520595
2017-05-23,12.325815,60.804171,0.006087,5.714090
2017-05-24,15.012911,61.866324,0.005068,7.012339
2017-05-25,8.261511,49.509521,0.002764,9.392432
2017-05-26,8.947058,42.495500,0.006605,31.206315
2017-05-27,10.428717,46.120657,0.006341,34.095739
2017-05-28,8.304718,35.811125,0.004988,25.424722
2017-05-29,12.357266,36.108478,0.008032,35.849479
2017-05-30,4.436258,28.285779,0.004227,53.750167
2017-05-31,3.844114,9.830445,0.000761,6.650394
2017-06-01,4.702526,12.512659,0.000037,14.698636
2017-06-02,12.365342,29.685181,0.002415,19.463567
2017-06-03,12.504953,41.213383,0.002890,32.428612
2017-06-04,16.795912,66.716398,0.004275,29.266881
2017-06-05,16.490060,76.618472,0.004914,36.261744
2017-06-06,18.378024,77.724604,0.008856,36.023300
2017-06-07,23.189756,114.130544,0.008888,61.668324
2017-06-08,21.741441,109.641583,0.007039,58.237970
2017-06-09,16.507152,98.519215,0.005184,49.167024
2017-06-10,16.622521,90.960108,0.006907,55.328452
2017-06-11,17.824223,98.264020,0.007134,66.353149
2017-06-12,20.852613,118.529765,0.007567,84.534229
2017-06-13,24.539760,140.141718,0.009417,117.253132
2017-06-14,25.066460,151.202869,0.010399,118.968443
2017-06-15,25.137645,151.092908,0.010061,121.102688
2017-06-16,22.649784,130.609524,0.011102,121.374774
2017-06-17,39.314397,208.003588,0.013993,123.104836
2017-06-18,28.417178,173.449976,0.011351,129.107535
2017-06-19,26.771869,158.995412,0.009596,118.495137
2017-06-20,40.812998,182.143498,0.009459,127.959964
2017-06-21,65.373470,282.110108,0.013470,163.126912
2017-06-22,59.676838,419.042668,0.010632,174.285627
2017-06-23,31.688330,222.532946,0.006225,172.535187
2017-06-24,25.813650,171.503279,0.007821,189.483489
2017-06-25,29.842338,185.707464,0.005337,189.597504
2017-06-26,30.134860,205.656055,0.005369,182.872131
2017-06-27,29.395502,204.378165,0.006785,198.144368
2017-06-28,28.086449,200.027797,0.006833,192.882620
2017-06-29,25.270191,180.296129,0.007054,183.527237
2017-06-30,23.438776,149.772461,0.008872,170.015099
2017-07-01,34.446589,198.157491,0.008925,156.085082
2017-07-02,10.692416,107.372977,0.005490,76.949877
2017-07-03,7.957927,38.325023,0.000476,65.092527
2017-07-04,8.819974,36.615341,0.001934,154.574007
2017-07-05,18.667437,74.910316,0.004249,189.932760
2017-07-06,30.551149,150.939714,0.007081,253.720859
2017-07-07,27.944347,174.668272,0.006230,227.665313
2017-07-08,33.908999,200.479146,0.005802,204.030482
2017-07-09,35.430543,227.263078,0.005924,208.902069
2017-07-10,28.353632,203.582034,0.006341,205.482370
2017-07-11,29.584032,189.781150,0.004840,194.425109
2017-07-12,28.426048,172.272458,0.006331,204.371850
2017-07-13,29.229217,174.913130,0.006870,208.746480
2017-07-14,28.223729,157.328495,0.008941,220.224011
2017-07-15,37.454374,182.098613,0.009765,248.492442
2017-07-16,48.933292,208.548887,0.009485,247.547813
2017-07-17,35.613875,245.104591,0.010563,184.662349
2017-07-18,46.220309,218.298937,0.018173,264.077632
2017-07-19,71.716230,408.556337,0.009348,199.348096
2017-07-20,50.136160,343.808076,0.011752,255.233174
2017-07-21,39.698353,297.732410,0.012767,274.277315
2017-07-22,144.374242,582.702066,0.015441,237.253635
2017-07-23,105.134625,1006.484889,0.013866,351.705874
2017-07-24,43.005384,424.051048,0.010991,276.512184
2017-07-25,55.855405,367.349810,0.013686,289.897879
2017-07-26,57.177374,462.158133,0.011499,334.424079
2017-07-27,56.394299,468.663310,0.010024,288.699245
2017-07-28,53.509836,489.524326,0.012038,300.394983
2017-07-29,60.944119,514.166315,0.012899,335.930790
2017-07-30,51.296531,457.343697,0.009797,277.396256
2017-07-31,47.373696,400.851467,0.009501,266.418700
2017-08-01,42.338162,379.485908,0.008973,246.113675
2017-08-02,42.761611,363.662994,0.009543,252.419573
2017-08-03,36.674965,342.546142,0.009205,237.790132
2017-08-04,19.051999,252.005394,0.007504,182.918699
2017-08-05,17.810655,181.018700,0.007144,167.188779
2017-08-06,19.698359,199.073688,0.008011,195.577537
2017-08-07,10.565846,142.127043,0.008323,187.203186
2017-08-08,15.753894,140.469157,0.008471,233.610101
2017-08-09,15.938340,157.828535,0.007234,158.358229
2017-08-10,23.338282,183.233816,0.008365,160.337582
2017-08-11,23.323490,216.762854,0.008106,197.005968
2017-08-12,25.590007,232.295591,0.007483,198.757772
2017-08-13,22.753494,237.499802,0.007366,228.572935
2017-08-14,20.747715,216.406411,0.007298,203.496408
2017-08-15,17.192859,157.796542,0.009401,185.999248
2017-08-16,15.102467,150.460642,0.007419,165.057600
2017-08-17,6.921219,99.898090,0.004587,61.063018
2017-08-18,4.817538,82.317510,0.007224,101.067236
2017-08-19,3.036238,64.156718,0.007387,153.161032
2017-08-20,1.907693,37.101070,0.007630,95.303922
2017-08-21,2.665719,30.533637,0.008487,141.066550
2017-08-22,7.610605,67.719067,0.009802,174.659216
2017-08-23,9.421070,93.117777,0.006679,173.043966
2017-08-24,13.855429,134.952274,0.006700,123.689870
2017-08-25,31.711658,216.193886,0.013126,206.291719
2017-08-26,50.936394,401.139440,0.019372,286.231742
2017-08-27,23.767905,286.373132,0.009247,208.011863
2017-08-28,11.085455,175.404592,0.005675,93.316753
2017-08-29,23.753142,214.349200,0.004946,89.545841
2017-08-30,15.836140,236.683873,0.004788,85.131007
2017-08-31,24.244999,227.283328,0.007630,209.503882
2017-09-01,19.700442,240.894907,0.008566,198.227767
2017-09-02,2.859433,139.728755,0.004360,46.984037
2017-09-03,19.770524,89.981322,0.007472,77.015350
2017-09-04,66.980159,399.530153,0.016476,218.102763
2017-09-05,16.019641,285.471114,0.006690,155.751592
2017-09-06,15.201873,204.647093,0.010854,196.198659
2017-09-07,0.757974,71.266899,0.002061,14.116751
2017-09-08,0.501918,25.412085,0.003086,13.688423
2017-09-09,2.057342,42.834098,0.004803,49.398070
2017-09-10,0.191170,20.791476,0.001448,14.618896
2017-09-11,0.133350,11.093163,0.002515,11.506323
2017-09-12,0.238289,12.763798,0.002573,11.624200
2017-09-13,0.214862,15.322920,0.000793,10.404985
2017-09-14,0.156674,19.802731,0.003297,10.597574
2017-09-15,6.354383,35.316581,0.009728,27.498926
2017-09-16,55.330787,222.156877,0.024825,260.248789
2017-09-17,43.144993,543.038578,0.028081,356.988993
2017-09-18,1.874508,155.715237,0.001501,77.513230
2017-09-19,28.932428,125.201472,0.008497,29.213627
2017-09-20,6.370479,107.208742,0.000698,30.090580
2017-09-21,36.178117,217.918453,0.008788,79.744389
2017-09-22,18.448639,237.045094,0.001923,47.824726
2017-09-23,18.992148,144.316978,0.001369,33.583265
2017-09-24,69.464954,396.607782,0.038633,249.913330
2017-09-25,6.675799,283.742006,0.011282,86.701245
2017-09-26,30.225102,103.413886,0.014981,109.560997
2017-09-27,80.787111,542.246372,0.031774,181.350258
2017-09-28,0.569302,178.428488,0.000137,6.136782
2017-09-29,0.538864,26.137981,0.000021,5.773118
2017-09-30,0.597320,24.736492,0.006537,13.064884
2017-10-01,6.487924,90.857169,0.002674,36.724491
2017-10-02,5.149528,89.668315,0.000877,16.115580
2017-10-03,2.287085,54.339774,0.000005,5.763207
2017-10-04,0.183540,13.253317,0.000000,6.962340
2017-10-05,0.171951,6.326454,0.000016,6.326326
2017-10-06,0.137229,5.346633,0.000011,5.935082
2017-10-07,6.666479,10.577309,0.003213,5.689146
2017-10-08,20.937722,64.712323,0.010928,15.485578
2017-10-09,10.176305,94.821543,0.003868,21.231694
2017-10-10,20.864803,88.452387,0.000359,5.778939
2017-10-11,18.981065,135.347237,0.005559,33.331316
2017-10-12,0.058814,31.267944,0.000000,5.604950
2017-10-13,0.100591,11.602840,0.000000,5.600102
2017-10-14,0.057849,7.450603,0.000000,5.590844
2017-10-15,0.074696,5.317614,0.000000,5.585151
2017-10-16,0.052039,5.107148,0.000000,5.577839
2017-10-17,0.157881,5.094228,0.001458,5.799832
2017-10-18,1.227198,5.637490,0.004492,5.909656
2017-10-19,6.175432,18.239620,0.007821,7.140485
2017-10-20,63.083712,111.354290,0.014880,33.050848
2017-10-21,11.565298,131.418326,0.002040,11.370769
2017-10-22,0.454792,20.667829,0.000000,5.548002
2017-10-23,1.699357,8.007625,0.000005,5.589449
2017-10-24,0.272027,7.255916,0.000069,5.851960
2017-10-25,0.177799,5.102373,0.000000,5.514317
2017-10-26,0.174800,4.842279,0.000634,5.504821
2017-10-27,0.541462,9.319020,0.002959,6.650160
2017-10-28,0.139989,6.974479,0.000000,5.489259
2017-10-29,0.072047,5.061283,0.000000,5.500071
2017-10-30,0.059227,4.857356,0.000005,5.480340
2017-10-31,0.063293,4.746690,0.000063,5.455251
2017-11-01,0.093311,4.704374,0.000000,5.595154
2017-11-02,0.085307,5.202642,0.000000,5.413749
2017-11-03,0.035333,5.386596,0.000000,5.430853
2017-11-04,0.014392,4.127258,0.000000,5.406729
2017-11-05,0.024833,1.203072,0.000000,5.436193
2017-11-06,0.049017,1.187553,0.000000,5.399249
2017-11-07,0.048310,1.187822,0.000000,5.386007
2017-11-08,0.067205,1.187170,0.000000,5.360298
2017-11-09,0.026835,1.186915,0.000000,5.359452
2017-11-10,0.046618,1.183213,0.000000,5.322975
2017-11-11,0.042243,1.180245,0.000000,5.354054
2017-11-12,0.034812,1.181418,0.000000,5.338979
2017-11-13,0.019028,1.200582,0.000000,5.317338
2017-11-14,0.057920,1.180021,0.000005,5.320660
2017-11-15,0.060506,1.177844,0.000000,5.284728
2017-11-16,0.034607,1.186033,0.000000,5.312796
2017-11-17,0.031282,1.175890,0.000000,5.273648
2017-11-18,0.044081,1.175152,0.000000,5.261559
2017-11-19,0.034382,1.174606,0.000000,5.261121
2017-11-20,0.022331,1.174235,0.000000,5.251575
2017-11-21,0.017835,1.172526,0.000000,5.253486
2017-11-22,0.038166,1.168817,0.000000,5.236769
2017-11-23,0.008560,1.167421,0.000000,5.214417
2017-11-24,0.043735,1.165395,0.000000,5.205387
2017-11-25,0.048049,1.161947,0.000000,5.207517
2017-11-26,0.084388,1.159711,0.000000,5.166890
2017-11-27,0.105202,1.158957,0.000000,5.160872
2017-11-28,0.059708,1.156791,0.000000,5.190764
2017-11-29,0.028232,1.155648,0.000185,5.152989
2017-11-30,0.012885,1.154216,0.000402,5.139776
2017-12-01,0.013387,1.151972,0.000005,5.138266
2017-12-02,0.016717,1.151921,0.000000,5.135444
2017-12-03,0.012368,1.143137,0.000000,5.092648
2017-12-04,0.020074,1.105973,0.000000,5.095721
2017-12-05,0.023323,1.104057,0.000000,5.074380
2017-12-06,0.028780,1.098971,0.000000,5.087152
2017-12-07,0.022965,1.097881,0.000000,5.053743
2017-12-08,0.014370,1.106884,0.000000,5.056950
2017-12-09,0.011069,1.089533,-0.000005,5.031167
2017-12-10,0.006230,1.085421,0.000000,5.010082
2017-12-11,0.011728,1.081336,0.000000,5.012351
2017-12-12,0.007965,1.078855,0.000005,5.024799
2017-12-13,0.004198,1.202489,0.000000,4.987846
2017-12-14,0.051820,1.272548,0.000000,4.976129
2017-12-15,0.032469,1.281730,0.000000,4.953200
2017-12-16,0.060153,1.396850,0.000000,4.973180
2017-12-17,0.081875,1.441967,0.000000,4.940841
2017-12-18,0.005449,1.440797,0.000000,4.928402
2017-12-19,0.003429,1.439187,0.000000,4.913346
2017-12-20,0.033879,1.436868,0.000000,4.900357
2017-12-21,0.007186,1.434101,0.000000,4.874909
2017-12-22,0.008444,1.403322,0.000000,4.872035
2017-12-23,0.018711,0.975459,0.000000,4.864528
2017-12-24,0.047515,0.870826,0.000000,4.854980
2017-12-25,0.049736,0.867856,0.000000,4.845300
2017-12-26,0.053881,0.861576,0.000000,4.836390
2017-12-27,0.078210,0.859616,0.000000,4.832942
2017-12-28,0.065120,0.857183,0.000000,4.816200
2017-12-29,0.018373,0.856341,0.000000,4.815665
2017-12-30,0.013524,0.418865,0.000000,4.805812
2017-12-31,0.014990,0.342522,0.000000,6.845070
2018-01-01,0.000000,0.468375,0.000000,4.775499
2018-01-02,0.000000,0.569530,0.000000,4.778064
2018-01-03,0.000000,0.541370,0.000000,4.763950
2018-01-04,0.000000,0.526058,0.000000,4.740264
2018-01-05,0.000000,0.521857,0.000000,4.759589
2018-01-06,0.004834,0.486454,0.000000,4.732331
2018-01-07,0.002052,0.425250,0.000000,4.716443
2018-01-08,0.001174,0.425184,0.000000,4.692215
2018-01-09,0.000897,0.424214,0.000000,4.686249
2018-01-10,0.000966,0.424252,0.000000,4.758536
2018-01-11,0.000888,0.424048,0.000100,4.674387
2018-01-12,0.007924,0.424215,0.000306,4.623514
2018-01-13,0.003523,0.424059,0.000000,4.618308
2018-01-14,0.000915,0.423647,0.000048,4.616979
2018-01-15,0.011201,0.423536,0.000000,4.624283
2018-01-16,0.011531,0.423292,0.000000,4.608249
2018-01-17,0.003119,0.422975,0.000000,4.601833
2018-01-18,0.000876,0.423781,0.000000,4.598032
2018-01-19,0.000902,0.425223,0.000000,4.571455
2018-01-20,0.000891,0.425074,0.000000,4.582688
2018-01-21,0.000887,0.424829,0.000000,4.545509
2018-01-22,0.009363,0.424933,0.000000,4.560053
2018-01-23,0.011385,0.424905,0.000000,4.546334
2018-01-24,0.011403,0.424901,0.000000,4.527039
2018-01-25,0.008066,0.424663,0.000000,4.519445
2018-01-26,0.000000,0.422010,0.000000,4.483706
2018-01-27,0.000000,0.421456,0.000000,4.480782
2018-01-28,0.000000,0.420780,0.000000,4.502951
2018-01-29,0.000000,0.419921,0.000000,4.480883
2018-01-30,0.000000,0.419800,0.000000,4.470584
2018-01-31,0.000000,0.419842,0.000000,4.457443
2018-02-01,0.000000,0.419612,0.000000,4.474974
2018-02-02,0.000000,0.419641,0.000000,4.445623
2018-02-03,0.000000,0.419308,0.000000,4.463960
2018-02-04,0.000000,0.419047,0.000000,4.459702
2018-02-05,0.000000,0.419030,0.000000,4.457317
2018-02-06,0.000000,0.418741,0.000000,4.420894
2018-02-07,0.000000,0.418869,0.000000,4.439570
2018-02-08,0.000000,0.418747,0.000000,4.404474
2018-02-09,0.000000,0.418612,0.000000,4.433613
2018-02-10,0.000000,0.418619,0.000000,4.438355
2018-02-11,0.000000,0.418379,0.000000,4.402228
2018-02-12,0.000000,0.418524,0.000000,4.397101
2018-02-13,0.000000,0.418444,0.000000,4.378280
2018-02-14,0.000000,0.418426,0.000000,4.364558
2018-02-15,0.000000,0.418412,0.000011,4.373916
2018-02-16,0.000000,0.418193,0.000227,4.366934
2018-02-17,0.000000,0.418383,0.000000,4.366583
2018-02-18,0.000000,0.419297,0.000000,4.367899
2018-02-19,0.000000,0.419246,0.000016,4.375966
2018-02-20,0.000000,0.418831,0.000011,4.377975
2018-02-21,0.000000,0.418076,0.000074,4.302994
2018-02-22,0.000000,0.417619,-0.000005,4.271050
2018-02-23,0.000000,0.417392,0.000000,4.300878
2018-02-24,0.000000,0.417289,0.001680,4.296352
2018-02-25,0.000000,0.418126,0.000159,4.362768
2018-02-26,0.000000,0.418386,0.006177,4.325947
2018-02-27,0.000000,0.418575,0.000000,4.203472
2018-02-28,0.000000,0.418130,0.000000,4.194690
2018-03-01,0.000000,0.417137,0.000000,4.176687
2018-03-02,0.000000,0.416877,0.000000,4.198013
2018-03-03,0.000000,0.416849,0.000000,4.159172
2018-03-04,0.000000,0.416848,0.000000,4.186661
2018-03-05,0.000000,0.416824,0.000000,4.109430
2018-03-06,0.000000,0.418747,0.000000,4.168414
2018-03-07,0.000000,0.428750,0.000000,4.153952
2018-03-08,0.000000,0.426887,0.000000,4.127941
2018-03-09,0.000000,0.425391,0.000000,4.100624
2018-03-10,0.000000,0.425199,0.000000,4.102155
2018-03-11,0.000000,0.424995,0.000000,4.086991
2018-03-12,0.000000,0.425169,0.000000,4.062453
2018-03-13,0.000016,0.425142,0.000000,4.056893
2018-03-14,0.000293,0.427657,0.000000,4.049022
2018-03-15,0.000297,0.428154,0.000000,4.039204
2018-03-16,0.000270,0.428015,0.000000,4.033901
2018-03-17,0.000304,0.428204,0.000000,4.008156
2018-03-18,0.035511,0.427944,0.000000,4.755875
2018-03-19,0.064414,0.425139,0.000000,4.393089
2018-03-20,0.066691,0.425115,0.000000,4.796456
2018-03-21,0.038072,0.424977,0.000000,3.998562
2018-03-22,0.068492,0.425163,0.000000,4.017550
2018-03-23,0.064693,0.425138,0.000000,4.039759
2018-03-24,0.064390,0.425137,0.000000,4.020557
2018-03-25,0.064542,0.425115,0.000000,4.047993
2018-03-26,0.015722,0.425283,0.000000,4.008341
2018-03-27,0.005324,0.425804,0.000000,4.059179
2018-03-28,0.005323,0.425735,0.000000,3.989745
2018-03-29,0.005184,0.425704,0.000000,4.004720
2018-03-30,0.005342,0.425152,0.000000,3.967119
2018-03-31,0.027539,0.425112,0.000000,3.963931
2018-04-01,0.094556,0.424945,0.000000,3.963874
2018-04-02,0.079428,0.425134,0.000000,3.930890
2018-04-03,0.068148,0.425115,0.000000,3.951731
2018-04-04,0.067699,0.425120,0.000000,3.938702
2018-04-05,0.067680,0.425069,0.000000,3.981008
2018-04-06,0.065911,0.424649,0.000000,3.986855
2018-04-07,0.008642,0.424799,0.000000,3.975681
2018-04-08,0.025198,0.424630,0.000000,3.978266
2018-04-09,0.015629,0.424578,0.000000,3.998235
2018-04-10,0.008739,0.425056,0.000000,3.960205
2018-04-11,0.008672,0.424888,0.000000,3.966590
2018-04-12,0.008911,0.424428,0.000359,5.328411
2018-04-13,0.010488,0.424016,0.001543,5.108958
2018-04-14,0.047230,0.424034,0.000169,5.342538
2018-04-15,0.045041,0.551114,0.001184,6.688534
2018-04-16,0.009069,0.584561,0.002737,7.502943
2018-04-17,0.000537,0.535842,0.004877,7.325575
2018-04-18,0.280982,0.588911,0.002536,7.127709
2018-04-19,2.379386,8.820878,0.001495,8.564652
2018-04-20,1.943572,4.547683,0.000000,10.137531
2018-04-21,0.702828,2.005322,0.000000,4.789939
2018-04-22,0.556097,0.648689,0.000000,7.163538
2018-04-23,0.448473,0.483970,0.000000,7.427525
2018-04-24,0.367008,0.485616,0.000000,4.633730
2018-04-25,0.289872,0.480341,0.000000,3.866473
2018-04-26,0.251605,0.476742,0.000000,4.908914
2018-04-27,0.253208,0.479858,0.000000,5.073832
2018-04-28,0.207107,0.480611,0.000069,4.042894
2018-04-29,0.179686,0.480437,0.000000,4.570588
2018-04-30,0.149596,0.485694,0.000000,5.093945
2018-05-01,0.147466,0.486845,0.000000,3.836476
2018-05-02,0.140110,0.484477,0.000000,4.376701
2018-05-03,0.151823,0.484692,0.000000,3.829820
2018-05-04,0.115375,0.488930,0.000000,4.625962
2018-05-05,0.105328,0.486225,0.000000,3.826162
2018-05-06,0.117201,0.479690,0.000000,5.644462
2018-05-07,0.083164,0.482942,0.000000,5.486779
2018-05-08,0.078059,0.482278,0.000032,3.761623
2018-05-09,0.057473,0.479953,0.000676,3.817799
2018-05-10,0.043836,0.477354,0.001115,8.874754
2018-05-11,0.043377,0.478348,0.000000,10.074372
2018-05-12,0.039312,0.481317,0.000491,9.547307
2018-05-13,0.173172,0.475989,0.001997,7.301679
2018-05-14,4.407168,2.949778,0.004978,8.469107
2018-05-15,3.911842,6.953494,0.000639,8.308489
2018-05-16,0.873006,3.807468,0.000719,8.477897
2018-05-17,7.204940,5.154347,0.005649,6.718749
2018-05-18,6.597554,17.098244,0.001506,9.770226
2018-05-19,0.412378,5.108621,0.000000,8.894604
2018-05-20,3.024206,3.415407,0.000740,8.488973
2018-05-21,4.659355,6.740874,0.001316,8.454676
2018-05-22,5.993247,7.565273,0.002367,6.955909
2018-05-23,6.914777,23.376099,0.002832,6.723354
2018-05-24,3.594794,8.252736,0.000211,10.773493
2018-05-25,0.736880,4.240614,0.000000,10.778459
2018-05-26,6.792997,10.856946,0.001326,7.165913
2018-05-27,5.828686,13.113936,0.001062,10.918416
2018-05-28,0.663445,5.938869,0.000370,9.203810
2018-05-29,10.987024,11.059867,0.010088,7.273198
2018-05-30,12.712922,39.536096,0.008634,7.759946
2018-05-31,6.845730,23.696824,0.004053,6.907209
2018-06-01,8.351045,19.657854,0.005369,6.752607
2018-06-02,14.646945,30.051227,0.007261,6.201995
2018-06-03,24.694015,67.321046,0.005755,5.981620
2018-06-04,14.961442,55.722272,0.008888,6.063927
2018-06-05,13.756268,49.671862,0.008122,5.798155
2018-06-06,18.780877,68.106507,0.008925,5.583674
2018-06-07,16.546872,78.737262,0.007535,5.012891
2018-06-08,19.739400,88.379439,0.008619,5.669914
2018-06-09,16.212156,71.963535,0.006558,6.263332
2018-06-10,18.275607,89.510329,0.005004,8.257795
2018-06-11,18.412809,73.183691,0.005612,6.213025
2018-06-12,13.725363,66.282430,0.005464,6.013067
2018-06-13,15.447791,68.040345,0.006405,6.533661
2018-06-14,18.042864,80.365996,0.006790,8.125235
2018-06-15,13.218404,69.263990,0.006901,31.184042
2018-06-16,10.109882,56.837524,0.004677,22.780597
2018-06-17,13.119418,57.549146,0.005876,37.600311
2018-06-18,11.961473,62.187351,0.005585,30.906697
2018-06-19,12.288490,68.623224,0.005860,24.485906
2018-06-20,13.778569,83.548569,0.006663,23.791386
2018-06-21,18.308309,87.862771,0.006901,25.161098
2018-06-22,23.450598,129.546474,0.012698,37.960084
2018-06-23,30.447930,129.307307,0.017068,36.051964
2018-06-24,41.391673,242.230261,0.008941,46.805758
2018-06-25,22.237895,142.750610,0.006362,64.701643
2018-06-26,21.354188,120.224113,0.004724,78.251756
2018-06-27,22.568357,126.953649,0.005876,82.776965
2018-06-28,22.713808,116.169121,0.009237,104.141384
2018-06-29,43.610398,252.960797,0.016952,119.646388
2018-06-30,27.678494,189.527198,0.008856,88.074596
2018-07-01,28.733490,177.085373,0.007874,94.882271
2018-07-02,56.973485,302.700863,0.019171,124.564893
2018-07-03,31.156748,262.613293,0.007398,118.600532
2018-07-04,21.776598,165.888383,0.005068,103.916769
2018-07-05,22.617175,140.649241,0.008048,120.406933
2018-07-06,26.859743,170.483239,0.007652,128.362399
2018-07-07,27.982182,195.129121,0.007176,132.416612
2018-07-08,22.586930,162.959167,0.009617,107.644249
2018-07-09,36.883206,238.646121,0.014135,163.121629
2018-07-10,21.927092,174.666099,0.010188,181.134922
2018-07-11,29.003746,184.284449,0.010267,174.485255
2018-07-12,33.748058,266.416064,0.011118,196.444348
2018-07-13,33.331674,252.100399,0.013898,204.067476
2018-07-14,44.079568,302.654928,0.012656,210.177006
2018-07-15,52.347476,422.923953,0.011604,234.890043
2018-07-16,31.631019,285.838081,0.012038,201.258143
2018-07-17,33.646411,294.564415,0.011757,233.407430
2018-07-18,27.993961,250.495909,0.011028,197.026532
2018-07-19,25.731760,238.712512,0.011525,237.688057
2018-07-20,25.147848,215.519798,0.009374,239.762149
2018-07-21,39.673111,305.337282,0.009712,222.276000
2018-07-22,25.133398,255.111441,0.011731,290.086388
2018-07-23,30.486886,252.154547,0.009786,228.098832
2018-07-24,25.909831,239.178894,0.009269,220.515222
2018-07-25,14.793893,182.718344,0.008592,194.760529
2018-07-26,15.545778,150.996798,0.009565,211.315394
2018-07-27,22.974473,183.219541,0.009575,229.296968
2018-07-28,30.548941,230.676647,0.010859,235.119767
2018-07-29,112.471085,720.328992,0.017597,477.966911
2018-07-30,110.609871,1018.062488,0.013972,361.622199
2018-07-31,69.211209,731.516311,0.015573,325.809585
2018-08-01,33.793524,409.347853,0.011879,320.650854
2018-08-02,29.217174,305.072958,0.009353,277.558302
2018-08-03,31.306019,272.229225,0.011012,254.647758
2018-08-04,33.048388,277.536114,0.008180,252.925261
2018-08-05,29.998108,277.173343,0.007609,248.695787
2018-08-06,24.600717,244.763189,0.006938,194.622732
2018-08-07,29.833906,235.418265,0.008819,220.431123
2018-08-08,32.358441,336.436760,0.008772,236.646048
2018-08-09,19.671699,295.705055,0.008804,255.328051
2018-08-10,20.843605,231.163367,0.009543,222.791915
2018-08-11,27.701840,258.044479,0.011773,329.841548
2018-08-12,30.893578,335.087308,0.011414,326.169277
2018-08-13,22.209995,274.635690,0.009364,257.570944
2018-08-14,16.830514,221.405395,0.007990,210.379229
2018-08-15,15.733890,187.313870,0.008841,189.210348
2018-08-16,11.275753,166.911928,0.007763,185.670417
2018-08-17,8.312341,150.049356,0.007081,143.134688
2018-08-18,7.107815,136.468458,0.005823,101.795769
2018-08-19,3.330924,107.873581,0.006098,96.020791
2018-08-20,2.079705,81.110461,0.006373,94.154841
2018-08-21,8.858527,125.292080,0.007076,147.628686
2018-08-22,7.363321,190.516357,0.008006,189.715212
2018-08-23,1.543403,99.353950,0.005242,42.197349
2018-08-24,0.551021,61.636875,0.005062,26.730442
2018-08-25,0.178783,37.098285,0.004714,15.411222
2018-08-26,1.928748,34.031840,0.005538,14.976295
2018-08-27,1.168493,45.702050,0.004883,34.261307
2018-08-28,0.485024,37.168296,0.003646,13.795948
2018-08-29,0.502068,31.263090,0.003995,13.176069
2018-08-30,18.083247,29.300629,0.014278,54.702949
2018-08-31,53.005111,272.166809,0.028366,181.559217
2018-09-01,22.510717,326.778220,0.008317,126.583159
2018-09-02,0.901520,110.421630,0.006447,98.506178
2018-09-03,0.534269,34.420385,0.002843,20.666789
2018-09-04,0.372884,28.587154,0.003334,18.670697
2018-09-05,0.275281,28.717430,0.004328,51.454337
2018-09-06,0.888911,32.390685,0.007419,91.138075
2018-09-07,59.831599,302.074040,0.049165,297.360484
2018-09-08,22.810019,353.634816,0.014548,213.376989
2018-09-09,43.827590,395.482719,0.023288,287.211481
2018-09-10,23.773563,354.362712,0.019742,249.788736
2018-09-11,14.776948,239.639140,0.010088,163.785518
2018-09-12,16.838544,204.703562,0.004629,107.958583
2018-09-13,5.412785,150.625260,0.004719,62.270103
2018-09-14,4.452125,71.948150,0.003392,32.338352
2018-09-15,3.764722,45.855892,0.003472,25.433538
2018-09-16,0.999320,33.939826,0.002336,16.038870
2018-09-17,1.000751,50.833295,0.002647,23.703041
2018-09-18,0.251059,33.283233,0.000275,8.220661
2018-09-19,0.142436,13.095387,0.000000,6.015251
2018-09-20,0.121068,6.704899,0.000000,5.998248
2018-09-21,0.174281,5.186695,0.000000,5.952332
2018-09-22,0.135268,4.875893,0.000000,7.186876
2018-09-23,0.100756,4.614882,0.000000,7.936351
2018-09-24,0.113549,4.500911,0.000306,6.343816
2018-09-25,0.073863,4.365895,0.000222,5.853838
2018-09-26,0.060656,4.360513,0.000000,5.828012
2018-09-27,0.116029,4.321816,0.000016,5.807823
2018-09-28,0.992059,4.161375,0.000180,5.763085
2018-09-29,0.106124,4.082881,0.000000,6.498926
2018-09-30,0.053469,4.021424,0.000000,7.440332
2018-10-01,0.130063,4.013958,0.000000,5.737336
2018-10-02,0.526356,4.023043,0.000016,5.717496
2018-10-03,0.370420,4.287170,0.000365,5.693406
2018-10-04,0.144024,4.099187,0.000000,5.687780
2018-10-05,0.035049,3.264795,0.000000,6.666039
2018-10-06,0.054363,2.743191,0.000116,5.659753
2018-10-07,0.034423,2.648277,0.000190,5.640397
2018-10-08,0.033372,2.627138,0.000000,5.614249
2018-10-09,0.054066,2.632172,0.000000,5.596108
2018-10-10,0.035277,2.641341,0.000000,5.603958
2018-10-11,0.045537,2.680163,0.001776,5.566281
2018-10-12,18.343849,33.394642,0.003884,5.564992
2018-10-13,0.303255,10.152983,0.000011,5.518324
2018-10-14,0.033009,3.350631,0.000016,5.503458
2018-10-15,0.077159,2.716705,0.000011,5.509945
2018-10-16,0.162223,2.789736,0.000618,5.480836
2018-10-17,0.147211,3.074733,0.000000,5.472325
2018-10-18,0.393785,3.139301,0.000798,5.464887
2018-10-19,4.376321,9.539560,0.001575,5.452969
2018-10-20,0.035115,4.235998,0.000111,5.423850
2018-10-21,0.027813,2.892293,0.000000,5.420591
2018-10-22,0.071493,2.864771,0.000000,5.457894
2018-10-23,0.040512,2.780362,0.000000,5.385095
2018-10-24,0.040302,2.727144,-0.000005,5.372699
2018-10-25,0.045178,2.263025,0.000000,5.345967
2018-10-26,0.037051,2.245461,0.000000,5.680397
2018-10-27,0.029371,2.276039,0.000000,5.356257
2018-10-28,0.084511,2.292792,0.000085,5.362446
2018-10-29,0.043258,2.294142,0.000000,5.327991
2018-10-30,0.057971,2.292428,0.000000,5.287855
2018-10-31,0.057888,2.290293,0.000011,5.341741
2018-11-01,0.072804,2.289628,0.000000,5.302528
2018-11-02,0.051309,2.290122,0.000000,5.302528
2018-11-03,0.030437,2.293375,0.000000,5.252021
2018-11-04,0.022815,2.293264,0.000000,5.250381
2018-11-05,0.022467,2.294965,0.000000,5.273263
2018-11-06,0.033564,2.308944,0.000000,5.251724
2018-11-07,0.024463,2.316900,0.000137,5.229477
2018-11-08,14.539965,12.218829,0.002801,5.232746
2018-11-09,20.543349,67.339653,0.001585,5.212877
2018-11-10,0.274796,9.671635,0.000000,5.172352
2018-11-11,0.248247,2.341193,0.000000,5.188648
2018-11-12,0.158965,2.323322,0.000000,5.162637
2018-11-13,0.113336,2.327975,0.000000,5.142913
2018-11-14,0.083989,2.327738,0.000000,5.129648
2018-11-15,0.093763,2.314318,0.000000,5.106622
2018-11-16,0.109935,2.312625,0.000000,5.118888
2018-11-17,0.079699,2.313581,0.017332,5.135475
2018-11-18,2.111725,3.645979,0.007942,5.155545
2018-11-19,0.016188,2.310783,0.000967,5.096257
2018-11-20,0.021327,2.372211,0.000380,5.069058
2018-11-21,1.755437,3.855508,0.000032,5.060627
2018-11-22,0.014510,2.460606,0.000000,5.071701
2018-11-23,0.057543,2.430485,0.000000,5.052762
2018-11-24,0.020942,2.429933,0.000000,5.064934
2018-11-25,0.021542,2.433137,0.000000,5.039644
2018-11-26,0.021267,2.431976,0.000000,5.047462
2018-11-27,0.020779,2.364865,0.000000,5.026189
2018-11-28,0.056170,1.345775,0.000000,5.027816
2018-11-29,0.058859,1.355903,0.000000,5.014447
2018-11-30,0.015132,1.356933,0.000000,4.995583
2018-12-01,0.009614,1.357424,0.000000,4.994157
2018-12-02,0.025529,1.359134,0.000000,4.991336
2018-12-03,0.116586,1.359249,0.000000,4.975492
2018-12-04,0.090775,1.359265,0.000000,4.984920
2018-12-05,0.040702,1.360358,0.000000,4.954773
2018-12-06,0.017438,1.366413,0.000000,4.955065
2018-12-07,0.021608,1.370033,0.000000,4.953130
2018-12-08,0.076570,1.370081,0.000000,4.920239
2018-12-09,0.078475,1.369996,0.000000,4.939074
2018-12-10,0.052839,1.367486,0.000000,4.910965
2018-12-11,0.018316,1.366194,0.000000,4.916890
2018-12-12,0.011556,1.366840,0.000011,4.912660
2018-12-13,0.014927,1.366805,0.000386,4.887303
2018-12-14,0.463836,1.366773,0.001411,4.879151
2018-12-15,0.538907,1.461047,0.000328,4.868649
2018-12-16,0.062784,1.503116,0.000000,4.875941
2018-12-17,0.012868,1.366949,0.000053,4.838079
2018-12-18,0.035507,1.366873,0.000000,4.842028
2018-12-19,0.037333,1.366397,0.000000,4.831318
2018-12-20,0.013139,1.364482,0.000000,4.834210
2018-12-21,0.011089,1.363907,0.000000,4.784311
2018-12-22,0.030327,1.364423,0.000000,4.804678
2018-12-23,0.056887,1.363610,0.000000,4.805805
2018-12-24,0.063894,1.363684,0.000000,4.782742
2018-12-25,0.028659,1.363728,0.000000,4.782638
2018-12-26,0.023699,1.361492,0.000000,4.773232
2018-12-27,0.035567,1.360770,0.000000,4.771574
2018-12-28,0.088391,1.358469,0.000000,4.717428
2018-12-29,0.148603,1.357972,0.000000,4.749145
2018-12-30,0.130662,0.711680,0.000000,4.715722
2018-12-31,0.079784,0.711561,0.000000,4.726885
2019-01-01,0.003502,0.299667,0.000000,4.720804
2019-01-02,0.003452,0.175002,0.000074,4.729386
2019-01-03,0.001022,0.163729,0.004957,4.716560
2019-01-04,0.020069,0.158323,0.000528,4.662684
2019-01-05,0.026629,0.138193,0.000000,4.673389
2019-01-06,0.016267,0.060172,0.000000,4.660627
2019-01-07,0.000000,0.060455,0.000000,4.650008
2019-01-08,0.000000,0.060750,0.000011,4.625557
2019-01-09,0.006649,0.060746,0.000000,4.610806
2019-01-10,0.000000,0.060112,0.000000,4.628644
2019-01-11,0.007321,0.060062,0.000000,4.598933
2019-01-12,0.000000,0.060088,0.000000,4.584897
2019-01-13,0.001480,0.040685,0.000000,4.576731
2019-01-14,0.004852,0.014480,0.000000,4.562297
2019-01-15,0.001712,0.011982,0.000000,4.560214
2019-01-16,0.000000,0.019806,0.000000,4.521213
2019-01-17,0.000000,0.113162,0.000000,4.539097
2019-01-18,0.000000,0.242265,0.000000,4.534588
2019-01-19,0.000000,0.278672,0.000000,4.548405
2019-01-20,0.000000,0.286125,0.000000,4.503565
2019-01-21,0.000000,0.293200,0.000000,4.499212
2019-01-22,0.000000,0.304503,0.000011,4.480996
2019-01-23,0.000000,0.318664,0.000000,4.495170
2019-01-24,0.000000,0.334859,0.000000,4.468743
2019-01-25,0.000000,0.349771,0.000000,4.460764
2019-01-26,0.000000,0.446695,0.000000,4.477424
2019-01-27,0.000000,1.098524,0.000000,4.443896
2019-01-28,0.000000,1.432217,0.000000,4.470849
2019-01-29,0.000000,1.550367,0.000000,4.446818
2019-01-30,0.000000,1.529835,0.000000,4.428086
2019-01-31,0.000000,1.577330,0.000000,4.436620
2019-02-01,0.000000,0.345530,0.000000,4.426652
2019-02-02,0.000000,0.221546,0.000000,4.422235
2019-02-03,0.000000,1.038784,0.000000,4.405239
2019-02-04,0.000000,1.412855,0.000000,4.402405
2019-02-05,0.000000,1.460143,0.000000,4.408650
2019-02-06,0.000000,1.469366,0.000000,4.406028
2019-02-07,0.000000,1.485078,0.000000,4.393496
2019-02-08,0.000000,1.416144,0.000000,4.380125
2019-02-09,0.000000,1.083129,0.000000,4.374638
2019-02-10,0.000000,0.570138,0.000000,4.362588
2019-02-11,0.000000,0.877612,0.000000,4.368118
2019-02-12,0.000000,1.322899,0.000000,4.370939
2019-02-13,0.000000,1.380336,0.000000,4.348398
2019-02-14,0.000000,1.379061,0.000000,4.308642
2019-02-15,0.000000,1.384975,0.000000,4.356036
2019-02-16,0.000000,1.345242,0.000000,4.333814
2019-02-17,0.000000,1.312498,0.000000,4.328059
2019-02-18,0.000000,0.757600,0.000000,4.331008
2019-02-19,0.000000,1.285976,0.000000,4.318538
2019-02-20,0.000000,1.371195,0.000000,4.303447
2019-02-21,0.000000,1.382974,0.000000,4.337927
2019-02-22,0.000000,1.434907,0.000016,4.279301
2019-02-23,0.000000,1.492760,0.000127,4.327766
2019-02-24,0.000000,1.590356,0.000000,4.249721
2019-02-25,0.000000,1.669851,0.000000,4.304893
2019-02-26,0.000000,1.745543,0.000872,4.226473
2019-02-27,0.000000,1.532744,0.000011,4.225876
2019-02-28,0.000000,1.474561,0.000000,4.242245
2019-03-01,0.000000,1.157953,0.000000,4.206314
2019-03-02,0.000000,0.074810,0.000000,4.213915
2019-03-03,0.000000,0.205104,0.000000,4.215046
2019-03-04,0.000000,0.370145,0.000000,4.225685
2019-03-05,0.000000,0.395779,0.000000,4.169193
2019-03-06,0.000000,0.402732,0.000000,4.184304
2019-03-07,0.000000,0.393848,0.000000,4.177639
2019-03-08,0.000000,0.396710,0.000000,4.174881
2019-03-09,0.000000,0.402282,0.000000,4.180882
2019-03-10,0.000000,0.398152,0.000000,4.169053
2019-03-11,0.000000,0.387459,0.000000,4.167773
2019-03-12,0.000000,0.386306,0.000000,4.158183
2019-03-13,0.000000,0.383029,0.000000,4.141401
2019-03-14,0.000000,0.388671,0.000000,4.141090
2019-03-15,0.000000,0.390193,0.000000,4.162661
2019-03-16,0.000000,0.389101,0.000000,4.143847
2019-03-17,0.000000,0.385918,0.000000,4.120229
2019-03-18,0.000000,0.388760,0.000000,4.130694
2019-03-19,0.000000,0.391347,0.000000,4.173480
2019-03-20,0.000000,0.380007,0.000000,4.111313
2019-03-21,0.000000,0.102234,0.000000,4.080102
2019-03-22,0.000000,0.324385,0.000000,4.220963
2019-03-23,0.000000,0.375227,0.000000,4.096972
2019-03-24,0.000000,0.379818,0.000000,4.055782
2019-03-25,0.000000,0.384638,0.000000,4.085000
2019-03-26,0.000000,0.396285,0.000000,4.040917
2019-03-27,0.000000,0.406666,0.000000,4.056741
2019-03-28,0.000000,0.276212,0.000000,4.049662
2019-03-29,0.000000,0.049398,0.000000,4.036935
2019-03-30,0.000000,0.049449,0.000000,4.041281
2019-03-31,0.000000,0.049618,0.000000,4.040173
2019-04-01,0.000000,0.049611,0.000000,4.012286
2019-04-02,0.000000,0.049641,0.000000,5.114176
2019-04-03,0.000000,0.049642,0.000000,4.006751
2019-04-04,0.000000,0.049640,0.000090,3.990408
2019-04-05,0.000000,0.049620,0.000000,4.005550
2019-04-06,0.000000,0.049607,0.000005,4.941482
2019-04-07,0.000000,0.049632,0.000000,3.979729
2019-04-08,0.000000,0.049628,0.000000,5.781338
2019-04-09,0.000000,0.049641,0.000000,4.947234
2019-04-10,0.000000,0.049645,0.000000,4.482210
2019-04-11,0.000000,0.049590,0.002568,5.142336
2019-04-12,0.000000,0.049621,0.012460,5.449011
2019-04-13,0.352418,0.042383,0.019716,5.594552
2019-04-14,12.506089,18.511077,0.014960,5.220649
2019-04-15,12.904762,37.334453,0.004999,5.294742
2019-04-16,13.854456,25.581351,0.006436,7.682786
2019-04-17,15.538535,61.108657,0.006357,5.315100
2019-04-18,1.647690,13.218861,0.002351,10.439397
2019-04-19,15.018584,19.231369,0.008413,6.588048
2019-04-20,8.072181,40.504221,0.002938,7.361428
2019-04-21,0.545216,9.014514,0.000000,4.191515
2019-04-22,0.557846,1.263243,0.000005,3.908653
2019-04-23,0.573355,0.685425,0.000000,3.869559
2019-04-24,0.515903,0.590424,0.000127,3.906112
2019-04-25,6.481837,7.976897,0.008270,5.340374
2019-04-26,12.081658,24.088125,0.005654,7.670062
2019-04-27,40.943920,109.861786,0.023621,5.516272
2019-04-28,36.228110,115.272411,0.012075,6.186659
2019-04-29,44.304109,190.870701,0.015953,38.821297
2019-04-30,32.585287,201.889889,0.012481,32.449532
2019-05-01,11.836394,91.049343,0.003186,24.979219
2019-05-02,0.573743,30.683950,0.000148,3.848581
2019-05-03,0.521798,4.422261,0.000005,3.854892
2019-05-04,1.885271,3.903723,0.001929,12.007461
2019-05-05,1.861506,4.348643,0.000005,7.892357
2019-05-06,6.797364,13.373732,0.001828,10.164931
2019-05-07,8.550709,31.540846,0.002172,10.820002
2019-05-08,1.592962,21.311299,0.001295,12.222320
2019-05-09,0.713798,4.917364,0.000000,4.886917
2019-05-10,0.369290,2.463862,0.000000,4.548996
2019-05-11,0.383347,2.294307,0.000000,3.804425
2019-05-12,0.346437,2.329248,0.000000,7.126772
2019-05-13,0.397545,2.311613,0.002410,10.421050
2019-05-14,6.037385,6.305752,0.003868,7.795983
2019-05-15,33.839428,90.485600,0.022553,37.454170
2019-05-16,19.709330,111.715203,0.020661,44.430695
2019-05-17,21.703706,109.872665,0.010917,91.917478
2019-05-18,24.045610,118.413191,0.004212,56.314891
2019-05-19,26.546822,109.503648,0.005554,70.547251
2019-05-20,14.725235,87.419020,0.001791,74.400704
2019-05-21,12.603625,63.916826,0.002827,50.823354
2019-05-22,11.593441,57.777594,0.005258,88.411725
2019-05-23,11.587673,53.886409,0.003821,67.798944
2019-05-24,11.711193,56.778406,0.004354,83.417387
2019-05-25,13.039956,72.846927,0.004777,85.303998
2019-05-26,9.275719,74.805599,0.003213,52.746432
2019-05-27,9.694026,64.807315,0.001649,49.095761
2019-05-28,6.820105,57.502042,0.004597,68.893591
2019-05-29,9.389704,58.170176,0.006193,78.853314
2019-05-30,10.328131,62.548832,0.005723,70.741453
2019-05-31,7.449223,53.956564,0.004291,86.058381
2019-06-01,4.963593,40.825353,0.008159,103.317317
2019-06-02,6.409640,47.717756,0.006743,95.713581
2019-06-03,9.474816,59.593221,0.007018,84.670107
2019-06-04,15.164473,92.710591,0.007451,97.809992
2019-06-05,16.646624,101.052608,0.006880,82.014968
2019-06-06,18.360440,106.141309,0.008043,91.711708
2019-06-07,17.976282,114.828611,0.008280,103.503962
2019-06-08,18.138726,125.857110,0.008909,99.279591
2019-06-09,20.509783,136.771344,0.009221,101.789168
2019-06-10,22.481840,151.262392,0.008978,96.737126
2019-06-11,27.744775,165.482254,0.012709,139.387611
2019-06-12,55.622783,268.265142,0.017105,184.643384
2019-06-13,74.862471,421.837074,0.016334,217.767069
2019-06-14,46.236101,369.083691,0.011086,190.144936
2019-06-15,43.207058,303.175611,0.012788,216.457412
2019-06-16,57.657371,379.893350,0.013522,245.879052
2019-06-17,35.905087,366.587081,0.012450,244.129712
2019-06-18,39.439469,278.670621,0.011007,261.681021
2019-06-19,28.949987,232.383776,0.010716,262.880136
2019-06-20,33.567831,224.818218,0.011699,263.262217
2019-06-21,29.563997,204.415647,0.009913,254.339332
2019-06-22,31.837686,200.836738,0.010410,256.573230
2019-06-23,41.333010,256.191958,0.011435,287.330396
2019-06-24,22.463936,253.117471,0.011847,296.114534
2019-06-25,54.680089,342.576905,0.013739,380.463015
2019-06-26,44.507983,501.491426,0.015139,393.089499
2019-06-27,47.703766,397.078605,0.011747,308.943593
2019-06-28,54.763148,465.494189,0.010722,266.058351
2019-06-29,44.123274,321.624477,0.009633,283.884891
2019-06-30,51.289599,382.110967,0.009475,276.097253
2019-07-01,42.456344,329.553878,0.014801,370.692807
2019-07-02,19.804301,229.398643,0.014696,348.848995
2019-07-03,69.181764,401.638820,0.020931,462.402283
2019-07-04,59.876886,597.281722,0.013110,375.304966
2019-07-05,44.459860,389.010710,0.012127,350.486968
2019-07-06,52.769634,416.951664,0.013116,386.090824
2019-07-07,42.743928,398.623808,0.011361,343.839247
2019-07-08,50.766225,402.152901,0.010003,280.023629
2019-07-09,46.760045,408.486452,0.007916,244.298328
2019-07-10,22.650529,302.035901,0.011224,393.055879
2019-07-11,22.974373,298.604706,0.009897,346.996088
2019-07-12,27.589758,296.495146,0.009818,337.298006
2019-07-13,35.039977,315.024029,0.011467,354.278487
2019-07-14,37.472962,319.083587,0.010870,361.130564
2019-07-15,39.215581,356.190622,0.013855,396.808849
2019-07-16,57.262897,533.657481,0.013771,448.634433
2019-07-17,38.462517,441.104130,0.014944,367.912090
2019-07-18,37.683613,377.472841,0.012989,349.135418
2019-07-19,43.297620,426.391169,0.010833,345.762255
2019-07-20,52.753606,496.464049,0.012429,393.252207
2019-07-21,44.726964,487.212208,0.011794,380.828415
2019-07-22,52.296860,501.876924,0.011546,386.852515
2019-07-23,26.057860,391.810560,0.010045,314.605853
2019-07-24,27.436388,364.198057,0.010997,300.100933
2019-07-25,28.395231,348.815082,0.010537,297.886234
2019-07-26,40.070300,386.845812,0.012851,293.289113
2019-07-27,64.344146,505.495631,0.016693,412.290679
2019-07-28,108.467972,934.195345,0.028588,766.068425
2019-07-29,258.461651,1576.608022,0.049640,1269.951352
2019-07-30,64.141869,1354.718674,0.013480,539.678510
2019-07-31,51.065434,793.929477,0.010722,393.310219
2019-08-01,44.600601,634.031337,0.009126,373.819002
2019-08-02,37.990399,549.629592,0.009491,353.724822
2019-08-03,39.425994,533.669750,0.009734,361.309373
2019-08-04,34.269688,536.916863,0.010384,343.589595
2019-08-05,30.326631,444.686168,0.009353,316.072908
2019-08-06,26.775199,415.674399,0.008904,300.134809
2019-08-07,21.889214,320.361853,0.009649,248.794088
2019-08-08,23.262449,320.504897,0.008201,263.845439
2019-08-09,15.349791,274.705210,0.006859,221.415607
2019-08-10,16.602705,233.356475,0.008772,249.459923
2019-08-11,16.747209,241.537626,0.008418,233.670114
2019-08-12,9.870477,243.593365,0.007493,183.575194
2019-08-13,10.038288,189.811514,0.006928,166.788558
2019-08-14,11.175468,183.799336,0.007139,154.474739
2019-08-15,19.382541,237.865873,0.008814,245.189977
2019-08-16,10.325643,222.071299,0.007128,163.376829
2019-08-17,9.419904,181.298359,0.006547,119.040467
2019-08-18,8.353210,166.828728,0.006605,103.902543
2019-08-19,4.366298,131.127892,0.005379,78.330687
2019-08-20,1.801009,94.082334,0.004624,45.981586
2019-08-21,1.328673,79.267307,0.005221,36.310437
2019-08-22,1.239057,66.441449,0.004920,25.215024
2019-08-23,61.203246,219.791535,0.027742,173.201621
2019-08-24,84.062156,717.054393,0.033703,234.453107
2019-08-25,7.961838,387.942290,0.005506,162.953747
2019-08-26,3.213889,210.903081,0.005665,184.371704
2019-08-27,1.720726,150.120300,0.003551,113.892564
2019-08-28,1.492263,88.405898,0.002589,62.133963
2019-08-29,0.872268,77.578537,0.002431,40.498640
2019-08-30,0.867980,80.851230,0.002558,26.071422
2019-08-31,0.939043,76.286360,0.003752,24.342248
2019-09-01,0.841976,65.903083,0.000000,0.000000
2019-09-02,0.491778,55.682858,0.000000,0.000000
2019-09-03,0.545848,52.884254,0.000000,0.000000
2019-09-04,0.370610,44.354172,0.000000,0.000000
2019-09-05,0.528126,42.550088,0.000000,0.000000
2019-09-06,0.639694,40.343028,0.000000,0.000000
2019-09-07,36.537834,149.489951,0.000000,0.000000
2019-09-08,52.072702,341.581803,0.000000,0.000000
2019-09-09,5.460116,191.381131,0.000000,0.000000
2019-09-10,0.152279,54.430390,0.000000,0.000000
2019-09-11,0.127871,23.388816,0.000000,0.000000
2019-09-12,0.118314,17.020798,0.000000,0.000000
2019-09-13,0.123993,11.517744,0.000000,0.000000
2019-09-14,0.156789,8.177481,0.000000,0.000000
2019-09-15,0.212569,4.584424,0.000000,0.000000
2019-09-16,0.219401,6.069999,0.000000,0.000000
2019-09-17,0.133159,7.169544,0.000000,0.000000
2019-09-18,0.100576,5.760118,0.000000,0.000000
2019-09-19,0.276513,5.047964,0.000000,0.000000
2019-09-20,2.749674,9.863887,0.000000,0.000000
2019-09-21,11.419146,22.969448,0.000000,0.000000
2019-09-22,54.894249,233.420515,0.000000,0.000000
2019-09-23,61.770914,602.974597,0.000000,0.000000
2019-09-24,30.745631,359.375675,0.000000,0.000000
2019-09-25,25.586573,422.105952,0.000000,0.000000
2019-09-26,14.819082,275.258148,0.000000,0.000000
2019-09-27,0.217478,140.315675,0.000000,0.000000
2019-09-28,0.207819,46.291589,0.000000,0.000000
2019-09-29,0.205523,39.496293,0.000000,0.000000
2019-09-30,0.119331,23.528897,0.000000,0.000000
2019-10-01,0.152109,8.902605,0.000000,0.000000
2019-10-02,0.151787,5.507976,0.000000,0.000000
2019-10-03,12.969101,15.007981,0.000000,0.000000
2019-10-04,15.124667,74.676522,0.000000,0.000000
2019-10-05,33.137676,86.140281,0.000000,0.000000
2019-10-06,32.409261,202.917091,0.000000,0.000000
2019-10-07,2.478465,107.896283,0.000000,0.000000
2019-10-08,4.789412,46.301650,0.000000,0.000000
2019-10-09,2.475487,41.493141,0.000000,0.000000
2019-10-10,0.141095,8.114965,0.000000,0.000000
2019-10-11,0.112457,5.156788,0.000000,0.000000
2019-10-12,0.099451,4.660293,0.000000,0.000000
2019-10-13,0.168341,4.426461,0.000000,0.000000
2019-10-14,0.146489,4.252407,0.000000,0.000000
2019-10-15,0.168625,4.331839,0.000000,0.000000
2019-10-16,0.104143,4.377951,0.000000,0.000000
2019-10-17,0.067085,4.339597,0.000000,0.000000
2019-10-18,0.070193,4.177754,0.000000,0.000000
2019-10-19,0.075782,3.980674,0.000000,0.000000
2019-10-20,0.065766,3.886579,0.000000,0.000000
2019-10-21,0.082791,3.745113,0.000000,0.000000
2019-10-22,0.087201,3.536683,0.000000,0.000000
2019-10-23,0.083479,3.512595,0.000000,0.000000
2019-10-24,0.064113,3.501269,0.000000,0.000000
2019-10-25,0.058906,3.503880,0.000000,0.000000
2019-10-26,0.061910,3.561078,0.000000,0.000000
2019-10-27,0.094426,3.526710,0.000000,0.000000
2019-10-28,0.055802,3.550948,0.000000,0.000000
2019-10-29,0.053401,3.587331,0.000000,0.000000
2019-10-30,0.053551,3.586008,0.000000,0.000000
2019-10-31,0.052415,3.212527,0.000000,0.000000
2019-11-01,0.048406,2.783742,0.000000,0.000000
2019-11-02,0.046576,2.782104,0.000000,0.000000
2019-11-03,0.047662,2.774401,0.000000,0.000000
2019-11-04,0.056365,2.603134,0.000000,0.000000
2019-11-05,0.104189,1.503554,0.000000,0.000000
2019-11-06,0.103876,1.422590,0.000000,0.000000
2019-11-07,0.063241,1.420840,0.000000,0.000000
2019-11-08,0.056898,1.399017,0.000000,0.000000
2019-11-09,0.069396,1.447515,0.000000,0.000000
2019-11-10,0.111890,1.518757,0.000000,0.000000
2019-11-11,0.105768,1.519819,0.000000,0.000000
2019-11-12,0.071456,1.522320,0.000000,0.000000
2019-11-13,0.045992,1.560781,0.000000,0.000000
2019-11-14,0.037687,1.680302,0.000000,0.000000
2019-11-15,0.040056,1.662233,0.000000,0.000000
2019-11-16,0.042261,1.640244,0.000000,0.000000
2019-11-17,0.055095,1.648004,0.000000,0.000000
2019-11-18,0.061531,1.638945,0.000000,0.000000
2019-11-19,0.054793,1.492227,0.000000,0.000000
2019-11-20,0.060364,1.661160,0.000000,0.000000
2019-11-21,0.091884,1.721564,0.000000,0.000000
2019-11-22,0.079271,1.808448,0.000000,0.000000
2019-11-23,0.062677,1.814556,0.000000,0.000000
2019-11-24,0.053547,1.751868,0.000000,0.000000
2019-11-25,0.058877,1.695150,0.000000,0.000000
2019-11-26,0.098240,1.688974,0.000000,0.000000
2019-11-27,0.080461,1.683243,0.000000,0.000000
2019-11-28,0.098434,1.676652,0.000000,0.000000
2019-11-29,0.039590,1.086402,0.000000,0.000000
2019-11-30,0.026557,0.531335,0.000000,0.000000
2019-12-01,0.029707,0.531048,0.000000,0.000000
2019-12-02,0.049797,0.530691,0.000000,0.000000
2019-12-03,0.116089,0.530339,0.000000,0.000000
2019-12-04,0.111854,0.529142,0.000000,0.000000
2019-12-05,0.036133,0.509477,0.000000,0.000000
2019-12-06,0.022380,0.454124,0.000000,0.000000
2019-12-07,0.038561,0.453196,0.000000,0.000000
2019-12-08,0.033666,0.452649,0.000000,0.000000
2019-12-09,0.025227,0.446440,0.000000,0.000000
2019-12-10,0.025200,0.422859,0.000000,0.000000
2019-12-11,0.063753,0.422139,0.000000,0.000000
2019-12-12,0.042299,0.418932,0.000000,0.000000
2019-12-13,0.037620,0.258456,0.000000,0.000000
2019-12-14,0.044005,0.252606,0.000000,0.000000
2019-12-15,0.046914,0.252609,0.000000,0.000000
2019-12-16,0.040699,0.252506,0.000000,0.000000
2019-12-17,0.043229,0.252485,0.000000,0.000000
2019-12-18,0.048002,0.250301,0.000000,0.000000
2019-12-19,0.044505,0.250305,0.000000,0.000000
2019-12-20,0.045823,0.250301,0.000000,0.000000
2019-12-21,0.055716,0.250118,0.000000,0.000000
2019-12-22,0.035435,0.249829,0.000000,0.000000
2019-12-23,0.029095,0.249844,0.000000,0.000000
2019-12-24,0.026438,0.249842,0.000000,0.000000
2019-12-25,0.026965,0.249840,0.000000,0.000000
2019-12-26,0.027886,0.249670,0.000000,0.000000
2019-12-27,0.031956,0.249814,0.000000,0.000000
2019-12-28,0.026579,0.249844,0.000000,0.000000
2019-12-29,0.030315,0.249832,0.000000,0.000000
2019-12-30,0.032025,0.249832,0.000000,0.000000
2019-12-31,0.032029,0.249836,0.000000,0.000000

