time,MAR_land,MAR_ice,RACMO_land,RACMO_ice
2015-01-01,0.000000,0.000000,0.847819,0.011246
2015-01-02,0.000000,0.000000,0.827457,0.023590
2015-01-03,0.000000,0.000000,0.811707,0.010692
2015-01-04,0.000000,0.000000,0.793982,0.007184
2015-01-05,0.000000,0.000000,0.778779,0.015993
2015-01-06,0.000000,0.000000,0.761029,0.009878
2015-01-07,0.000000,0.000002,0.750896,0.020383
2015-01-08,0.000000,0.000001,0.733101,0.012237
2015-01-09,0.000000,0.000001,0.733580,0.026220
2015-01-10,0.000000,0.000001,0.701953,0.013191
2015-01-11,0.000000,0.000001,0.688018,0.024681
2015-01-12,0.000000,0.000001,0.671428,0.013959
2015-01-13,0.000000,0.000001,0.661507,0.007855
2015-01-14,0.000000,0.000001,0.650195,0.011311
2015-01-15,0.000000,0.000001,0.635043,0.010447
2015-01-16,0.000000,0.000001,0.623410,0.013016
2015-01-17,0.000000,0.000001,0.612609,0.020232
2015-01-18,0.000000,0.000001,0.600695,0.010563
2015-01-19,0.000000,0.000001,0.587515,0.013504
2015-01-20,0.000000,0.000001,0.634796,0.027037
2015-01-21,0.000000,0.000001,0.566249,0.023169
2015-01-22,0.000000,0.000001,0.558064,0.021514
2015-01-23,0.000000,0.000001,0.545325,0.011200
2015-01-24,0.000000,0.000000,0.534281,0.019403
2015-01-25,0.000000,0.000001,0.525890,0.023053
2015-01-26,0.000000,0.000001,0.515553,0.027518
2015-01-27,0.000000,0.000001,0.509186,0.012714
2015-01-28,0.000000,0.000001,0.497140,0.009745
2015-01-29,0.000000,0.000003,0.488933,0.011524
2015-01-30,0.000000,0.000013,0.481911,0.020901
2015-01-31,0.000000,0.000012,0.473255,0.026052
2015-02-01,0.000000,0.000012,0.462021,0.011061
2015-02-02,0.000000,0.000003,0.459055,0.022768
2015-02-03,0.000000,0.000000,0.470779,0.009947
2015-02-04,0.000000,0.000010,0.436353,0.025494
2015-02-05,0.000000,0.000018,0.432995,0.010782
2015-02-06,0.000000,0.000023,0.426673,0.011275
2015-02-07,0.000000,0.000010,0.416622,0.009391
2015-02-08,0.000000,0.000024,0.515043,0.008387
2015-02-09,0.000000,0.000027,0.403600,0.027417
2015-02-10,0.000000,0.000029,0.395315,0.017892
2015-02-11,0.000000,0.000003,0.387084,0.030408
2015-02-12,0.000000,0.000000,0.382641,0.023100
2015-02-13,0.000000,0.000000,0.376264,0.010303
2015-02-14,0.000000,0.000015,0.368096,0.017354
2015-02-15,0.000000,0.000023,0.362435,0.028522
2015-02-16,0.000000,0.000028,0.354941,0.028899
2015-02-17,0.000000,0.000107,0.348598,0.024098
2015-02-18,0.000000,0.000696,0.343285,0.013966
2015-02-19,0.000000,0.000866,0.337945,0.025675
2015-02-20,0.000000,0.000608,0.330815,0.017042
2015-02-21,0.000000,0.000000,0.324109,0.027238
2015-02-22,0.000000,0.000341,0.319822,0.030889
2015-02-23,0.000000,0.000063,0.314821,0.006749
2015-02-24,0.000000,0.000202,0.307296,0.028701
2015-02-25,0.000000,0.000964,0.303988,0.006199
2015-02-26,0.000000,0.000995,0.295727,0.009279
2015-02-27,0.000000,0.001021,0.288300,0.021848
2015-02-28,0.000000,0.001022,0.286676,0.007705
2015-03-01,0.000000,0.001014,0.279230,0.025016
2015-03-02,0.000000,0.000892,0.273230,0.024575
2015-03-03,0.000000,0.000743,0.265897,0.009280
2015-03-04,0.000000,0.000802,0.265436,0.029553
2015-03-05,0.000000,0.000848,0.256629,0.024882
2015-03-06,0.000000,0.000882,0.250769,0.013177
2015-03-07,0.000000,0.000989,0.242255,0.015434
2015-03-08,0.000000,0.001678,0.243167,0.008892
2015-03-09,0.000000,0.001056,0.230482,0.027702
2015-03-10,0.000000,0.000908,0.234764,0.009278
2015-03-11,0.000000,0.000902,0.224537,0.016426
2015-03-12,0.000000,0.000908,0.221385,0.008529
2015-03-13,0.000000,0.001187,0.216845,0.016006
2015-03-14,0.000000,0.001946,0.419895,0.007360
2015-03-15,0.000000,0.002033,0.213128,0.013908
2015-03-16,0.000000,0.002019,0.417528,0.006397
2015-03-17,0.000000,0.002139,0.200758,0.009137
2015-03-18,0.000000,0.002166,0.197103,0.009887
2015-03-19,0.000000,0.001552,0.193787,0.013061
2015-03-20,0.000000,0.000082,0.191630,0.032130
2015-03-21,0.000000,0.000240,0.195688,0.008247
2015-03-22,0.000000,0.000343,0.184320,0.013416
2015-03-23,0.000000,0.000347,0.179476,0.007564
2015-03-24,0.000000,0.000121,0.177845,0.007135
2015-03-25,0.000000,0.000298,0.172505,0.014197
2015-03-26,0.000000,0.000342,0.173414,0.011966
2015-03-27,0.000000,0.000352,0.167664,0.008445
2015-03-28,0.000000,0.000329,0.166693,0.012336
2015-03-29,0.000000,0.000020,0.162060,0.015620
2015-03-30,0.000000,0.000000,0.159879,0.007684
2015-03-31,0.000000,0.000024,0.157882,0.024212
2015-04-01,0.000000,0.000107,0.154722,0.024154
2015-04-02,0.000000,0.000039,0.151067,0.008085
2015-04-03,0.000000,0.000277,0.148066,0.009582
2015-04-04,0.000000,0.000361,0.145782,0.009291
2015-04-05,0.000000,0.000372,0.142097,0.013489
2015-04-06,0.000000,0.000374,0.141818,0.006464
2015-04-07,0.000000,0.000382,0.138780,0.012805
2015-04-08,0.000000,0.000381,0.135282,0.007329
2015-04-09,0.000000,0.000382,0.134626,0.011081
2015-04-10,0.000000,0.000389,0.129836,0.009079
2015-04-11,0.000000,0.000226,0.126154,0.012084
2015-04-12,0.000000,0.000065,0.130149,0.009050
2015-04-13,0.000000,0.000328,0.241030,0.011276
2015-04-14,0.000000,0.000409,0.233606,0.007653
2015-04-15,0.000000,0.000397,0.120658,0.068577
2015-04-16,0.000000,0.000397,0.695479,0.038931
2015-04-17,0.000000,0.000398,1.000949,0.040990
2015-04-18,0.000000,0.000406,1.073223,0.053299
2015-04-19,0.000000,0.000405,4.626594,0.034381
2015-04-20,3.786653,0.190922,5.029314,0.055339
2015-04-21,0.000000,0.018105,0.109230,0.011745
2015-04-22,0.001949,0.000406,0.108239,0.009374
2015-04-23,0.001463,0.000419,0.106713,0.026096
2015-04-24,0.000130,0.000229,0.105239,0.013156
2015-04-25,0.000000,0.000137,0.103870,0.046949
2015-04-26,0.000000,0.000132,0.103398,0.007169
2015-04-27,0.000000,0.000365,0.107559,0.011427
2015-04-28,0.000000,0.000504,0.099105,0.007989
2015-04-29,0.000000,0.000558,0.097953,0.007827
2015-04-30,0.000000,0.000586,0.098265,0.011695
2015-05-01,0.000000,0.000604,0.096583,0.012720
2015-05-02,0.000000,0.000623,0.092613,0.006648
2015-05-03,0.000000,0.000628,0.091243,0.010565
2015-05-04,0.000000,0.000636,0.092952,0.007561
2015-05-05,0.000000,0.000649,0.089901,0.038339
2015-05-06,0.000000,0.000647,0.087979,0.055823
2015-05-07,0.000000,0.000570,0.087273,0.030954
2015-05-08,0.000000,0.000250,0.175885,0.058482
2015-05-09,0.000000,0.000000,0.082483,0.133948
2015-05-10,0.000000,0.000000,0.190417,0.071877
2015-05-11,0.000000,0.000000,0.084573,0.035660
2015-05-12,0.000000,0.000001,0.327956,0.029599
2015-05-13,0.000000,0.000000,1.548117,0.142708
2015-05-14,0.000000,0.000001,4.848411,0.034950
2015-05-15,0.000000,0.000002,3.861751,0.070230
2015-05-16,0.908106,0.000003,10.097720,0.039177
2015-05-17,2.395961,0.081882,4.197972,0.051471
2015-05-18,4.240560,0.157802,3.243173,0.039522
2015-05-19,2.442390,0.153441,2.520903,0.064886
2015-05-20,1.001545,0.159104,0.500393,0.087254
2015-05-21,2.782398,0.297720,0.392828,0.041315
2015-05-22,0.000000,0.116537,0.540592,0.097337
2015-05-23,1.092781,0.055584,1.431200,0.071474
2015-05-24,7.450654,0.457177,2.046116,0.067012
2015-05-25,3.473390,0.462872,1.321402,0.061438
2015-05-26,6.401656,0.612049,2.995650,0.031801
2015-05-27,5.830961,0.762642,3.716045,0.063604
2015-05-28,5.226159,0.711194,2.722809,0.130688
2015-05-29,2.813218,0.465355,3.328056,0.158661
2015-05-30,0.605111,0.165351,2.743494,0.218653
2015-05-31,0.254032,0.033357,2.981191,0.252719
2015-06-01,0.867986,0.052706,2.666745,0.300236
2015-06-02,2.518722,0.027745,5.499437,0.192347
2015-06-03,3.891240,0.000000,6.040600,0.223393
2015-06-04,6.550102,0.365379,6.588243,0.317386
2015-06-05,6.653205,0.766456,7.569829,0.662339
2015-06-06,5.696561,0.789609,6.647072,1.290448
2015-06-07,2.009708,0.485492,7.100033,1.402357
2015-06-08,10.976513,1.079284,6.333425,3.025851
2015-06-09,15.425751,2.370003,7.379355,4.189142
2015-06-10,13.910451,2.966870,6.547685,4.582320
2015-06-11,14.380202,2.891782,7.471875,4.702431
2015-06-12,12.586425,3.762550,5.680995,3.451124
2015-06-13,14.558518,4.625956,9.947612,2.991878
2015-06-14,8.871403,4.358122,9.334149,8.260519
2015-06-15,10.423903,3.542134,12.647243,8.914273
2015-06-16,22.547396,6.873405,13.495551,13.433766
2015-06-17,49.113031,21.978575,20.459145,16.759505
2015-06-18,30.733825,21.359785,17.574685,19.055840
2015-06-19,19.423816,15.884314,17.093578,15.418038
2015-06-20,20.461446,15.988423,17.166578,15.646554
2015-06-21,24.105416,15.369700,15.808931,16.010102
2015-06-22,15.471814,16.631523,15.877434,16.365420
2015-06-23,10.745566,15.753561,15.801781,15.440505
2015-06-24,12.145955,16.797294,28.889337,23.255179
2015-06-25,13.509186,19.086773,22.603894,18.130319
2015-06-26,14.268722,20.926912,20.943114,21.193062
2015-06-27,13.409896,22.892702,19.550427,18.169876
2015-06-28,10.754857,20.328506,17.539545,16.877834
2015-06-29,8.352594,15.820118,14.951162,21.580107
2015-06-30,9.601689,14.579495,13.931729,13.453483
2015-07-01,9.476911,14.159032,13.469066,14.444309
2015-07-02,9.788720,14.940030,12.949424,21.977694
2015-07-03,12.215535,16.996278,12.987705,22.273096
2015-07-04,15.263319,18.610718,11.630973,22.768108
2015-07-05,4.685433,22.453439,10.804995,23.312935
2015-07-06,4.041046,23.167582,10.702674,24.236953
2015-07-07,3.464151,18.276831,9.759275,26.550535
2015-07-08,4.465139,20.002581,10.533267,28.818364
2015-07-09,8.043150,18.843928,7.505694,27.614436
2015-07-10,5.444954,19.705632,6.768430,22.668911
2015-07-11,8.241130,14.441360,3.590483,20.206798
2015-07-12,6.131751,21.636707,4.293672,21.675587
2015-07-13,3.625663,29.357303,4.459157,31.570276
2015-07-14,2.048492,24.745055,4.720854,34.304123
2015-07-15,1.889072,22.303166,4.822003,31.308856
2015-07-16,2.328266,25.499186,5.417850,36.953104
2015-07-17,2.280890,25.534491,7.237490,27.436179
2015-07-18,2.313368,23.292313,7.617657,27.705824
2015-07-19,1.913367,26.442110,10.418516,37.314984
2015-07-20,2.139970,23.286555,6.963461,23.189096
2015-07-21,2.663620,14.655019,6.212284,24.211735
2015-07-22,0.696873,13.278909,5.909444,19.525533
2015-07-23,0.309160,17.880288,5.752733,23.959190
2015-07-24,1.304949,17.684987,5.835639,23.354854
2015-07-25,0.512833,17.473136,5.951658,16.416964
2015-07-26,0.281115,17.652366,6.173168,16.227401
2015-07-27,0.277358,16.586382,6.172630,16.246643
2015-07-28,0.247217,17.189428,6.429454,16.619466
2015-07-29,0.275069,17.143907,7.030355,19.477115
2015-07-30,0.301513,16.716645,6.895299,16.277057
2015-07-31,0.352193,21.135643,7.942834,21.688267
2015-08-01,1.282073,44.870843,7.474319,40.187875
2015-08-02,0.709355,35.297025,4.697080,16.738292
2015-08-03,0.273197,18.441925,6.014843,29.498723
2015-08-04,0.557970,23.078948,5.001040,24.143578
2015-08-05,0.286009,20.381660,5.294108,24.410035
2015-08-06,0.322929,16.943198,5.439826,15.836956
2015-08-07,0.917240,19.446796,7.057942,21.016032
2015-08-08,0.166985,19.768747,5.532553,15.450958
2015-08-09,1.320229,15.378432,5.205571,12.125091
2015-08-10,0.889605,15.250290,6.474744,20.025224
2015-08-11,0.226389,20.067483,5.721478,17.295540
2015-08-12,0.127172,17.453091,5.129687,14.494413
2015-08-13,0.335508,27.749399,5.922849,20.697994
2015-08-14,0.267758,41.546733,8.034664,23.404321
2015-08-15,0.332974,43.844208,8.129185,27.240833
2015-08-16,6.071686,26.403633,4.957086,13.445494
2015-08-17,4.785844,21.835202,2.811270,17.144194
2015-08-18,0.357454,20.246487,2.982220,16.229913
2015-08-19,0.081805,16.057638,1.774902,9.119173
2015-08-20,0.001077,11.175131,2.180839,9.532827
2015-08-21,0.353785,19.448328,2.985092,12.419137
2015-08-22,0.387572,39.011610,4.211587,23.630944
2015-08-23,0.144459,17.864500,2.829891,15.773102
2015-08-24,2.870111,12.537929,7.481073,22.226526
2015-08-25,0.612675,30.628823,9.430093,37.443550
2015-08-26,3.543929,24.077702,6.754691,25.350271
2015-08-27,0.633422,18.995750,2.011676,20.724405
2015-08-28,0.090198,11.370577,1.172987,19.814415
2015-08-29,0.006972,9.528582,1.076832,17.738859
2015-08-30,0.013110,7.455526,1.276009,17.782581
2015-08-31,0.057012,11.461452,3.244313,20.297776
2015-09-01,0.063154,18.500061,1.908999,15.363833
2015-09-02,6.860195,15.076516,5.102892,18.299765
2015-09-03,0.311909,10.860654,1.960362,15.047200
2015-09-04,0.492324,5.380007,1.592745,8.967546
2015-09-05,0.168340,12.304909,2.013112,16.354856
2015-09-06,0.214722,14.217051,2.749978,12.039763
2015-09-07,10.885449,16.519570,6.894325,16.341551
2015-09-08,46.449998,32.266171,17.244349,36.629638
2015-09-09,58.221796,90.438482,29.579558,60.658855
2015-09-10,36.529613,68.230292,17.612213,42.211582
2015-09-11,2.065911,35.038376,2.772222,9.890277
2015-09-12,4.067328,11.410604,1.503048,4.854752
2015-09-13,0.859146,7.791083,1.311571,7.968101
2015-09-14,0.000229,3.448506,1.377475,5.071736
2015-09-15,0.000000,1.256247,1.213168,6.652594
2015-09-16,0.000000,0.899034,1.176435,5.774941
2015-09-17,0.000551,0.552990,1.139495,5.310597
2015-09-18,0.000121,0.158524,1.099303,5.936383
2015-09-19,14.488082,3.983804,3.820953,10.350383
2015-09-20,36.582189,46.261855,16.734031,30.938438
2015-09-21,1.915337,24.903065,4.926973,12.114287
2015-09-22,1.926782,6.226093,3.103611,13.529248
2015-09-23,0.422435,5.800680,5.488659,15.341244
2015-09-24,0.025516,5.263481,1.563159,5.767689
2015-09-25,0.000524,2.397031,1.297568,5.228119
2015-09-26,2.574294,0.807289,3.033149,11.168460
2015-09-27,22.265203,9.680945,2.762395,8.112434
2015-09-28,6.077761,0.772831,1.263502,0.751404
2015-09-29,0.003653,0.110214,1.128190,0.174439
2015-09-30,0.763061,0.015902,1.155157,0.460707
2015-10-01,0.000264,0.003004,1.083295,0.072421
2015-10-02,0.000000,0.001239,1.057442,0.047028
2015-10-03,0.000012,0.000370,1.032673,0.045925
2015-10-04,0.000391,0.000051,1.032269,0.042029
2015-10-05,0.863876,0.000001,1.636744,0.093005
2015-10-06,18.504148,3.098045,12.345503,20.990196
2015-10-07,7.353819,10.311398,3.562389,5.835296
2015-10-08,0.220769,3.212961,2.889250,1.185002
2015-10-09,0.000557,1.172775,1.487153,0.049215
2015-10-10,0.000776,0.160400,1.141066,0.039610
2015-10-11,0.000152,0.021896,1.190776,0.059275
2015-10-12,0.000442,0.002998,1.239648,0.050375
2015-10-13,0.000038,0.000074,1.269511,0.047050
2015-10-14,0.000000,0.000003,1.259939,0.042133
2015-10-15,0.010182,0.000003,1.265826,0.061252
2015-10-16,0.458677,0.000000,1.274069,0.041628
2015-10-17,21.555957,5.543431,6.308407,2.454760
2015-10-18,0.412353,2.052781,1.420819,0.172114
2015-10-19,0.000000,0.000000,1.245443,0.046527
2015-10-20,0.000000,0.000000,1.246642,0.040759
2015-10-21,0.000000,0.000000,1.241811,0.046524
2015-10-22,0.000000,0.000000,1.235771,0.041636
2015-10-23,0.000000,0.000000,1.227707,0.040932
2015-10-24,0.000000,0.000000,1.217770,0.043606
2015-10-25,0.000000,0.000000,1.205204,0.037746
2015-10-26,0.000000,0.000000,1.190716,0.041987
2015-10-27,0.000000,0.000000,1.180371,0.040716
2015-10-28,9.595479,0.221218,9.029414,4.272924
2015-10-29,21.549035,11.923315,17.076296,18.462069
2015-10-30,7.402623,12.349615,3.665012,5.507032
2015-10-31,0.000000,0.941847,1.166800,0.036704
2015-11-01,0.000000,0.128504,1.194034,0.034233
2015-11-02,0.000080,0.017402,1.212091,0.033876
2015-11-03,0.000014,0.002178,1.221217,0.034410
2015-11-04,0.000000,0.000004,1.225928,0.031414
2015-11-05,0.000007,0.000000,1.292995,0.037374
2015-11-06,0.447631,0.000000,2.006527,0.036106
2015-11-07,1.612399,1.491343,2.468580,0.036244
2015-11-08,0.045013,0.607954,1.203181,0.034099
2015-11-09,0.000000,0.042598,1.191733,0.034318
2015-11-10,0.000000,0.005755,1.183815,0.038135
2015-11-11,0.000000,0.000792,1.172374,0.043743
2015-11-12,0.000000,0.000158,1.159875,0.029490
2015-11-13,0.000001,0.000041,1.147838,0.037589
2015-11-14,0.000001,0.000010,1.132776,0.039345
2015-11-15,0.000005,0.000002,1.120755,0.056247
2015-11-16,0.000003,0.000000,1.103958,0.033519
2015-11-17,0.000008,0.000000,1.088348,0.033783
2015-11-18,0.001998,0.000000,1.069371,0.031676
2015-11-19,0.003095,0.000000,1.048580,0.030745
2015-11-20,0.003214,0.000000,1.025441,0.033687
2015-11-21,0.143859,0.000738,0.998655,0.032756
2015-11-22,0.000867,0.001472,0.973492,0.030498
2015-11-23,0.000000,0.000000,1.093299,0.030800
2015-11-24,0.000000,0.000000,0.923168,0.033550
2015-11-25,0.000000,0.000000,0.899455,0.032747
2015-11-26,0.000000,0.000000,0.876632,0.029946
2015-11-27,0.000000,0.000000,0.855283,0.034766
2015-11-28,0.000000,0.000000,0.831067,0.035928
2015-11-29,0.000000,0.000000,0.813373,0.030679
2015-11-30,0.000000,0.000000,0.789158,0.034285
2015-12-01,0.000000,0.000000,0.771284,0.034300
2015-12-02,0.000000,0.000000,0.744405,0.036844
2015-12-03,0.000000,0.000000,0.724159,0.026901
2015-12-04,0.000001,0.000000,0.702124,0.033157
2015-12-05,0.000014,0.000000,0.680038,0.030489
2015-12-06,0.000029,0.000000,0.660635,0.034173
2015-12-07,0.000029,0.000000,0.640593,0.028551
2015-12-08,0.000141,0.000000,0.614037,0.032081
2015-12-09,0.000170,0.000000,0.596445,0.030068
2015-12-10,0.000079,0.000000,0.574542,0.033235
2015-12-11,0.000870,0.000000,0.556949,0.492550
2015-12-12,0.000860,0.000000,0.536779,0.035445
2015-12-13,0.000006,0.000000,0.519802,0.032143
2015-12-14,0.000006,0.000000,0.500650,0.663477
2015-12-15,0.000000,0.000000,0.479691,0.029661
2015-12-16,0.000000,0.000000,0.463105,0.033412
2015-12-17,0.000000,0.000000,0.443562,0.028043
2015-12-18,0.000000,0.000000,0.430471,0.035785
2015-12-19,0.000000,0.000000,0.414240,0.030927
2015-12-20,0.000000,0.000000,0.399284,0.027280
2015-12-21,0.000000,0.000000,0.387055,0.027223
2015-12-22,0.000000,0.000000,0.372646,0.025942
2015-12-23,0.000000,0.000000,0.357031,0.025853
2015-12-24,0.000000,0.000000,0.346133,0.025984
2015-12-25,0.000000,0.000000,0.331575,0.029675
2015-12-26,0.000000,0.000000,0.324631,0.025303
2015-12-27,0.000000,0.000000,0.359088,0.028525
2015-12-28,0.000000,0.000000,2.710717,0.031658
2015-12-29,0.000000,0.000000,0.288815,0.024960
2015-12-30,0.000000,0.000000,0.284305,0.030025
2015-12-31,0.000000,0.000000,0.405260,0.024458
2016-01-01,0.000000,0.000000,0.351468,0.023993
2016-01-02,0.000000,0.000000,0.250150,0.030561
2016-01-03,0.000000,0.000000,0.241304,0.025123
2016-01-04,0.000000,0.000000,0.231182,0.022131
2016-01-05,0.000000,0.000000,0.224624,0.021841
2016-01-06,0.000000,0.000000,0.218928,0.023899
2016-01-07,0.000000,0.000215,0.254452,0.022750
2016-01-08,0.000000,0.000365,0.206021,0.033149
2016-01-09,0.000000,0.000364,0.197763,0.022650
2016-01-10,0.000000,0.000364,0.190293,0.026097
2016-01-11,0.000000,0.000361,0.184325,0.023152
2016-01-12,0.000000,0.000361,0.179227,0.020227
2016-01-13,0.000000,0.000361,0.170232,0.033725
2016-01-14,0.000000,0.000366,0.164170,0.027309
2016-01-15,0.000000,0.000368,0.157664,0.024993
2016-01-16,0.000000,0.000371,0.146039,0.034587
2016-01-17,0.000000,0.000372,0.141780,0.021973
2016-01-18,0.000000,0.000371,0.130788,0.024254
2016-01-19,0.000000,0.018220,0.119163,0.026013
2016-01-20,0.000000,0.162971,0.115216,0.024417
2016-01-21,0.000000,0.203993,0.148688,0.029961
2016-01-22,0.000000,0.203030,0.766132,0.026302
2016-01-23,0.000000,0.176115,0.611991,0.024957
2016-01-24,0.000000,0.161983,0.703782,0.022491
2016-01-25,0.000000,0.115080,0.356751,0.031443
2016-01-26,0.000000,0.028796,0.067628,0.018641
2016-01-27,0.000000,0.006455,0.074678,0.031052
2016-01-28,0.000000,0.146999,0.057502,0.031352
2016-01-29,0.000000,0.201367,0.051533,0.020744
2016-01-30,0.000000,0.208681,0.049907,0.029555
2016-01-31,0.000000,0.209593,0.044910,0.025013
2016-02-01,0.000000,0.209546,0.039968,0.024478
2016-02-02,0.000000,0.209600,0.036106,0.020016
2016-02-03,0.000000,0.209509,0.029166,0.023368
2016-02-04,0.000000,0.209474,0.029166,0.024594
2016-02-05,0.000000,0.209338,0.024333,0.025449
2016-02-06,0.000000,0.209168,0.022577,0.016989
2016-02-07,0.000000,0.209197,0.016316,0.022165
2016-02-08,0.000000,0.209125,0.016242,0.018266
2016-02-09,0.000000,0.209026,0.012064,0.017019
2016-02-10,0.000000,0.208954,0.011436,0.021220
2016-02-11,0.000000,0.208769,0.009438,0.016899
2016-02-12,0.000000,0.207819,0.008807,0.022223
2016-02-13,0.000000,0.208543,0.008178,0.028763
2016-02-14,0.000000,0.208569,0.007706,0.021663
2016-02-15,0.000000,0.195841,0.009259,0.016805
2016-02-16,0.000000,0.187043,0.021130,0.019557
2016-02-17,0.000000,0.205499,0.006290,0.019551
2016-02-18,0.000000,0.208059,0.005346,0.020841
2016-02-19,0.000000,0.208361,0.005346,0.017352
2016-02-20,0.000000,0.208276,0.003770,0.018933
2016-02-21,0.000000,0.208100,0.004402,0.020902
2016-02-22,0.000000,0.208125,0.001484,0.023200
2016-02-23,0.000000,0.208060,0.002985,0.019041
2016-02-24,0.000000,0.207945,0.002669,0.018570
2016-02-25,0.000000,0.207911,0.002041,0.018749
2016-02-26,0.000000,0.207701,0.002041,0.015501
2016-02-27,0.000000,0.207730,0.001253,0.017661
2016-02-28,0.000000,0.207750,0.000941,0.015749
2016-02-29,0.000000,0.206759,0.000625,0.019057
2016-03-01,0.000000,0.207047,0.000469,0.015719
2016-03-02,0.000000,0.206576,0.000469,0.014143
2016-03-03,0.000000,0.175065,0.000312,0.019595
2016-03-04,0.000000,0.190938,0.000156,0.015090
2016-03-05,0.000000,0.205171,0.000000,0.044604
2016-03-06,0.000000,0.141491,0.000157,0.019003
2016-03-07,0.000000,0.023581,0.002637,0.016322
2016-03-08,0.000000,0.165038,0.103589,0.016341
2016-03-09,0.000000,0.199866,0.149903,0.016198
2016-03-10,0.000000,0.015501,0.082849,0.021277
2016-03-11,0.000000,0.000363,0.009063,0.016742
2016-03-12,0.000000,0.000363,0.044422,0.015269
2016-03-13,0.000000,0.000362,0.271369,0.018386
2016-03-14,0.094840,0.105116,0.785512,0.016948
2016-03-15,0.000000,0.002558,0.003956,0.016690
2016-03-16,0.000000,0.000361,0.047688,0.019067
2016-03-17,0.000000,0.000361,0.002844,0.037954
2016-03-18,0.000000,0.000361,0.050662,0.029452
2016-03-19,0.000000,0.000361,0.202325,0.018018
2016-03-20,0.000000,0.000361,0.010961,0.016371
2016-03-21,0.000000,0.000360,0.000000,0.018904
2016-03-22,0.000000,0.000186,0.000000,0.017841
2016-03-23,0.000000,0.000000,0.000000,0.009653
2016-03-24,0.000000,0.000000,0.001144,0.016396
2016-03-25,0.000000,0.000000,0.000000,0.017851
2016-03-26,0.000000,0.000000,0.000000,0.016419
2016-03-27,0.000000,0.000000,0.000000,0.013923
2016-03-28,0.000000,0.000000,0.000000,0.016193
2016-03-29,0.000000,0.000000,0.000000,0.015174
2016-03-30,0.000000,0.000000,0.000000,0.017269
2016-03-31,0.000000,0.000000,0.000000,0.016613
2016-04-01,0.000000,0.000000,0.000000,0.021341
2016-04-02,0.000000,0.000000,0.000000,0.013980
2016-04-03,0.000000,0.000000,0.022797,0.011638
2016-04-04,0.000000,0.000000,0.000002,0.071151
2016-04-05,0.000000,0.000000,0.000000,0.013526
2016-04-06,0.000000,0.000000,0.002029,0.018438
2016-04-07,0.000000,0.000000,0.000000,0.130406
2016-04-08,0.000000,0.000000,0.000000,0.072471
2016-04-09,0.000000,0.000000,0.000000,0.017214
2016-04-10,0.000000,0.000000,0.430404,0.069586
2016-04-11,0.000000,0.000000,1.546435,0.204987
2016-04-12,0.000000,0.000000,5.532751,0.113077
2016-04-13,0.000000,0.000000,4.208676,0.082830
2016-04-14,0.000000,0.000000,0.407517,0.016486
2016-04-15,0.000000,0.000000,1.458509,0.054542
2016-04-16,0.000000,0.000000,0.001534,0.045542
2016-04-17,0.000000,0.000000,0.073279,0.018233
2016-04-18,0.000000,0.000000,0.096472,0.015279
2016-04-19,0.000000,0.000000,0.785167,0.123876
2016-04-20,0.000000,0.000000,0.589757,0.015704
2016-04-21,0.000000,0.000000,0.629748,0.016151
2016-04-22,0.000000,0.000000,0.476900,0.081991
2016-04-23,0.000000,0.000932,7.688313,0.192766
2016-04-24,0.000000,0.000280,2.336218,0.328601
2016-04-25,0.000000,0.000000,3.115452,0.122778
2016-04-26,0.000000,0.000000,4.297450,0.179120
2016-04-27,0.000000,0.000000,0.789633,0.072957
2016-04-28,0.000000,0.000000,5.979098,0.195044
2016-04-29,0.000000,0.000000,5.105415,0.125282
2016-04-30,0.305915,0.047099,5.130245,0.114573
2016-05-01,1.569478,0.254667,7.784105,0.112134
2016-05-02,1.700985,0.430575,8.234183,0.090958
2016-05-03,4.601234,0.597337,10.399234,0.119170
2016-05-04,6.075724,0.699735,8.759103,0.136768
2016-05-05,1.873282,0.603793,9.265432,0.094957
2016-05-06,0.331200,0.684611,9.394525,0.165131
2016-05-07,0.445439,0.709066,7.312252,0.142799
2016-05-08,0.446385,0.607306,6.341447,0.099725
2016-05-09,0.781775,0.740893,7.677163,0.189768
2016-05-10,2.912846,1.384976,7.047485,0.084966
2016-05-11,2.996317,1.529742,5.246992,0.135254
2016-05-12,5.671175,1.210693,8.027603,0.117957
2016-05-13,8.833563,1.286648,8.255829,0.070173
2016-05-14,4.021888,1.495908,6.115261,0.082751
2016-05-15,3.361834,1.910519,5.672711,0.605416
2016-05-16,0.039176,1.342753,2.329713,0.163144
2016-05-17,0.064381,1.070065,2.983083,0.119017
2016-05-18,0.025187,0.636941,2.962669,0.155991
2016-05-19,0.951220,0.680801,3.048245,0.138265
2016-05-20,0.287709,1.126787,3.544535,0.195859
2016-05-21,0.707539,1.121679,2.523905,0.101880
2016-05-22,0.033779,1.118684,3.224467,1.060042
2016-05-23,0.035943,1.221234,3.820116,1.572113
2016-05-24,36.465219,2.956717,1.720862,1.790616
2016-05-25,32.076155,12.756451,1.399760,2.523189
2016-05-26,2.352344,3.366325,0.186986,1.202926
2016-05-27,0.182813,1.479243,0.610900,1.186627
2016-05-28,20.616381,7.453185,3.257104,0.521818
2016-05-29,23.010622,24.192184,9.252930,6.810158
2016-05-30,6.197126,7.583897,0.526117,3.368160
2016-05-31,10.181590,2.752632,1.405720,2.755231
2016-06-01,22.285558,12.586988,1.019666,5.199575
2016-06-02,6.824903,9.482265,2.732589,5.833101
2016-06-03,5.677230,23.271284,3.694746,10.178803
2016-06-04,4.135100,26.550868,3.404679,17.447682
2016-06-05,6.055033,13.644914,1.735992,7.512426
2016-06-06,3.014171,7.894694,3.921114,16.663411
2016-06-07,2.207470,11.795673,3.247457,17.056862
2016-06-08,2.663897,14.452062,3.670318,9.894196
2016-06-09,3.999753,16.038551,4.810936,12.464227
2016-06-10,4.724489,16.374770,7.146128,15.017456
2016-06-11,7.512069,15.655672,8.279857,15.189693
2016-06-12,5.000000,23.007506,3.566758,13.697179
2016-06-13,1.441031,22.183589,2.933143,13.509144
2016-06-14,1.187179,17.284599,3.906412,13.611503
2016-06-15,2.614491,14.404070,4.016717,11.918851
2016-06-16,3.929290,14.016515,1.228307,12.640253
2016-06-17,2.156549,19.531318,1.517349,16.540604
2016-06-18,0.905161,21.755977,1.645263,14.871303
2016-06-19,0.322329,25.282230,2.278284,14.079716
2016-06-20,0.335720,31.574250,3.889943,23.969932
2016-06-21,0.343994,36.812902,3.955763,16.836710
2016-06-22,0.440607,33.205269,4.472808,24.103031
2016-06-23,0.456289,30.109069,5.755903,18.227501
2016-06-24,0.913539,40.973149,7.659856,22.621272
2016-06-25,0.410765,39.374356,4.496657,22.871746
2016-06-26,0.459503,37.846830,6.161374,26.846685
2016-06-27,7.274757,69.757959,14.911177,47.331201
2016-06-28,0.611766,49.164510,7.229565,32.807020
2016-06-29,1.308200,33.788805,7.543541,28.883522
2016-06-30,0.533877,30.684157,6.950859,32.722132
2016-07-01,0.058287,30.349830,7.974662,45.379509
2016-07-02,0.055317,29.954652,9.380203,49.985850
2016-07-03,0.058447,28.064895,8.418500,47.931195
2016-07-04,0.093382,28.594133,8.202923,46.284800
2016-07-05,0.003705,30.143498,8.033327,44.224289
2016-07-06,0.010768,27.071259,8.591375,45.538584
2016-07-07,0.005656,27.510807,8.265915,42.617525
2016-07-08,3.770735,21.399945,7.538852,34.356274
2016-07-09,0.040517,23.805124,8.294583,43.050464
2016-07-10,0.920898,24.813315,7.261640,31.156637
2016-07-11,0.006774,23.896618,10.667240,49.846743
2016-07-12,0.080513,28.649905,8.084413,43.545940
2016-07-13,0.001578,27.663474,7.892860,44.990165
2016-07-14,0.001920,25.373009,7.674327,42.678266
2016-07-15,0.001188,31.724915,7.368845,42.663642
2016-07-16,0.012316,34.878843,6.963281,41.002309
2016-07-17,0.004159,28.874722,6.924822,40.679196
2016-07-18,0.004193,28.546187,6.653131,40.383399
2016-07-19,0.003590,25.285226,6.739594,39.712488
2016-07-20,0.005396,24.900053,6.765525,40.422924
2016-07-21,0.002100,27.647535,6.969876,40.981393
2016-07-22,0.001056,29.363627,7.586246,42.764569
2016-07-23,0.004043,31.022774,7.658018,41.455088
2016-07-24,2.639897,35.158723,7.383187,36.966706
2016-07-25,0.028212,30.140930,8.035895,39.545621
2016-07-26,0.016981,26.456848,6.707505,40.246722
2016-07-27,0.006494,27.892934,6.299560,38.163915
2016-07-28,0.003570,26.977103,6.094705,37.802845
2016-07-29,0.053632,22.186377,5.531416,33.314778
2016-07-30,3.773484,19.000812,5.685360,24.372679
2016-07-31,5.091009,14.656690,5.130186,24.153628
2016-08-01,1.023081,18.951578,4.341810,21.668148
2016-08-02,0.002015,20.432346,4.823450,27.222564
2016-08-03,1.929101,17.457073,4.939813,27.664824
2016-08-04,0.012952,21.069297,5.133400,35.634162
2016-08-05,0.010667,24.319952,4.242936,31.285396
2016-08-06,0.009496,21.579871,5.120884,33.756988
2016-08-07,0.590694,18.168602,5.363208,34.183843
2016-08-08,0.117849,20.403993,4.154154,22.423897
2016-08-09,0.000000,19.558071,4.030674,28.613094
2016-08-10,0.003684,20.334077,3.940973,20.239673
2016-08-11,0.000070,27.219300,5.104783,27.618202
2016-08-12,0.000768,23.961066,5.154308,31.371926
2016-08-13,0.119696,20.529950,4.097751,26.864119
2016-08-14,6.484433,21.894636,3.659698,25.045838
2016-08-15,11.303318,41.334403,12.641784,33.156400
2016-08-16,12.576379,45.701348,5.917902,20.887237
2016-08-17,1.565135,34.486018,4.689168,26.849037
2016-08-18,0.146529,21.819214,7.582598,20.807993
2016-08-19,0.134832,27.239432,1.486747,23.859081
2016-08-20,0.004638,23.855882,1.530465,23.207982
2016-08-21,0.001188,20.285089,2.789471,26.881110
2016-08-22,0.001151,15.711083,1.750807,21.449720
2016-08-23,0.001461,15.245120,1.887163,20.439896
2016-08-24,0.004015,12.488105,3.164566,23.993499
2016-08-25,0.005002,12.872988,2.297650,21.203500
2016-08-26,1.479062,15.854918,2.171489,20.660867
2016-08-27,2.024297,12.750686,2.109933,13.969301
2016-08-28,0.010227,12.073089,1.356674,13.503691
2016-08-29,0.040391,10.102443,1.809205,19.458483
2016-08-30,2.540288,16.517863,2.339357,14.251682
2016-08-31,0.129605,10.913140,1.398433,21.678373
2016-09-01,0.257895,13.845445,1.743334,21.954791
2016-09-02,0.009097,11.080039,1.235403,20.673286
2016-09-03,0.023654,7.828765,1.328526,9.997337
2016-09-04,0.550813,8.312552,2.710217,5.612384
2016-09-05,0.564254,10.237436,2.887954,10.662434
2016-09-06,0.001047,7.529585,1.240055,10.560626
2016-09-07,0.226230,5.386666,1.790500,4.445429
2016-09-08,0.320544,16.153495,4.172866,18.462757
2016-09-09,2.538843,26.062772,2.695384,15.246389
2016-09-10,0.001808,25.422720,2.266502,10.923039
2016-09-11,0.004859,22.273083,2.804736,10.340603
2016-09-12,0.004571,33.165818,2.516763,9.037184
2016-09-13,0.000951,17.369811,1.219473,9.204123
2016-09-14,0.000184,7.442519,1.699867,7.137222
2016-09-15,1.264465,7.489015,5.732689,6.296295
2016-09-16,8.504587,14.059444,3.195250,9.872071
2016-09-17,10.181162,16.427211,1.975469,7.524551
2016-09-18,0.259103,7.832564,0.359337,6.360729
2016-09-19,0.019970,2.218979,0.357076,5.314989
2016-09-20,0.010658,0.363846,0.345283,2.125767
2016-09-21,0.016210,0.056598,0.336186,4.040663
2016-09-22,0.002801,1.114807,0.364329,0.590552
2016-09-23,0.654719,7.029779,2.677893,4.159156
2016-09-24,0.007173,5.544508,0.904700,5.254918
2016-09-25,0.000106,2.207879,0.313288,3.030502
2016-09-26,0.005084,3.037425,0.314911,3.260513
2016-09-27,0.000060,1.679481,0.302877,3.088441
2016-09-28,0.000309,0.292569,0.297778,0.908805
2016-09-29,0.014887,0.112420,0.293312,0.429271
2016-09-30,0.673314,0.042506,0.289001,0.047493
2016-10-01,0.000000,0.000000,0.282584,0.037985
2016-10-02,0.000000,0.000000,0.479857,0.248752
2016-10-03,10.402821,3.671664,5.060989,7.072828
2016-10-04,6.138859,9.299852,1.607189,2.267083
2016-10-05,35.026519,12.299458,5.486218,11.997637
2016-10-06,19.316547,34.387771,6.806011,10.777604
2016-10-07,1.062862,14.876150,2.755972,5.462473
2016-10-08,0.143996,9.318598,1.260324,2.211838
2016-10-09,3.242066,6.472113,1.355795,0.829693
2016-10-10,0.315673,2.110883,0.263699,0.299639
2016-10-11,6.954602,1.304250,1.301559,1.331846
2016-10-12,56.609244,35.249496,7.871065,17.987152
2016-10-13,23.925370,48.385564,8.556427,18.673246
2016-10-14,0.204958,9.463835,0.309485,0.141882
2016-10-15,0.066113,1.282878,0.351732,0.052793
2016-10-16,0.005717,0.175601,0.390467,0.034406
2016-10-17,1.132088,0.080239,0.521912,0.155037
2016-10-18,3.829699,0.431134,0.471424,0.056927
2016-10-19,30.253985,2.960606,5.651038,5.660361
2016-10-20,25.981989,21.412857,4.126786,3.315160
2016-10-21,11.840862,2.728121,1.766911,1.313707
2016-10-22,7.310214,5.959365,3.348580,5.353341
2016-10-23,0.211187,1.070214,1.070108,0.376829
2016-10-24,0.065826,0.007127,0.784329,0.045608
2016-10-25,0.016869,0.000000,0.823886,0.029401
2016-10-26,0.161257,0.000000,0.963452,0.036896
2016-10-27,0.007991,0.000000,0.997341,0.030971
2016-10-28,0.004605,0.000000,1.029627,0.030853
2016-10-29,0.001179,0.000000,1.201711,0.037026
2016-10-30,0.000410,0.000000,1.251245,0.029684
2016-10-31,0.000000,0.000000,1.117449,0.034055
2016-11-01,0.000000,0.000000,1.134759,0.031141
2016-11-02,5.871366,0.527765,1.728412,0.031945
2016-11-03,0.371439,0.491230,1.537891,0.032915
2016-11-04,0.000000,0.000000,1.160351,0.030074
2016-11-05,0.000000,0.000000,1.166928,0.032208
2016-11-06,8.882046,0.186071,5.084935,0.654933
2016-11-07,4.835628,0.907473,1.531904,0.396318
2016-11-08,19.096066,2.854933,2.075007,0.398501
2016-11-09,0.000000,0.417255,1.235815,0.029316
2016-11-10,0.000000,0.000000,1.330923,0.029536
2016-11-11,0.024824,0.000000,1.982621,0.033632
2016-11-12,0.187705,0.000000,2.162680,0.044320
2016-11-13,0.000000,0.000000,1.404006,0.027574
2016-11-14,0.000000,0.000000,1.426477,0.030579
2016-11-15,0.000000,0.000000,1.452032,0.029244
2016-11-16,0.000000,0.000000,1.474326,0.029093
2016-11-17,0.000000,0.000000,1.482330,0.029612
2016-11-18,0.000000,0.000000,1.484444,0.028663
2016-11-19,0.000000,0.000000,1.481083,0.032325
2016-11-20,0.000000,0.000000,1.476559,0.030147
2016-11-21,0.000000,0.000000,1.471199,0.029137
2016-11-22,0.000000,0.000000,1.461713,0.033452
2016-11-23,0.000000,0.000078,1.454157,0.029649
2016-11-24,0.000000,0.000079,1.506809,0.029020
2016-11-25,0.000000,0.000079,1.435012,0.030922
2016-11-26,0.000000,0.000079,1.419488,0.027679
2016-11-27,0.000000,0.000080,1.472888,0.028012
2016-11-28,0.000000,0.000083,1.392620,0.030270
2016-11-29,0.000000,0.000083,1.374092,0.178910
2016-11-30,0.000000,0.000083,1.365151,0.027499
2016-12-01,0.000000,0.000397,1.345218,0.028204
2016-12-02,0.000000,0.002380,1.328409,0.028054
2016-12-03,0.000000,0.003099,1.308477,0.030081
2016-12-04,0.000000,0.003562,1.298665,0.027232
2016-12-05,0.000000,0.004107,1.288072,0.029237
2016-12-06,0.000000,0.004501,1.257110,0.028410
2016-12-07,0.000000,0.003960,1.238012,0.029286
2016-12-08,0.000000,0.000084,1.219682,0.028262
2016-12-09,0.000000,0.000000,1.199807,0.030774
2016-12-10,0.000000,0.000000,1.196166,0.027825
2016-12-11,0.000000,0.000009,1.317245,0.027384
2016-12-12,0.000000,0.000086,1.150449,0.029647
2016-12-13,0.000000,0.000086,1.155597,0.027468
2016-12-14,0.000000,0.000086,1.267830,0.028101
2016-12-15,0.000000,0.000086,1.141500,0.028691
2016-12-16,0.000000,0.000086,1.537513,0.026285
2016-12-17,0.000000,0.000086,1.071788,0.027840
2016-12-18,0.000000,0.000086,1.098534,0.025274
2016-12-19,0.000000,0.000086,1.015190,0.026457
2016-12-20,0.000000,0.000086,0.999606,0.028561
2016-12-21,0.000000,0.000045,0.984713,0.024635
2016-12-22,0.000000,0.000000,0.968415,0.024325
2016-12-23,0.000000,0.000000,0.951470,0.026757
2016-12-24,0.000000,0.000000,0.941157,0.026368
2016-12-25,0.000000,0.000000,0.924227,0.027610
2016-12-26,0.000000,0.000000,0.909966,0.025152
2016-12-27,0.000000,0.000001,0.901592,0.027408
2016-12-28,0.000000,0.000000,0.882376,0.026043
2016-12-29,0.000000,0.000000,0.870088,0.026202
2016-12-30,0.000000,0.000000,0.856626,0.024310
2016-12-31,0.000000,0.000000,0.842158,0.026163
2017-01-01,0.000000,0.000000,0.829715,0.024848
2017-01-02,0.000000,0.000000,0.817934,0.317362
2017-01-03,0.000000,0.000000,0.805814,0.024502
2017-01-04,0.000000,0.000000,0.793676,0.025340
2017-01-05,0.000000,0.000000,0.788048,0.025185
2017-01-06,0.000000,0.000000,0.768457,0.028116
2017-01-07,0.000000,0.000000,0.759489,0.026370
2017-01-08,0.000000,0.000000,0.744206,0.024695
2017-01-09,0.000000,0.000000,0.736739,0.026263
2017-01-10,0.000000,0.000000,0.724113,0.025756
2017-01-11,0.000000,0.000000,0.713327,0.024680
2017-01-12,0.000000,0.000000,0.702358,0.025167
2017-01-13,0.000000,0.000000,0.690761,0.027176
2017-01-14,0.000000,0.000000,0.681426,0.026218
2017-01-15,0.000000,0.000000,0.670838,0.025615
2017-01-16,0.000000,0.000000,0.659926,0.027803
2017-01-17,0.000000,0.000000,0.653200,0.025044
2017-01-18,0.000000,0.000000,0.643316,0.024392
2017-01-19,0.000000,0.000000,0.630997,0.027940
2017-01-20,0.000000,0.000000,0.622689,0.025488
2017-01-21,0.000000,0.000000,0.615257,0.025456
2017-01-22,0.000000,0.000000,0.604409,0.025881
2017-01-23,0.000000,0.000000,0.645545,0.024820
2017-01-24,0.000000,0.000000,0.634938,0.023602
2017-01-25,0.000000,0.000000,0.576554,0.027113
2017-01-26,0.000000,0.000000,0.569767,0.023471
2017-01-27,0.000000,0.000000,0.560456,0.026718
2017-01-28,0.000000,0.000000,0.558357,0.024117
2017-01-29,0.000000,0.000000,0.541365,0.023411
2017-01-30,0.000000,0.000000,0.538097,0.023739
2017-01-31,0.000000,0.000000,0.532801,0.027299
2017-02-01,0.000000,0.000000,0.528576,0.023374
2017-02-02,0.000000,0.000000,0.546518,0.025444
2017-02-03,0.000000,0.000000,0.667829,0.024785
2017-02-04,0.000000,0.000000,0.516320,0.024490
2017-02-05,0.000000,0.000000,0.510746,0.025372
2017-02-06,0.000000,0.000000,0.496765,0.024703
2017-02-07,0.000000,0.000000,0.705179,0.022089
2017-02-08,0.000000,0.000000,1.059565,0.023313
2017-02-09,0.000000,0.000000,0.574448,0.022106
2017-02-10,0.000000,0.000000,0.463142,0.022764
2017-02-11,0.000000,0.000000,0.478184,0.022299
2017-02-12,0.000000,0.000000,0.740792,0.024780
2017-02-13,0.000000,0.000000,0.457486,0.021866
2017-02-14,0.000000,0.000000,0.489897,0.023712
2017-02-15,0.000000,0.000000,0.437157,0.021194
2017-02-16,0.000000,0.000000,0.429042,0.021944
2017-02-17,0.000000,0.000000,0.430428,0.021455
2017-02-18,0.000000,0.000000,0.424741,0.025521
2017-02-19,0.000000,0.000000,0.419748,0.019629
2017-02-20,0.000000,0.000000,0.414857,0.020166
2017-02-21,0.000000,0.000000,0.414544,0.023769
2017-02-22,0.000000,0.000000,0.408226,0.020964
2017-02-23,0.000000,0.000000,0.406603,0.023590
2017-02-24,0.000000,0.000000,0.400284,0.025278
2017-02-25,0.000000,0.000000,0.401711,0.021998
2017-02-26,0.000000,0.000000,0.394666,0.024244
2017-02-27,0.000000,0.000000,0.390399,0.019013
2017-02-28,0.000000,0.000000,0.387770,0.021739
2017-03-01,0.000000,0.000000,0.383116,0.021850
2017-03-02,0.000000,0.000000,0.382461,0.021715
2017-03-03,0.000000,0.000000,0.377016,0.022335
2017-03-04,0.000000,0.000000,0.372678,0.021264
2017-03-05,0.000000,0.000000,0.373228,0.022626
2017-03-06,0.000000,0.000000,0.367232,0.021664
2017-03-07,0.000000,0.000000,0.364947,0.019565
2017-03-08,0.000000,0.000000,0.358319,0.023097
2017-03-09,0.000000,0.000000,0.359630,0.020592
2017-03-10,0.000000,0.000000,0.354508,0.023662
2017-03-11,0.000000,0.000000,0.352876,0.021832
2017-03-12,0.000000,0.000000,0.347221,0.022820
2017-03-13,0.000000,0.000000,0.346906,0.021210
2017-03-14,0.000000,0.000000,0.341932,0.021826
2017-03-15,0.000000,0.000000,0.339280,0.022977
2017-03-16,0.000000,0.000000,0.338152,0.021516
2017-03-17,0.000000,0.000000,0.331857,0.023239
2017-03-18,0.000000,0.000000,0.330818,0.021819
2017-03-19,0.000000,0.000000,0.330913,0.020756
2017-03-20,0.000000,0.000000,0.320552,0.019995
2017-03-21,0.000000,0.000000,0.323080,0.020391
2017-03-22,0.000000,0.000000,0.318106,0.048959
2017-03-23,0.000000,0.000000,0.320499,0.019686
2017-03-24,0.000000,0.000000,0.312801,0.029647
2017-03-25,0.000000,0.000000,0.310164,0.021589
2017-03-26,0.000000,0.000000,0.308167,0.019369
2017-03-27,0.000000,0.000000,0.303034,0.019197
2017-03-28,0.000000,0.000000,0.303384,0.019630
2017-03-29,0.000000,0.000000,0.298251,0.020429
2017-03-30,0.000000,0.000000,0.296254,0.017967
2017-03-31,0.000000,0.000000,0.292755,0.019975
2017-04-01,0.000000,0.000000,0.288784,0.017656
2017-04-02,0.000000,0.000000,0.290153,0.036621
2017-04-03,0.000000,0.000000,0.285471,0.019459
2017-04-04,0.000000,0.000000,0.281845,0.018909
2017-04-05,0.000000,0.000000,0.278206,0.021062
2017-04-06,0.000000,0.000000,0.280530,0.020801
2017-04-07,0.000000,0.000000,0.273712,0.019221
2017-04-08,0.000000,0.000000,0.272089,0.021162
2017-04-09,0.000000,0.000000,0.270264,0.050192
2017-04-10,0.000000,0.000000,0.266269,0.048094
2017-04-11,0.000000,0.000000,0.265590,0.015087
2017-04-12,0.000000,0.000000,0.264326,0.024632
2017-04-13,0.000000,0.000000,0.259115,0.018930
2017-04-14,0.000000,0.000000,0.257987,0.020515
2017-04-15,0.000000,0.000000,0.254173,0.019733
2017-04-16,0.000000,0.000000,0.254016,0.019025
2017-04-17,0.000000,0.000000,0.250202,0.020515
2017-04-18,0.000000,0.000000,0.248740,0.019966
2017-04-19,0.000000,0.000000,0.246743,0.020598
2017-04-20,0.000000,0.000000,0.244050,0.019121
2017-04-21,0.000000,0.000000,0.241757,0.021082
2017-04-22,0.000000,0.000000,0.238289,0.020258
2017-04-23,0.000000,0.000000,0.239260,0.074141
2017-04-24,0.000000,0.000000,0.235289,0.074392
2017-04-25,0.000000,0.000000,0.237516,0.099511
2017-04-26,0.000000,0.000000,0.235259,0.090175
2017-04-27,0.000000,0.000000,0.510908,0.084089
2017-04-28,0.000000,0.000000,0.475139,0.018891
2017-04-29,0.000000,0.000000,1.002956,0.083111
2017-04-30,0.000000,0.000000,2.300260,0.112792
2017-05-01,0.000000,0.000000,2.967421,0.117892
2017-05-02,3.374621,0.156481,7.140613,0.099014
2017-05-03,6.173912,1.336132,11.231651,0.049593
2017-05-04,9.638372,1.284945,5.920994,0.153445
2017-05-05,10.356789,1.337169,3.107197,0.179533
2017-05-06,14.439234,1.442672,3.950113,0.181892
2017-05-07,14.753464,1.979540,4.112595,0.873793
2017-05-08,6.027005,1.175106,2.259402,0.127774
2017-05-09,2.744744,0.581930,1.622234,0.468586
2017-05-10,0.662255,0.072218,1.340453,0.179744
2017-05-11,0.566576,0.003042,0.625318,0.074244
2017-05-12,0.476048,0.003001,0.542512,0.086231
2017-05-13,0.421492,0.003017,0.595792,0.073528
2017-05-14,0.370330,0.003115,1.686886,0.099186
2017-05-15,9.773548,0.733475,1.625198,0.205644
2017-05-16,14.743401,2.516618,2.334710,0.121952
2017-05-17,7.865365,3.082809,2.272380,0.748807
2017-05-18,7.570485,3.072139,2.338609,2.249832
2017-05-19,6.326690,3.856214,5.715816,1.280437
2017-05-20,21.597912,11.506736,5.919494,2.158660
2017-05-21,27.176841,18.797644,6.690495,3.726819
2017-05-22,10.038258,12.571701,3.636666,1.683679
2017-05-23,11.683289,7.347441,6.020790,1.356946
2017-05-24,7.891540,4.842545,5.397609,2.554959
2017-05-25,3.380798,2.165219,4.556139,1.726381
2017-05-26,0.930616,0.720587,6.563092,0.641020
2017-05-27,1.241723,0.648551,7.743801,1.892996
2017-05-28,0.883050,0.286097,6.985813,2.612403
2017-05-29,2.146423,0.392169,8.735110,6.080283
2017-05-30,0.268333,0.180634,5.979295,8.224050
2017-05-31,0.258791,0.003647,6.027719,3.357929
2017-06-01,0.252157,0.000000,6.706089,1.928564
2017-06-02,1.101412,0.064725,8.309850,7.954599
2017-06-03,13.961401,1.182147,9.342369,8.090694
2017-06-04,25.990424,5.635503,10.650311,11.531503
2017-06-05,16.518832,7.920547,10.445308,5.939946
2017-06-06,22.398158,10.323233,14.452334,14.154779
2017-06-07,19.174089,12.097780,11.859384,14.078164
2017-06-08,18.357474,10.211999,12.226296,13.281472
2017-06-09,21.690137,11.876889,12.538081,12.524026
2017-06-10,16.041086,10.908016,12.933224,17.293216
2017-06-11,18.253418,10.993060,13.452247,13.560321
2017-06-12,21.472155,12.700130,13.627539,18.151837
2017-06-13,24.365484,14.107981,13.905011,14.314746
2017-06-14,24.316468,14.618027,14.797357,22.820832
2017-06-15,17.862625,15.319134,14.046025,16.113270
2017-06-16,13.601608,12.677275,14.646266,13.622292
2017-06-17,18.359404,16.342533,15.100237,15.318192
2017-06-18,21.697976,15.708320,13.142915,14.517902
2017-06-19,23.167644,17.020270,13.225157,13.612503
2017-06-20,8.444620,14.059346,13.125066,14.276764
2017-06-21,12.488975,15.708178,13.550616,23.436771
2017-06-22,14.512226,23.130861,14.532249,35.577479
2017-06-23,13.729148,22.703385,10.545301,23.417662
2017-06-24,11.398211,19.456363,9.071777,22.601259
2017-06-25,10.912650,18.207003,9.454897,24.431299
2017-06-26,10.807397,16.806608,9.282019,21.913451
2017-06-27,13.424368,15.939921,9.429658,24.511033
2017-06-28,3.489558,16.551266,8.889591,20.669591
2017-06-29,3.398008,18.636724,8.779769,20.355520
2017-06-30,5.463112,15.203352,8.883853,15.347391
2017-07-01,10.513331,21.047798,8.633653,21.890062
2017-07-02,7.684857,12.268646,8.694186,23.311478
2017-07-03,12.958970,8.106729,4.646136,8.011568
2017-07-04,2.101617,7.453037,4.655785,10.919034
2017-07-05,1.716092,5.761207,4.449923,14.415242
2017-07-06,3.578764,15.117385,5.342435,25.173311
2017-07-07,2.748898,20.180828,5.107341,25.670831
2017-07-08,3.214425,16.855207,5.325894,24.166933
2017-07-09,4.926141,18.979444,6.050907,25.401292
2017-07-10,4.006101,17.802172,6.022731,24.466227
2017-07-11,1.619628,17.426725,5.278854,19.509486
2017-07-12,1.471581,16.020455,5.590991,21.027528
2017-07-13,1.718812,16.236213,5.893000,21.614955
2017-07-14,2.437572,20.685655,6.016638,22.440932
2017-07-15,1.428955,25.384020,6.707476,22.388693
2017-07-16,0.355140,25.566238,7.364475,22.903317
2017-07-17,0.791879,26.815041,6.631284,22.173938
2017-07-18,2.236540,28.396526,10.899422,30.001370
2017-07-19,3.972768,55.315349,7.360931,24.002933
2017-07-20,16.598635,47.915792,14.606180,24.550523
2017-07-21,0.526712,34.201197,3.046710,25.031226
2017-07-22,32.158738,51.073361,11.612555,27.473524
2017-07-23,11.344027,73.121949,7.614856,37.875136
2017-07-24,0.437995,38.214357,3.875394,26.814198
2017-07-25,0.586276,33.156948,4.850522,28.388752
2017-07-26,0.504479,37.286416,4.650527,26.824480
2017-07-27,0.482160,29.392772,4.607138,24.617636
2017-07-28,0.488031,28.032174,6.003283,34.246408
2017-07-29,0.481382,28.977897,5.629270,25.819146
2017-07-30,0.340767,24.535767,5.301313,30.042356
2017-07-31,0.349243,23.140549,5.248275,28.681834
2017-08-01,0.323551,23.036000,5.159331,23.985556
2017-08-02,0.311605,22.951635,5.714844,28.144080
2017-08-03,0.270044,23.432152,5.265115,26.132231
2017-08-04,0.166922,19.920860,5.231688,20.209295
2017-08-05,0.649227,15.135483,5.825415,19.048576
2017-08-06,0.207071,13.782547,3.572433,19.395423
2017-08-07,0.212959,18.192631,2.894485,14.107974
2017-08-08,2.615038,14.906255,3.441409,6.574593
2017-08-09,0.209792,13.349457,2.957670,16.441784
2017-08-10,0.095460,13.673174,3.408580,14.331473
2017-08-11,0.179666,15.032717,3.258771,14.369342
2017-08-12,0.167275,17.208582,3.257912,18.054455
2017-08-13,0.109572,14.623704,3.310177,17.082706
2017-08-14,0.134299,13.594602,3.093253,23.651306
2017-08-15,0.162996,15.687110,3.730910,26.218891
2017-08-16,0.148385,14.422857,3.637354,19.665242
2017-08-17,0.197209,10.203813,3.030766,5.765782
2017-08-18,0.074655,10.911902,2.944767,15.545061
2017-08-19,0.076108,10.851159,3.845227,20.753222
2017-08-20,0.166267,10.904205,4.066503,21.644775
2017-08-21,1.075885,14.580546,3.921399,22.373127
2017-08-22,0.081788,13.978291,4.046389,24.199955
2017-08-23,0.233650,15.252427,3.239318,22.080801
2017-08-24,0.217212,15.880167,3.595531,22.415467
2017-08-25,8.956821,13.045057,6.702631,15.735846
2017-08-26,11.896101,28.929166,15.730795,36.864882
2017-08-27,0.309235,24.677584,3.407362,16.350636
2017-08-28,0.101446,16.237074,1.372193,17.484682
2017-08-29,0.037924,10.686428,1.123480,15.884422
2017-08-30,0.047881,8.488673,2.187400,15.681769
2017-08-31,0.145877,8.287113,1.688256,17.731287
2017-09-01,0.143765,10.626475,2.336506,20.427439
2017-09-02,0.086442,10.362030,1.379826,16.792729
2017-09-03,4.611400,9.846582,3.072523,9.658342
2017-09-04,0.802842,39.048339,6.921731,29.322695
2017-09-05,0.808829,51.497319,3.589196,20.696117
2017-09-06,0.178368,19.840213,1.634563,16.582413
2017-09-07,0.168280,10.158681,0.914777,15.964758
2017-09-08,1.187992,5.648111,0.667504,19.833403
2017-09-09,0.869176,4.632882,1.569745,12.183954
2017-09-10,0.005183,3.851218,0.650082,18.299977
2017-09-11,0.014890,2.084848,0.848582,19.163309
2017-09-12,0.023569,1.305543,0.571343,1.784288
2017-09-13,0.010591,1.053867,0.549721,3.895401
2017-09-14,0.027170,0.658021,1.065814,15.356141
2017-09-15,8.743079,14.197354,5.451177,15.674941
2017-09-16,18.740397,29.481647,9.792901,14.834540
2017-09-17,41.231566,52.849269,18.204971,36.128618
2017-09-18,0.086736,16.952697,0.656693,12.492190
2017-09-19,4.363098,10.965597,2.674725,6.735729
2017-09-20,1.321174,8.492815,5.589432,8.648525
2017-09-21,11.303291,20.990300,11.267350,20.542339
2017-09-22,0.076121,18.308179,2.693722,8.861181
2017-09-23,0.800390,8.828181,3.245393,13.144737
2017-09-24,11.065538,34.115457,15.129527,35.010678
2017-09-25,2.548739,17.287095,1.204978,2.545812
2017-09-26,0.029289,9.988067,6.907177,15.541685
2017-09-27,27.925192,52.387008,23.860369,54.664503
2017-09-28,0.320071,26.971902,0.797349,10.043309
2017-09-29,1.049636,4.096377,0.740763,5.190984
2017-09-30,4.364069,12.621555,5.613501,8.452781
2017-10-01,3.335515,18.152669,4.054682,4.682824
2017-10-02,0.884006,7.321052,1.342278,4.514354
2017-10-03,0.120905,1.506318,0.701528,5.461282
2017-10-04,0.000428,0.212269,0.745102,1.528726
2017-10-05,0.000034,0.029543,0.785332,0.198078
2017-10-06,0.000436,0.004562,0.816387,0.173443
2017-10-07,1.043045,0.178418,1.416508,0.552040
2017-10-08,1.150019,2.705367,2.169534,2.851557
2017-10-09,0.216087,3.269538,3.684572,3.873796
2017-10-10,14.976581,13.651864,3.541404,5.175787
2017-10-11,1.157429,13.534769,4.763107,8.926327
2017-10-12,0.001144,3.425945,0.917704,0.163280
2017-10-13,0.001708,1.369896,0.957491,0.187051
2017-10-14,0.000711,0.751746,1.450470,0.111593
2017-10-15,0.000141,0.108659,1.007042,0.054692
2017-10-16,0.000012,0.019023,0.985984,0.092834
2017-10-17,0.000034,0.006919,0.988194,0.076046
2017-10-18,0.001492,0.005418,1.531763,0.733050
2017-10-19,0.003476,0.075687,1.346613,0.869831
2017-10-20,18.843056,7.224712,7.744796,13.502548
2017-10-21,0.985622,7.777449,1.583541,1.362015
2017-10-22,0.275066,0.739192,0.965770,0.240917
2017-10-23,3.174971,0.869609,1.985053,1.031681
2017-10-24,0.000002,0.548759,1.055604,0.081530
2017-10-25,0.001110,0.076597,0.933592,0.051414
2017-10-26,0.127376,0.047836,1.126814,0.127772
2017-10-27,0.011666,0.602780,0.923940,0.052689
2017-10-28,0.000620,0.095197,0.915240,0.057159
2017-10-29,0.000020,0.013485,0.911803,0.050816
2017-10-30,0.000141,0.002340,0.901784,0.060108
2017-10-31,0.000199,0.000221,0.902713,0.052046
2017-11-01,0.000000,0.000000,0.884440,0.054412
2017-11-02,0.000000,0.000000,0.877410,0.048316
2017-11-03,0.000000,0.000000,0.867628,0.058554
2017-11-04,0.000000,0.000000,0.856176,0.060615
2017-11-05,0.000000,0.000000,0.847037,0.053285
2017-11-06,0.000000,0.000000,0.836665,0.046345
2017-11-07,0.000000,0.000000,0.828185,0.045231
2017-11-08,0.000000,0.000000,0.817657,0.054257
2017-11-09,0.000000,0.000000,0.807760,0.052755
2017-11-10,0.000000,0.000000,0.799358,0.062810
2017-11-11,0.000000,0.000000,0.789801,0.042568
2017-11-12,0.000000,0.000000,0.780565,0.048320
2017-11-13,0.000000,0.000000,0.772223,0.049996
2017-11-14,0.000000,0.000000,0.761485,0.052954
2017-11-15,0.000000,0.000000,0.750199,0.059625
2017-11-16,0.000000,0.000000,0.743907,0.051532
2017-11-17,0.000000,0.000000,0.732755,0.059398
2017-11-18,0.000000,0.000000,0.723883,0.051314
2017-11-19,0.000000,0.000000,0.714416,0.057059
2017-11-20,0.000000,0.000000,0.705256,0.063841
2017-11-21,0.000000,0.000000,0.696865,0.051432
2017-11-22,0.000000,0.000000,0.687523,0.057196
2017-11-23,0.000000,0.000000,0.678289,0.048726
2017-11-24,0.000000,0.000000,0.671076,0.058730
2017-11-25,0.000000,0.000000,0.660871,0.054749
2017-11-26,0.000000,0.000000,0.654290,0.072675
2017-11-27,0.000000,0.000000,0.643398,0.058377
2017-11-28,0.000000,0.000000,0.635686,0.049453
2017-11-29,0.000000,0.000000,0.693596,0.054208
2017-11-30,0.042187,0.000000,2.306119,0.056941
2017-12-01,0.000000,0.000000,0.614317,0.057819
2017-12-02,0.000000,0.000000,0.597008,0.049564
2017-12-03,0.000000,0.000000,0.585715,0.059611
2017-12-04,0.000000,0.000000,0.575397,0.049536
2017-12-05,0.000000,0.000000,0.566659,0.056207
2017-12-06,0.000000,0.000000,0.556181,0.052335
2017-12-07,0.000000,0.000000,0.545364,0.050868
2017-12-08,0.000000,0.000000,0.535249,0.052727
2017-12-09,0.000000,0.000000,0.523977,0.054161
2017-12-10,0.000000,0.000000,0.512296,0.054044
2017-12-11,0.000000,0.000000,0.502481,0.053192
2017-12-12,0.000000,0.000000,0.489298,0.042057
2017-12-13,0.000000,0.000000,0.480995,0.050359
2017-12-14,0.000000,0.000000,0.466173,0.049405
2017-12-15,0.000000,0.000000,0.457536,0.051604
2017-12-16,0.000000,0.000000,0.448973,0.039863
2017-12-17,0.000000,0.000000,0.433834,0.051877
2017-12-18,0.000000,0.000000,0.429866,0.055077
2017-12-19,0.000000,0.000000,0.415582,0.042198
2017-12-20,0.000000,0.000000,0.406357,0.051871
2017-12-21,0.000000,0.000000,0.398032,0.044777
2017-12-22,0.000000,0.000000,0.388468,0.051694
2017-12-23,0.000000,0.000000,0.380560,0.042029
2017-12-24,0.000000,0.000000,0.372493,0.051806
2017-12-25,0.000000,0.000000,0.364454,0.051297
2017-12-26,0.000000,0.000000,0.356703,0.038307
2017-12-27,0.000000,0.000000,0.347634,0.050929
2017-12-28,0.000000,0.000000,0.342387,0.042340
2017-12-29,0.000000,0.000000,0.330318,0.048635
2017-12-30,0.000000,0.000000,0.324092,0.049469
2017-12-31,0.000000,0.000000,0.316341,0.041059
2018-01-01,0.000000,0.000000,0.307744,0.049158
2018-01-02,0.000000,0.000000,0.296868,0.050338
2018-01-03,0.000000,0.000000,0.289402,0.039581
2018-01-04,0.000000,0.000000,0.280149,0.041885
2018-01-05,0.000000,0.000000,0.274950,0.046506
2018-01-06,0.000000,0.000000,0.266801,0.048721
2018-01-07,0.000000,0.000000,0.260072,0.048043
2018-01-08,0.000000,0.000000,0.249610,0.043045
2018-01-09,0.000000,0.000000,0.484220,0.045643
2018-01-10,0.000000,0.000000,1.148958,0.047752
2018-01-11,0.000000,0.000000,0.283340,0.037606
2018-01-12,0.000000,0.000000,2.638472,0.046830
2018-01-13,0.000000,0.000000,0.220468,0.049242
2018-01-14,0.000000,0.000000,0.425410,0.046153
2018-01-15,0.000000,0.000000,0.210848,0.045153
2018-01-16,0.000000,0.000000,0.206058,0.037858
2018-01-17,0.000000,0.000000,0.201779,0.045536
2018-01-18,0.000000,0.000101,0.196334,0.046623
2018-01-19,0.000000,0.000233,0.193996,0.043913
2018-01-20,0.000000,0.000233,0.190216,0.042920
2018-01-21,0.000000,0.000233,0.185267,0.201806
2018-01-22,0.000000,0.000233,0.183145,0.042933
2018-01-23,0.000000,0.000233,0.178304,0.043253
2018-01-24,0.000000,0.000234,0.177336,0.042363
2018-01-25,0.000000,0.000235,0.171076,0.042394
2018-01-26,0.000000,0.000234,0.168423,0.035337
2018-01-27,0.000000,0.000234,0.260495,0.041353
2018-01-28,0.000000,0.000233,0.211926,0.040768
2018-01-29,0.000000,0.000233,0.159214,0.041888
2018-01-30,0.000000,0.000238,0.154017,0.038520
2018-01-31,0.000000,0.000293,0.154415,0.034675
2018-02-01,0.000000,0.000324,0.148919,0.038972
2018-02-02,0.000000,0.001432,0.219696,0.039569
2018-02-03,0.000000,0.030800,0.143978,0.035688
2018-02-04,0.000000,0.025716,0.228977,0.037150
2018-02-05,0.000000,0.076252,0.141691,0.035859
2018-02-06,0.000000,0.058938,0.135722,0.035854
2018-02-07,0.000000,0.037185,0.133698,0.038177
2018-02-08,0.000000,0.022995,0.131762,0.033595
2018-02-09,0.000000,0.000223,0.130118,0.036296
2018-02-10,0.000000,0.000666,0.127948,0.038244
2018-02-11,0.000000,0.039968,0.124473,0.035576
2018-02-12,0.000000,0.064272,0.122998,0.035634
2018-02-13,0.000000,0.073844,0.120661,0.034940
2018-02-14,0.000000,0.081760,0.118009,0.033812
2018-02-15,0.000000,0.088687,0.147554,0.035094
2018-02-16,0.000000,0.111120,0.721126,0.034136
2018-02-17,0.000000,0.114760,0.127412,0.034329
2018-02-18,0.000000,0.097019,0.119397,0.034462
2018-02-19,0.000000,0.113140,0.187780,0.032175
2018-02-20,0.000000,0.129411,0.210957,0.034125
2018-02-21,0.000000,0.116864,0.106995,0.034824
2018-02-22,0.000000,0.103108,0.111124,0.040459
2018-02-23,0.000000,0.103437,0.124939,0.035281
2018-02-24,0.000000,0.116428,1.734489,0.035737
2018-02-25,0.000000,0.136542,0.323098,0.042143
2018-02-26,10.563726,1.733847,2.552749,0.035229
2018-02-27,0.400947,1.672441,0.100377,0.035033
2018-02-28,0.203769,0.463797,0.098739,0.032834
2018-03-01,0.087096,0.293782,0.096714,0.035784
2018-03-02,0.021407,0.266069,0.095903,0.032957
2018-03-03,0.000000,0.259825,0.092587,0.035112
2018-03-04,0.000000,0.254630,0.092088,0.033332
2018-03-05,0.000000,0.189181,0.093433,0.035435
2018-03-06,0.000000,0.063228,0.088433,0.032547
2018-03-07,0.000000,0.011892,0.090648,0.032478
2018-03-08,0.000000,0.028897,0.087961,0.032139
2018-03-09,0.000000,0.026624,0.085309,0.033847
2018-03-10,0.000000,0.030369,0.084489,0.029937
2018-03-11,0.000000,0.046838,0.084181,0.033435
2018-03-12,0.000000,0.038334,0.082707,0.032109
2018-03-13,0.000000,0.038133,0.079863,0.033093
2018-03-14,0.000000,0.040342,0.080054,0.032355
2018-03-15,0.000000,0.030280,0.077032,0.031262
2018-03-16,0.000000,0.069594,0.077238,0.033778
2018-03-17,0.000000,0.102559,0.072292,0.032772
2018-03-18,0.000000,0.080178,0.072245,0.056898
2018-03-19,0.000000,0.058792,0.071980,0.070506
2018-03-20,0.000000,0.070066,0.069296,0.066886
2018-03-21,0.000000,0.079905,0.068298,0.031960
2018-03-22,0.000000,0.090147,0.066683,0.031934
2018-03-23,0.000000,0.110933,0.065805,0.032917
2018-03-24,0.000000,0.119254,0.065696,0.031247
2018-03-25,0.000000,0.084760,0.061834,0.032772
2018-03-26,0.000000,0.000211,0.061725,0.030733
2018-03-27,0.000000,0.005149,0.061688,0.030692
2018-03-28,0.000000,0.079258,0.059072,0.030750
2018-03-29,0.000000,0.085793,0.059388,0.031223
2018-03-30,0.000000,0.074960,0.057598,0.031253
2018-03-31,0.000000,0.036233,0.056736,0.032242
2018-04-01,0.000000,0.012137,0.057789,0.032757
2018-04-02,0.000000,0.014791,0.052734,0.027824
2018-04-03,0.000000,0.036388,0.052605,0.031305
2018-04-04,0.000000,0.056761,0.054134,0.032638
2018-04-05,0.000000,0.056478,0.050261,0.030314
2018-04-06,0.000000,0.050217,0.052004,0.030808
2018-04-07,0.000000,0.027690,0.048794,0.031025
2018-04-08,0.000000,0.009542,0.047319,0.031555
2018-04-09,0.000000,0.019661,1.207270,0.029369
2018-04-10,0.000000,0.080590,0.212642,0.030805
2018-04-11,0.000000,0.112481,2.919830,0.191645
2018-04-12,0.000000,0.151982,0.112662,0.152442
2018-04-13,0.000000,0.162516,3.276482,0.122109
2018-04-14,0.000000,0.355634,4.812262,0.131617
2018-04-15,0.000000,0.649083,1.806092,0.228454
2018-04-16,0.365232,0.472462,3.163794,0.253582
2018-04-17,5.366549,1.449822,6.655846,0.121646
2018-04-18,7.089620,2.344145,12.246436,0.163142
2018-04-19,8.258759,2.159699,2.090956,0.186859
2018-04-20,0.000000,0.668815,1.577078,0.252485
2018-04-21,0.000000,0.215523,1.440108,0.111467
2018-04-22,0.000000,0.023138,1.086853,0.146029
2018-04-23,0.000000,0.000188,0.980606,0.117745
2018-04-24,0.000000,0.000188,2.071931,0.102044
2018-04-25,0.000000,0.000188,1.243789,0.029555
2018-04-26,0.000000,0.000206,1.689356,0.127377
2018-04-27,0.000000,0.000206,1.461923,0.087901
2018-04-28,0.000000,0.000133,2.434366,0.029609
2018-04-29,0.000000,0.000000,1.528424,0.152156
2018-04-30,0.000000,0.000000,0.345285,0.150157
2018-05-01,0.000000,0.000000,0.120278,0.029107
2018-05-02,0.000000,0.000000,0.098439,0.074009
2018-05-03,0.000000,0.000000,0.032171,0.028946
2018-05-04,0.000000,0.000000,0.035586,0.032536
2018-05-05,0.000000,0.000000,0.030712,0.030020
2018-05-06,0.000000,0.000000,0.032159,0.187103
2018-05-07,0.000000,0.000000,0.032021,0.170958
2018-05-08,0.000000,0.000000,0.032055,0.033003
2018-05-09,0.000000,0.000001,0.413526,0.027547
2018-05-10,0.000000,0.000000,0.333195,0.170593
2018-05-11,0.000000,0.000000,0.621066,0.201235
2018-05-12,0.000000,0.000000,1.152385,0.373167
2018-05-13,0.000000,0.062519,1.776526,0.310968
2018-05-14,1.563954,0.396644,2.188678,0.317992
2018-05-15,0.000000,0.211822,0.608915,0.190635
2018-05-16,0.000000,0.005662,0.296785,0.165797
2018-05-17,1.018592,0.069787,4.320073,0.247995
2018-05-18,4.619738,1.139729,2.592940,0.246083
2018-05-19,0.000000,0.188016,0.197613,0.187263
2018-05-20,0.814659,0.140028,0.853713,0.171921
2018-05-21,3.895096,0.425491,1.194078,0.132077
2018-05-22,3.563910,0.375792,2.720141,0.184995
2018-05-23,13.300362,2.113536,2.748659,0.199723
2018-05-24,0.267658,0.554911,0.569915,0.280164
2018-05-25,0.000000,0.010579,0.413566,0.189116
2018-05-26,7.300686,0.933866,2.151784,0.495597
2018-05-27,1.721002,0.886852,2.601048,0.826463
2018-05-28,1.360471,0.661529,2.449482,0.489978
2018-05-29,5.800208,1.087568,3.975051,0.550346
2018-05-30,15.126066,2.734168,8.316482,2.420887
2018-05-31,9.320214,1.900675,5.573061,1.292311
2018-06-01,7.530031,1.523886,5.498948,1.599590
2018-06-02,15.591662,1.856962,6.856657,3.269571
2018-06-03,15.965145,5.004053,6.592425,2.917103
2018-06-04,11.075059,6.223626,8.399183,3.854590
2018-06-05,11.980889,6.779156,6.950376,5.047908
2018-06-06,19.701500,11.810482,9.011921,8.729403
2018-06-07,30.851672,17.270368,12.746341,10.109274
2018-06-08,15.034110,16.548311,5.891206,5.930463
2018-06-09,16.327676,10.218259,6.714055,0.926880
2018-06-10,8.456482,6.746363,4.233365,7.417272
2018-06-11,10.958692,5.815692,4.846140,9.859351
2018-06-12,11.481255,8.368785,5.140995,7.677946
2018-06-13,9.601697,8.216070,6.674699,5.626998
2018-06-14,12.655168,9.005783,7.296742,9.100615
2018-06-15,12.839463,9.884330,6.590595,5.379362
2018-06-16,7.755273,7.176630,7.004886,6.054517
2018-06-17,5.246444,4.771529,7.595558,7.315597
2018-06-18,9.762233,6.044728,10.887746,6.397586
2018-06-19,10.744057,8.569023,11.879337,7.667046
2018-06-20,10.579643,11.156858,11.585958,10.449754
2018-06-21,22.366796,12.544808,11.566958,10.926782
2018-06-22,25.984295,22.985499,9.782008,17.191685
2018-06-23,27.642700,19.155276,11.812966,24.568668
2018-06-24,27.084609,27.291095,10.510804,18.157065
2018-06-25,16.175173,13.907597,9.741434,16.063148
2018-06-26,12.191655,14.719814,9.375051,15.573654
2018-06-27,12.059174,17.436499,9.497494,23.727473
2018-06-28,10.163335,15.983605,11.015831,15.977421
2018-06-29,20.934864,26.482188,11.656136,19.170593
2018-06-30,13.006814,19.888681,8.943364,14.537681
2018-07-01,10.479618,16.893731,8.686840,21.975290
2018-07-02,38.134210,29.003644,10.037912,18.077913
2018-07-03,9.748988,27.499553,8.258035,18.714352
2018-07-04,2.499869,16.507470,6.153305,18.058124
2018-07-05,3.477575,14.642168,5.823624,19.676823
2018-07-06,5.485559,16.639854,6.120078,20.112116
2018-07-07,1.473950,20.502801,6.294728,20.075386
2018-07-08,5.455309,24.105766,7.580214,22.113842
2018-07-09,14.781663,30.619200,7.580437,23.599821
2018-07-10,2.291501,30.831299,6.011556,25.220590
2018-07-11,0.441356,33.125588,5.717855,29.395891
2018-07-12,0.402246,28.021927,6.917548,27.085261
2018-07-13,0.356855,21.964364,8.224987,27.498838
2018-07-14,0.270093,22.132458,7.061834,27.658031
2018-07-15,0.315389,26.630552,6.700853,25.810825
2018-07-16,0.247138,25.060868,6.942767,23.694320
2018-07-17,0.307420,26.903178,6.691259,28.020647
2018-07-18,1.504325,28.074842,7.653652,23.940476
2018-07-19,2.600021,27.212125,7.212249,29.541309
2018-07-20,0.282509,21.432731,7.029260,27.790537
2018-07-21,0.230657,17.691484,8.062740,27.050873
2018-07-22,0.243432,19.308234,8.375861,25.661539
2018-07-23,0.210719,20.868020,7.515009,19.422403
2018-07-24,0.211460,21.640262,8.096933,22.872077
2018-07-25,0.157302,19.931875,7.313672,18.742097
2018-07-26,0.148764,18.613508,7.439452,16.997972
2018-07-27,0.177153,20.189481,8.627438,18.608936
2018-07-28,0.755394,22.869062,9.001813,27.140690
2018-07-29,1.786721,108.719290,18.070018,70.977597
2018-07-30,5.618191,147.085962,10.402540,43.679545
2018-07-31,1.660162,94.589703,12.107476,37.922981
2018-08-01,0.151844,40.022128,4.890580,20.373789
2018-08-02,2.564897,24.485710,5.724313,28.683332
2018-08-03,0.093983,25.462451,4.527006,25.643365
2018-08-04,0.003419,25.610388,4.600875,32.106484
2018-08-05,0.010216,21.860877,4.946390,32.395174
2018-08-06,1.455114,12.768229,4.173373,23.604138
2018-08-07,0.100238,17.206301,4.465100,29.659710
2018-08-08,0.002373,20.236559,4.805906,30.904245
2018-08-09,0.005427,18.042075,5.219524,29.545111
2018-08-10,0.003208,16.876043,4.894276,29.581224
2018-08-11,0.003603,16.979246,5.144177,30.876146
2018-08-12,0.009942,15.958954,5.985532,32.903322
2018-08-13,0.030021,14.331978,5.593757,31.736114
2018-08-14,0.006088,16.915129,5.125809,29.007985
2018-08-15,0.004084,18.215676,4.593887,21.752829
2018-08-16,0.001062,16.629905,4.649686,29.149921
2018-08-17,0.002119,15.897450,3.974768,23.069454
2018-08-18,0.002480,15.656989,3.963443,22.657197
2018-08-19,0.011890,16.076368,4.192887,22.106764
2018-08-20,0.481805,11.797263,3.627840,17.097713
2018-08-21,13.525801,22.153486,4.832077,12.084258
2018-08-22,3.157391,23.687263,3.153091,22.775673
2018-08-23,0.133931,12.290339,2.660258,15.233513
2018-08-24,0.198259,11.886266,1.781955,10.656576
2018-08-25,0.021818,10.220177,0.930899,11.752736
2018-08-26,0.569515,5.964988,0.901520,5.679931
2018-08-27,0.140995,4.236347,0.943846,2.902544
2018-08-28,0.002108,4.698751,0.840484,6.688186
2018-08-29,0.000241,4.756755,0.815513,6.738831
2018-08-30,12.994243,3.037979,2.343820,6.279269
2018-08-31,50.125315,39.395506,10.735850,23.565725
2018-09-01,3.203994,40.604766,2.500476,13.725815
2018-09-02,0.031401,12.666965,1.282469,12.996228
2018-09-03,0.363328,6.560296,0.725828,21.140221
2018-09-04,0.075380,6.559184,0.828834,17.703571
2018-09-05,0.073729,5.209191,0.892394,15.089901
2018-09-06,0.073350,2.926110,1.600702,17.707159
2018-09-07,0.360066,7.507657,3.765913,7.774315
2018-09-08,0.066550,14.345376,1.701064,11.555149
2018-09-09,13.111275,41.086647,12.645227,28.556318
2018-09-10,17.822084,30.584636,11.644541,22.736719
2018-09-11,2.845306,17.278547,2.254831,12.360598
2018-09-12,8.559239,17.291087,2.088815,9.836329
2018-09-13,4.560272,8.861643,1.148453,14.369726
2018-09-14,1.319489,4.994005,0.655077,13.295624
2018-09-15,3.321609,3.058660,0.624046,0.281211
2018-09-16,0.064892,2.885114,1.042734,0.492379
2018-09-17,0.000284,5.490861,1.800622,5.745479
2018-09-18,0.000032,2.723166,0.603710,1.851576
2018-09-19,0.025375,0.603883,0.598901,0.262280
2018-09-20,3.068977,0.010832,0.589213,0.072682
2018-09-21,0.408897,0.003515,0.582644,0.074418
2018-09-22,0.083088,0.001417,0.572467,0.113494
2018-09-23,1.534042,0.000002,0.563232,0.134931
2018-09-24,0.019658,0.000357,0.571657,0.087104
2018-09-25,0.003245,0.001471,0.544611,0.061966
2018-09-26,0.331293,0.001690,0.538368,0.061805
2018-09-27,0.000409,0.001269,0.522808,0.081083
2018-09-28,2.661289,0.000092,0.538119,0.060957
2018-09-29,0.437164,0.000000,0.549579,0.146605
2018-09-30,0.000006,0.000000,0.492248,0.110697
2018-10-01,0.005391,0.000000,0.484993,0.067566
2018-10-02,0.000000,0.000000,0.479553,0.060384
2018-10-03,0.000002,0.000000,0.476745,0.055194
2018-10-04,0.115751,0.000000,0.456037,0.059360
2018-10-05,0.000012,0.000000,0.448653,0.106247
2018-10-06,0.000030,0.000000,0.442998,0.057108
2018-10-07,0.001435,0.000000,0.431561,0.055717
2018-10-08,0.000033,0.000000,0.423090,0.055597
2018-10-09,0.000091,0.000000,0.414762,0.055289
2018-10-10,0.001372,0.000000,0.407843,0.053809
2018-10-11,0.000653,0.006115,1.247531,0.054149
2018-10-12,1.004042,1.646633,2.398066,0.919653
2018-10-13,0.001212,0.448374,0.468183,0.052573
2018-10-14,0.000289,0.061139,0.384915,0.055498
2018-10-15,0.003877,0.008316,0.372695,0.054131
2018-10-16,1.345102,0.000554,0.486180,0.053819
2018-10-17,0.548421,0.002392,0.602601,0.054775
2018-10-18,0.358926,0.000000,0.550681,0.052056
2018-10-19,0.643370,0.168128,0.639238,0.055715
2018-10-20,0.000000,0.000000,0.350364,0.050905
2018-10-21,0.000000,0.000000,0.335023,0.052329
2018-10-22,0.000000,0.000000,0.331314,0.072701
2018-10-23,0.000000,0.000000,0.325428,0.050629
2018-10-24,0.000000,0.000000,0.319160,0.052290
2018-10-25,0.000000,0.000000,0.316352,0.053277
2018-10-26,0.000000,0.000000,0.314050,0.057957
2018-10-27,0.000000,0.000000,0.304478,0.052554
2018-10-28,0.000000,0.000000,0.353725,0.049570
2018-10-29,0.000000,0.000000,0.297067,0.055854
2018-10-30,0.000000,0.000000,0.291442,0.046244
2018-10-31,0.000000,0.000000,0.292536,0.050320
2018-11-01,0.000000,0.000000,0.285131,0.050782
2018-11-02,0.000000,0.000000,0.282245,0.050781
2018-11-03,0.000000,0.000000,0.275770,0.048561
2018-11-04,0.000000,0.000000,0.272883,0.048197
2018-11-05,0.000000,0.000000,0.264942,0.051552
2018-11-06,0.000000,0.000000,0.268363,0.049179
2018-11-07,0.000067,0.000000,0.442078,0.049597
2018-11-08,3.246461,1.651830,2.724834,0.075757
2018-11-09,1.359332,2.337148,0.599559,0.069951
2018-11-10,0.000109,0.350702,0.258665,0.050646
2018-11-11,0.000292,0.047836,0.247202,0.047641
2018-11-12,0.000012,0.006517,0.242759,0.048716
2018-11-13,0.000072,0.000927,0.239997,0.048183
2018-11-14,0.000091,0.000170,0.237029,0.048584
2018-11-15,0.000027,0.000032,0.232586,0.047886
2018-11-16,0.000209,0.000004,0.230172,0.046290
2018-11-17,21.153453,1.769095,35.314785,2.693846
2018-11-18,22.818081,11.073097,19.352482,3.655456
2018-11-19,0.000000,0.579372,1.956331,0.047027
2018-11-20,0.000000,0.059785,2.318040,0.050946
2018-11-21,0.237760,0.005008,0.476307,0.047262
2018-11-22,0.000000,0.000168,0.209850,0.044848
2018-11-23,0.000000,0.000015,0.207197,0.045051
2018-11-24,0.000000,0.000001,0.203406,0.046526
2018-11-25,0.000000,0.000001,0.201467,0.045796
2018-11-26,0.000000,0.000000,0.197496,0.043245
2018-11-27,0.000000,0.000000,0.194735,0.045455
2018-11-28,0.000000,0.000000,0.190448,0.045686
2018-11-29,0.000000,0.000000,0.185822,0.044371
2018-11-30,0.000000,0.000000,0.183716,0.046246
2018-12-01,0.000000,0.000000,0.180408,0.150058
2018-12-02,0.000000,0.000000,0.175458,0.043242
2018-12-03,0.000000,0.000000,0.172150,0.044929
2018-12-04,0.000138,0.000000,0.165890,0.041384
2018-12-05,0.000479,0.000000,0.166736,0.043723
2018-12-06,0.000003,0.000000,0.159449,0.042115
2018-12-07,0.000003,0.000000,0.153345,0.042855
2018-12-08,0.000023,0.000000,0.151745,0.042109
2018-12-09,0.000245,0.000000,0.145437,0.042838
2018-12-10,0.000073,0.000000,0.141042,0.040093
2018-12-11,0.000545,0.000000,2.083978,0.040571
2018-12-12,0.000000,0.000000,0.510551,0.043337
2018-12-13,0.000000,0.000000,0.524233,0.042718
2018-12-14,3.282346,0.012511,2.557314,0.041721
2018-12-15,0.692539,0.000000,1.005298,0.043534
2018-12-16,0.000055,0.000000,0.115166,0.038960
2018-12-17,0.000716,0.000000,0.376436,0.042417
2018-12-18,0.000961,0.005474,0.658899,0.042631
2018-12-19,0.490041,0.090671,3.590676,0.043857
2018-12-20,0.002555,0.011553,0.121876,0.040192
2018-12-21,0.000640,0.001566,0.103102,0.042703
2018-12-22,0.000024,0.000187,0.098815,0.041987
2018-12-23,0.000086,0.000023,0.098891,0.041649
2018-12-24,0.001161,0.000002,0.094006,0.044593
2018-12-25,0.000000,0.000000,0.092796,0.040446
2018-12-26,0.000000,0.000000,0.089746,0.041399
2018-12-27,0.000000,0.000000,0.089121,0.043093
2018-12-28,0.000000,0.000000,0.083116,0.039905
2018-12-29,0.000000,0.000000,0.088481,0.042724
2018-12-30,0.000000,0.000000,0.081172,0.038398
2018-12-31,0.000000,0.000000,0.083910,0.041172
2019-01-01,0.000000,0.000000,0.123362,0.038896
2019-01-02,0.000000,0.000000,0.881614,0.038886
2019-01-03,19.909885,1.317498,8.716343,0.041220
2019-01-04,2.375952,0.314718,5.456650,0.040709
2019-01-05,0.242237,0.006551,0.791925,0.036509
2019-01-06,0.000000,0.000000,0.070974,0.040042
2019-01-07,0.000000,0.000000,0.070030,0.038075
2019-01-08,0.000000,0.000000,0.102878,0.032850
2019-01-09,0.000000,0.000000,0.781603,0.035646
2019-01-10,0.000000,0.000000,0.064425,0.035108
2019-01-11,0.000000,0.000000,0.062740,0.037026
2019-01-12,0.000000,0.000000,0.061772,0.035230
2019-01-13,0.000000,0.000000,0.061456,0.036897
2019-01-14,0.000000,0.000000,0.060138,0.035876
2019-01-15,0.000000,0.000000,0.058694,0.035496
2019-01-16,0.000000,0.000000,0.055512,0.035424
2019-01-17,0.000000,0.000013,0.053853,0.035672
2019-01-18,0.000000,0.000014,0.051474,0.035570
2019-01-19,0.000000,0.000014,0.052571,0.034785
2019-01-20,0.000000,0.000016,0.048623,0.036666
2019-01-21,0.000000,0.000016,0.052250,0.034851
2019-01-22,0.000000,0.000016,0.048325,0.033152
2019-01-23,0.000000,0.000016,0.090590,0.036803
2019-01-24,0.000000,0.000016,0.044627,0.033880
2019-01-25,0.000000,0.000016,0.040049,0.033124
2019-01-26,0.000000,0.000016,0.043995,0.038106
2019-01-27,0.000000,0.000017,0.040048,0.036099
2019-01-28,0.000000,0.000005,0.041741,0.033038
2019-01-29,0.000000,0.000000,0.034743,0.035527
2019-01-30,0.000000,0.000000,0.039104,0.034853
2019-01-31,0.000000,0.000000,0.034111,0.035749
2019-02-01,0.000000,0.000000,0.032637,0.035296
2019-02-02,0.000000,0.000000,0.032636,0.033975
2019-02-03,0.000000,0.000000,0.033798,0.034688
2019-02-04,0.000000,0.000000,0.028193,0.035901
2019-02-05,0.000000,0.000000,0.028193,0.033519
2019-02-06,0.000000,0.000000,0.025225,0.037315
2019-02-07,0.000000,0.000000,0.025248,0.031454
2019-02-08,0.000000,0.000000,0.023750,0.033291
2019-02-09,0.000000,0.000000,0.021461,0.033774
2019-02-10,0.000000,0.000000,0.020282,0.033063
2019-02-11,0.000000,0.000000,0.017673,0.033312
2019-02-12,0.000000,0.000000,0.017680,0.032032
2019-02-13,0.000000,0.000000,0.016651,0.035921
2019-02-14,0.000000,0.000000,0.009341,0.032534
2019-02-15,0.000000,0.000000,0.013070,0.030782
2019-02-16,0.000000,0.000000,0.011240,0.032607
2019-02-17,0.000000,0.000000,0.011080,0.033825
2019-02-18,0.000000,0.000000,0.009606,0.030909
2019-02-19,0.000000,0.000000,0.007765,0.033596
2019-02-20,0.000000,0.000000,0.014509,0.031641
2019-02-21,0.000000,0.000000,0.777651,0.031612
2019-02-22,0.000000,0.000000,0.150585,0.031593
2019-02-23,0.064606,0.000000,0.935349,0.033323
2019-02-24,0.000000,0.000000,0.009144,0.031477
2019-02-25,0.000000,0.000000,0.173963,0.033483
2019-02-26,0.000000,0.000000,0.325455,0.034369
2019-02-27,0.000000,0.000000,0.002826,0.030356
2019-02-28,0.000000,0.000000,0.002826,0.028785
2019-03-01,0.000000,0.000000,0.002826,0.031881
2019-03-02,0.000000,0.000000,0.002194,0.030644
2019-03-03,0.000000,0.000000,0.001881,0.032110
2019-03-04,0.000000,0.000000,0.001881,0.032642
2019-03-05,0.000000,0.000000,0.002194,0.031708
2019-03-06,0.000000,0.000000,0.001881,0.030059
2019-03-07,0.000000,0.000000,0.001409,0.031468
2019-03-08,0.000000,0.000000,0.001566,0.031717
2019-03-09,0.000000,0.000000,0.001409,0.031773
2019-03-10,0.000000,0.000000,0.001093,0.032689
2019-03-11,0.000000,0.000000,0.001409,0.029604
2019-03-12,0.000000,0.000000,0.000937,0.030652
2019-03-13,0.000000,0.000000,0.000937,0.032591
2019-03-14,0.000000,0.000000,0.000937,0.029328
2019-03-15,0.000000,0.000000,0.000937,0.032728
2019-03-16,0.000000,0.000000,0.000625,0.031069
2019-03-17,0.000000,0.000000,0.000625,0.029934
2019-03-18,0.000000,0.000000,0.000938,0.029337
2019-03-19,0.000000,0.000000,0.000625,0.032228
2019-03-20,0.000000,0.000000,0.000625,0.032284
2019-03-21,0.000000,0.000000,0.000625,0.030511
2019-03-22,0.000000,0.000000,0.000469,0.031555
2019-03-23,0.000000,0.000000,0.000469,0.033152
2019-03-24,0.000000,0.000000,0.000625,0.031266
2019-03-25,0.000000,0.000000,0.004492,0.037346
2019-03-26,0.000000,0.000000,0.000469,0.031781
2019-03-27,0.000000,0.000000,0.000469,0.032238
2019-03-28,0.000000,0.000000,0.000312,0.030864
2019-03-29,0.000000,0.000000,0.000312,0.031116
2019-03-30,0.000000,0.000000,0.000312,0.032629
2019-03-31,0.000000,0.000000,0.000156,0.031880
2019-04-01,0.000000,0.000000,0.000312,0.031383
2019-04-02,0.000000,0.000000,0.000156,0.109902
2019-04-03,0.000000,0.000000,0.104551,0.030301
2019-04-04,0.000000,0.000000,0.018822,0.033941
2019-04-05,0.000000,0.000000,0.000156,0.030880
2019-04-06,0.000000,0.000000,0.000156,0.148764
2019-04-07,0.000000,0.000000,0.000000,0.031183
2019-04-08,0.000000,0.000000,0.000156,0.108334
2019-04-09,0.000000,0.000000,0.000000,0.127495
2019-04-10,0.000000,0.000000,0.042914,0.106940
2019-04-11,0.000000,0.000000,0.008182,0.117953
2019-04-12,0.000000,0.000000,7.111659,0.168565
2019-04-13,1.876607,0.000000,13.467466,0.081959
2019-04-14,9.600156,0.293172,9.241380,0.147828
2019-04-15,9.179876,0.435715,8.095577,0.192933
2019-04-16,13.119992,0.690578,6.794448,0.178223
2019-04-17,27.455501,4.576302,9.227679,0.150339
2019-04-18,6.503087,1.038251,2.108400,0.166595
2019-04-19,26.999463,2.236382,9.706497,1.060718
2019-04-20,8.162403,3.659815,2.640101,0.135056
2019-04-21,0.013224,0.220754,0.000000,0.112839
2019-04-22,0.005924,0.000000,0.002145,0.029124
2019-04-23,0.000345,0.000000,0.000012,0.027877
2019-04-24,0.000000,0.000000,2.814056,0.246454
2019-04-25,18.037912,1.130017,13.410270,0.216079
2019-04-26,36.460175,8.573892,12.110123,1.463409
2019-04-27,47.198634,23.668824,28.019653,19.712872
2019-04-28,24.012506,18.186762,15.310725,12.291647
2019-04-29,25.284879,22.813626,8.800776,8.840201
2019-04-30,12.936284,14.945483,8.627612,5.877213
2019-05-01,5.232490,8.720882,4.777555,1.154787
2019-05-02,0.216128,2.651600,1.947970,0.025816
2019-05-03,0.012906,0.346343,1.753163,0.029142
2019-05-04,0.120836,0.659218,6.636888,0.372333
2019-05-05,0.406741,0.636603,2.156060,0.026232
2019-05-06,1.433532,0.860552,7.107089,0.234133
2019-05-07,2.994941,1.889330,7.540839,0.215740
2019-05-08,0.695118,0.955698,1.085326,0.028500
2019-05-09,0.005628,0.218881,0.660665,0.117811
2019-05-10,0.581114,0.022416,1.643557,0.102109
2019-05-11,2.713125,0.000000,2.306294,0.070225
2019-05-12,0.376678,0.000000,2.782388,0.197475
2019-05-13,0.003160,0.000000,5.738476,0.280831
2019-05-14,0.172634,0.256178,5.525376,0.132420
2019-05-15,5.640310,1.346194,17.661080,0.083925
2019-05-16,12.277503,4.509792,19.223477,6.041398
2019-05-17,6.870771,7.349026,11.970411,11.820983
2019-05-18,9.679521,11.687348,8.923545,7.701211
2019-05-19,6.059350,10.519058,11.158880,6.358989
2019-05-20,4.467957,7.209576,7.847429,2.595508
2019-05-21,7.391874,7.140857,5.378724,1.680769
2019-05-22,9.428900,8.350823,9.794213,10.774838
2019-05-23,6.875036,8.462221,5.002521,1.658314
2019-05-24,1.657782,11.088349,6.602214,7.957968
2019-05-25,1.555529,11.757831,7.400340,11.394675
2019-05-26,0.677761,8.266047,5.089136,6.223600
2019-05-27,0.626161,5.805404,2.052373,0.569596
2019-05-28,1.036458,4.053879,5.135304,1.404787
2019-05-29,0.007861,3.823777,8.183290,9.641599
2019-05-30,0.064785,3.278258,7.814668,9.264656
2019-05-31,1.951837,1.376450,4.299619,4.670079
2019-06-01,0.384131,1.283417,7.901897,11.644233
2019-06-02,1.475812,4.974810,6.713184,6.646626
2019-06-03,1.671922,8.010260,7.155818,7.495445
2019-06-04,1.785529,9.459007,6.256615,9.804442
2019-06-05,2.670048,10.537788,6.175705,9.309745
2019-06-06,3.321263,12.473353,6.679247,11.464542
2019-06-07,3.471438,15.348206,5.900687,19.297643
2019-06-08,1.120017,16.542380,5.657398,13.872608
2019-06-09,1.130319,16.894376,5.929814,13.088807
2019-06-10,1.402587,19.468929,6.158117,13.831954
2019-06-11,2.153928,24.726996,8.507873,14.490424
2019-06-12,4.034290,33.917303,10.581588,23.499682
2019-06-13,3.045085,43.950818,9.306674,30.982772
2019-06-14,1.883083,32.390851,7.279351,25.914166
2019-06-15,2.098637,28.640457,8.733429,25.786021
2019-06-16,2.724918,28.044650,7.747050,25.836358
2019-06-17,1.953171,28.863659,6.022060,22.899292
2019-06-18,0.489721,29.120634,5.424776,24.470000
2019-06-19,0.337163,26.355230,5.434262,31.777166
2019-06-20,0.363288,25.161201,5.340230,39.306818
2019-06-21,0.349464,25.205982,4.973091,30.195686
2019-06-22,0.429865,26.640275,5.907239,34.636478
2019-06-23,1.012264,31.731373,6.076999,38.148340
2019-06-24,0.417594,26.447284,6.334556,33.217449
2019-06-25,0.733130,32.501674,6.887913,40.767449
2019-06-26,0.429196,34.064712,7.268658,43.240903
2019-06-27,4.756561,28.551402,6.881140,40.441315
2019-06-28,0.656760,38.375755,4.501243,32.614252
2019-06-29,0.367766,30.032221,1.937781,40.816278
2019-06-30,9.265425,21.895136,2.342605,28.820658
2019-07-01,1.129187,20.554568,2.353510,25.916435
2019-07-02,0.076882,24.154776,2.732022,31.093121
2019-07-03,0.024219,27.615393,5.382659,34.745119
2019-07-04,0.000677,29.283927,3.262833,31.401737
2019-07-05,0.004263,28.983957,3.677281,30.269513
2019-07-06,0.003085,31.028994,4.597596,33.941878
2019-07-07,0.010839,31.154243,4.088042,33.174069
2019-07-08,2.993247,30.886496,4.463193,22.096113
2019-07-09,2.103100,25.260065,4.600736,29.785907
2019-07-10,0.093657,26.319322,4.501817,43.848203
2019-07-11,0.013369,29.317353,9.930380,45.665864
2019-07-12,0.003332,29.761531,5.194776,45.026548
2019-07-13,0.003107,27.515017,4.613421,46.507840
2019-07-14,0.005647,27.784978,1.513157,44.950997
2019-07-15,0.004720,30.190293,4.419923,49.766039
2019-07-16,0.005317,33.548130,3.537311,32.425428
2019-07-17,0.013147,36.440337,3.707960,44.680175
2019-07-18,0.004652,29.988780,3.078757,42.995060
2019-07-19,0.011427,27.516053,3.280405,41.735911
2019-07-20,0.002448,25.231284,4.123353,43.065597
2019-07-21,0.003120,25.377971,4.248056,42.979524
2019-07-22,0.005769,27.643602,4.435606,42.724017
2019-07-23,0.681761,23.728531,3.999928,32.924579
2019-07-24,0.542065,20.133418,4.071305,35.764037
2019-07-25,2.552743,16.461254,4.946696,29.025520
2019-07-26,0.080085,22.550753,4.067842,20.946484
2019-07-27,0.197740,25.267105,10.335221,31.066988
2019-07-28,7.851295,67.432604,14.698763,69.560764
2019-07-29,8.190887,88.366042,14.914737,82.030379
2019-07-30,0.000564,111.520692,4.562156,62.282891
2019-07-31,0.005820,73.891033,2.889026,39.929139
2019-08-01,0.003991,39.780729,2.992731,38.266307
2019-08-02,0.005431,29.283112,3.240398,37.476851
2019-08-03,0.003430,28.829693,3.820822,38.403726
2019-08-04,0.003676,31.370570,4.226261,34.970886
2019-08-05,0.004318,26.693929,3.607996,36.251577
2019-08-06,0.661857,23.991396,3.274965,32.381391
2019-08-07,0.004902,15.393636,3.378739,30.728400
2019-08-08,0.004046,15.514573,3.171044,31.152989
2019-08-09,0.001700,16.296844,2.931643,25.639247
2019-08-10,3.428358,14.470776,3.736077,31.755000
2019-08-11,0.081213,18.113550,4.362777,32.539436
2019-08-12,0.000817,22.956624,3.069358,26.375108
2019-08-13,0.000010,18.210573,3.135671,26.186838
2019-08-14,0.000960,14.241869,3.324128,22.072280
2019-08-15,0.000248,13.209826,4.188194,30.451356
2019-08-16,0.000068,12.040415,2.687566,15.605185
2019-08-17,0.001210,11.045541,2.834212,20.527986
2019-08-18,0.001192,11.145107,2.679650,20.934990
2019-08-19,0.005697,11.846316,2.412776,19.653179
2019-08-20,0.006976,11.156950,2.134365,21.592027
2019-08-21,0.001155,10.525028,2.095558,17.197757
2019-08-22,0.000982,10.650826,3.562615,14.773230
2019-08-23,8.879643,21.999058,16.451996,45.607651
2019-08-24,1.540571,40.913600,3.926552,23.937410
2019-08-25,0.013149,22.588378,1.096307,21.573718
2019-08-26,0.005396,29.138113,3.518689,21.668873
2019-08-27,0.001823,21.654649,1.448425,18.323828
2019-08-28,0.016573,10.897367,1.185106,16.774321
2019-08-29,0.020845,8.548730,1.142777,15.012132
2019-08-30,0.003909,9.688678,0.719807,19.374915
2019-08-31,0.004970,8.750664,1.290517,15.990022
2019-09-01,0.369731,8.141613,0.000000,0.000000
2019-09-02,0.000907,7.010237,0.000000,0.000000
2019-09-03,0.000331,6.657472,0.000000,0.000000
2019-09-04,0.001285,5.416206,0.000000,0.000000
2019-09-05,0.000248,4.294286,0.000000,0.000000
2019-09-06,0.000661,3.417754,0.000000,0.000000
2019-09-07,18.611164,17.328637,0.000000,0.000000
2019-09-08,4.648793,28.799906,0.000000,0.000000
2019-09-09,0.063315,11.313903,0.000000,0.000000
2019-09-10,0.105582,2.901275,0.000000,0.000000
2019-09-11,0.000263,0.738109,0.000000,0.000000
2019-09-12,0.003158,0.321504,0.000000,0.000000
2019-09-13,0.019034,0.195389,0.000000,0.000000
2019-09-14,0.005556,0.052431,0.000000,0.000000
2019-09-15,0.011074,0.006658,0.000000,0.000000
2019-09-16,0.066163,0.025199,0.000000,0.000000
2019-09-17,0.000436,0.104881,0.000000,0.000000
2019-09-18,0.000043,0.087338,0.000000,0.000000
2019-09-19,0.010105,0.019765,0.000000,0.000000
2019-09-20,0.013068,0.245190,0.000000,0.000000
2019-09-21,1.206226,1.398830,0.000000,0.000000
2019-09-22,11.120208,36.289732,0.000000,0.000000
2019-09-23,21.887713,54.920590,0.000000,0.000000
2019-09-24,4.754360,29.466806,0.000000,0.000000
2019-09-25,2.449336,28.846080,0.000000,0.000000
2019-09-26,0.129227,16.562039,0.000000,0.000000
2019-09-27,0.000045,9.056191,0.000000,0.000000
2019-09-28,0.000000,2.056802,0.000000,0.000000
2019-09-29,0.000000,1.317548,0.000000,0.000000
2019-09-30,0.000663,0.819549,0.000000,0.000000
2019-10-01,0.352948,0.126883,0.000000,0.000000
2019-10-02,0.200898,0.017558,0.000000,0.000000
2019-10-03,0.000329,0.148158,0.000000,0.000000
2019-10-04,4.502753,4.831497,0.000000,0.000000
2019-10-05,1.878873,5.674492,0.000000,0.000000
2019-10-06,6.365023,21.552084,0.000000,0.000000
2019-10-07,0.282724,9.495920,0.000000,0.000000
2019-10-08,0.010121,13.769486,0.000000,0.000000
2019-10-09,0.000142,5.067461,0.000000,0.000000
2019-10-10,0.000933,0.692834,0.000000,0.000000
2019-10-11,0.000000,0.094673,0.000000,0.000000
2019-10-12,0.000004,0.013178,0.000000,0.000000
2019-10-13,0.003734,0.002003,0.000000,0.000000
2019-10-14,0.000187,0.000256,0.000000,0.000000
2019-10-15,0.001788,0.000040,0.000000,0.000000
2019-10-16,0.000194,0.000005,0.000000,0.000000
2019-10-17,0.000000,0.000001,0.000000,0.000000
2019-10-18,0.000004,0.000000,0.000000,0.000000
2019-10-19,0.004268,0.000000,0.000000,0.000000
2019-10-20,0.001853,0.000000,0.000000,0.000000
2019-10-21,0.000027,0.000000,0.000000,0.000000
2019-10-22,0.000000,0.000000,0.000000,0.000000
2019-10-23,0.000000,0.000000,0.000000,0.000000
2019-10-24,0.000000,0.000000,0.000000,0.000000
2019-10-25,0.000000,0.000000,0.000000,0.000000
2019-10-26,0.000000,0.000000,0.000000,0.000000
2019-10-27,0.000000,0.000000,0.000000,0.000000
2019-10-28,0.000000,0.000000,0.000000,0.000000
2019-10-29,0.000000,0.000000,0.000000,0.000000
2019-10-30,0.000000,0.000000,0.000000,0.000000
2019-10-31,0.000000,0.000000,0.000000,0.000000
2019-11-01,0.000000,0.000000,0.000000,0.000000
2019-11-02,0.000043,0.000000,0.000000,0.000000
2019-11-03,0.000034,0.000000,0.000000,0.000000
2019-11-04,0.000000,0.000000,0.000000,0.000000
2019-11-05,0.000003,0.000000,0.000000,0.000000
2019-11-06,0.000000,0.000000,0.000000,0.000000
2019-11-07,0.000001,0.000000,0.000000,0.000000
2019-11-08,0.000038,0.000000,0.000000,0.000000
2019-11-09,0.000024,0.000000,0.000000,0.000000
2019-11-10,0.100604,0.000000,0.000000,0.000000
2019-11-11,0.036977,0.000000,0.000000,0.000000
2019-11-12,0.000057,0.000000,0.000000,0.000000
2019-11-13,0.000002,0.000000,0.000000,0.000000
2019-11-14,0.000001,0.000000,0.000000,0.000000
2019-11-15,0.000000,0.000000,0.000000,0.000000
2019-11-16,0.000000,0.000000,0.000000,0.000000
2019-11-17,0.000000,0.000000,0.000000,0.000000
2019-11-18,0.000000,0.000000,0.000000,0.000000
2019-11-19,0.000000,0.000000,0.000000,0.000000
2019-11-20,0.000000,0.000000,0.000000,0.000000
2019-11-21,0.000000,0.000000,0.000000,0.000000
2019-11-22,0.000000,0.000000,0.000000,0.000000
2019-11-23,0.000000,0.000000,0.000000,0.000000
2019-11-24,0.000000,0.000000,0.000000,0.000000
2019-11-25,0.000000,0.000000,0.000000,0.000000
2019-11-26,0.000000,0.000000,0.000000,0.000000
2019-11-27,0.000000,0.000000,0.000000,0.000000
2019-11-28,0.000000,0.000000,0.000000,0.000000
2019-11-29,0.000000,0.000000,0.000000,0.000000
2019-11-30,0.000000,0.000000,0.000000,0.000000
2019-12-01,0.000000,0.000000,0.000000,0.000000
2019-12-02,4.654805,0.010846,0.000000,0.000000
2019-12-03,12.871582,0.698557,0.000000,0.000000
2019-12-04,0.000000,0.000000,0.000000,0.000000
2019-12-05,0.000000,0.000000,0.000000,0.000000
2019-12-06,0.000000,0.000000,0.000000,0.000000
2019-12-07,0.000000,0.000000,0.000000,0.000000
2019-12-08,0.000000,0.000000,0.000000,0.000000
2019-12-09,0.000000,0.000000,0.000000,0.000000
2019-12-10,0.000000,0.000000,0.000000,0.000000
2019-12-11,0.000000,0.000000,0.000000,0.000000
2019-12-12,0.000000,0.000000,0.000000,0.000000
2019-12-13,0.000000,0.000000,0.000000,0.000000
2019-12-14,0.000000,0.000000,0.000000,0.000000
2019-12-15,0.000000,0.000000,0.000000,0.000000
2019-12-16,0.000000,0.000000,0.000000,0.000000
2019-12-17,0.000000,0.000000,0.000000,0.000000
2019-12-18,0.000000,0.000000,0.000000,0.000000
2019-12-19,0.000000,0.000000,0.000000,0.000000
2019-12-20,0.000000,0.000000,0.000000,0.000000
2019-12-21,0.000000,0.000000,0.000000,0.000000
2019-12-22,0.000000,0.000000,0.000000,0.000000
2019-12-23,0.000000,0.000000,0.000000,0.000000
2019-12-24,0.000000,0.000000,0.000000,0.000000
2019-12-25,0.000000,0.000000,0.000000,0.000000
2019-12-26,0.000000,0.000000,0.000000,0.000000
2019-12-27,0.000000,0.000000,0.000000,0.000000
2019-12-28,0.000000,0.000000,0.000000,0.000000
2019-12-29,0.000000,0.000000,0.000000,0.000000
2019-12-30,0.000000,0.000000,0.000000,0.000000
2019-12-31,0.000000,0.000000,0.000000,0.000000

