time,MAR_land,MAR_ice,RACMO_land,RACMO_ice
2015-01-01,0.000000,0.037538,0.713528,5.472390
2015-01-02,0.000000,0.001136,0.706270,5.459547
2015-01-03,0.000000,0.001036,0.699099,5.474454
2015-01-04,0.000000,0.000992,0.692938,5.493011
2015-01-05,0.000000,0.000956,0.682142,5.447150
2015-01-06,0.000000,0.001064,0.674987,5.443810
2015-01-07,0.000000,0.001674,0.671523,5.414227
2015-01-08,0.000000,0.001999,0.659815,5.416903
2015-01-09,0.000000,0.002070,0.654409,5.412047
2015-01-10,0.000000,0.001681,0.648973,5.394947
2015-01-11,0.000000,0.001510,0.638576,5.386810
2015-01-12,0.000000,0.001662,0.636051,5.420093
2015-01-13,0.000000,0.001698,0.627197,5.366331
2015-01-14,0.000000,0.001691,0.620188,5.360398
2015-01-15,0.000000,0.001728,0.610669,5.358273
2015-01-16,0.000000,0.001767,0.607609,5.354934
2015-01-17,0.000000,0.001738,0.603425,5.325867
2015-01-18,0.000000,0.056503,0.838174,5.372782
2015-01-19,0.000000,0.149510,0.587974,5.296666
2015-01-20,0.000000,0.191770,0.579967,5.315687
2015-01-21,0.000000,0.218028,0.575213,5.293310
2015-01-22,0.000000,0.232915,0.570953,5.301809
2015-01-23,0.000000,0.188440,0.564229,5.279001
2015-01-24,0.000000,0.219799,0.557303,5.283763
2015-01-25,0.000000,0.258603,0.551794,5.267369
2015-01-26,0.000000,0.262689,0.544899,5.277204
2015-01-27,0.000000,0.259174,0.541566,5.238122
2015-01-28,0.000000,0.257005,0.534798,5.238886
2015-01-29,0.000000,0.261152,0.531274,5.227619
2015-01-30,0.000000,0.261818,0.523025,5.332788
2015-01-31,0.000000,0.263373,0.518910,5.346404
2015-02-01,0.000000,0.271378,0.513313,5.347639
2015-02-02,0.000000,0.278958,0.519327,6.042821
2015-02-03,0.000000,0.069466,0.530385,6.872723
2015-02-04,0.000000,0.001716,0.524753,5.263576
2015-02-05,0.000000,0.008056,0.494134,5.272720
2015-02-06,0.000000,0.182774,0.504681,5.249469
2015-02-07,0.000000,0.273643,3.361404,6.309761
2015-02-08,0.000000,0.286591,0.784698,5.228982
2015-02-09,0.000000,0.291232,0.477159,5.248589
2015-02-10,0.000000,0.296065,0.472205,5.229370
2015-02-11,0.000000,0.296373,0.467473,7.008125
2015-02-12,0.000000,0.290586,0.462039,5.242063
2015-02-13,0.000000,0.083601,0.458313,5.213574
2015-02-14,0.000000,0.063556,0.455296,5.193258
2015-02-15,0.000000,0.106731,0.451696,5.217262
2015-02-16,0.000000,0.135337,0.445509,5.179373
2015-02-17,0.000000,0.270110,0.443592,5.198260
2015-02-18,0.000000,0.288721,0.439171,5.163622
2015-02-19,0.000000,0.292105,0.435328,5.187338
2015-02-20,0.000000,0.291848,0.431819,5.206957
2015-02-21,0.000000,0.290671,0.426381,5.189475
2015-02-22,0.000000,0.294629,0.424803,5.152874
2015-02-23,0.000000,0.294861,0.421478,5.217397
2015-02-24,0.000000,0.207586,0.416935,5.158063
2015-02-25,0.000000,0.261954,0.407391,5.189824
2015-02-26,0.000000,0.296519,0.414706,5.160458
2015-02-27,0.000000,0.303385,0.403638,14.031163
2015-02-28,0.000000,0.180943,0.400849,5.222134
2015-03-01,0.000000,0.002796,0.398042,5.173940
2015-03-02,0.000000,0.002813,0.395495,5.147959
2015-03-03,0.000000,0.002787,0.389725,5.138679
2015-03-04,0.000000,0.002821,0.386390,5.175070
2015-03-05,0.000000,0.002869,0.382918,5.480000
2015-03-06,0.000000,0.002876,0.379597,5.134429
2015-03-07,0.000000,0.002795,0.378770,5.125931
2015-03-08,0.000000,0.002712,0.372005,5.051359
2015-03-09,0.000000,0.057885,0.370477,5.091935
2015-03-10,0.000000,0.017586,0.366352,5.089156
2015-03-11,0.000000,0.001076,0.362348,5.046681
2015-03-12,0.000000,0.001022,0.359628,5.072175
2015-03-13,0.000000,0.001211,0.355332,5.086415
2015-03-14,0.000000,0.001098,0.355514,5.051974
2015-03-15,0.000000,0.001082,0.352550,5.054577
2015-03-16,0.000000,0.001070,0.345991,5.006856
2015-03-17,0.000000,0.001091,0.342901,5.028480
2015-03-18,0.000000,0.001194,0.350938,5.031914
2015-03-19,0.000000,0.001262,0.340687,5.022265
2015-03-20,0.000000,0.001221,0.333525,5.064685
2015-03-21,0.000000,0.001060,0.332522,4.976706
2015-03-22,0.000000,0.001014,0.330053,4.985018
2015-03-23,0.000000,0.001099,0.330955,4.951210
2015-03-24,0.000000,0.001240,0.324419,4.961958
2015-03-25,0.000000,0.001243,0.318280,4.936735
2015-03-26,0.000000,0.001251,0.320254,4.938978
2015-03-27,0.000000,0.001250,0.315311,4.932166
2015-03-28,0.000000,0.001243,0.311449,4.923559
2015-03-29,0.000000,0.001243,0.310529,5.011109
2015-03-30,0.000000,0.001244,0.305853,4.930282
2015-03-31,0.000000,0.001245,0.306364,4.910003
2015-04-01,0.000000,0.001244,0.302304,4.898943
2015-04-02,0.000000,0.001232,0.298139,4.997192
2015-04-03,0.000000,0.001217,0.297522,4.975974
2015-04-04,0.000000,0.001213,0.292902,4.937371
2015-04-05,0.000000,0.001213,0.291215,4.960527
2015-04-06,0.000000,0.001274,0.289297,4.822821
2015-04-07,0.000000,0.001039,0.287761,4.920205
2015-04-08,0.000000,0.288881,0.283166,4.934732
2015-04-09,0.000000,0.175393,0.283016,4.905183
2015-04-10,0.000000,0.001345,0.278090,4.871421
2015-04-11,0.000000,0.001325,0.277150,4.877177
2015-04-12,0.000000,0.001132,0.271096,4.859826
2015-04-13,0.000000,0.001016,0.273506,4.902859
2015-04-14,0.000000,0.001028,0.654425,20.120926
2015-04-15,0.000000,0.267629,1.029553,17.508143
2015-04-16,0.000000,0.925159,0.512894,15.859185
2015-04-17,0.000000,0.200878,0.263219,5.389257
2015-04-18,0.000000,0.001258,0.397232,10.684164
2015-04-19,0.000000,0.001244,0.532847,6.557366
2015-04-20,0.000000,0.001215,0.268869,11.780657
2015-04-21,0.000000,0.001214,0.327958,4.846631
2015-04-22,0.000000,0.001211,1.233781,25.155755
2015-04-23,0.000000,0.001214,2.024737,16.584478
2015-04-24,0.000000,0.001214,1.205521,13.308560
2015-04-25,0.000000,0.001216,0.247832,6.128502
2015-04-26,0.000000,0.024967,0.259504,5.158490
2015-04-27,0.000000,0.568408,0.345484,4.779638
2015-04-28,0.000000,0.702640,0.852105,4.783988
2015-04-29,0.000000,0.600274,2.872584,4.869663
2015-04-30,0.000000,0.547502,3.225906,19.892607
2015-05-01,0.000000,0.541009,0.618149,4.783322
2015-05-02,0.000000,0.170938,0.487494,4.786101
2015-05-03,0.000000,0.001126,0.585071,14.516340
2015-05-04,0.000000,0.001088,2.024841,20.919660
2015-05-05,0.000000,0.011238,2.152135,18.561426
2015-05-06,0.000000,0.290637,4.312136,15.854967
2015-05-07,0.000000,0.397686,5.256667,16.888611
2015-05-08,0.000000,0.399494,4.428115,19.994670
2015-05-09,0.000000,0.400240,7.860294,16.072767
2015-05-10,0.000000,0.400924,8.041182,15.930268
2015-05-11,0.000000,0.410382,2.042961,12.930618
2015-05-12,0.691250,0.425710,0.883969,16.060692
2015-05-13,0.217398,0.426668,0.430699,13.689304
2015-05-14,0.891646,0.427402,0.640768,21.813585
2015-05-15,1.830326,0.428425,1.552767,19.832300
2015-05-16,5.384506,0.601750,3.316911,12.868254
2015-05-17,5.501582,0.735887,4.176701,9.491183
2015-05-18,23.335125,6.125862,9.488405,9.108949
2015-05-19,0.959707,3.254739,0.542410,4.674889
2015-05-20,2.031166,0.505716,4.494614,13.755430
2015-05-21,5.050063,0.781548,8.248807,9.596044
2015-05-22,1.185398,0.751771,0.869043,4.807221
2015-05-23,14.946396,2.381973,2.945721,11.541128
2015-05-24,22.283926,11.379673,3.561163,7.499606
2015-05-25,24.285792,16.838357,5.127060,41.826030
2015-05-26,19.942701,18.660495,6.328911,22.390123
2015-05-27,29.889055,23.997367,7.120197,20.901561
2015-05-28,7.042039,14.956076,8.266129,18.979515
2015-05-29,14.589161,4.148361,4.957897,61.541190
2015-05-30,4.880039,3.011062,3.183851,86.006065
2015-05-31,8.461318,2.135999,3.287915,71.622982
2015-06-01,12.270474,3.276393,2.596005,91.820547
2015-06-02,25.505926,8.719355,3.420901,43.610689
2015-06-03,36.260007,21.493963,4.669166,36.705712
2015-06-04,30.899620,30.265695,6.357805,38.341139
2015-06-05,32.543851,36.745514,7.105987,27.629108
2015-06-06,35.455969,43.493616,11.178788,32.341294
2015-06-07,64.846413,82.444564,14.844309,40.921214
2015-06-08,49.904402,76.739408,13.547591,33.279476
2015-06-09,56.163585,90.679904,14.875210,31.118953
2015-06-10,51.969330,95.181026,16.161734,31.807051
2015-06-11,24.834162,70.981159,16.598554,24.699402
2015-06-12,57.390691,94.337850,17.655636,41.439836
2015-06-13,39.191948,92.230162,21.257906,45.527436
2015-06-14,35.822994,78.799377,22.703110,49.582947
2015-06-15,40.634746,86.601275,23.935198,62.004211
2015-06-16,71.157893,135.720617,15.388005,67.093029
2015-06-17,48.625653,156.376155,15.255672,72.625107
2015-06-18,72.775513,211.210993,18.996845,85.785082
2015-06-19,62.764932,233.962075,21.367123,82.455380
2015-06-20,31.748506,191.269123,21.233423,94.368214
2015-06-21,42.703121,215.335509,21.182393,113.325489
2015-06-22,44.562438,276.817835,22.433607,109.003037
2015-06-23,49.303819,363.995212,22.317538,140.085766
2015-06-24,33.622623,368.531355,22.457161,145.372268
2015-06-25,26.785728,380.667340,20.429455,170.510856
2015-06-26,28.108507,375.125012,20.978774,170.673297
2015-06-27,42.915082,494.489748,25.189405,238.705621
2015-06-28,35.100064,577.328894,20.947271,197.737041
2015-06-29,24.765080,573.204637,18.700112,246.995184
2015-06-30,14.219601,451.456889,15.546932,239.195409
2015-07-01,14.463617,405.086876,15.361760,270.938206
2015-07-02,16.277852,434.508678,15.625216,313.657674
2015-07-03,16.538516,425.860280,15.217965,305.689268
2015-07-04,18.415251,488.169513,12.903272,255.102153
2015-07-05,19.807086,578.801538,15.864990,372.591111
2015-07-06,26.336836,679.981395,15.359705,364.855484
2015-07-07,24.334935,787.296195,14.610570,429.529645
2015-07-08,9.229282,587.379538,10.777103,354.611513
2015-07-09,9.563394,531.842869,9.749268,345.121888
2015-07-10,8.126238,478.098037,8.686577,190.557508
2015-07-11,11.073827,443.684634,8.495347,240.793016
2015-07-12,10.871907,396.152672,8.030809,329.687475
2015-07-13,4.425235,365.249011,7.675844,355.963005
2015-07-14,5.186031,434.321844,7.561026,379.227788
2015-07-15,4.861529,492.701642,7.346778,391.732932
2015-07-16,6.128897,581.946387,7.230740,439.992787
2015-07-17,7.909440,714.472862,6.825537,391.568688
2015-07-18,4.177433,639.818215,6.408148,399.136829
2015-07-19,2.704055,535.188255,6.542892,405.675666
2015-07-20,2.635010,537.613226,6.092913,401.837149
2015-07-21,2.133896,516.806151,6.169243,337.940845
2015-07-22,2.521794,512.943953,5.587383,377.229550
2015-07-23,2.255366,509.186057,5.751776,350.346013
2015-07-24,6.826162,528.594369,5.474545,283.291464
2015-07-25,2.460672,463.313126,5.552097,378.501015
2015-07-26,1.574165,401.604985,5.377553,361.944035
2015-07-27,6.094368,445.102540,4.916240,299.808948
2015-07-28,14.016641,450.236260,5.087745,337.133090
2015-07-29,1.435045,346.343050,4.765072,298.201042
2015-07-30,1.336328,313.442767,4.582574,297.798313
2015-07-31,1.219089,306.468035,4.329637,276.969139
2015-08-01,1.463978,324.110134,4.407376,261.738205
2015-08-02,3.583527,472.180121,4.439910,307.908398
2015-08-03,4.735956,592.770275,3.971906,328.996207
2015-08-04,2.577221,517.881395,4.668603,382.321568
2015-08-05,2.286121,498.342282,4.650112,348.997395
2015-08-06,1.504636,406.422535,4.709025,285.519524
2015-08-07,1.848357,358.031371,3.957564,269.553539
2015-08-08,1.914340,394.736402,4.062779,278.206937
2015-08-09,4.257576,965.071234,5.177927,651.953823
2015-08-10,3.558734,1220.835551,5.710732,463.849491
2015-08-11,2.943222,1115.764949,5.270977,412.553487
2015-08-12,13.890296,507.522488,4.759020,230.212574
2015-08-13,1.067296,338.149597,3.676416,219.405222
2015-08-14,1.324281,384.423330,3.588667,240.502455
2015-08-15,1.223574,361.255875,3.406434,229.811052
2015-08-16,0.937243,310.624309,3.571211,243.304137
2015-08-17,0.978078,266.406415,3.681763,209.451909
2015-08-18,1.009558,245.142763,3.252723,159.765193
2015-08-19,1.013946,252.978509,3.189028,219.772709
2015-08-20,1.487945,309.506900,3.269240,282.601702
2015-08-21,0.818062,302.203278,2.942261,149.489312
2015-08-22,1.137426,291.439465,3.200564,222.895374
2015-08-23,1.389118,292.283935,3.492128,283.149075
2015-08-24,1.218022,305.754285,2.784692,196.129942
2015-08-25,0.820312,278.359671,2.779455,153.307723
2015-08-26,1.398491,290.377059,2.743341,132.922342
2015-08-27,0.734048,273.738105,2.477697,103.340961
2015-08-28,0.442870,187.317275,2.650739,130.020801
2015-08-29,2.331970,394.223017,4.132019,362.832575
2015-08-30,58.794389,507.317657,4.807058,309.046839
2015-08-31,13.406842,566.283007,3.189651,248.286201
2015-09-01,24.211502,257.415617,3.673653,191.925683
2015-09-02,79.327910,464.754454,4.770292,323.222428
2015-09-03,8.487500,335.680834,4.478267,470.854249
2015-09-04,40.637930,690.701501,5.097278,423.684489
2015-09-05,36.813005,395.029645,5.004187,334.082711
2015-09-06,56.648922,857.011845,11.053305,306.133113
2015-09-07,70.071687,668.371911,11.737110,215.762500
2015-09-08,0.990633,269.110181,1.253498,122.530818
2015-09-09,1.022492,158.895861,0.870819,50.714707
2015-09-10,1.463751,165.475213,1.253787,66.913191
2015-09-11,0.013728,126.784211,0.988045,47.705325
2015-09-12,0.709499,142.652951,0.952066,46.210538
2015-09-13,0.000744,105.797149,1.016814,46.323007
2015-09-14,0.000283,73.011579,0.851903,43.111952
2015-09-15,0.000500,68.942632,0.994008,36.836822
2015-09-16,0.000101,54.396011,1.719332,49.068500
2015-09-17,4.500821,49.759068,2.334650,40.232562
2015-09-18,8.625700,38.230698,2.486956,45.781316
2015-09-19,5.180705,34.792544,1.572296,45.917994
2015-09-20,0.113534,35.934162,0.691709,45.046247
2015-09-21,11.648201,28.452732,1.560967,32.166928
2015-09-22,7.720766,36.268574,1.355034,59.696737
2015-09-23,0.057593,29.362065,0.718286,41.705905
2015-09-24,10.292847,34.307021,1.958286,35.482374
2015-09-25,1.429095,23.779413,0.831568,44.783758
2015-09-26,0.103699,14.103361,0.697524,32.196675
2015-09-27,0.004871,10.010701,0.732920,25.726693
2015-09-28,1.063907,7.050514,0.895933,14.015841
2015-09-29,14.672030,3.787322,0.792017,31.610844
2015-09-30,1.640848,3.661455,1.211362,33.360631
2015-10-01,0.001594,5.247292,0.705907,33.774364
2015-10-02,0.000000,5.474455,0.696404,9.618898
2015-10-03,0.000270,4.153034,0.691763,5.397683
2015-10-04,0.000576,3.745384,0.697249,9.006711
2015-10-05,0.000082,3.591370,0.692352,5.381273
2015-10-06,0.000386,3.623606,0.687754,9.773401
2015-10-07,0.013514,5.956553,0.695020,10.940431
2015-10-08,0.007432,5.997668,0.688846,14.049741
2015-10-09,10.544896,3.946246,0.844892,12.140314
2015-10-10,14.271627,8.654194,1.417308,10.626727
2015-10-11,32.872990,15.176166,6.464439,30.018454
2015-10-12,32.039578,46.666265,1.686562,18.957396
2015-10-13,0.743732,16.941218,0.764869,10.349428
2015-10-14,0.126839,4.325771,0.964193,10.186133
2015-10-15,20.170369,23.497204,3.586350,19.377170
2015-10-16,4.835549,14.162890,1.296863,18.032779
2015-10-17,0.460810,5.058981,1.157089,8.274071
2015-10-18,0.015936,2.734461,0.986627,5.277129
2015-10-19,0.000112,2.458431,1.008106,5.175001
2015-10-20,0.000367,2.351586,1.029092,5.160085
2015-10-21,0.002654,2.297837,1.043626,5.129603
2015-10-22,0.113597,2.268384,1.049445,5.134907
2015-10-23,0.533385,2.284445,1.054274,5.118209
2015-10-24,0.000214,1.865455,1.056186,5.097682
2015-10-25,0.000105,0.725450,1.053857,5.092654
2015-10-26,0.000023,0.747327,1.780457,5.105618
2015-10-27,0.000000,0.525546,1.931522,6.188887
2015-10-28,0.000000,0.472229,1.061178,5.055975
2015-10-29,2.882594,0.498708,4.523144,7.442540
2015-10-30,5.823698,0.692243,1.762963,5.556704
2015-10-31,18.318246,3.573197,1.743181,4.987256
2015-11-01,12.276281,6.087376,1.653871,4.995684
2015-11-02,0.148965,1.879456,1.302872,5.010067
2015-11-03,0.235722,0.645297,1.343700,5.144275
2015-11-04,0.000000,0.499358,1.373178,4.993986
2015-11-05,0.000830,0.496218,1.422138,4.970064
2015-11-06,0.020642,0.494102,1.516806,4.963739
2015-11-07,0.000039,0.490930,1.406764,4.964303
2015-11-08,0.000424,0.486832,1.412938,4.940569
2015-11-09,0.003344,0.483961,1.422497,4.927430
2015-11-10,0.005704,0.480736,1.422814,4.912446
2015-11-11,0.001870,0.479922,1.404891,4.932713
2015-11-12,0.001185,0.480015,1.389140,4.850809
2015-11-13,0.004397,0.479678,1.388390,4.909606
2015-11-14,0.000000,0.479931,1.370624,4.901219
2015-11-15,0.000000,0.482107,1.357430,4.894718
2015-11-16,0.000000,0.426127,1.343764,4.873242
2015-11-17,0.000000,0.298978,1.326026,4.870298
2015-11-18,0.000000,0.085472,1.312431,4.874252
2015-11-19,0.000000,0.056953,1.292123,4.858999
2015-11-20,11.465342,1.592571,1.402209,6.503828
2015-11-21,7.074941,12.121381,1.314920,5.322252
2015-11-22,0.000022,1.094710,1.244555,4.821528
2015-11-23,0.000032,0.132392,1.228759,4.836885
2015-11-24,8.524476,1.017169,1.214151,4.824352
2015-11-25,0.700282,1.100965,1.273184,4.788861
2015-11-26,0.000000,0.108976,1.179437,4.780418
2015-11-27,0.000019,0.050823,1.161696,4.778472
2015-11-28,0.000180,0.023933,1.149689,4.792017
2015-11-29,0.000076,0.006162,1.130525,4.777025
2015-11-30,0.000037,0.006014,1.117304,4.741572
2015-12-01,0.000000,0.005967,1.103552,4.746162
2015-12-02,0.000000,0.006099,1.083419,4.731433
2015-12-03,0.000000,0.005982,1.072114,4.743839
2015-12-04,0.000000,0.005946,1.055011,4.709126
2015-12-05,0.001784,0.005953,1.041700,4.730671
2015-12-06,0.000000,0.006006,1.025434,4.745044
2015-12-07,0.000000,0.006475,1.012271,4.735060
2015-12-08,0.000000,0.006196,0.996552,4.693647
2015-12-09,0.000000,0.006371,1.051226,4.686879
2015-12-10,0.000000,0.006155,0.969192,4.671819
2015-12-11,0.000000,0.006162,0.951967,4.653952
2015-12-12,0.000000,0.006132,0.936271,4.682799
2015-12-13,0.000000,0.006230,0.924969,6.766644
2015-12-14,0.000000,0.006140,0.909460,4.621023
2015-12-15,0.000000,0.006054,0.920781,4.649949
2015-12-16,0.000000,0.006138,0.882783,4.589390
2015-12-17,0.000000,0.006106,1.089172,4.600562
2015-12-18,0.000000,0.006125,0.855566,4.929078
2015-12-19,0.000000,0.006170,0.842886,4.589858
2015-12-20,0.000000,0.006176,0.831062,4.565766
2015-12-21,0.000000,0.006140,0.818176,4.565457
2015-12-22,0.000000,0.006145,0.806903,4.574164
2015-12-23,0.000000,0.006091,0.795544,6.986172
2015-12-24,0.000000,0.006077,0.782310,4.562878
2015-12-25,0.000000,0.006126,0.770612,4.546134
2015-12-26,0.000000,0.006242,0.765281,4.525691
2015-12-27,0.000000,0.006215,0.754679,4.638520
2015-12-28,0.000000,0.006228,0.759615,4.504800
2015-12-29,0.000000,0.006676,0.731606,4.508575
2015-12-30,0.000000,0.001442,0.714793,4.481672
2015-12-31,0.000000,0.001654,0.709102,4.504920
2016-01-01,0.000000,0.507527,0.699334,4.494035
2016-01-02,0.000000,0.507822,0.688192,4.523573
2016-01-03,0.000000,0.507782,0.676430,4.438644
2016-01-04,0.000000,0.507691,0.682151,4.469637
2016-01-05,0.000000,0.507687,0.659506,4.459392
2016-01-06,0.000000,0.507546,0.657459,4.417625
2016-01-07,0.000000,0.510545,2.095360,4.456828
2016-01-08,0.000000,0.526417,1.675263,4.443625
2016-01-09,0.000000,0.539410,0.624640,4.389593
2016-01-10,0.000000,0.539508,0.617881,4.421368
2016-01-11,0.000000,0.539104,0.608669,4.417674
2016-01-12,0.000000,0.538422,0.602867,4.417101
2016-01-13,0.000000,0.534053,0.592781,4.487791
2016-01-14,0.000000,0.529821,0.588485,4.405662
2016-01-15,0.000000,0.528807,0.583487,4.412313
2016-01-16,0.000000,0.524992,0.626218,4.391207
2016-01-17,0.000000,0.768869,0.591695,4.362731
2016-01-18,0.000000,1.493722,0.590737,4.431693
2016-01-19,0.000000,2.057326,2.629412,4.352644
2016-01-20,21.795665,4.613742,9.791151,4.398628
2016-01-21,28.508263,5.397321,9.489070,4.409219
2016-01-22,13.459954,7.295290,3.685135,5.687973
2016-01-23,0.159727,2.622197,0.535992,4.261982
2016-01-24,0.086015,2.801368,0.534798,4.250063
2016-01-25,0.055514,3.009698,0.532176,4.219211
2016-01-26,0.013304,3.047493,0.534853,4.219804
2016-01-27,0.000578,3.041960,0.533904,4.253771
2016-01-28,0.000010,3.010457,0.535338,4.228055
2016-01-29,0.000006,2.959399,0.533711,4.217601
2016-01-30,0.000004,2.886273,0.536339,4.176071
2016-01-31,0.000001,2.855973,0.534452,4.358443
2016-02-01,0.000001,2.808552,0.534858,4.193377
2016-02-02,0.000001,2.776021,0.533376,4.192705
2016-02-03,0.000000,2.763707,0.533544,4.187203
2016-02-04,0.000000,2.769195,0.532091,4.171344
2016-02-05,0.000000,2.774517,0.530262,4.179971
2016-02-06,0.000000,2.775056,0.528671,4.174880
2016-02-07,0.000000,2.814594,0.520936,4.211305
2016-02-08,0.000000,2.820667,0.526012,4.173791
2016-02-09,0.000000,2.822891,0.519672,4.155471
2016-02-10,0.000000,2.838581,0.518508,4.138709
2016-02-11,0.000000,2.858662,0.516704,4.145989
2016-02-12,0.000000,2.888892,0.512765,4.150213
2016-02-13,0.000000,2.922844,0.507919,4.112770
2016-02-14,0.000000,2.948950,0.507169,4.119104
2016-02-15,0.000000,2.959175,0.506079,4.136141
2016-02-16,0.000000,2.965488,0.501159,4.083557
2016-02-17,0.000000,3.002198,0.499038,4.059333
2016-02-18,0.000000,3.008887,0.491352,4.108625
2016-02-19,0.000000,3.022591,0.493820,4.090955
2016-02-20,0.000000,3.020682,0.489665,4.073003
2016-02-21,0.000000,3.004545,0.485416,4.098946
2016-02-22,0.000000,3.014804,0.482805,4.068057
2016-02-23,0.000000,3.018262,0.484688,4.076893
2016-02-24,0.000000,2.738015,0.492323,4.106429
2016-02-25,0.000000,2.206742,0.473100,4.056190
2016-02-26,0.000000,2.192193,0.477350,4.090146
2016-02-27,0.000000,2.189453,0.468697,4.103446
2016-02-28,0.000000,2.196257,1.149866,4.054920
2016-02-29,0.000000,2.197814,0.513937,4.047268
2016-03-01,0.000000,2.205507,0.461224,4.055352
2016-03-02,0.000000,2.198574,0.468908,4.086426
2016-03-03,0.000000,2.201145,0.479528,4.049435
2016-03-04,0.000000,2.203119,0.653897,4.154347
2016-03-05,0.000000,2.227365,0.524584,4.029275
2016-03-06,0.000000,2.244167,0.442040,3.981673
2016-03-07,0.000000,2.279242,0.442188,4.047286
2016-03-08,0.000000,2.273821,0.438710,4.016585
2016-03-09,0.000000,2.268183,0.437906,4.045757
2016-03-10,0.000000,2.265986,0.451212,4.035629
2016-03-11,0.000000,2.257636,0.430344,4.024310
2016-03-12,0.000000,2.259127,0.428530,4.028879
2016-03-13,0.000000,2.242682,0.422791,3.999467
2016-03-14,0.000000,2.254546,0.422933,4.035539
2016-03-15,0.000000,2.272145,0.419280,4.006511
2016-03-16,0.000000,2.257154,0.417337,4.028818
2016-03-17,0.000000,2.235994,8.806538,4.971937
2016-03-18,0.000000,2.210000,14.615325,5.975668
2016-03-19,0.000000,2.194895,0.490130,4.063249
2016-03-20,0.000000,2.184434,0.452868,4.004782
2016-03-21,0.000000,2.180954,0.499637,4.008362
2016-03-22,0.000000,2.218346,0.413770,3.976536
2016-03-23,0.000000,2.218152,0.841881,3.963341
2016-03-24,0.000000,2.220701,0.546483,4.011620
2016-03-25,0.000000,2.212851,0.425637,3.957269
2016-03-26,0.000000,2.220271,0.414469,3.955493
2016-03-27,0.000000,2.216331,0.417122,3.954770
2016-03-28,0.000000,2.233160,0.417532,3.948954
2016-03-29,0.000000,2.004377,0.421390,3.926840
2016-03-30,0.000000,0.556301,0.423502,3.955808
2016-03-31,0.000000,0.507731,0.446102,3.951668
2016-04-01,0.000000,0.507584,0.428564,3.932894
2016-04-02,0.000000,0.507844,0.424350,3.913793
2016-04-03,0.000000,0.507810,0.726086,3.933861
2016-04-04,0.000000,0.507732,0.655676,5.650479
2016-04-05,0.000000,0.507743,2.635164,6.535370
2016-04-06,0.000000,0.507589,0.526056,3.912644
2016-04-07,0.000000,0.507872,0.950965,3.908643
2016-04-08,0.000000,0.507847,2.786218,6.525243
2016-04-09,0.000000,0.507777,0.586931,10.773944
2016-04-10,0.000000,0.507808,0.776040,8.320744
2016-04-11,0.000000,0.507609,2.076504,5.620163
2016-04-12,0.000000,0.594204,3.328787,5.981727
2016-04-13,0.000000,0.895522,2.244174,6.184169
2016-04-14,2.452383,0.957577,2.467543,5.964344
2016-04-15,15.586020,3.379920,3.890845,5.612049
2016-04-16,10.168792,7.426515,2.710433,7.345544
2016-04-17,1.046469,1.499922,0.851848,3.932951
2016-04-18,0.867598,0.955405,0.596060,3.831452
2016-04-19,0.748078,0.952158,0.891188,31.262863
2016-04-20,0.650537,0.953199,0.744160,3.811943
2016-04-21,1.002235,0.955176,1.126865,12.396943
2016-04-22,8.603134,2.513246,3.291625,16.423705
2016-04-23,19.707143,12.800439,4.622664,6.040014
2016-04-24,21.403643,22.460657,4.699292,5.175600
2016-04-25,16.522773,20.230047,4.697109,6.173419
2016-04-26,13.723614,16.485630,4.425504,6.285785
2016-04-27,14.139146,15.790753,3.646782,6.878722
2016-04-28,10.004641,9.916031,2.118653,7.070202
2016-04-29,17.420970,6.722455,1.831382,21.454874
2016-04-30,1.727752,3.772418,1.049394,7.716696
2016-05-01,7.872937,2.266693,1.773386,10.430435
2016-05-02,9.897670,4.771219,1.591277,8.941793
2016-05-03,18.674382,9.844468,1.987420,7.266594
2016-05-04,12.029938,10.012177,1.971132,7.717230
2016-05-05,14.981730,9.007587,2.339844,5.680719
2016-05-06,15.541859,9.665858,2.753200,6.708762
2016-05-07,20.955898,15.117541,5.317115,6.295633
2016-05-08,27.406188,26.738058,6.000787,10.221797
2016-05-09,18.418130,21.524852,7.422430,36.262221
2016-05-10,32.996510,28.023515,5.827163,40.771359
2016-05-11,56.712560,72.483226,7.951173,46.007533
2016-05-12,54.600771,85.267710,7.038569,33.712693
2016-05-13,39.622214,71.086217,7.968415,33.843226
2016-05-14,50.305608,90.255860,9.551197,36.932681
2016-05-15,57.184375,125.322308,13.503196,29.216949
2016-05-16,52.667362,138.588677,5.051943,66.520308
2016-05-17,42.930719,74.494670,7.929675,51.333422
2016-05-18,30.879982,60.844370,7.484931,20.997503
2016-05-19,47.294159,72.253129,9.523089,34.291058
2016-05-20,28.072636,71.530010,7.910462,21.993845
2016-05-21,37.836699,53.404318,8.755309,41.000834
2016-05-22,34.307185,51.929037,8.171832,32.906281
2016-05-23,40.649751,63.937920,8.688559,31.269629
2016-05-24,32.937508,65.434980,9.516274,32.964523
2016-05-25,41.127149,84.770462,12.415971,46.755745
2016-05-26,43.356184,91.348571,11.885543,27.496884
2016-05-27,25.260509,54.936399,11.947405,31.400288
2016-05-28,29.032981,35.620172,11.782781,17.687252
2016-05-29,24.402803,32.482338,13.306120,15.424807
2016-05-30,23.078056,25.316868,12.810338,23.969432
2016-05-31,39.063670,32.595378,13.802499,67.025010
2016-06-01,34.251561,37.929226,16.788768,54.960301
2016-06-02,92.640829,73.909471,26.415117,60.101665
2016-06-03,182.574514,595.676615,31.899944,78.786958
2016-06-04,86.657994,441.288657,21.865590,65.492191
2016-06-05,63.407008,311.932125,20.754725,65.032841
2016-06-06,56.878978,296.079350,21.271213,78.641938
2016-06-07,59.105790,291.302290,20.941612,79.920144
2016-06-08,94.938002,398.997148,28.352376,97.724630
2016-06-09,256.518360,809.800875,68.489105,331.848736
2016-06-10,317.004680,1412.147942,85.613880,380.125706
2016-06-11,84.307465,906.573214,40.745835,177.204535
2016-06-12,109.765757,594.056093,52.268037,252.942906
2016-06-13,64.620833,505.121824,32.426219,239.277645
2016-06-14,60.691886,420.520954,28.344469,204.634873
2016-06-15,43.545083,452.114508,25.157022,203.243453
2016-06-16,26.797220,317.398714,24.294032,166.361679
2016-06-17,30.248038,186.105595,26.062463,119.205466
2016-06-18,104.697007,328.649108,37.941088,274.816133
2016-06-19,136.999647,660.052266,49.745455,412.437804
2016-06-20,59.090406,613.654958,30.714293,335.891543
2016-06-21,37.327572,521.734656,25.028475,288.461067
2016-06-22,40.413725,499.634708,25.833024,292.478578
2016-06-23,49.132821,669.281040,27.011182,470.344650
2016-06-24,28.066635,641.170005,25.923022,358.552279
2016-06-25,26.258829,539.256028,26.009021,323.621210
2016-06-26,28.972851,570.173072,22.857648,346.699881
2016-06-27,28.623112,535.181706,25.301870,347.456405
2016-06-28,36.238824,475.368976,21.068167,236.997679
2016-06-29,28.131981,403.159029,24.313911,361.362110
2016-06-30,22.552484,408.819876,25.570143,367.973530
2016-07-01,15.494207,451.706960,22.761271,323.388405
2016-07-02,15.016398,496.738958,24.668008,342.008508
2016-07-03,16.502327,556.243146,22.460944,339.839774
2016-07-04,12.966200,477.591668,22.699795,320.483437
2016-07-05,15.847277,425.560611,27.164879,240.889984
2016-07-06,21.590599,545.059196,28.112770,423.921194
2016-07-07,15.854702,500.037971,20.837224,394.353074
2016-07-08,11.129993,461.609232,19.966277,386.509522
2016-07-09,9.987174,412.206446,18.180639,276.895355
2016-07-10,8.743299,350.257797,17.608027,324.178608
2016-07-11,14.236824,409.883540,16.660831,357.736689
2016-07-12,17.853929,387.176611,14.867457,356.013951
2016-07-13,19.119959,416.648113,12.477884,279.011116
2016-07-14,12.023655,357.702901,12.302912,327.396705
2016-07-15,24.340049,566.991609,10.410767,246.638906
2016-07-16,19.055929,711.369738,12.082312,376.196422
2016-07-17,16.505484,697.842800,14.144102,553.879705
2016-07-18,13.950210,662.592602,12.183939,446.337700
2016-07-19,10.021336,757.745078,11.134398,444.316065
2016-07-20,9.072080,776.259506,11.292746,436.329529
2016-07-21,8.784210,720.139214,11.319309,392.000390
2016-07-22,11.565318,737.683253,12.514183,474.258174
2016-07-23,12.820197,857.469902,12.931581,549.428549
2016-07-24,11.153242,797.781043,11.861822,399.776479
2016-07-25,12.360155,928.073293,11.151388,412.930835
2016-07-26,9.152677,804.953144,10.200295,402.387319
2016-07-27,8.565475,738.074893,8.800040,395.776556
2016-07-28,9.867341,759.204199,8.006543,407.151804
2016-07-29,7.310145,766.831562,7.144158,375.270821
2016-07-30,4.841805,717.931082,6.390466,319.900257
2016-07-31,5.401240,723.805117,6.215432,293.999726
2016-08-01,3.993732,577.577875,6.431781,296.013991
2016-08-02,3.563213,444.786734,6.001487,325.123879
2016-08-03,3.544004,451.666457,5.951292,319.108138
2016-08-04,2.995175,423.144659,5.296649,307.690885
2016-08-05,2.883834,380.324686,4.793882,264.718196
2016-08-06,2.871072,412.301208,4.722277,267.182694
2016-08-07,4.432895,582.774857,4.821804,353.024067
2016-08-08,10.095272,613.902216,5.710830,352.344731
2016-08-09,15.268623,727.532901,7.191087,474.588051
2016-08-10,6.426733,765.218456,4.036855,409.481732
2016-08-11,3.071376,681.505028,3.406093,406.670698
2016-08-12,11.557654,505.017333,3.683729,333.303638
2016-08-13,8.065796,465.750300,4.182411,321.669574
2016-08-14,11.622498,569.188633,13.398919,579.792164
2016-08-15,12.384063,722.320523,9.995787,546.532342
2016-08-16,1.814787,501.029676,3.013620,308.291319
2016-08-17,2.287655,397.370506,3.111892,320.427800
2016-08-18,5.233704,428.863016,2.967020,287.328350
2016-08-19,7.523777,503.234061,4.559965,315.076155
2016-08-20,1.867576,364.882888,3.620600,309.809364
2016-08-21,0.360338,325.175347,2.833243,259.985656
2016-08-22,0.406523,379.922823,2.938484,232.169400
2016-08-23,0.213309,441.085820,3.204761,306.857769
2016-08-24,0.196836,439.208257,2.805111,313.800923
2016-08-25,0.164375,416.456319,2.915888,206.256925
2016-08-26,1.090762,433.503498,3.024199,169.606296
2016-08-27,1.151960,366.937619,3.183354,228.230694
2016-08-28,0.063027,290.958711,2.631277,141.386624
2016-08-29,0.002030,249.752111,2.482602,122.856473
2016-08-30,0.123341,250.055541,2.702604,84.413118
2016-08-31,0.003530,239.617993,2.368128,89.848988
2016-09-01,0.006670,235.675333,2.318497,82.534409
2016-09-02,0.003147,231.437642,2.255650,80.478877
2016-09-03,0.452526,207.336817,2.585063,85.738114
2016-09-04,11.742377,205.953331,3.668104,99.327606
2016-09-05,0.012115,126.940301,2.127945,100.400213
2016-09-06,2.696506,137.186090,2.287090,98.777175
2016-09-07,0.435602,149.254671,1.787432,79.178447
2016-09-08,0.141642,112.155886,1.919054,77.754861
2016-09-09,0.324742,127.356745,2.421077,85.906219
2016-09-10,0.421906,194.624827,3.222868,142.833792
2016-09-11,0.031998,253.889784,1.910747,77.053455
2016-09-12,0.028113,158.078858,1.861491,60.662996
2016-09-13,74.132580,197.705753,5.888443,99.184160
2016-09-14,95.157627,505.435197,11.707314,281.770654
2016-09-15,1.181172,290.651029,1.929557,135.276800
2016-09-16,0.672980,127.917356,1.240351,64.321640
2016-09-17,15.762642,71.515725,1.530296,51.292856
2016-09-18,17.437656,75.490580,1.305485,51.143087
2016-09-19,1.172154,50.513660,0.929267,48.167155
2016-09-20,3.144984,29.041463,0.804702,27.886400
2016-09-21,5.529652,27.262444,0.682705,41.427369
2016-09-22,0.009624,19.806893,0.667863,14.159643
2016-09-23,0.017448,14.736530,0.652455,35.843649
2016-09-24,0.060324,25.530904,0.643144,23.337086
2016-09-25,0.002038,26.150354,0.634640,31.459019
2016-09-26,0.001013,21.055468,0.625854,44.354732
2016-09-27,0.008932,22.788175,0.618652,42.915609
2016-09-28,0.016781,22.110630,0.608835,14.307406
2016-09-29,0.086824,21.352853,0.603818,14.528071
2016-09-30,0.042086,24.401620,0.595465,40.942424
2016-10-01,0.949231,16.497567,0.603211,6.475437
2016-10-02,6.007892,6.479577,1.057836,13.403530
2016-10-03,81.054280,38.467982,8.490306,85.243528
2016-10-04,80.955824,187.055728,8.041170,114.313491
2016-10-05,31.946162,139.594755,7.200571,121.293903
2016-10-06,5.646663,100.175369,3.277154,68.002690
2016-10-07,53.791624,159.832864,6.178285,101.093661
2016-10-08,42.523076,246.480602,5.671763,112.439722
2016-10-09,3.305571,80.854013,1.357367,23.198276
2016-10-10,25.780709,32.313632,1.431995,29.520667
2016-10-11,2.346460,16.263208,0.550080,18.185309
2016-10-12,1.228531,5.880555,0.574844,18.807712
2016-10-13,0.971822,4.082616,0.590607,8.984079
2016-10-14,0.933714,4.499275,0.610475,14.820608
2016-10-15,6.716714,5.262288,2.251572,26.466060
2016-10-16,4.998587,5.140795,1.338558,24.471522
2016-10-17,0.611602,4.500264,0.637340,14.279770
2016-10-18,0.003462,3.438634,0.710860,7.514459
2016-10-19,0.023293,3.173029,0.701051,6.651575
2016-10-20,0.000002,1.857612,0.651210,6.101713
2016-10-21,2.128985,0.766316,0.676467,5.670700
2016-10-22,0.005071,0.784983,0.678086,5.733513
2016-10-23,0.000815,0.807673,0.677997,5.708830
2016-10-24,0.007683,0.815154,0.688285,5.789752
2016-10-25,0.123719,0.820592,0.698087,5.632555
2016-10-26,0.006754,0.826314,0.682965,5.659687
2016-10-27,0.000109,0.831194,0.687615,5.641840
2016-10-28,0.000003,0.826366,0.683530,5.586309
2016-10-29,0.000307,0.825242,0.687432,5.632616
2016-10-30,0.000043,0.816825,0.682649,5.603703
2016-10-31,7.067581,1.078563,1.859075,9.153995
2016-11-01,3.745740,1.255527,1.820670,8.514207
2016-11-02,0.000000,0.845209,0.680297,5.598612
2016-11-03,0.295639,0.811109,0.680122,5.581013
2016-11-04,2.789618,0.844269,1.349821,5.613547
2016-11-05,7.716541,1.093991,6.649920,8.449254
2016-11-06,0.552682,1.559818,1.130590,7.373639
2016-11-07,0.000002,0.910450,0.689088,5.529505
2016-11-08,0.000001,0.844805,0.702739,5.452558
2016-11-09,0.000000,0.831737,0.708453,5.474025
2016-11-10,0.000000,0.800206,0.716282,5.449092
2016-11-11,0.000000,0.755981,0.718544,5.450782
2016-11-12,0.000136,0.732132,0.722853,5.145174
2016-11-13,0.000000,0.732120,0.724792,5.477977
2016-11-14,0.681665,0.731955,0.736866,5.450742
2016-11-15,0.000056,0.731080,0.725350,5.387009
2016-11-16,0.000015,0.730815,0.723232,5.420118
2016-11-17,0.000003,0.731279,0.722356,5.423169
2016-11-18,0.000343,0.730927,0.767185,5.398048
2016-11-19,0.000000,0.728681,0.719670,5.374430
2016-11-20,0.000000,0.728660,0.714741,5.371837
2016-11-21,0.000000,0.727038,0.860161,5.330463
2016-11-22,0.000000,0.718164,0.992333,5.325784
2016-11-23,3.531549,0.773925,1.832530,6.002218
2016-11-24,0.005053,0.729599,0.734766,5.278027
2016-11-25,0.000851,0.717235,0.698767,5.040232
2016-11-26,0.000000,0.712696,1.918066,5.306707
2016-11-27,0.000000,0.712586,3.638527,5.269957
2016-11-28,0.000000,0.711611,0.709987,5.271767
2016-11-29,0.000000,0.711604,0.689404,4.981163
2016-11-30,0.000000,0.711699,0.685037,5.234359
2016-12-01,0.000000,0.711213,0.682173,5.218951
2016-12-02,0.000000,0.711575,0.680032,5.263216
2016-12-03,0.000000,0.711570,0.678137,5.240197
2016-12-04,0.000000,0.711571,0.717682,5.249002
2016-12-05,4.631951,0.756351,4.499015,5.312101
2016-12-06,79.050060,20.952657,15.981278,39.308856
2016-12-07,31.546216,43.102168,8.985748,6.953913
2016-12-08,0.341594,3.163505,3.428140,5.141669
2016-12-09,0.014367,0.711439,0.767426,5.193295
2016-12-10,0.004297,0.711201,0.975754,5.198991
2016-12-11,4.530337,0.865769,1.076766,4.859451
2016-12-12,4.962309,1.548389,0.932368,5.159058
2016-12-13,0.061618,0.801913,0.912937,5.132367
2016-12-14,0.020453,0.709771,0.937068,5.091241
2016-12-15,0.012536,0.709730,0.961823,5.107931
2016-12-16,0.005661,0.709370,0.979202,5.107107
2016-12-17,0.000000,0.706663,0.990158,5.084801
2016-12-18,0.000000,0.698047,0.998036,5.069912
2016-12-19,0.000000,0.697713,1.002432,5.030605
2016-12-20,0.000000,0.697442,1.004153,5.049407
2016-12-21,0.000000,0.626098,1.006546,5.052749
2016-12-22,0.000000,0.577479,1.004158,5.023025
2016-12-23,0.000000,0.577139,1.002580,5.011947
2016-12-24,0.000000,0.577170,0.997023,8.368345
2016-12-25,0.000000,0.577218,0.990511,4.971031
2016-12-26,0.000000,0.576965,0.990085,5.000407
2016-12-27,0.000000,0.577276,0.981596,4.942486
2016-12-28,0.000000,0.577210,0.974515,4.971605
2016-12-29,0.000000,0.577164,0.969451,4.908292
2016-12-30,0.000000,0.003056,0.960792,4.939375
2016-12-31,0.000000,0.001102,1.116979,4.927055
2017-01-01,0.000000,0.098302,2.983232,4.979818
2017-01-02,0.000000,0.045901,0.953204,4.877719
2017-01-03,0.000000,0.538183,0.936600,4.924490
2017-01-04,0.000000,0.346294,0.952871,4.932458
2017-01-05,0.000000,0.000464,0.914609,4.869425
2017-01-06,0.000000,0.001045,0.987277,4.877331
2017-01-07,0.000000,0.001039,0.902098,4.879187
2017-01-08,0.000000,0.000544,0.896617,4.865059
2017-01-09,0.000000,0.000521,0.882825,4.836223
2017-01-10,0.000000,0.068422,0.877580,4.849765
2017-01-11,0.000000,0.108431,0.870796,4.805410
2017-01-12,0.000000,0.113645,0.861089,4.835516
2017-01-13,0.000000,0.118506,0.855605,4.829821
2017-01-14,0.000000,0.118448,0.861976,5.595793
2017-01-15,0.000000,0.118435,0.840585,4.582025
2017-01-16,0.000000,0.118501,0.828211,4.793923
2017-01-17,0.000000,0.115909,0.820326,4.811344
2017-01-18,0.000000,0.113949,0.812964,4.733416
2017-01-19,0.000000,0.116396,0.807950,4.559184
2017-01-20,0.000000,0.118748,0.796372,4.766274
2017-01-21,0.000000,0.118685,0.788027,4.786163
2017-01-22,0.000000,0.118590,0.828730,4.773971
2017-01-23,0.000000,0.264335,1.618768,4.764508
2017-01-24,0.000000,0.779268,0.870726,4.742973
2017-01-25,0.000000,1.456893,0.758053,4.749247
2017-01-26,0.000000,2.228632,0.747203,4.718193
2017-01-27,0.000000,2.923791,0.736603,7.143974
2017-01-28,0.000000,2.683082,0.742303,4.502918
2017-01-29,0.000000,2.337444,0.750903,4.786351
2017-01-30,0.000000,2.555210,0.738709,4.459732
2017-01-31,0.000000,2.712951,0.709425,4.732640
2017-02-01,0.000000,3.072700,0.700017,4.683781
2017-02-02,0.000000,3.907874,0.691748,4.650875
2017-02-03,0.000000,4.416460,0.685252,4.659084
2017-02-04,0.000000,4.638611,0.678670,4.648622
2017-02-05,0.000000,4.799403,0.670502,4.654147
2017-02-06,0.000000,5.119121,0.663079,4.635198
2017-02-07,0.000000,5.123329,0.741804,4.656364
2017-02-08,0.000000,5.242389,0.672972,4.605079
2017-02-09,0.000000,3.735570,0.642492,4.389734
2017-02-10,0.000000,3.482572,0.638343,4.587473
2017-02-11,0.000000,3.502169,0.803190,4.618983
2017-02-12,0.000000,3.497957,0.648286,5.206550
2017-02-13,0.000000,3.494894,0.615956,4.577527
2017-02-14,0.000000,3.486656,0.609228,4.591860
2017-02-15,0.000000,3.510906,0.603627,4.579540
2017-02-16,0.000000,3.536254,0.598763,4.548555
2017-02-17,0.000000,3.521459,0.604671,4.335411
2017-02-18,0.000000,3.515629,0.594956,4.589286
2017-02-19,0.000000,3.498705,0.577738,4.310290
2017-02-20,0.000000,3.503361,0.575868,4.536718
2017-02-21,0.000000,3.508297,0.568712,4.614208
2017-02-22,0.000000,2.526881,0.561047,4.542619
2017-02-23,0.000000,2.832201,0.556437,7.561298
2017-02-24,0.000000,1.834799,0.552575,4.539066
2017-02-25,0.000000,1.523394,0.547065,4.274899
2017-02-26,0.000000,2.794144,0.539441,4.460030
2017-02-27,0.000000,2.997451,0.542129,4.245714
2017-02-28,0.000000,3.009169,0.919884,4.515419
2017-03-01,0.000000,2.987859,0.526210,4.489447
2017-03-02,0.000000,2.929855,0.521626,4.464086
2017-03-03,0.000000,2.501114,0.513700,4.482378
2017-03-04,0.000000,2.926751,0.506327,4.459411
2017-03-05,0.000000,2.992219,0.507012,4.469305
2017-03-06,0.000000,3.012743,0.500820,4.442600
2017-03-07,0.000000,3.017324,0.496042,4.417754
2017-03-08,0.000000,3.013192,0.493996,4.185406
2017-03-09,0.000000,3.011240,0.482047,4.435626
2017-03-10,0.000000,3.041284,0.483899,4.184671
2017-03-11,0.000000,3.085820,0.481638,4.398798
2017-03-12,0.000000,3.120526,0.502853,4.405116
2017-03-13,0.000000,3.110403,0.477654,4.401966
2017-03-14,0.000000,3.152878,0.464859,4.398872
2017-03-15,0.000000,3.160110,0.460561,4.374106
2017-03-16,0.000000,3.188237,0.455508,4.124645
2017-03-17,0.000000,3.182006,0.453030,4.388552
2017-03-18,0.000000,3.195991,0.449065,4.338690
2017-03-19,0.000000,3.212610,0.444832,4.132251
2017-03-20,0.000000,3.187818,0.440836,4.353759
2017-03-21,0.000000,3.190098,0.439139,4.116482
2017-03-22,0.000000,3.215430,0.520435,5.308889
2017-03-23,0.000000,2.403185,0.489781,4.328000
2017-03-24,0.000000,2.360149,0.425873,4.369151
2017-03-25,0.000000,2.466891,0.421708,4.348678
2017-03-26,0.000000,2.529439,0.419696,4.331849
2017-03-27,0.000000,2.568376,0.415570,4.338951
2017-03-28,0.000000,2.615848,0.411417,4.322826
2017-03-29,0.000000,2.633357,0.407517,4.294466
2017-03-30,0.000000,2.675590,0.403298,4.296814
2017-03-31,0.000000,2.690108,0.401770,4.295178
2017-04-01,0.000000,2.794114,0.397424,4.291045
2017-04-02,0.000000,3.456651,0.394637,4.024043
2017-04-03,0.000000,3.869835,0.391185,4.281559
2017-04-04,0.000000,4.057784,0.389922,4.254835
2017-04-05,0.000000,4.163228,0.440645,4.264809
2017-04-06,0.000000,4.223109,0.378002,4.047185
2017-04-07,0.000000,4.287108,0.379060,4.261946
2017-04-08,0.000000,4.331244,0.375207,4.033221
2017-04-09,0.000000,4.363800,0.538000,6.550812
2017-04-10,0.000000,4.363242,0.491729,7.056507
2017-04-11,0.000000,4.396899,0.520125,3.954781
2017-04-12,0.000000,4.424832,0.551701,4.204673
2017-04-13,0.000000,4.550027,0.362645,3.994135
2017-04-14,0.000000,5.134613,0.396758,4.210893
2017-04-15,0.000000,5.308357,0.383711,4.240720
2017-04-16,0.000000,5.020870,0.355973,4.162474
2017-04-17,0.000000,3.564475,0.385562,4.205659
2017-04-18,0.000000,3.573732,0.344372,4.178688
2017-04-19,0.000000,4.524036,0.342445,4.166484
2017-04-20,0.000000,5.274273,0.340321,4.154722
2017-04-21,0.000000,5.382467,0.462869,4.186392
2017-04-22,0.000000,5.382081,0.454390,4.138071
2017-04-23,0.000000,5.446683,0.518600,11.794674
2017-04-24,0.000000,5.503040,1.277294,7.961258
2017-04-25,0.000000,5.502242,2.542048,9.809618
2017-04-26,0.000000,5.523937,1.037114,10.991580
2017-04-27,0.000000,5.195520,0.342039,4.384713
2017-04-28,0.000000,4.870001,0.371467,4.152144
2017-04-29,0.000000,4.835718,0.679395,11.305175
2017-04-30,0.000000,4.787623,1.694177,8.165126
2017-05-01,0.000000,4.819317,2.093927,10.666845
2017-05-02,3.212313,4.850867,4.479326,9.401963
2017-05-03,10.629589,5.037982,9.565598,6.229765
2017-05-04,20.635459,12.151181,14.684112,4.932634
2017-05-05,58.269458,39.965843,19.118676,36.436145
2017-05-06,48.562975,54.450827,9.191475,36.306068
2017-05-07,38.622224,51.642811,7.701757,28.436321
2017-05-08,41.900750,57.117313,9.341449,25.260049
2017-05-09,80.048751,100.756366,14.073853,26.057152
2017-05-10,37.984365,102.376825,9.350721,35.286329
2017-05-11,26.758121,54.450518,9.267205,19.723499
2017-05-12,6.112938,31.735600,5.692753,9.870416
2017-05-13,5.074020,10.266310,7.500385,11.830588
2017-05-14,27.194334,16.242802,8.250224,8.550610
2017-05-15,60.937440,54.752398,10.462848,32.326114
2017-05-16,46.968933,78.453348,11.328091,25.490383
2017-05-17,41.587816,84.926716,13.180872,22.368053
2017-05-18,43.931837,77.340435,11.259749,38.461733
2017-05-19,81.882172,147.964479,8.558140,46.404816
2017-05-20,64.596604,164.614371,11.787881,43.142820
2017-05-21,62.758270,198.781603,13.428827,33.704820
2017-05-22,63.372216,266.498865,14.799664,36.971094
2017-05-23,36.419355,192.689867,14.728818,37.138533
2017-05-24,29.705503,139.545713,14.334610,37.681655
2017-05-25,36.383117,127.915860,14.245888,57.135034
2017-05-26,35.970152,97.243708,15.230568,68.910928
2017-05-27,20.002842,49.032395,9.858684,62.176846
2017-05-28,23.235815,32.152850,12.901221,83.040274
2017-05-29,38.680007,62.465956,12.165588,61.788511
2017-05-30,28.718219,80.028101,14.055565,58.930463
2017-05-31,12.300396,48.132506,10.325204,64.699608
2017-06-01,36.288207,52.499275,13.250904,54.532068
2017-06-02,31.146476,76.190276,14.502011,59.542034
2017-06-03,36.386524,143.846826,16.539382,85.761742
2017-06-04,33.964384,177.184131,15.269792,90.653242
2017-06-05,28.281052,185.239603,16.575206,96.453743
2017-06-06,30.726218,204.228502,17.667103,102.555842
2017-06-07,35.896660,229.823306,18.545802,105.444000
2017-06-08,22.666588,256.333100,16.829511,113.752236
2017-06-09,17.477074,242.139450,16.912230,101.322849
2017-06-10,12.962758,202.636909,18.273427,104.792414
2017-06-11,14.848547,184.578101,19.906893,123.276209
2017-06-12,18.439678,235.679651,19.621351,125.845395
2017-06-13,18.685351,259.637705,18.035524,103.736241
2017-06-14,29.781826,306.585335,24.702273,156.306252
2017-06-15,32.781385,368.084557,22.214386,164.892184
2017-06-16,32.590794,439.967954,24.782810,207.943125
2017-06-17,12.684650,350.961489,20.724898,162.245306
2017-06-18,12.604223,353.864704,20.505866,188.218745
2017-06-19,13.768675,344.958452,19.963630,205.930607
2017-06-20,13.177409,332.321709,17.994663,196.860333
2017-06-21,14.995111,353.382223,18.609455,218.994426
2017-06-22,14.296900,378.232806,18.933471,237.905247
2017-06-23,14.824137,372.211712,17.235206,239.441072
2017-06-24,12.214250,409.679709,17.008055,274.504194
2017-06-25,12.467510,449.145326,17.143684,281.085972
2017-06-26,16.264712,359.680781,16.229736,147.491397
2017-06-27,13.000594,363.371344,21.309174,305.284036
2017-06-28,12.279053,447.057379,19.194724,305.796997
2017-06-29,10.522782,499.959730,16.858569,290.314444
2017-06-30,9.689879,418.789180,15.949194,271.606122
2017-07-01,9.489034,389.319684,15.721089,287.158719
2017-07-02,18.618509,691.152088,18.232835,413.232230
2017-07-03,8.372437,552.915490,14.849623,299.084756
2017-07-04,36.525486,310.657721,13.219182,141.818678
2017-07-05,20.759957,282.688945,11.265810,237.675831
2017-07-06,15.979419,315.072294,8.545812,224.063575
2017-07-07,16.811658,461.840768,8.189063,216.315387
2017-07-08,14.688598,499.054500,8.110360,316.725172
2017-07-09,11.699770,464.982878,8.086103,353.510878
2017-07-10,7.174142,455.490108,8.718565,297.343333
2017-07-11,7.633279,397.471571,9.284511,202.574206
2017-07-12,8.799440,470.505639,8.528158,388.003236
2017-07-13,61.551341,441.085377,10.597166,200.200325
2017-07-14,12.068473,384.858135,8.479858,252.153815
2017-07-15,9.133968,379.812045,7.221600,333.813918
2017-07-16,14.416476,410.129465,7.097022,317.914960
2017-07-17,5.407725,324.301049,6.354067,252.009852
2017-07-18,4.940396,275.703674,5.631039,309.961667
2017-07-19,8.659544,348.371291,6.450268,382.814241
2017-07-20,13.167842,534.208084,5.515294,435.159393
2017-07-21,8.061920,535.736426,5.574389,360.593347
2017-07-22,3.907117,488.100581,4.744043,336.718168
2017-07-23,3.992186,485.526355,5.842590,352.956747
2017-07-24,66.587093,637.520638,17.288491,335.289033
2017-07-25,6.353830,657.981109,5.253833,334.275820
2017-07-26,73.442383,998.468191,27.623042,739.222761
2017-07-27,11.172966,1453.507465,5.363432,579.752550
2017-07-28,4.305245,968.115409,4.149820,372.426520
2017-07-29,3.557643,770.047829,5.626496,376.219865
2017-07-30,3.477228,749.989267,5.350222,366.403355
2017-07-31,3.671965,767.359591,4.412657,348.669694
2017-08-01,3.014519,754.459437,4.107638,339.478507
2017-08-02,2.625184,680.550472,3.972613,322.557126
2017-08-03,2.809355,718.335736,4.051939,321.254024
2017-08-04,2.365733,634.458454,4.407643,292.385141
2017-08-05,2.227271,550.253753,4.165428,290.720850
2017-08-06,3.850620,466.381793,5.146840,280.002149
2017-08-07,16.308271,805.772651,6.018176,428.334318
2017-08-08,3.593125,1026.747496,4.096915,492.370175
2017-08-09,2.675285,631.620713,3.417607,260.658321
2017-08-10,1.978467,500.466411,3.338997,361.354355
2017-08-11,2.263123,543.762938,3.395833,294.388107
2017-08-12,1.692525,466.208901,3.179956,276.738775
2017-08-13,1.847724,442.509567,3.187096,260.372920
2017-08-14,2.032800,541.799941,3.416315,290.121621
2017-08-15,1.398934,465.060914,3.211325,221.728019
2017-08-16,1.189220,422.705276,3.230534,242.799103
2017-08-17,1.616588,449.799000,3.577338,232.950183
2017-08-18,0.649048,364.593387,3.274573,193.138755
2017-08-19,1.003291,340.779833,3.321540,222.833114
2017-08-20,1.368749,444.098187,3.358499,251.621036
2017-08-21,18.272888,445.449058,4.458410,224.550534
2017-08-22,52.544789,384.234509,7.609814,228.508568
2017-08-23,16.402414,403.339364,3.950446,210.250205
2017-08-24,0.969038,381.544399,3.187803,208.348933
2017-08-25,13.553255,336.754846,4.358031,236.756007
2017-08-26,12.400755,347.010205,3.336399,274.920553
2017-08-27,13.699087,343.376717,3.569623,233.834296
2017-08-28,0.076602,295.802289,2.767082,174.806391
2017-08-29,0.265428,398.648257,2.973157,235.676336
2017-08-30,0.673996,998.326081,4.257879,596.582767
2017-08-31,0.721011,1391.589434,3.564023,444.266098
2017-09-01,0.465663,1141.379801,3.604915,384.612018
2017-09-02,0.266281,666.959913,2.805298,213.608152
2017-09-03,0.010472,437.618416,2.481703,125.848199
2017-09-04,0.000172,233.703860,2.369144,67.849168
2017-09-05,0.003259,182.571665,2.816276,96.736238
2017-09-06,0.005343,153.538434,2.552722,134.136324
2017-09-07,0.005791,244.277334,2.645598,166.556241
2017-09-08,1.265481,243.017015,3.530425,122.160424
2017-09-09,24.349538,129.858840,2.690305,97.109969
2017-09-10,0.040818,68.414365,1.946835,46.798224
2017-09-11,19.369379,73.224622,2.094674,50.730977
2017-09-12,19.399029,175.016413,2.360620,73.378427
2017-09-13,0.841187,111.245461,1.880500,53.163908
2017-09-14,84.633874,379.502818,11.029223,298.079677
2017-09-15,47.517288,1022.823648,11.305416,264.336911
2017-09-16,0.037913,337.157644,1.469679,121.930800
2017-09-17,2.955134,137.232278,2.352863,41.247655
2017-09-18,0.363224,115.454684,2.087563,75.896631
2017-09-19,0.000138,103.118462,1.045939,48.265681
2017-09-20,0.014178,83.797073,1.135150,51.708113
2017-09-21,0.000197,64.632203,1.013958,44.804510
2017-09-22,0.088633,65.794378,1.096078,43.294847
2017-09-23,0.333039,50.612561,1.070431,35.042246
2017-09-24,1.383183,22.599200,0.994062,22.705642
2017-09-25,9.259080,9.214865,0.996159,17.585546
2017-09-26,119.079424,179.922899,6.225439,59.648277
2017-09-27,13.274999,75.243152,1.271864,11.745606
2017-09-28,1.674452,17.073176,1.077916,7.667959
2017-09-29,0.344919,10.161859,0.982114,5.949604
2017-09-30,1.050165,6.215448,1.029618,6.304777
2017-10-01,0.784445,5.333166,1.002077,5.787821
2017-10-02,31.027110,23.459565,1.488851,8.048484
2017-10-03,1.697853,21.536319,1.105694,23.018342
2017-10-04,2.302406,9.568052,1.068335,27.311418
2017-10-05,0.315171,6.963281,1.452366,36.602680
2017-10-06,18.315064,11.475382,2.933636,22.838913
2017-10-07,13.181881,21.809769,1.625738,28.299903
2017-10-08,7.614535,9.447343,1.431021,25.004999
2017-10-09,2.480447,5.735271,1.327263,18.165771
2017-10-10,1.891057,4.545430,1.385869,17.023140
2017-10-11,2.797016,5.153568,1.506986,10.626623
2017-10-12,11.815151,8.470991,2.179990,16.759808
2017-10-13,4.473303,8.171119,1.421193,9.303072
2017-10-14,0.530152,5.675957,1.396499,6.012985
2017-10-15,0.000928,3.306177,1.397099,5.419562
2017-10-16,0.281853,3.386037,1.651582,10.324871
2017-10-17,4.473111,6.152899,1.431918,11.672600
2017-10-18,0.003495,4.450131,1.401955,8.519331
2017-10-19,0.000146,3.059270,1.359360,5.872455
2017-10-20,0.000082,2.815956,1.345401,6.330140
2017-10-21,0.004698,2.695390,1.404548,5.258055
2017-10-22,0.672460,2.852981,1.428790,5.538420
2017-10-23,1.279900,3.700959,1.314257,6.247671
2017-10-24,0.553583,12.575143,1.699592,10.386049
2017-10-25,0.000915,5.912373,1.277817,5.469777
2017-10-26,14.026237,96.232584,3.450158,23.518637
2017-10-27,16.662450,564.273035,4.670457,52.576060
2017-10-28,4.536723,361.749327,1.257154,14.124517
2017-10-29,0.002991,59.114820,1.223895,5.550154
2017-10-30,0.102815,39.274926,1.250834,7.338919
2017-10-31,0.000060,31.701597,1.201111,5.621148
2017-11-01,3.751975,5.800986,1.210440,5.819755
2017-11-02,1.520691,2.880117,1.164961,5.230295
2017-11-03,0.000022,2.752568,1.149580,5.385602
2017-11-04,0.005589,2.586368,1.133834,5.458700
2017-11-05,0.000000,2.567660,1.180450,5.393696
2017-11-06,0.000000,2.565213,1.111861,5.399764
2017-11-07,0.000000,2.566460,1.096244,5.364200
2017-11-08,0.000000,2.565836,1.078025,5.385229
2017-11-09,0.000000,2.400036,1.071342,5.393987
2017-11-10,0.000000,2.395045,1.052897,5.157798
2017-11-11,0.000001,2.405356,1.043299,5.361099
2017-11-12,0.000000,2.390328,1.040489,5.130648
2017-11-13,0.000000,2.387103,1.014624,5.352529
2017-11-14,0.000000,2.304246,1.003703,5.329141
2017-11-15,0.000013,1.545520,0.990534,5.325636
2017-11-16,0.000047,1.360408,0.976813,5.321778
2017-11-17,0.000006,1.359810,0.966970,5.318766
2017-11-18,0.000000,1.322999,0.955432,5.290431
2017-11-19,0.000234,1.312143,0.942668,5.291652
2017-11-20,0.001061,1.253789,0.932140,5.300052
2017-11-21,0.000000,1.227311,0.920145,5.253464
2017-11-22,0.000000,1.227840,0.907984,7.611528
2017-11-23,0.000000,1.226130,0.899137,5.021063
2017-11-24,0.000000,1.225123,0.893118,5.236567
2017-11-25,8.398078,1.938611,2.770263,5.118404
2017-11-26,0.000000,1.366553,1.032850,5.193679
2017-11-27,0.000000,1.205737,1.104139,4.947830
2017-11-28,16.353913,3.186954,8.005367,21.641634
2017-11-29,24.201813,7.715953,6.760298,13.455778
2017-11-30,4.366155,6.735445,1.539243,17.930159
2017-12-01,0.005012,1.382035,0.858825,5.162594
2017-12-02,0.000062,1.189741,0.862798,4.878672
2017-12-03,0.000001,1.187825,0.873510,5.110355
2017-12-04,0.000000,1.183904,0.883027,4.876142
2017-12-05,0.000000,1.180909,0.888674,5.082003
2017-12-06,0.000000,1.179498,0.896838,4.862605
2017-12-07,0.000000,1.180097,0.896703,5.074979
2017-12-08,0.000000,1.179802,0.995226,4.842072
2017-12-09,0.000000,1.179696,5.228696,5.250343
2017-12-10,0.000000,1.179702,1.670127,4.803754
2017-12-11,0.000000,1.178874,0.980905,4.829166
2017-12-12,0.000000,1.178926,1.017090,5.077598
2017-12-13,0.000000,1.177914,0.988191,4.792305
2017-12-14,0.000000,1.135447,1.009212,5.025358
2017-12-15,0.000000,1.124659,1.025920,4.843996
2017-12-16,0.000000,1.123868,1.047142,5.011925
2017-12-17,0.000000,1.122891,1.040788,5.035124
2017-12-18,0.000000,1.122363,1.057962,4.738277
2017-12-19,0.000000,1.122137,1.045710,4.973328
2017-12-20,0.000000,1.121642,1.049515,4.743344
2017-12-21,0.000000,1.119460,1.044230,4.967005
2017-12-22,0.000000,1.117872,1.046007,4.949765
2017-12-23,0.000000,1.116173,1.040434,4.722351
2017-12-24,0.000000,1.115615,1.039081,4.931910
2017-12-25,0.000000,1.115186,1.035666,4.692408
2017-12-26,0.000000,1.109006,1.029254,4.926317
2017-12-27,0.000000,1.106773,1.052678,4.990056
2017-12-28,0.000000,1.106738,1.018882,4.676171
2017-12-29,0.000000,1.104035,1.012906,4.879076
2017-12-30,0.000000,0.862598,1.005326,4.667042
2017-12-31,0.000000,0.637421,0.996668,4.835097
2018-01-01,0.000000,0.053523,0.994733,5.152202
2018-01-02,0.000000,0.053547,0.991870,4.849818
2018-01-03,0.000000,0.061879,0.980867,4.652379
2018-01-04,0.000000,0.082580,0.972747,4.626188
2018-01-05,0.000000,0.081609,0.964473,5.014604
2018-01-06,0.000000,0.081479,0.953925,4.825512
2018-01-07,0.000000,0.084743,0.946838,4.607912
2018-01-08,0.000000,0.087214,0.937652,4.821291
2018-01-09,0.000000,0.087218,0.929289,4.797406
2018-01-10,0.000000,0.086849,1.006364,4.545049
2018-01-11,0.000000,0.086642,0.913744,4.763393
2018-01-12,0.000000,0.128716,0.901439,4.568663
2018-01-13,0.000000,0.228856,0.894679,4.740073
2018-01-14,0.000000,0.339404,0.882359,4.747104
2018-01-15,0.000000,0.431527,0.875833,4.536114
2018-01-16,0.000000,0.438534,0.866814,4.927103
2018-01-17,0.000000,0.445162,0.856753,4.731796
2018-01-18,0.000000,0.446247,0.849134,4.547351
2018-01-19,0.000000,0.455933,0.839033,4.703476
2018-01-20,0.000000,0.476885,0.852029,4.774620
2018-01-21,0.000000,0.530092,0.823448,4.513295
2018-01-22,0.000000,0.596308,0.813084,4.713124
2018-01-23,0.000000,0.637563,0.804519,4.481447
2018-01-24,0.000000,0.664104,0.798972,4.693652
2018-01-25,0.000000,0.689392,0.786648,4.703936
2018-01-26,0.000000,0.715549,0.787468,4.441060
2018-01-27,0.000000,0.727347,0.773174,4.641588
2018-01-28,0.000000,0.690511,0.762346,4.634450
2018-01-29,0.000000,0.507582,0.755946,4.423366
2018-01-30,0.000000,0.507709,0.749564,4.631946
2018-01-31,0.000000,0.522989,0.738635,4.798164
2018-02-01,0.000000,0.524791,0.736846,4.602256
2018-02-02,0.000000,0.516113,0.724864,4.400819
2018-02-03,0.000000,0.505954,0.717532,4.608377
2018-02-04,0.000000,0.500812,0.708575,4.800709
2018-02-05,0.000000,0.477645,0.701102,4.367151
2018-02-06,0.000000,0.421787,0.693692,4.769841
2018-02-07,0.000000,0.477981,0.688174,4.376081
2018-02-08,0.000000,0.478766,0.678458,4.571618
2018-02-09,0.000000,0.187039,0.676528,4.308696
2018-02-10,0.000000,0.389131,0.663100,4.558431
2018-02-11,0.000000,0.450072,0.657495,4.303786
2018-02-12,0.000000,0.451375,0.650865,4.517874
2018-02-13,0.000000,0.449755,0.646057,4.537352
2018-02-14,0.000000,0.445677,0.636522,4.313337
2018-02-15,0.000000,0.429117,0.631266,5.528492
2018-02-16,0.000000,0.425549,0.623753,4.310374
2018-02-17,0.000000,0.425699,0.621656,4.502117
2018-02-18,0.000000,0.418855,0.612170,4.518811
2018-02-19,0.000000,0.424502,0.604809,4.313858
2018-02-20,0.000000,0.428739,0.599202,4.516009
2018-02-21,0.000000,0.337415,0.589252,4.286486
2018-02-22,0.000000,0.213690,0.585698,4.300423
2018-02-23,0.000000,0.125609,0.579882,4.868166
2018-02-24,0.000000,0.369786,0.573324,4.469859
2018-02-25,0.000000,0.436197,0.564427,4.372002
2018-02-26,0.000000,0.276688,0.561601,4.601136
2018-02-27,0.000000,0.139150,0.555388,4.225827
2018-02-28,0.000000,0.333845,0.560994,4.718490
2018-03-01,0.000000,0.414126,0.560494,4.421632
2018-03-02,0.000000,0.417352,0.537048,4.206600
2018-03-03,0.000000,0.421357,0.530914,4.459625
2018-03-04,0.000000,0.433061,0.528349,4.192956
2018-03-05,0.000000,0.438633,0.519567,4.452842
2018-03-06,0.000000,0.443762,0.514055,4.205986
2018-03-07,0.000000,0.449183,0.508200,4.427804
2018-03-08,0.000000,0.454003,0.502321,4.216199
2018-03-09,0.000000,0.459941,0.499333,4.402157
2018-03-10,0.000000,0.458907,0.492624,4.406526
2018-03-11,0.000000,0.456976,0.488562,4.200293
2018-03-12,0.000000,0.455925,0.483063,4.368859
2018-03-13,0.000000,0.453699,0.477580,4.405764
2018-03-14,0.000000,0.456273,0.472722,4.183712
2018-03-15,0.000000,0.458712,0.465946,4.395638
2018-03-16,0.000000,0.458757,0.465059,4.170067
2018-03-17,0.000000,0.461203,1.735820,4.401561
2018-03-18,0.000000,0.462985,2.955831,7.507496
2018-03-19,0.000000,0.464092,4.743241,4.592208
2018-03-20,0.000000,0.479632,0.654315,6.324315
2018-03-21,0.000000,0.492776,0.487506,4.569610
2018-03-22,0.000000,0.505128,0.447169,4.145983
2018-03-23,0.000000,0.515935,0.432255,4.296151
2018-03-24,0.000000,0.196208,0.428901,4.311305
2018-03-25,0.000000,0.079878,0.427148,4.279760
2018-03-26,0.000000,0.079795,0.422516,4.311228
2018-03-27,0.000000,0.079743,0.421378,4.123253
2018-03-28,0.000000,0.079808,0.443065,4.277241
2018-03-29,0.000000,0.079819,0.452827,4.284153
2018-03-30,0.000000,0.080458,0.549219,4.094838
2018-03-31,0.000000,0.078958,0.449015,4.252802
2018-04-01,0.000000,0.079808,0.475640,4.100992
2018-04-02,0.000000,0.080135,0.430252,4.215475
2018-04-03,0.000000,0.080325,0.434950,4.099486
2018-04-04,0.000000,0.080495,0.420092,4.236839
2018-04-05,0.000000,0.083579,0.421152,4.272980
2018-04-06,0.000000,0.101522,0.415540,4.072039
2018-04-07,0.000000,0.111958,0.459614,4.351216
2018-04-08,0.000000,0.200908,0.388534,4.057088
2018-04-09,0.000000,0.121764,0.383778,4.241017
2018-04-10,0.000000,0.124292,0.384725,4.068035
2018-04-11,0.000000,0.125032,0.406237,5.766142
2018-04-12,0.000000,0.126573,0.378207,5.294230
2018-04-13,0.000000,0.127850,0.379388,4.649015
2018-04-14,0.000000,0.128046,0.372745,6.599714
2018-04-15,0.000000,0.126903,0.373996,4.110162
2018-04-16,0.000000,0.127064,5.597807,6.461787
2018-04-17,9.683966,0.316923,17.955028,5.400425
2018-04-18,19.994327,3.727448,6.226845,5.693896
2018-04-19,12.306650,4.618001,4.631468,6.547458
2018-04-20,29.149989,7.938957,4.945612,6.485128
2018-04-21,24.709337,13.956408,5.462458,5.631829
2018-04-22,32.972352,16.602712,2.713145,6.460932
2018-04-23,10.734189,9.586041,0.900020,8.290219
2018-04-24,5.562129,1.901085,1.638727,6.332888
2018-04-25,4.726840,1.266937,1.611354,9.987914
2018-04-26,5.293834,1.209245,2.385418,7.321578
2018-04-27,3.277261,0.902273,4.308936,7.125530
2018-04-28,5.740490,1.533997,2.101969,10.693653
2018-04-29,2.936486,1.425667,2.457382,10.122358
2018-04-30,1.976426,0.560988,2.677065,7.450801
2018-05-01,0.747612,0.265571,1.052387,4.141928
2018-05-02,0.684599,0.147004,0.940377,4.617430
2018-05-03,0.624513,0.148155,1.453305,7.741056
2018-05-04,0.589283,0.159262,3.684173,9.403511
2018-05-05,0.542210,0.162738,5.132282,6.311059
2018-05-06,0.529660,0.162490,6.103697,9.670490
2018-05-07,0.552647,0.163273,7.087455,9.693514
2018-05-08,0.537370,0.138263,5.929744,4.109481
2018-05-09,0.516584,0.099912,5.710592,3.922740
2018-05-10,1.227243,0.098601,8.000449,9.744176
2018-05-11,3.427190,0.284529,7.969732,7.848367
2018-05-12,5.263278,0.893563,3.329928,5.855188
2018-05-13,7.887956,1.830998,4.307138,16.516719
2018-05-14,0.646827,1.789905,3.057357,9.541093
2018-05-15,2.824712,1.262486,3.061530,6.490163
2018-05-16,8.128172,1.542545,3.239080,38.786614
2018-05-17,6.544910,3.297711,3.151277,58.468123
2018-05-18,3.682594,2.558741,2.946729,7.370218
2018-05-19,2.433946,2.090508,3.142888,51.559050
2018-05-20,8.512585,2.403525,2.956634,26.414604
2018-05-21,2.605793,2.365845,2.916258,5.249794
2018-05-22,10.578638,2.756002,6.783123,36.267890
2018-05-23,15.111188,3.656347,4.570952,54.738509
2018-05-24,18.234685,4.993277,5.393894,37.652997
2018-05-25,1.749103,3.867817,2.699699,11.101340
2018-05-26,10.873333,3.257577,4.577521,72.134627
2018-05-27,17.069118,5.850765,3.578094,16.710652
2018-05-28,10.291880,7.268022,4.743492,35.205752
2018-05-29,26.978288,10.788797,5.490129,26.922953
2018-05-30,25.350621,14.407533,5.828150,80.721124
2018-05-31,41.523009,30.527632,9.933650,76.373267
2018-06-01,51.197021,54.114415,16.166805,60.641322
2018-06-02,90.376092,111.275864,18.640586,44.135889
2018-06-03,86.472528,161.690833,20.292255,50.447580
2018-06-04,75.919510,224.233839,15.525756,50.332629
2018-06-05,282.145601,531.713233,37.587809,83.707756
2018-06-06,156.252310,752.539046,31.747731,90.112843
2018-06-07,71.222361,275.811136,16.434732,98.793452
2018-06-08,54.574654,233.867782,17.945688,70.976088
2018-06-09,67.525206,282.505321,21.817565,85.210130
2018-06-10,59.792696,257.765374,18.501700,69.860517
2018-06-11,47.416934,172.721451,20.307732,83.766694
2018-06-12,50.297513,134.507729,15.642214,73.974244
2018-06-13,45.662625,186.002548,14.928630,95.229171
2018-06-14,41.566485,168.581178,11.164822,48.831043
2018-06-15,40.912778,135.533774,13.959548,64.824788
2018-06-16,39.206564,130.857140,14.769649,100.759454
2018-06-17,46.268473,167.598176,15.126179,99.091068
2018-06-18,49.831701,227.469723,15.459312,115.041760
2018-06-19,51.889767,276.720526,16.735343,124.586125
2018-06-20,47.652654,182.517383,15.414545,86.660663
2018-06-21,64.595284,170.875186,18.868421,118.281494
2018-06-22,39.144909,179.331769,11.685616,73.076927
2018-06-23,47.852696,209.395705,10.468338,129.867136
2018-06-24,34.235788,199.181541,10.738833,85.037418
2018-06-25,50.401892,214.298397,13.370958,162.184699
2018-06-26,40.663687,311.785891,14.385564,151.328407
2018-06-27,37.216524,306.145804,15.758924,141.073868
2018-06-28,63.570372,281.598021,18.389748,122.137244
2018-06-29,29.531972,327.093084,9.995650,163.954994
2018-06-30,43.858862,227.047704,10.965327,76.206576
2018-07-01,31.938145,165.313602,13.529685,121.469517
2018-07-02,20.862273,222.439813,13.338966,157.212793
2018-07-03,20.868153,279.945064,13.776074,163.996693
2018-07-04,50.922771,200.302381,12.387971,70.446280
2018-07-05,33.093384,178.440041,19.965790,129.717079
2018-07-06,30.310876,348.186003,16.058999,184.844199
2018-07-07,32.847930,329.466289,17.033642,135.608456
2018-07-08,42.063057,277.924558,19.072872,150.707181
2018-07-09,13.803127,344.029373,15.740506,209.357296
2018-07-10,12.246989,360.063840,16.095010,195.602527
2018-07-11,17.798325,515.350852,15.843204,252.475919
2018-07-12,39.462301,841.440487,18.087486,321.953106
2018-07-13,20.609268,686.762103,17.629895,293.616391
2018-07-14,18.755195,593.940594,18.754868,321.885145
2018-07-15,27.468514,821.418614,23.066022,388.083091
2018-07-16,14.053239,631.764354,20.230727,345.647969
2018-07-17,32.271110,1155.484668,25.395444,571.388034
2018-07-18,22.905351,1458.618216,28.386235,594.303834
2018-07-19,39.403474,1084.042515,18.867329,347.530832
2018-07-20,15.359355,913.996948,18.229598,448.901166
2018-07-21,14.626172,961.728339,17.318021,380.364255
2018-07-22,10.635835,651.320205,16.915529,382.743208
2018-07-23,10.002116,545.507368,16.779676,356.830592
2018-07-24,11.119057,491.359762,16.844729,237.112391
2018-07-25,13.792780,469.055673,17.935505,321.269722
2018-07-26,7.312328,391.149443,10.675458,283.452610
2018-07-27,5.024292,361.303503,11.535931,375.394036
2018-07-28,14.424387,340.495261,11.900388,279.475578
2018-07-29,8.993466,433.020795,11.674630,359.825983
2018-07-30,23.157746,996.305169,12.416713,449.935226
2018-07-31,15.534036,933.440699,11.377579,438.374664
2018-08-01,12.440864,823.430695,11.356753,403.342310
2018-08-02,11.804300,767.144156,10.444445,371.017332
2018-08-03,5.893954,554.391012,11.042548,334.193501
2018-08-04,6.701116,526.095809,10.689138,357.621117
2018-08-05,7.832385,401.813166,10.275559,314.030565
2018-08-06,8.444787,423.406985,11.473632,333.571699
2018-08-07,5.165665,513.244740,12.500009,342.455903
2018-08-08,4.667610,588.933596,12.418544,459.975741
2018-08-09,6.649655,843.048242,11.695480,479.275865
2018-08-10,4.837400,688.013804,9.638970,338.406383
2018-08-11,3.537631,564.536774,8.005713,326.749211
2018-08-12,25.384308,634.299855,10.138369,476.563524
2018-08-13,17.516572,955.768871,9.879675,494.434504
2018-08-14,34.445724,935.006228,14.201847,551.394958
2018-08-15,2.399969,755.260610,6.735650,385.941166
2018-08-16,47.635134,600.768095,8.400551,183.959225
2018-08-17,2.684187,422.297712,4.724309,205.814381
2018-08-18,1.513013,440.801104,4.331396,246.462254
2018-08-19,1.865684,369.751274,3.880269,204.265982
2018-08-20,1.265824,330.803351,3.635895,192.499059
2018-08-21,1.687233,372.447878,4.104566,250.277635
2018-08-22,0.843278,326.881912,4.422979,187.821832
2018-08-23,0.675962,302.161425,3.811924,161.684728
2018-08-24,2.834349,191.508883,3.585823,77.855520
2018-08-25,10.988358,159.610874,3.563416,133.709214
2018-08-26,18.679552,114.624408,3.890061,68.686329
2018-08-27,0.307201,128.658108,2.297863,98.808964
2018-08-28,0.007284,99.065037,2.406235,76.543213
2018-08-29,50.952440,76.708371,4.138886,63.872573
2018-08-30,42.182416,171.033797,6.156431,171.216300
2018-08-31,4.861354,142.857063,2.086090,100.858207
2018-09-01,1.159310,114.856218,1.788177,72.892991
2018-09-02,15.919196,72.144151,2.614624,59.843387
2018-09-03,4.242024,99.549146,1.690643,130.617231
2018-09-04,2.823852,86.724602,2.567917,95.270226
2018-09-05,122.606577,190.411906,12.194014,84.467680
2018-09-06,26.200277,144.494119,12.702557,153.138226
2018-09-07,16.333471,146.429684,3.527862,127.371705
2018-09-08,4.213771,98.586318,2.919974,76.754995
2018-09-09,2.807084,90.009718,2.726069,89.294512
2018-09-10,1.114233,66.306593,2.222687,67.427652
2018-09-11,2.412867,61.414251,2.144743,66.171420
2018-09-12,3.647596,62.601288,2.116299,65.264119
2018-09-13,1.872946,67.118330,2.366319,53.075427
2018-09-14,47.517642,103.818648,3.262556,40.313702
2018-09-15,6.303756,84.706165,2.684742,67.808465
2018-09-16,35.058585,98.713474,2.799677,56.209454
2018-09-17,31.694477,84.398465,3.645412,47.118691
2018-09-18,61.643905,122.304832,4.878448,57.828618
2018-09-19,4.210832,60.457610,1.885596,18.499429
2018-09-20,2.093307,25.520678,1.905655,14.764358
2018-09-21,1.506349,16.511600,1.902184,12.924826
2018-09-22,0.682547,12.450999,1.928128,19.092930
2018-09-23,71.066155,80.832073,5.774619,25.439614
2018-09-24,3.835299,48.804065,1.947330,9.227836
2018-09-25,0.280819,14.814277,1.883131,5.807711
2018-09-26,0.013538,9.238489,1.881402,5.534964
2018-09-27,8.691985,7.589718,2.476220,11.243441
2018-09-28,9.156296,11.719643,3.398029,67.030230
2018-09-29,1.003094,10.136068,1.930235,43.259619
2018-09-30,8.992273,9.594974,2.800170,38.170852
2018-10-01,0.376552,8.115514,2.120102,10.112568
2018-10-02,0.401214,6.224483,2.131198,8.224682
2018-10-03,0.258093,5.592311,2.110695,7.694367
2018-10-04,0.000024,5.300542,2.077822,5.830892
2018-10-05,6.748514,4.675387,2.080979,7.020733
2018-10-06,2.763565,4.742257,2.312112,5.400905
2018-10-07,2.374695,4.375204,2.016604,5.369520
2018-10-08,2.804207,4.325451,1.907799,5.616240
2018-10-09,2.624060,4.317964,1.856479,5.360229
2018-10-10,0.000000,4.316445,1.809260,5.321426
2018-10-11,0.000000,4.275206,1.762384,5.325390
2018-10-12,7.021926,4.385566,3.558517,5.782079
2018-10-13,5.210113,4.564798,2.640891,5.553157
2018-10-14,1.948850,4.282543,1.659116,5.271024
2018-10-15,0.000001,4.228631,1.639479,5.236825
2018-10-16,0.000003,4.224025,1.618352,5.214888
2018-10-17,0.018615,3.817579,1.595367,5.219962
2018-10-18,0.001374,3.747662,1.570818,5.453633
2018-10-19,0.000222,3.746467,1.560267,5.198135
2018-10-20,0.000169,3.705786,1.526056,5.170281
2018-10-21,0.001369,3.697347,1.498988,5.150718
2018-10-22,0.000794,3.683440,1.491272,6.698510
2018-10-23,0.002644,3.669556,1.513549,5.139031
2018-10-24,0.288007,3.669643,1.420114,5.087861
2018-10-25,0.000001,3.669504,1.399711,5.409286
2018-10-26,0.000004,3.667680,1.490335,10.842820
2018-10-27,0.000002,3.669545,1.940447,6.032209
2018-10-28,0.000007,3.669153,1.328898,5.060721
2018-10-29,0.000002,3.782252,1.309607,5.062641
2018-10-30,0.000004,3.401617,1.292139,5.057450
2018-10-31,0.000004,1.681444,1.271350,5.033345
2018-11-01,0.000007,1.313637,1.254252,5.029377
2018-11-02,0.000001,1.291694,1.257498,5.027926
2018-11-03,0.000003,1.290905,1.226484,5.280753
2018-11-04,0.000003,1.276412,1.204002,6.517719
2018-11-05,0.000001,1.118172,1.188105,5.260364
2018-11-06,0.000003,1.123526,1.175195,4.993662
2018-11-07,0.000001,1.124924,1.165607,5.226068
2018-11-08,0.318930,1.125000,2.452336,4.974220
2018-11-09,8.405204,1.615124,6.741959,5.255174
2018-11-10,0.769558,1.885128,1.115436,4.925113
2018-11-11,0.565259,1.126610,1.122329,4.931055
2018-11-12,7.490815,1.726553,1.808350,5.241450
2018-11-13,0.000000,1.139455,1.372160,4.878835
2018-11-14,0.000000,1.130387,1.069471,4.879221
2018-11-15,1.568184,1.259177,1.071717,4.876730
2018-11-16,0.000000,1.196036,1.046488,5.157530
2018-11-17,0.000000,1.994175,5.146331,5.012175
2018-11-18,0.000000,2.554761,1.653601,4.813916
2018-11-19,0.972936,2.798191,5.738409,4.861697
2018-11-20,7.892186,3.851789,15.093936,21.680787
2018-11-21,0.000000,3.013487,1.089677,5.049441
2018-11-22,0.000000,2.972858,1.212443,4.822669
2018-11-23,0.062826,2.979874,1.456292,4.738635
2018-11-24,1.668981,3.032473,1.790823,4.840949
2018-11-25,4.010396,3.311434,1.706797,4.999510
2018-11-26,0.000000,3.074117,1.321587,4.715364
2018-11-27,0.000000,2.982564,1.353211,4.730050
2018-11-28,0.000000,2.986924,1.379375,4.707030
2018-11-29,0.000000,2.990366,1.396869,4.690434
2018-11-30,0.000000,2.991672,1.405562,4.953759
2018-12-01,0.000004,2.983828,1.406218,4.678973
2018-12-02,0.000002,2.975383,1.403099,6.444314
2018-12-03,0.000004,2.955683,1.400336,4.909061
2018-12-04,0.000003,2.917300,1.392203,4.663553
2018-12-05,0.000000,2.864633,1.390186,4.905039
2018-12-06,0.000000,2.842824,1.379965,4.642040
2018-12-07,0.000000,2.828258,1.368524,4.878954
2018-12-08,0.000000,2.815375,1.359305,4.628152
2018-12-09,0.000000,2.807898,1.345461,4.612299
2018-12-10,0.000000,2.791938,1.339135,4.630916
2018-12-11,0.000000,2.777601,1.365252,4.587781
2018-12-12,0.000000,2.775557,1.327438,4.577033
2018-12-13,0.163434,2.769489,2.623390,5.020017
2018-12-14,1.599336,2.774015,1.753627,4.830176
2018-12-15,1.208964,2.823611,1.644878,4.560770
2018-12-16,0.105030,2.803099,1.336386,4.533423
2018-12-17,0.000000,2.823883,1.241057,4.564977
2018-12-18,0.000000,2.839676,1.228207,4.528375
2018-12-19,0.000020,2.851107,1.214025,4.523137
2018-12-20,0.000000,2.870825,1.299994,8.185760
2018-12-21,0.000000,2.893906,1.188761,4.527063
2018-12-22,0.000000,2.902628,1.173094,4.504483
2018-12-23,0.000000,2.905158,1.460137,4.805195
2018-12-24,10.904660,3.839658,3.559542,4.546293
2018-12-25,0.000001,3.115247,1.206650,4.496408
2018-12-26,0.000003,2.910605,1.127033,4.464249
2018-12-27,0.000000,2.913365,1.113768,4.590820
2018-12-28,0.000002,2.917748,1.110866,4.502531
2018-12-29,0.000002,2.926347,1.095810,4.437644
2018-12-30,0.000000,2.938972,1.084726,4.670558
2018-12-31,0.000000,2.999352,1.080061,4.592646
2019-01-01,0.000000,0.296029,1.071941,4.587639
2019-01-02,0.000000,0.301437,1.084734,4.416516
2019-01-03,0.000000,0.302321,1.053103,4.417853
2019-01-04,0.000000,0.303568,1.135961,4.766541
2019-01-05,0.000000,0.140288,1.026510,4.681823
2019-01-06,0.000000,0.120884,1.018491,4.419580
2019-01-07,0.000000,0.120829,1.006722,4.399871
2019-01-08,0.000000,0.120826,1.542179,4.380349
2019-01-09,0.000000,0.087617,1.081179,4.397787
2019-01-10,0.000000,0.090209,0.979945,4.425717
2019-01-11,0.000000,0.186360,0.969241,4.593575
2019-01-12,0.000000,0.238771,0.958017,4.455420
2019-01-13,0.000000,0.310065,0.949039,4.380927
2019-01-14,0.000000,0.382190,0.942398,4.376815
2019-01-15,0.000000,0.457132,0.933098,4.551175
2019-01-16,0.000000,0.511798,0.922074,4.324541
2019-01-17,0.000000,0.589683,0.912736,4.332697
2019-01-18,0.000000,0.609788,0.904171,4.357028
2019-01-19,0.000000,0.599680,0.894997,4.286891
2019-01-20,0.000000,0.541277,0.884074,4.365168
2019-01-21,0.000000,0.519073,0.877736,4.500804
2019-01-22,0.000000,0.477879,0.868665,4.299972
2019-01-23,0.000000,0.417947,0.860221,4.281070
2019-01-24,0.000000,0.451974,0.850068,4.330502
2019-01-25,0.000000,0.433789,0.839059,4.282247
2019-01-26,0.000000,0.513776,0.830292,4.244835
2019-01-27,0.000000,0.614461,0.823223,4.233457
2019-01-28,0.000000,0.543827,0.809988,4.231686
2019-01-29,0.000000,0.461403,0.810067,4.510290
2019-01-30,0.000000,0.557016,0.796327,8.568772
2019-01-31,0.000000,0.444218,0.783464,4.187398
2019-02-01,0.000000,0.423608,0.783992,4.232219
2019-02-02,0.000000,0.446917,0.771091,4.204198
2019-02-03,0.000000,0.408025,0.761833,4.257520
2019-02-04,0.000000,0.482292,0.751339,4.204764
2019-02-05,0.000000,0.592901,0.742901,4.235351
2019-02-06,0.000000,0.668263,0.732433,4.299345
2019-02-07,0.000000,0.711002,0.725258,4.263786
2019-02-08,0.000000,0.734034,0.718928,4.190905
2019-02-09,0.000000,0.596668,0.707913,4.184304
2019-02-10,0.000000,0.666653,0.701352,4.196448
2019-02-11,0.000000,0.698123,0.690931,4.475886
2019-02-12,0.000000,0.707025,0.687948,4.143315
2019-02-13,0.000000,0.712433,0.676196,4.093071
2019-02-14,0.000000,0.716828,0.668154,4.143071
2019-02-15,0.000000,0.714627,0.663695,4.123789
2019-02-16,0.000000,0.709738,0.653569,4.122543
2019-02-17,0.000000,0.705265,0.647720,4.107426
2019-02-18,0.000000,0.422735,0.647334,4.158297
2019-02-19,0.000000,0.436133,0.631151,4.082231
2019-02-20,0.000000,0.449667,0.624920,4.102250
2019-02-21,0.000000,0.450830,2.223129,4.538395
2019-02-22,0.000000,0.456901,0.682441,4.091970
2019-02-23,0.000000,0.467917,0.605358,4.076468
2019-02-24,0.000000,0.484903,0.600518,4.230588
2019-02-25,0.000000,0.672247,0.638291,4.074848
2019-02-26,0.000000,0.759978,0.585948,4.055807
2019-02-27,0.000000,0.782372,0.583452,4.049553
2019-02-28,0.000000,0.782375,3.391913,4.148279
2019-03-01,0.000000,0.785994,0.625687,4.138045
2019-03-02,0.000000,0.792064,0.564230,4.012331
2019-03-03,0.000000,0.795057,0.555770,4.047292
2019-03-04,0.000000,0.794021,0.549800,4.054186
2019-03-05,0.000000,0.788653,0.549409,4.012129
2019-03-06,0.000000,0.787013,0.546470,4.040609
2019-03-07,0.000000,0.717905,0.539170,3.996014
2019-03-08,0.000000,0.461630,0.534188,3.973666
2019-03-09,0.000000,0.425762,0.530979,3.987502
2019-03-10,0.000000,0.469839,0.525868,3.970631
2019-03-11,0.000000,0.479372,0.523608,3.958933
2019-03-12,0.000000,0.481302,0.516979,4.037674
2019-03-13,0.000000,0.478650,0.514411,4.010486
2019-03-14,0.000000,0.475390,0.508569,4.413700
2019-03-15,0.000000,0.475316,0.506181,3.980134
2019-03-16,0.000000,0.477153,0.503430,3.957539
2019-03-17,0.000000,0.478159,0.498204,3.963114
2019-03-18,0.000000,0.474821,0.497677,3.994152
2019-03-19,0.000000,0.471640,0.488187,3.936188
2019-03-20,0.000000,0.419016,0.484543,4.033339
2019-03-21,0.000000,0.454876,0.481470,3.963640
2019-03-22,0.000000,0.338865,0.481207,3.939402
2019-03-23,0.000000,0.159386,0.473366,3.933281
2019-03-24,0.000000,0.142540,0.470777,3.961294
2019-03-25,0.000000,0.143386,0.470832,3.953082
2019-03-26,0.000000,0.143803,0.463806,3.951802
2019-03-27,0.000000,0.143214,0.458232,3.933920
2019-03-28,0.000000,0.143302,0.455048,3.936843
2019-03-29,0.000000,0.143906,0.451537,3.933544
2019-03-30,0.000000,0.138802,0.448001,3.918897
2019-03-31,0.000000,0.105216,0.447830,3.935743
2019-04-01,0.000000,0.103148,0.439874,3.921901
2019-04-02,0.000000,0.103479,0.460182,4.943538
2019-04-03,0.000000,0.104445,0.471736,3.902330
2019-04-04,0.000000,0.103887,0.425481,3.926019
2019-04-05,0.000000,0.102996,0.430287,3.922088
2019-04-06,0.000000,0.103822,2.800456,5.183644
2019-04-07,0.000000,0.106593,4.650547,5.612556
2019-04-08,0.000000,0.106884,6.086656,4.843939
2019-04-09,0.000000,0.401640,0.895222,4.621060
2019-04-10,14.809545,2.451817,4.620140,5.417465
2019-04-11,11.954823,1.951572,2.752763,5.404633
2019-04-12,19.828061,3.290837,14.015082,5.166680
2019-04-13,14.926073,4.052206,7.675467,6.029256
2019-04-14,32.944780,5.380206,18.469073,4.424482
2019-04-15,18.103224,7.214926,4.598472,5.145490
2019-04-16,10.168953,2.590906,1.203680,6.388191
2019-04-17,2.002726,0.987005,0.903121,6.768050
2019-04-18,1.464024,0.234061,1.003404,5.293472
2019-04-19,7.726961,0.842071,1.644617,7.234174
2019-04-20,6.065766,1.345401,1.578695,6.737669
2019-04-21,5.015954,1.963634,1.301386,7.373425
2019-04-22,0.544666,2.455713,0.962151,3.766700
2019-04-23,0.508906,2.281951,0.870237,3.741736
2019-04-24,0.482331,2.316038,0.870545,4.952393
2019-04-25,0.455119,2.351827,0.873740,4.704807
2019-04-26,0.430227,2.388614,1.187050,6.489655
2019-04-27,12.427095,4.178890,3.882033,5.605758
2019-04-28,36.813757,16.954012,12.037694,4.522952
2019-04-29,46.745034,29.979082,17.143781,42.881166
2019-04-30,41.973101,35.203486,11.962290,72.621342
2019-05-01,44.348721,25.437724,13.098107,58.314082
2019-05-02,61.730855,53.302656,9.952269,64.916029
2019-05-03,23.690450,13.162281,4.015545,57.560746
2019-05-04,110.930603,58.251805,19.915832,65.969310
2019-05-05,101.860384,106.958703,25.234586,104.463157
2019-05-06,90.792442,104.062344,29.648499,57.436475
2019-05-07,51.114990,72.194300,11.562940,32.536805
2019-05-08,34.013804,49.954186,11.826270,28.295260
2019-05-09,35.399025,41.479458,11.001459,87.104868
2019-05-10,15.668983,24.371296,10.626813,55.825232
2019-05-11,20.681135,17.862552,9.730429,28.098723
2019-05-12,9.427084,13.744934,7.335368,5.416480
2019-05-13,5.971962,4.818868,6.547924,5.123595
2019-05-14,48.609149,21.504258,18.363075,36.889231
2019-05-15,46.310885,48.417994,17.196824,48.488236
2019-05-16,53.052470,72.796591,9.799099,50.215381
2019-05-17,46.084424,76.344534,8.877733,35.031607
2019-05-18,48.471112,75.825692,10.562429,36.297759
2019-05-19,61.545139,81.007788,12.039849,42.652292
2019-05-20,47.910520,71.621211,10.650314,36.070785
2019-05-21,51.075578,65.528264,10.955986,40.144947
2019-05-22,69.126414,77.373146,16.273157,82.485654
2019-05-23,76.070978,113.098028,20.389257,89.097911
2019-05-24,61.642280,124.956665,13.559792,88.513895
2019-05-25,75.483815,107.126883,14.419670,96.403399
2019-05-26,89.282017,137.429271,19.240673,112.100610
2019-05-27,51.159402,124.532037,12.841366,72.097529
2019-05-28,43.038700,99.970917,12.967056,65.556460
2019-05-29,55.211873,97.424741,13.868661,61.761815
2019-05-30,41.945316,98.648230,13.972346,64.139821
2019-05-31,37.214969,103.918580,14.227708,55.416703
2019-06-01,33.326392,108.854361,13.862113,49.695409
2019-06-02,37.581822,121.618244,14.561215,49.374179
2019-06-03,43.598383,150.825486,15.472828,68.955837
2019-06-04,46.299597,178.238013,15.840297,76.577931
2019-06-05,36.044538,159.596163,17.888990,74.211421
2019-06-06,28.746243,129.357933,14.487941,71.359580
2019-06-07,53.099537,156.166235,16.381896,94.071881
2019-06-08,44.098093,177.046490,14.540419,73.615854
2019-06-09,62.129001,178.122176,20.198615,99.609513
2019-06-10,46.675102,139.780304,20.334832,83.069688
2019-06-11,117.104739,198.223455,36.859347,134.334523
2019-06-12,119.474505,302.536388,38.977042,136.801059
2019-06-13,91.334011,417.254358,26.880420,140.533001
2019-06-14,79.595960,349.962023,22.074230,128.438089
2019-06-15,73.159089,377.905968,20.796414,113.497156
2019-06-16,82.797076,429.690360,21.552379,121.591269
2019-06-17,85.917005,528.944518,22.679659,154.249025
2019-06-18,60.867466,443.220903,20.402618,132.670645
2019-06-19,69.397517,426.232742,21.322852,159.254608
2019-06-20,47.418119,406.076842,18.997378,151.298413
2019-06-21,48.820531,375.245512,18.265352,156.646654
2019-06-22,43.981209,352.393467,19.136082,150.512538
2019-06-23,43.848289,345.776907,20.959796,137.957407
2019-06-24,50.878991,408.074457,21.394204,151.777779
2019-06-25,68.814438,509.244182,25.754782,215.924648
2019-06-26,57.085707,650.468547,25.045008,212.847888
2019-06-27,50.284615,641.375752,23.829143,237.690550
2019-06-28,42.720425,551.379638,22.090462,201.776271
2019-06-29,34.383905,429.350138,21.902321,187.513409
2019-06-30,39.666748,374.386146,19.795406,177.971290
2019-07-01,20.279872,299.329806,23.696350,178.797692
2019-07-02,47.969127,265.097533,23.137088,150.427174
2019-07-03,23.230794,284.363143,19.369913,190.152850
2019-07-04,22.121878,353.677419,19.942846,221.172380
2019-07-05,28.783918,445.533478,20.678108,250.097664
2019-07-06,26.480075,492.777368,19.875536,210.801701
2019-07-07,30.985458,497.980765,23.951527,230.471884
2019-07-08,43.207320,590.636888,22.750846,263.366467
2019-07-09,34.140363,566.955625,23.858691,271.473426
2019-07-10,19.989398,440.273941,20.214107,250.689398
2019-07-11,14.535071,434.294498,21.325923,271.019952
2019-07-12,12.375224,446.359148,21.445800,279.641895
2019-07-13,14.548254,450.225639,20.916093,281.642494
2019-07-14,17.818502,526.531448,21.453707,317.835415
2019-07-15,22.005321,572.381098,16.451407,229.612114
2019-07-16,16.743513,550.380396,21.265343,332.489969
2019-07-17,18.795345,647.089705,22.491241,334.828412
2019-07-18,17.077621,650.232786,22.704055,374.738941
2019-07-19,17.674108,701.481471,20.393316,359.650275
2019-07-20,16.469238,707.765756,20.582024,365.478876
2019-07-21,16.102076,670.953335,22.485410,390.456901
2019-07-22,13.845087,679.257747,21.972831,398.106064
2019-07-23,13.718125,696.879416,21.307265,352.967029
2019-07-24,11.124408,588.220592,19.731222,339.496691
2019-07-25,13.772215,540.782867,16.541864,252.732032
2019-07-26,16.793938,396.041677,16.216486,230.969124
2019-07-27,16.377622,447.692490,20.170164,330.740410
2019-07-28,31.754259,326.484357,16.929137,191.667095
2019-07-29,14.903069,379.301836,22.010924,326.665102
2019-07-30,28.312062,528.441674,17.575893,283.578182
2019-07-31,51.686093,1166.795083,20.966413,697.059965
2019-08-01,25.977620,1285.350950,16.844550,504.411015
2019-08-02,12.526778,865.039883,14.837209,373.408126
2019-08-03,12.518934,820.923278,13.586275,404.099106
2019-08-04,9.365784,707.645617,13.043281,374.114941
2019-08-05,10.384820,754.813416,13.265236,384.354819
2019-08-06,8.301219,613.071943,12.738496,303.017155
2019-08-07,7.907937,538.183493,12.677039,305.634316
2019-08-08,7.310567,560.313654,12.270081,315.142172
2019-08-09,5.556342,467.710723,11.900735,251.960812
2019-08-10,6.800792,459.611305,11.251774,303.690538
2019-08-11,5.551326,382.948809,9.807456,206.340325
2019-08-12,10.979486,279.927009,10.945782,225.378776
2019-08-13,57.248282,562.174248,19.173295,334.309616
2019-08-14,5.637883,399.999859,9.820108,247.582837
2019-08-15,4.305938,282.312034,9.423975,186.960821
2019-08-16,4.631682,274.796238,9.202181,188.344471
2019-08-17,4.582665,318.203025,9.913794,234.327346
2019-08-18,7.300510,332.232982,9.055129,219.428467
2019-08-19,7.575496,313.086234,8.707470,164.770993
2019-08-20,5.150602,301.362935,8.106791,224.856774
2019-08-21,3.267399,222.740058,7.498766,139.409731
2019-08-22,2.959806,183.482386,7.234265,108.082650
2019-08-23,2.193601,152.501148,8.146882,115.421051
2019-08-24,19.411112,126.956702,9.285403,76.185513
2019-08-25,9.889331,225.719220,9.941902,168.758133
2019-08-26,6.141689,276.032657,6.384651,146.831384
2019-08-27,5.449400,233.092417,6.121509,115.472255
2019-08-28,4.736875,262.991450,6.124325,187.793889
2019-08-29,0.732779,177.532173,5.617853,67.612843
2019-08-30,0.385034,104.011300,7.362791,87.441143
2019-08-31,0.965209,100.010264,8.302258,103.217815
2019-09-01,9.262803,151.326323,0.000000,0.000000
2019-09-02,2.747214,151.615264,0.000000,0.000000
2019-09-03,1.780447,179.342866,0.000000,0.000000
2019-09-04,2.472044,289.575080,0.000000,0.000000
2019-09-05,0.856036,165.192438,0.000000,0.000000
2019-09-06,23.155317,193.064473,0.000000,0.000000
2019-09-07,2.495296,195.385610,0.000000,0.000000
2019-09-08,0.964732,219.802727,0.000000,0.000000
2019-09-09,2.814486,101.030515,0.000000,0.000000
2019-09-10,0.672502,100.580647,0.000000,0.000000
2019-09-11,0.006249,80.290962,0.000000,0.000000
2019-09-12,0.008743,47.058234,0.000000,0.000000
2019-09-13,0.007325,41.694854,0.000000,0.000000
2019-09-14,0.148962,71.616442,0.000000,0.000000
2019-09-15,0.004116,69.667422,0.000000,0.000000
2019-09-16,0.001685,32.885522,0.000000,0.000000
2019-09-17,0.001316,12.929186,0.000000,0.000000
2019-09-18,1.518242,6.753015,0.000000,0.000000
2019-09-19,0.700056,28.608665,0.000000,0.000000
2019-09-20,0.424893,77.494439,0.000000,0.000000
2019-09-21,0.376430,78.212709,0.000000,0.000000
2019-09-22,19.950241,142.906792,0.000000,0.000000
2019-09-23,10.469011,297.870935,0.000000,0.000000
2019-09-24,3.190556,213.974363,0.000000,0.000000
2019-09-25,1.015052,197.387961,0.000000,0.000000
2019-09-26,0.751915,119.487783,0.000000,0.000000
2019-09-27,10.513958,238.366191,0.000000,0.000000
2019-09-28,22.302393,470.369458,0.000000,0.000000
2019-09-29,1.060498,219.421253,0.000000,0.000000
2019-09-30,0.597621,101.307801,0.000000,0.000000
2019-10-01,33.966634,61.844000,0.000000,0.000000
2019-10-02,111.874782,98.938004,0.000000,0.000000
2019-10-03,72.729455,115.524505,0.000000,0.000000
2019-10-04,119.636697,146.254339,0.000000,0.000000
2019-10-05,156.215789,271.644145,0.000000,0.000000
2019-10-06,98.593913,289.891456,0.000000,0.000000
2019-10-07,23.207766,211.073516,0.000000,0.000000
2019-10-08,3.209326,38.521143,0.000000,0.000000
2019-10-09,13.618968,40.070027,0.000000,0.000000
2019-10-10,0.999979,25.235774,0.000000,0.000000
2019-10-11,0.191887,9.300956,0.000000,0.000000
2019-10-12,0.153859,4.140419,0.000000,0.000000
2019-10-13,0.723662,3.055554,0.000000,0.000000
2019-10-14,2.739266,2.997865,0.000000,0.000000
2019-10-15,0.109098,3.255783,0.000000,0.000000
2019-10-16,0.073712,2.750458,0.000000,0.000000
2019-10-17,0.014346,2.775731,0.000000,0.000000
2019-10-18,0.003092,2.873596,0.000000,0.000000
2019-10-19,14.141748,5.401560,0.000000,0.000000
2019-10-20,5.088655,11.290072,0.000000,0.000000
2019-10-21,0.007489,4.810094,0.000000,0.000000
2019-10-22,0.010904,2.614780,0.000000,0.000000
2019-10-23,0.000766,2.334890,0.000000,0.000000
2019-10-24,0.000200,2.292266,0.000000,0.000000
2019-10-25,0.000375,2.286761,0.000000,0.000000
2019-10-26,0.006515,1.888194,0.000000,0.000000
2019-10-27,0.012808,1.803170,0.000000,0.000000
2019-10-28,16.129074,7.437473,0.000000,0.000000
2019-10-29,9.410753,11.448821,0.000000,0.000000
2019-10-30,0.019861,4.248255,0.000000,0.000000
2019-10-31,0.002880,2.546595,0.000000,0.000000
2019-11-01,0.000001,2.118209,0.000000,0.000000
2019-11-02,0.000003,1.970535,0.000000,0.000000
2019-11-03,0.000003,1.944034,0.000000,0.000000
2019-11-04,0.000003,1.944469,0.000000,0.000000
2019-11-05,0.000002,1.925220,0.000000,0.000000
2019-11-06,0.000001,1.908155,0.000000,0.000000
2019-11-07,0.131263,1.913533,0.000000,0.000000
2019-11-08,13.360166,3.639034,0.000000,0.000000
2019-11-09,4.333389,2.369908,0.000000,0.000000
2019-11-10,13.829861,4.766840,0.000000,0.000000
2019-11-11,1.671293,2.824744,0.000000,0.000000
2019-11-12,0.143217,1.940013,0.000000,0.000000
2019-11-13,0.031566,1.858575,0.000000,0.000000
2019-11-14,0.000001,1.863583,0.000000,0.000000
2019-11-15,0.000001,1.832727,0.000000,0.000000
2019-11-16,0.000001,0.757025,0.000000,0.000000
2019-11-17,0.000010,0.701702,0.000000,0.000000
2019-11-18,0.000006,0.698143,0.000000,0.000000
2019-11-19,0.000004,0.700788,0.000000,0.000000
2019-11-20,0.000002,0.699464,0.000000,0.000000
2019-11-21,0.000005,0.700489,0.000000,0.000000
2019-11-22,0.000008,0.701106,0.000000,0.000000
2019-11-23,0.000012,0.796558,0.000000,0.000000
2019-11-24,0.000013,0.856541,0.000000,0.000000
2019-11-25,0.000007,0.750555,0.000000,0.000000
2019-11-26,0.000001,0.723741,0.000000,0.000000
2019-11-27,0.000001,0.723856,0.000000,0.000000
2019-11-28,0.000003,0.721924,0.000000,0.000000
2019-11-29,0.000002,0.723758,0.000000,0.000000
2019-11-30,0.000001,0.688493,0.000000,0.000000
2019-12-01,0.000000,0.678602,0.000000,0.000000
2019-12-02,0.000001,0.678488,0.000000,0.000000
2019-12-03,0.000001,0.401691,0.000000,0.000000
2019-12-04,0.000001,0.146505,0.000000,0.000000
2019-12-05,0.000000,0.146764,0.000000,0.000000
2019-12-06,0.000001,0.146389,0.000000,0.000000
2019-12-07,0.000001,0.146454,0.000000,0.000000
2019-12-08,0.000001,0.146454,0.000000,0.000000
2019-12-09,0.000001,0.146482,0.000000,0.000000
2019-12-10,0.000002,0.146519,0.000000,0.000000
2019-12-11,0.000000,0.146406,0.000000,0.000000
2019-12-12,0.000000,0.146507,0.000000,0.000000
2019-12-13,0.000001,0.146626,0.000000,0.000000
2019-12-14,0.000001,0.146585,0.000000,0.000000
2019-12-15,0.000001,0.146486,0.000000,0.000000
2019-12-16,0.000001,0.146389,0.000000,0.000000
2019-12-17,0.000001,0.146464,0.000000,0.000000
2019-12-18,0.000001,0.146483,0.000000,0.000000
2019-12-19,0.000001,0.146480,0.000000,0.000000
2019-12-20,0.000002,0.146481,0.000000,0.000000
2019-12-21,0.000002,0.146375,0.000000,0.000000
2019-12-22,0.000002,0.146459,0.000000,0.000000
2019-12-23,0.000002,0.146471,0.000000,0.000000
2019-12-24,0.000002,0.146450,0.000000,0.000000
2019-12-25,0.000002,0.146470,0.000000,0.000000
2019-12-26,0.000002,0.146330,0.000000,0.000000
2019-12-27,0.000002,0.144534,0.000000,0.000000
2019-12-28,0.000001,0.143320,0.000000,0.000000
2019-12-29,0.000001,0.143320,0.000000,0.000000
2019-12-30,0.000002,2.565148,0.000000,0.000000
2019-12-31,0.000002,0.162963,0.000000,0.000000

