time,MAR_land,MAR_ice,RACMO_land,RACMO_ice
2015-01-01,1.448612,0.000000,0.445104,0.015163
2015-01-02,1.435915,0.000000,0.436600,0.013611
2015-01-03,1.422583,0.000000,0.433424,0.008671
2015-01-04,1.408915,0.000000,0.425589,0.011871
2015-01-05,1.395363,0.000000,0.421544,0.011194
2015-01-06,1.383095,0.000000,0.413375,0.009051
2015-01-07,1.373648,0.000000,0.408451,0.008497
2015-01-08,1.363195,0.000000,0.404283,0.012055
2015-01-09,1.352407,0.000000,0.397440,0.009284
2015-01-10,1.341381,0.000000,0.393893,0.008707
2015-01-11,1.329654,0.000000,0.388816,0.015178
2015-01-12,1.319888,0.000000,0.379623,0.008995
2015-01-13,1.309488,0.000000,0.377140,0.014340
2015-01-14,1.299189,0.000000,0.372221,0.015491
2015-01-15,1.288769,0.000000,0.363647,0.021612
2015-01-16,1.277287,0.000000,0.361038,0.015993
2015-01-17,1.267500,0.000000,0.354667,0.011531
2015-01-18,1.256779,0.000000,0.350719,0.011592
2015-01-19,1.245928,0.000000,0.346324,0.011637
2015-01-20,1.234879,0.000000,0.341635,0.008914
2015-01-21,1.222991,0.000000,0.335383,0.015714
2015-01-22,1.212778,0.000000,0.330533,0.011427
2015-01-23,1.201923,0.000000,0.325157,0.008711
2015-01-24,1.191487,0.000000,0.321573,0.015432
2015-01-25,1.181356,0.000000,0.316697,0.013163
2015-01-26,1.170694,0.000000,0.310026,0.015242
2015-01-27,1.161724,0.000000,0.309104,0.009383
2015-01-28,1.151910,0.000000,0.302977,0.011561
2015-01-29,1.142031,0.000000,0.297612,0.017999
2015-01-30,1.132071,0.000000,0.294050,0.018611
2015-01-31,1.121971,0.000000,0.290605,0.015162
2015-02-01,1.111198,0.000000,0.286513,0.014998
2015-02-02,1.101979,0.000000,0.279473,0.018275
2015-02-03,1.091815,0.000000,0.278048,0.016447
2015-02-04,1.081625,0.000000,0.270083,0.013626
2015-02-05,1.071886,0.000000,0.266911,0.014026
2015-02-06,1.061756,0.000000,0.260164,0.014629
2015-02-07,1.053370,0.000000,0.259919,0.018535
2015-02-08,1.044312,0.000000,0.252676,0.013019
2015-02-09,1.035277,0.000000,0.249605,0.012857
2015-02-10,1.027233,0.000000,0.244331,0.018538
2015-02-11,1.018645,0.000000,0.240855,0.014705
2015-02-12,1.011425,0.000000,0.239148,0.019665
2015-02-13,1.003433,0.000000,0.232401,0.013806
2015-02-14,0.995464,0.000000,0.228436,0.019539
2015-02-15,0.987864,0.000000,0.224897,0.014851
2015-02-16,0.979759,0.000000,0.220643,0.014959
2015-02-17,0.973220,0.000000,0.218015,0.014360
2015-02-18,0.966036,0.000000,0.213097,0.013170
2015-02-19,0.958989,0.000000,0.207716,0.014332
2015-02-20,0.952028,0.000000,0.206216,0.014796
2015-02-21,0.944478,0.000000,0.202675,0.017881
2015-02-22,0.938217,0.000000,0.197386,0.017366
2015-02-23,0.931246,0.000000,0.194327,0.012790
2015-02-24,0.924317,0.000000,0.190999,0.017452
2015-02-25,0.917556,0.000000,0.186872,0.012663
2015-02-26,0.910141,0.000000,0.180044,0.011585
2015-02-27,0.903965,0.000000,0.179788,0.017892
2015-02-28,0.897147,0.000000,0.173194,0.018102
2015-03-01,0.889721,0.000000,0.169611,0.017302
2015-03-02,0.883563,0.000000,0.166624,0.017302
2015-03-03,0.877204,0.000000,0.160765,0.013623
2015-03-04,0.871380,0.000000,0.157777,0.012001
2015-03-05,0.865493,0.000000,0.154307,0.012499
2015-03-06,0.859090,0.000000,0.150892,0.018053
2015-03-07,0.854169,0.000000,0.145394,0.017243
2015-03-08,0.848692,0.000000,0.141980,0.012608
2015-03-09,0.843106,0.000000,0.139577,0.011254
2015-03-10,0.837479,0.000000,0.137893,0.012618
2015-03-11,0.831347,0.000000,0.131635,0.017236
2015-03-12,0.826625,0.000000,0.130003,0.016702
2015-03-13,0.821460,0.000000,0.126680,0.012743
2015-03-14,0.816247,0.000000,0.125743,0.014397
2015-03-15,0.810948,0.000000,0.121916,0.018526
2015-03-16,0.805111,0.000000,0.115585,0.016823
2015-03-17,0.800462,0.000000,0.116207,0.017126
2015-03-18,0.795271,0.000000,0.110862,0.012264
2015-03-19,0.790207,0.000000,0.109419,0.016949
2015-03-20,0.785296,0.000000,0.105908,0.018208
2015-03-21,0.779812,0.000000,0.104048,0.016727
2015-03-22,0.775341,0.000000,0.101867,0.016846
2015-03-23,0.770488,0.000000,0.099028,0.026779
2015-03-24,0.765660,0.000000,0.097163,0.016589
2015-03-25,0.760849,0.000000,0.095526,0.017290
2015-03-26,0.755453,0.000000,0.090822,0.011771
2015-03-27,0.751080,0.000000,0.090196,0.019458
2015-03-28,0.746194,0.000000,0.090109,0.011547
2015-03-29,0.741393,0.000000,0.085560,0.011547
2015-03-30,0.736466,0.000000,0.084476,0.018523
2015-03-31,0.731684,0.000000,0.083245,0.012881
2015-04-01,0.726883,0.000000,0.079902,0.018170
2015-04-02,0.723150,0.000000,0.078489,0.019233
2015-04-03,0.718973,0.000000,0.075064,0.011648
2015-04-04,0.714888,0.000000,0.076407,0.018109
2015-04-05,0.710820,0.000000,0.072492,0.018005
2015-04-06,0.706330,0.000000,0.070274,0.019303
2015-04-07,0.702770,0.000000,0.068276,0.017941
2015-04-08,0.698710,0.000000,0.067615,0.011529
2015-04-09,0.694633,0.000000,0.065617,0.019013
2015-04-10,0.690540,0.000000,0.064060,0.011897
2015-04-11,0.685974,0.000000,0.064411,0.018274
2015-04-12,0.682418,0.000000,0.060076,0.020392
2015-04-13,0.678503,0.000000,0.057982,0.011452
2015-04-14,0.674707,0.000000,0.056656,0.074129
2015-04-15,0.670982,0.000000,0.058707,0.138237
2015-04-16,0.666820,0.000000,0.698959,0.202651
2015-04-17,0.663438,0.000000,0.853555,0.108340
2015-04-18,0.659516,0.000000,0.762810,0.057137
2015-04-19,0.655668,0.000000,3.607210,0.047753
2015-04-20,0.651940,0.000000,4.556675,0.041522
2015-04-21,0.647725,0.000000,0.059702,0.017420
2015-04-22,0.644513,0.000000,0.049195,0.073623
2015-04-23,0.640892,0.000000,0.046086,0.022390
2015-04-24,0.637373,0.000000,0.045842,0.115106
2015-04-25,0.634134,0.000000,0.045857,0.016967
2015-04-26,0.630448,0.000000,0.043860,0.018120
2015-04-27,0.627617,0.000000,0.043824,0.017036
2015-04-28,0.624335,0.000000,0.041990,0.011473
2015-04-29,0.621078,0.000000,0.040903,0.010366
2015-04-30,0.617785,0.000000,0.042412,0.016849
2015-05-01,0.614069,0.000000,0.040486,0.016735
2015-05-02,0.611179,0.000000,0.038570,0.018325
2015-05-03,0.607858,0.000000,0.036655,0.012310
2015-05-04,0.604448,0.000000,0.037111,0.016574
2015-05-05,0.601079,0.000000,0.035777,0.139577
2015-05-06,0.597335,0.000000,0.036578,0.017660
2015-05-07,0.594433,0.000000,0.033281,0.235409
2015-05-08,0.591136,0.000000,0.034606,0.142529
2015-05-09,0.587865,0.000000,0.039491,0.046657
2015-05-10,0.584768,0.000000,0.047699,0.010671
2015-05-11,0.581440,0.000000,0.050545,0.088211
2015-05-12,0.578894,0.000000,0.087286,0.137226
2015-05-13,0.575917,0.000000,0.376904,0.187466
2015-05-14,0.572884,0.000000,1.517993,0.176002
2015-05-15,0.569866,0.000000,3.326304,0.083158
2015-05-16,0.566464,0.000000,3.734253,0.070865
2015-05-17,0.564620,0.000000,2.294077,0.095729
2015-05-18,0.578730,0.000000,1.973582,0.091544
2015-05-19,0.576722,0.000000,1.377360,0.104094
2015-05-20,0.568946,0.000000,0.041439,2.188572
2015-05-21,0.610757,0.000000,0.634429,0.119274
2015-05-22,0.576196,0.000000,0.131985,0.121151
2015-05-23,0.585777,0.000000,0.682091,0.101182
2015-05-24,0.636583,0.000000,1.306015,0.075805
2015-05-25,0.675302,0.000000,1.191034,0.087147
2015-05-26,0.838711,0.000000,2.436549,0.171574
2015-05-27,0.819359,0.000000,1.224689,0.103326
2015-05-28,0.603118,0.000000,1.573125,0.269011
2015-05-29,0.541749,0.000000,2.554504,0.063354
2015-05-30,0.546010,0.000000,1.958580,0.130525
2015-05-31,0.526068,0.000000,1.210175,0.198233
2015-06-01,0.517434,0.000000,2.700695,0.140840
2015-06-02,0.607807,0.000000,4.627168,0.114780
2015-06-03,0.826415,0.000000,5.125514,0.049616
2015-06-04,2.192507,0.004929,6.241493,0.313118
2015-06-05,1.917139,0.006505,6.541306,0.111830
2015-06-06,1.467731,0.004144,5.076522,0.090298
2015-06-07,1.610575,0.006772,6.847784,0.079628
2015-06-08,3.055669,0.019408,8.615091,1.173733
2015-06-09,5.117476,0.340819,7.293828,1.265906
2015-06-10,3.049959,0.321791,6.166692,1.011240
2015-06-11,5.289839,1.203096,8.236388,1.002052
2015-06-12,2.878017,0.540633,6.100808,0.456101
2015-06-13,4.841919,1.121079,9.492985,0.897460
2015-06-14,3.308799,0.882288,8.599630,1.021045
2015-06-15,5.263106,1.019340,9.586646,0.780378
2015-06-16,6.430444,1.280826,10.977150,1.848854
2015-06-17,14.861165,3.383250,10.843151,1.855709
2015-06-18,18.200075,3.084358,11.152229,2.692951
2015-06-19,12.771743,2.016890,11.678669,3.043953
2015-06-20,12.569840,1.925636,11.074501,3.009287
2015-06-21,12.973993,1.883478,11.496124,3.031248
2015-06-22,14.673893,2.003984,10.684600,2.877817
2015-06-23,13.910601,1.778515,10.480391,3.616145
2015-06-24,17.249237,2.155318,11.754041,2.721034
2015-06-25,28.508198,2.632917,12.864910,2.947311
2015-06-26,11.733967,2.522499,13.263537,4.515790
2015-06-27,5.611086,2.179550,13.168081,3.176978
2015-06-28,5.164072,1.819822,12.358906,3.813199
2015-06-29,4.723863,1.608736,11.814080,2.058125
2015-06-30,4.877291,1.308288,13.335140,2.975484
2015-07-01,6.845927,1.192630,16.883406,3.600841
2015-07-02,4.774077,1.488499,15.800495,5.221676
2015-07-03,2.528801,2.615361,16.093151,5.343682
2015-07-04,2.490863,3.275336,16.167419,5.348323
2015-07-05,2.444532,3.924533,20.681975,5.812745
2015-07-06,2.392413,3.155957,23.026102,4.117165
2015-07-07,2.341434,3.576197,19.265253,3.939092
2015-07-08,2.286335,4.734970,14.083945,4.554810
2015-07-09,2.331174,2.465769,9.837635,3.495245
2015-07-10,2.173401,2.508790,9.839073,3.952245
2015-07-11,2.739356,2.235293,5.945037,3.189681
2015-07-12,2.233692,3.178938,6.717704,3.131440
2015-07-13,2.043177,4.629214,7.510618,3.912563
2015-07-14,2.003455,3.699936,8.387551,4.807274
2015-07-15,1.963872,3.541650,8.912135,4.883378
2015-07-16,1.923045,4.201027,9.659147,5.471862
2015-07-17,1.885343,4.799543,11.241914,5.986749
2015-07-18,1.846683,5.275424,11.250858,6.164460
2015-07-19,1.808407,4.597313,10.368247,5.777595
2015-07-20,1.771285,2.658203,7.448356,4.210093
2015-07-21,1.734255,2.220327,10.157830,4.103567
2015-07-22,1.706629,2.487219,10.054724,3.663128
2015-07-23,1.681070,3.238476,8.647940,4.431547
2015-07-24,2.400085,1.797203,8.063981,4.384318
2015-07-25,1.630114,2.877432,8.467225,5.039409
2015-07-26,1.603998,2.808991,8.394728,4.466185
2015-07-27,1.579743,2.562625,8.410131,4.769340
2015-07-28,1.554961,2.991708,8.241114,4.682801
2015-07-29,1.529936,2.508969,8.084142,4.802271
2015-07-30,1.505231,2.914536,7.291755,4.110123
2015-07-31,1.481296,6.570821,6.328538,3.612252
2015-08-01,1.456375,11.090601,10.299490,7.366907
2015-08-02,1.434046,4.465704,5.323235,4.382139
2015-08-03,1.411174,2.148721,6.680057,5.692099
2015-08-04,1.388494,2.462668,4.468845,3.755055
2015-08-05,1.368290,2.237059,4.102251,3.663232
2015-08-06,1.350683,1.619454,4.906465,4.618128
2015-08-07,1.924875,2.538000,4.202502,4.371767
2015-08-08,1.318961,2.565062,3.376743,4.817167
2015-08-09,1.301657,2.397447,3.717138,4.202563
2015-08-10,1.283926,6.480672,3.988148,4.530042
2015-08-11,1.277897,5.537719,3.245884,3.847919
2015-08-12,1.264830,2.150731,2.945376,4.397917
2015-08-13,1.247588,3.540260,3.799834,3.590912
2015-08-14,1.229473,7.358088,5.271029,6.142694
2015-08-15,1.211503,5.517115,5.042668,4.846451
2015-08-16,1.191378,6.845189,6.354769,4.205279
2015-08-17,1.348579,2.828372,2.823149,3.030488
2015-08-18,1.189494,4.948419,1.873182,4.156544
2015-08-19,1.163746,2.002814,1.195346,3.628774
2015-08-20,1.134252,2.836882,1.827512,4.503953
2015-08-21,1.107755,5.020955,3.883553,4.009141
2015-08-22,1.087010,7.687618,4.167080,5.641591
2015-08-23,1.069862,3.177249,1.873835,3.414437
2015-08-24,1.056739,2.540331,3.732091,3.969911
2015-08-25,1.049237,6.567706,5.010031,3.723387
2015-08-26,1.043586,3.880404,2.086761,3.381364
2015-08-27,1.031726,4.868306,2.042204,4.213475
2015-08-28,1.019842,2.333577,1.075723,2.949329
2015-08-29,1.006552,1.021033,0.952114,3.097211
2015-08-30,0.994229,1.224730,1.212160,2.581902
2015-08-31,0.983767,1.476477,1.478959,2.954335
2015-09-01,0.974523,1.485880,1.067870,2.692277
2015-09-02,0.967449,1.633480,2.520888,3.199720
2015-09-03,0.960479,1.903976,1.593102,3.208093
2015-09-04,0.954549,0.343373,1.136963,1.888663
2015-09-05,0.948892,1.289606,1.172059,2.679642
2015-09-06,0.942722,1.923779,1.537546,2.580388
2015-09-07,0.938043,2.976521,2.578214,2.489457
2015-09-08,0.929613,4.793386,5.823218,3.403556
2015-09-09,0.969011,9.022017,13.008938,6.686721
2015-09-10,0.891826,6.361006,13.304220,5.978103
2015-09-11,0.759118,1.000338,2.749339,2.715141
2015-09-12,0.720377,0.842415,2.916936,2.348649
2015-09-13,0.758402,0.393978,2.829899,2.425527
2015-09-14,0.805193,0.413134,3.043197,1.777867
2015-09-15,0.865011,0.169870,2.616750,2.204453
2015-09-16,0.921540,0.102644,2.489787,2.172162
2015-09-17,0.974249,0.044326,2.852605,1.597003
2015-09-18,1.022296,0.013248,2.223923,1.955646
2015-09-19,1.150965,0.430666,2.726183,0.232424
2015-09-20,1.134763,6.002161,11.819106,4.602380
2015-09-21,1.154887,0.870689,5.001109,2.428647
2015-09-22,1.166146,0.064712,3.025201,2.099608
2015-09-23,1.140443,0.051943,5.108971,1.731292
2015-09-24,1.179683,0.421836,2.660557,1.225916
2015-09-25,1.231155,0.332892,1.968933,1.466493
2015-09-26,1.285870,0.035995,1.959428,0.277859
2015-09-27,1.437942,2.046032,2.353982,0.921732
2015-09-28,1.411266,0.011542,1.979906,0.046118
2015-09-29,1.392382,0.000000,1.780894,0.029638
2015-09-30,1.418592,0.000000,1.755892,0.030096
2015-10-01,1.456046,0.000000,1.647077,0.029514
2015-10-02,1.498977,0.000000,1.583355,0.030733
2015-10-03,1.540442,0.000000,1.520704,0.029609
2015-10-04,1.579135,0.000000,1.459485,0.030060
2015-10-05,1.615713,0.000000,1.470495,0.028448
2015-10-06,2.568705,1.040059,8.211168,1.307159
2015-10-07,1.712392,1.878508,4.390266,0.645851
2015-10-08,1.724531,0.128888,2.087257,0.039307
2015-10-09,1.709963,0.008584,1.469238,0.030275
2015-10-10,1.706461,0.000000,1.248331,0.028382
2015-10-11,1.711893,0.000000,1.236916,0.028210
2015-10-12,1.726120,0.000000,1.221091,0.032367
2015-10-13,1.741849,0.000000,1.208738,0.028123
2015-10-14,1.758902,0.000000,1.189995,0.050324
2015-10-15,1.775488,0.000000,1.172812,0.054750
2015-10-16,2.042733,0.000000,1.155912,0.028962
2015-10-17,2.038906,0.832222,2.296416,0.040618
2015-10-18,1.839230,0.212268,1.129810,0.028476
2015-10-19,1.824159,0.000260,1.090545,0.028476
2015-10-20,1.798844,0.000000,1.068223,0.028117
2015-10-21,1.782930,0.000000,1.045993,0.029208
2015-10-22,1.776922,0.000000,1.026687,0.027227
2015-10-23,1.774812,0.000000,1.002641,0.028568
2015-10-24,1.776023,0.000000,0.981510,0.028383
2015-10-25,1.779321,0.000000,0.961810,0.027976
2015-10-26,1.781887,0.000000,0.939983,0.027217
2015-10-27,1.786461,0.000000,0.918998,0.026771
2015-10-28,1.789086,0.001640,1.202769,0.137485
2015-10-29,2.280918,0.101763,7.074887,0.881184
2015-10-30,2.171743,0.697496,2.324509,0.533083
2015-10-31,1.776887,0.005733,0.918582,0.026823
2015-11-01,1.729589,0.000008,0.836836,0.026401
2015-11-02,1.713054,0.000000,0.833326,0.028484
2015-11-03,1.713663,0.000000,0.820629,0.025227
2015-11-04,1.724218,0.000000,0.813283,0.026608
2015-11-05,1.739944,0.000000,0.802435,0.027692
2015-11-06,1.756707,0.000000,1.048813,0.025272
2015-11-07,1.775738,0.000000,2.271775,0.025673
2015-11-08,1.792300,0.000000,0.776722,0.025792
2015-11-09,1.806832,0.000000,0.766582,0.024962
2015-11-10,1.818819,0.000000,0.757624,0.025394
2015-11-11,1.827183,0.000000,0.748365,0.025286
2015-11-12,1.835933,0.000000,0.738565,0.026975
2015-11-13,1.841530,0.000000,0.727768,0.025869
2015-11-14,1.845155,0.000000,0.718723,0.024848
2015-11-15,1.846347,0.000000,0.708377,0.025201
2015-11-16,1.844687,0.000000,0.698583,0.026432
2015-11-17,1.844196,0.000000,0.689044,0.025812
2015-11-18,1.840416,0.000000,0.678520,0.025236
2015-11-19,1.835376,0.000000,0.669403,0.025057
2015-11-20,1.829335,0.000000,0.659813,0.025618
2015-11-21,1.820667,0.000000,0.651138,0.025659
2015-11-22,1.813276,0.000000,0.638714,0.024543
2015-11-23,1.803270,0.000000,0.634855,0.025990
2015-11-24,1.792807,0.000000,0.620952,0.025507
2015-11-25,1.781687,0.000000,0.611784,0.024756
2015-11-26,1.768174,0.000000,0.603725,0.025145
2015-11-27,1.756325,0.000000,0.593150,0.025128
2015-11-28,1.742608,0.000000,0.585968,0.024988
2015-11-29,1.728677,0.000000,0.575927,0.025807
2015-11-30,1.714605,0.000000,0.567865,0.025282
2015-12-01,1.699174,0.000000,0.559284,0.025689
2015-12-02,1.685646,0.000000,0.549690,0.025010
2015-12-03,1.670419,0.000000,0.543819,0.024721
2015-12-04,1.654896,0.000000,0.532306,0.025375
2015-12-05,1.638989,0.000000,0.524916,0.025568
2015-12-06,1.621839,0.000000,0.516256,0.024849
2015-12-07,1.607167,0.000000,0.510209,0.026284
2015-12-08,1.591836,0.000000,0.498314,0.023615
2015-12-09,1.575944,0.000000,0.491688,0.026191
2015-12-10,1.559893,0.000000,0.483470,0.025088
2015-12-11,1.542717,0.000000,0.474044,0.024851
2015-12-12,1.527645,0.000000,0.467895,0.026169
2015-12-13,1.511214,0.000000,0.459575,0.024210
2015-12-14,1.495998,0.000000,0.447231,0.021740
2015-12-15,1.482200,0.000000,0.444635,0.023736
2015-12-16,1.467230,0.000000,0.435540,0.024259
2015-12-17,1.454283,0.000000,0.426720,0.023790
2015-12-18,1.440365,0.000000,0.420585,0.024321
2015-12-19,1.426681,0.000000,0.412922,0.023090
2015-12-20,1.413079,0.000000,0.405539,0.023525
2015-12-21,1.398729,0.000000,0.397947,0.023695
2015-12-22,1.386353,0.000000,0.392363,0.024046
2015-12-23,1.372805,0.000000,0.383516,0.023404
2015-12-24,1.359209,0.000000,0.379982,0.023614
2015-12-25,1.345938,0.000000,0.370416,0.022481
2015-12-26,1.331728,0.000000,0.363434,0.024384
2015-12-27,1.319740,0.000000,0.355406,0.023167
2015-12-28,1.308034,0.000000,0.363766,0.024057
2015-12-29,1.296653,0.000000,0.344744,0.024788
2015-12-30,1.285131,0.000000,0.339648,0.024046
2015-12-31,1.273569,0.000000,0.353247,0.016317
2016-01-01,1.278538,0.000000,0.330537,0.022551
2016-01-02,1.267874,0.000000,0.321017,0.022622
2016-01-03,1.256310,0.000000,0.313167,0.023040
2016-01-04,1.245042,0.000000,0.310330,0.023231
2016-01-05,1.234084,0.000000,0.304832,0.022987
2016-01-06,1.222443,0.000000,0.296185,0.021414
2016-01-07,1.212590,0.000000,0.292038,0.025978
2016-01-08,1.201860,0.000000,0.291563,0.021028
2016-01-09,1.191166,0.000000,0.284938,0.021479
2016-01-10,1.180627,0.000000,0.277463,0.020201
2016-01-11,1.169358,0.000000,0.277254,0.021665
2016-01-12,1.159505,0.000000,0.268418,0.020137
2016-01-13,1.148900,0.000000,0.266324,0.021077
2016-01-14,1.138270,0.000000,0.258150,0.019440
2016-01-15,1.127798,0.000000,0.258496,0.021429
2016-01-16,1.116930,0.000000,0.249058,0.021177
2016-01-17,1.107752,0.000000,0.248874,0.021429
2016-01-18,1.097867,0.000000,0.238052,0.020773
2016-01-19,1.088950,0.000000,0.237796,0.021313
2016-01-20,1.080242,0.000000,0.233526,0.018513
2016-01-21,1.070780,0.000000,0.223701,0.022406
2016-01-22,1.112498,0.000000,0.494853,0.036146
2016-01-23,1.054046,0.000000,1.389177,0.020801
2016-01-24,1.045556,0.000000,0.211482,0.020590
2016-01-25,1.037230,0.000000,0.206282,0.021176
2016-01-26,1.028420,0.000000,0.202455,0.020650
2016-01-27,1.021200,0.000000,0.197608,0.020258
2016-01-28,1.013231,0.000000,0.194863,0.020576
2016-01-29,1.005083,0.000000,0.190595,0.020122
2016-01-30,0.996857,0.000000,0.187931,0.019958
2016-01-31,0.988847,0.000000,0.181678,0.020377
2016-02-01,0.980527,0.000000,0.179583,0.014443
2016-02-02,0.973697,0.000000,0.176123,0.019848
2016-02-03,0.966230,0.000000,0.170646,0.018668
2016-02-04,0.958667,0.000000,0.169659,0.018280
2016-02-05,0.951176,0.000000,0.163643,0.019607
2016-02-06,0.943126,0.000000,0.162093,0.019542
2016-02-07,0.936524,0.000000,0.157266,0.019505
2016-02-08,0.929409,0.000000,0.153164,0.017571
2016-02-09,0.922367,0.000000,0.149623,0.014475
2016-02-10,0.915236,0.000000,0.146280,0.014325
2016-02-11,0.907489,0.000000,0.141778,0.019607
2016-02-12,0.901046,0.000000,0.139226,0.019682
2016-02-13,0.894215,0.000000,0.132931,0.014391
2016-02-14,0.887375,0.000000,0.132173,0.020361
2016-02-15,0.880443,0.000000,0.127997,0.020065
2016-02-16,0.872825,0.000000,0.125120,0.022198
2016-02-17,0.866370,0.000000,0.118443,0.013168
2016-02-18,0.859638,0.000000,0.116524,0.019558
2016-02-19,0.853100,0.000000,0.111523,0.019710
2016-02-20,0.847022,0.000000,0.111257,0.017291
2016-02-21,0.840879,0.000000,0.105671,0.019327
2016-02-22,0.835843,0.000000,0.102661,0.013684
2016-02-23,0.830309,0.000000,0.100917,0.018821
2016-02-24,0.824927,0.000000,0.096573,0.013745
2016-02-25,0.819869,0.000000,0.093149,0.019644
2016-02-26,0.814335,0.000000,0.091594,0.013602
2016-02-27,0.809943,0.000000,0.086182,0.013478
2016-02-28,0.804883,0.000000,0.084765,0.019833
2016-02-29,0.799800,0.000000,0.079250,0.018919
2016-03-01,0.794191,0.000000,0.077834,0.019234
2016-03-02,0.789718,0.000000,0.074189,0.019065
2016-03-03,0.784620,0.000000,0.071580,0.020074
2016-03-04,0.779459,0.000000,0.067391,0.017887
2016-03-05,0.774349,0.000000,0.066729,0.038311
2016-03-06,0.768727,0.000000,0.063351,0.019560
2016-03-07,0.764006,0.000000,0.058333,0.019584
2016-03-08,0.758953,0.000000,0.055709,0.019629
2016-03-09,0.754398,0.000000,0.061366,0.018435
2016-03-10,0.750095,0.000000,0.050420,0.017772
2016-03-11,0.745388,0.000000,0.047571,0.017193
2016-03-12,0.741767,0.000000,0.048556,0.017247
2016-03-13,0.737647,0.000000,0.051362,0.017666
2016-03-14,0.733599,0.000000,0.402048,0.017451
2016-03-15,0.729570,0.000000,0.039381,0.018324
2016-03-16,0.725012,0.000000,0.040220,0.017469
2016-03-17,0.721447,0.000000,0.038800,0.050113
2016-03-18,0.717354,0.000000,0.035548,0.026869
2016-03-19,0.713264,0.000000,0.034035,0.016740
2016-03-20,0.709195,0.000000,0.034065,0.017746
2016-03-21,0.704610,0.000000,0.034024,0.017247
2016-03-22,0.700941,0.000000,0.027359,0.015754
2016-03-23,0.696813,0.000000,0.030121,0.017968
2016-03-24,0.692680,0.000000,0.027863,0.018163
2016-03-25,0.688480,0.000000,0.026789,0.017783
2016-03-26,0.683787,0.000000,0.026742,0.017511
2016-03-27,0.680111,0.000000,0.023984,0.017693
2016-03-28,0.676125,0.000000,0.023943,0.018548
2016-03-29,0.672157,0.000000,0.022033,0.017446
2016-03-30,0.668253,0.000000,0.021488,0.018317
2016-03-31,0.664422,0.000000,0.021986,0.016309
2016-04-01,0.660288,0.000000,0.020070,0.015759
2016-04-02,0.657075,0.000000,0.018119,0.015689
2016-04-03,0.653325,0.000000,0.019799,0.015340
2016-04-04,0.649489,0.000000,0.028566,0.016108
2016-04-05,0.645684,0.000000,0.016696,0.013894
2016-04-06,0.641437,0.000000,0.014741,0.015457
2016-04-07,0.638067,0.000000,0.014165,0.013984
2016-04-08,0.634252,0.000000,0.014206,0.084121
2016-04-09,0.630554,0.000000,0.014159,0.072033
2016-04-10,0.627037,0.000000,1.617268,0.168657
2016-04-11,0.625136,0.000000,1.278453,0.015011
2016-04-12,0.651054,0.000000,3.799650,0.081015
2016-04-13,0.704936,0.028829,5.981233,0.047862
2016-04-14,0.614132,0.003472,0.010259,0.015474
2016-04-15,0.629013,0.000001,1.100029,0.055832
2016-04-16,0.607080,0.000000,0.009707,0.161254
2016-04-17,0.604199,0.000000,0.008834,0.081729
2016-04-18,0.601020,0.000000,0.008289,0.014618
2016-04-19,0.597846,0.000000,0.011050,0.059113
2016-04-20,0.594599,0.000000,0.013145,0.015526
2016-04-21,0.590889,0.000000,0.006877,0.013585
2016-04-22,0.588010,0.000000,0.006333,0.116321
2016-04-23,0.584737,0.000000,3.003143,0.138246
2016-04-24,0.581446,0.000000,0.035116,0.014857
2016-04-25,0.578106,0.000000,0.341164,0.014145
2016-04-26,0.574425,0.000000,0.936038,0.143719
2016-04-27,0.571782,0.000000,0.012807,0.017029
2016-04-28,0.568859,0.000000,4.187787,0.214839
2016-04-29,0.566028,0.000000,2.327306,0.103237
2016-04-30,0.563206,0.000000,3.794308,0.216166
2016-05-01,0.560045,0.000000,3.529087,0.219662
2016-05-02,0.557685,0.000000,1.808223,0.218808
2016-05-03,0.554914,0.000000,2.827687,0.155063
2016-05-04,0.552153,0.000138,3.081114,0.105143
2016-05-05,0.549489,0.000028,2.924043,0.133122
2016-05-06,0.546728,0.001130,4.466242,0.133911
2016-05-07,0.544747,0.000102,2.350961,0.107491
2016-05-08,0.542341,0.000000,3.341096,0.164765
2016-05-09,0.539948,0.001212,5.907859,0.160516
2016-05-10,0.537447,0.223136,10.568908,0.054225
2016-05-11,0.534127,0.040061,4.863199,0.280364
2016-05-12,0.533102,0.001973,7.839809,0.080426
2016-05-13,0.531305,0.035875,9.037152,0.056165
2016-05-14,0.529018,0.393594,10.492154,0.057071
2016-05-15,0.526411,0.789704,5.912395,0.063972
2016-05-16,0.527791,0.030233,4.260704,0.275214
2016-05-17,0.527385,0.008998,6.602808,0.141214
2016-05-18,0.527382,0.005266,5.553079,0.230750
2016-05-19,0.554337,0.000962,5.269937,0.227228
2016-05-20,0.516913,0.000003,6.656723,0.145649
2016-05-21,0.512541,0.000000,6.359612,0.186368
2016-05-22,0.508910,0.002198,7.883089,0.079488
2016-05-23,0.509992,0.007170,8.603638,0.119168
2016-05-24,0.501385,0.259421,6.017592,0.041429
2016-05-25,2.209783,3.105826,3.525553,0.073045
2016-05-26,1.335210,0.077940,2.128808,0.039716
2016-05-27,1.411716,0.022171,3.919192,0.078635
2016-05-28,19.821475,2.236589,6.966543,0.042724
2016-05-29,13.076129,2.195405,10.147528,0.444717
2016-05-30,10.999770,0.697132,5.882573,0.344882
2016-05-31,23.914774,0.932412,6.103733,0.442470
2016-06-01,18.319192,4.135067,2.649930,1.343148
2016-06-02,2.529564,1.764267,5.479737,2.656738
2016-06-03,5.985131,5.183923,7.493807,4.334339
2016-06-04,3.124165,5.351790,6.486844,4.489500
2016-06-05,0.473192,1.227134,2.762459,0.862636
2016-06-06,0.504444,2.427032,5.503339,3.471738
2016-06-07,0.534720,3.832430,6.463926,2.740454
2016-06-08,0.562650,3.649090,7.829698,3.401306
2016-06-09,0.591840,4.237825,9.623457,4.102129
2016-06-10,0.619248,4.715867,10.950446,4.371377
2016-06-11,0.643442,2.937566,9.172369,3.126900
2016-06-12,0.665451,4.585731,11.065902,4.611292
2016-06-13,0.684724,3.719732,9.422595,3.521417
2016-06-14,0.702153,3.060607,7.641011,3.345559
2016-06-15,1.291839,2.080334,8.942563,3.937323
2016-06-16,0.731353,2.256767,8.230149,3.712777
2016-06-17,0.744019,4.221783,8.456368,4.070290
2016-06-18,0.754587,4.283790,8.764994,3.625172
2016-06-19,0.765308,3.591703,9.280785,4.033391
2016-06-20,0.776438,5.448625,9.708843,4.475875
2016-06-21,0.785834,4.863912,7.326032,5.531302
2016-06-22,0.795187,5.175713,6.862971,5.758933
2016-06-23,0.803024,6.049029,6.284350,6.683830
2016-06-24,0.809775,8.714176,5.786563,7.735898
2016-06-25,0.815567,5.135759,4.348321,6.292407
2016-06-26,0.819806,5.008504,4.452578,6.343134
2016-06-27,0.824267,4.782371,8.273697,6.085899
2016-06-28,0.827570,9.502006,4.815300,6.655394
2016-06-29,0.830821,5.904943,3.313774,3.317045
2016-06-30,0.832898,3.747465,4.045924,3.965240
2016-07-01,0.832218,3.725702,5.681228,6.988068
2016-07-02,0.836359,4.262562,6.036049,7.894024
2016-07-03,0.838184,5.329300,4.956369,6.607333
2016-07-04,0.838714,6.065301,5.107804,6.783320
2016-07-05,0.838462,5.084514,5.113166,6.554932
2016-07-06,0.837170,4.449912,5.422844,6.639566
2016-07-07,0.836388,4.204585,5.472143,6.204574
2016-07-08,0.834506,4.569835,5.650175,5.765945
2016-07-09,0.832143,5.001813,6.308034,7.264240
2016-07-10,0.829659,4.573771,5.184089,3.613167
2016-07-11,0.826813,3.599670,6.415545,7.094793
2016-07-12,0.824789,5.117059,5.879425,7.632610
2016-07-13,0.821973,5.425748,5.917210,7.058739
2016-07-14,0.819002,3.379989,5.742446,6.916565
2016-07-15,0.815790,4.645111,5.638543,6.586458
2016-07-16,0.811746,4.990562,5.723378,6.408622
2016-07-17,0.808726,5.489979,5.418279,7.232970
2016-07-18,0.805212,3.761774,5.255568,7.092152
2016-07-19,0.801603,3.218879,4.777465,6.850060
2016-07-20,0.797917,4.533008,4.760325,6.986328
2016-07-21,0.793805,3.996692,4.968869,7.032858
2016-07-22,0.790783,4.774208,5.098126,7.323922
2016-07-23,0.787040,5.398295,4.792295,4.745535
2016-07-24,0.783424,5.102850,5.784503,4.485083
2016-07-25,0.778704,3.604183,4.789028,5.531652
2016-07-26,0.773696,3.764708,4.683668,7.464795
2016-07-27,0.769978,4.206155,4.314968,7.097426
2016-07-28,0.765667,3.925657,3.852182,6.578880
2016-07-29,0.761256,4.679913,3.874468,6.282556
2016-07-30,1.486628,3.052787,3.475701,3.439644
2016-07-31,1.821969,1.562088,3.569640,4.397505
2016-08-01,0.745653,1.920719,3.587716,4.265769
2016-08-02,0.741622,2.089833,3.405531,4.682235
2016-08-03,1.917328,3.045678,3.583503,5.402370
2016-08-04,0.731694,3.100211,3.690566,6.503034
2016-08-05,0.727950,4.778935,3.366215,6.061580
2016-08-06,0.723652,5.645824,3.906251,5.982772
2016-08-07,0.720313,3.688054,3.385254,5.761686
2016-08-08,0.712703,3.138095,3.338053,4.932642
2016-08-09,0.712251,3.260655,2.885109,5.670514
2016-08-10,0.710376,3.119266,3.049667,4.216289
2016-08-11,0.707263,3.594432,3.198300,4.776983
2016-08-12,0.704550,2.236717,3.169537,5.423718
2016-08-13,0.701027,3.063688,3.239569,5.249294
2016-08-14,0.697403,2.813857,2.860509,4.889701
2016-08-15,0.692431,4.466070,8.307805,5.091968
2016-08-16,0.686772,4.951606,4.851040,3.292481
2016-08-17,0.690471,3.245762,2.948061,5.385393
2016-08-18,0.689635,3.737496,3.053301,5.268540
2016-08-19,0.685838,6.241658,2.543333,4.934120
2016-08-20,0.680601,3.771794,2.362721,5.040469
2016-08-21,0.674508,2.732070,3.188120,5.188714
2016-08-22,0.669261,2.178400,2.164210,4.519706
2016-08-23,0.663683,1.994392,2.213472,4.119571
2016-08-24,0.658515,2.258510,2.333858,4.361404
2016-08-25,0.653397,2.128104,2.610249,4.407014
2016-08-26,0.685046,2.044696,2.251182,3.891005
2016-08-27,0.710904,2.661981,1.856698,4.364032
2016-08-28,0.638498,1.476076,1.615663,3.804756
2016-08-29,0.634081,2.953504,2.463259,4.879178
2016-08-30,0.629623,2.772549,2.205596,3.366509
2016-08-31,0.625173,1.693930,1.609802,3.491157
2016-09-01,0.620490,1.760130,1.878632,3.584123
2016-09-02,0.616624,1.042701,1.176448,3.278723
2016-09-03,0.612302,0.828081,1.485715,0.653499
2016-09-04,0.607829,1.151485,1.157543,1.217546
2016-09-05,0.603465,0.853753,1.586203,2.597589
2016-09-06,0.598760,1.180288,1.131622,2.829756
2016-09-07,0.594947,0.447454,1.452810,2.004498
2016-09-08,0.590777,2.609832,3.919472,3.331054
2016-09-09,0.586890,2.224648,6.089345,2.505185
2016-09-10,0.582979,4.652109,2.307999,4.238020
2016-09-11,0.578617,6.726180,4.305876,6.389207
2016-09-12,0.585113,5.333208,3.091646,4.217326
2016-09-13,0.571321,4.505199,0.846600,2.891932
2016-09-14,0.567499,1.628834,0.953802,2.800791
2016-09-15,0.563804,1.191422,2.578323,1.132202
2016-09-16,0.560062,1.599843,2.972486,1.859046
2016-09-17,0.861405,0.579823,2.029962,1.109219
2016-09-18,0.553685,0.312270,0.778674,2.105083
2016-09-19,0.552257,0.026905,0.385262,1.710760
2016-09-20,0.550079,0.022940,0.438945,1.337483
2016-09-21,0.546890,0.002422,0.360049,1.191385
2016-09-22,0.543955,0.000239,1.100113,0.421575
2016-09-23,0.573456,1.344079,3.501379,1.143640
2016-09-24,0.536733,0.292485,0.403517,0.428663
2016-09-25,0.533451,0.285619,0.355673,0.312839
2016-09-26,0.529676,2.758815,0.686044,1.966238
2016-09-27,0.526546,0.149745,0.333365,1.038490
2016-09-28,0.523017,0.002254,0.327227,0.211862
2016-09-29,0.519510,0.000000,0.328754,0.155789
2016-09-30,0.575594,0.000000,0.320546,0.025935
2016-10-01,0.512492,0.000000,0.317688,0.021758
2016-10-02,0.509548,0.000000,0.328077,0.022062
2016-10-03,0.598862,0.302815,2.731474,0.200092
2016-10-04,0.552278,1.422164,2.581683,1.021574
2016-10-05,0.542570,0.286998,3.421403,1.196134
2016-10-06,0.536122,1.468488,5.967435,1.924435
2016-10-07,0.516634,0.070356,0.383734,0.064256
2016-10-08,0.490055,0.143214,0.757188,0.064249
2016-10-09,0.476223,0.007988,1.011550,0.078808
2016-10-10,0.465399,0.164884,1.054688,0.032196
2016-10-11,0.456270,0.019590,0.869427,0.079347
2016-10-12,0.464313,7.225734,6.933706,1.863611
2016-10-13,0.358247,6.468224,4.391453,2.023764
2016-10-14,0.290972,0.057628,0.356986,0.036437
2016-10-15,0.316978,0.000210,0.331431,0.018574
2016-10-16,0.366915,0.000000,0.894255,0.022982
2016-10-17,0.421470,0.000000,0.469478,0.025528
2016-10-18,0.475881,0.000000,0.381944,0.020650
2016-10-19,0.538291,1.430550,2.608075,0.091381
2016-10-20,0.575855,4.548375,3.578516,0.753697
2016-10-21,0.730156,0.075521,1.644411,0.080504
2016-10-22,0.652159,0.972836,2.642235,0.776968
2016-10-23,0.756226,0.434777,0.490647,0.026537
2016-10-24,0.866970,0.000540,0.517013,0.025218
2016-10-25,0.995438,0.000000,0.544329,0.020612
2016-10-26,1.128898,0.000000,0.602772,0.018764
2016-10-27,1.262819,0.000000,0.596913,0.018828
2016-10-28,1.396038,0.000000,0.713433,0.019781
2016-10-29,1.483352,0.000000,0.670148,0.021018
2016-10-30,1.574632,0.000000,0.703805,0.017546
2016-10-31,1.652425,0.000000,0.651868,0.022068
2016-11-01,1.723525,0.000000,0.658409,0.018185
2016-11-02,1.785741,0.000000,0.769227,0.020596
2016-11-03,1.836186,0.000000,0.684840,0.018617
2016-11-04,1.876880,0.000000,0.670852,0.018448
2016-11-05,1.908617,0.000000,0.670545,0.020086
2016-11-06,1.932001,0.000699,0.847822,0.017503
2016-11-07,1.953050,0.084285,0.751454,0.021787
2016-11-08,1.997137,0.482836,0.898949,0.018535
2016-11-09,2.004505,0.008633,0.713308,0.023225
2016-11-10,1.987151,0.000008,0.692360,0.017656
2016-11-11,1.966686,0.000000,0.741127,0.022981
2016-11-12,1.955430,0.000000,1.379437,0.318596
2016-11-13,1.946542,0.000000,0.666683,0.017363
2016-11-14,1.940269,0.000000,0.664859,0.018301
2016-11-15,1.935774,0.000000,0.664041,0.017117
2016-11-16,1.931358,0.000000,0.661347,0.017625
2016-11-17,1.930424,0.000000,0.661782,0.016825
2016-11-18,1.927652,0.000000,0.657667,0.017681
2016-11-19,1.924142,0.000000,0.656720,0.018012
2016-11-20,1.920053,0.000000,0.653440,0.016558
2016-11-21,1.913354,0.000000,0.651970,0.017771
2016-11-22,1.908152,0.000000,0.648272,0.017838
2016-11-23,1.901057,0.000000,0.640996,0.017125
2016-11-24,1.893016,0.000000,0.643423,0.018983
2016-11-25,1.883942,0.000000,0.637027,0.019121
2016-11-26,1.872267,0.000000,0.632717,0.016770
2016-11-27,1.862506,0.000000,0.637074,0.018545
2016-11-28,1.850534,0.000000,0.625006,0.013080
2016-11-29,1.837742,0.000000,0.621521,0.016166
2016-11-30,1.824866,0.000000,0.618103,0.018585
2016-12-01,1.810282,0.000000,0.613177,0.015976
2016-12-02,1.797973,0.000000,0.609008,0.017069
2016-12-03,1.784037,0.000000,0.605573,0.014030
2016-12-04,1.769397,0.000000,0.598307,0.016075
2016-12-05,1.754354,0.000000,0.596191,0.016851
2016-12-06,1.738453,0.000000,0.590252,0.017219
2016-12-07,1.726323,0.000000,0.583799,0.019592
2016-12-08,1.712709,0.000000,0.580440,0.016863
2016-12-09,1.698711,0.000000,0.577171,0.015774
2016-12-10,1.684886,0.000000,0.570431,0.015455
2016-12-11,1.669779,0.000000,0.566948,0.016690
2016-12-12,1.656728,0.000000,0.577718,0.019320
2016-12-13,1.642383,0.000000,0.555475,0.018609
2016-12-14,1.627710,0.000000,0.802405,0.016658
2016-12-15,1.612913,0.000000,0.580004,0.016713
2016-12-16,1.596684,0.000000,0.622030,0.021206
2016-12-17,1.582404,0.000000,0.532609,0.018552
2016-12-18,1.566941,0.000000,0.535300,0.019780
2016-12-19,1.552038,0.000000,0.526713,0.016621
2016-12-20,1.537385,0.000000,0.520136,0.018985
2016-12-21,1.521670,0.000000,0.514516,0.016539
2016-12-22,1.507838,0.000000,0.511114,0.015311
2016-12-23,1.493092,0.000000,0.506376,0.018142
2016-12-24,1.478462,0.000000,0.501715,0.015491
2016-12-25,1.463849,0.000000,0.495474,0.016431
2016-12-26,1.448081,0.000000,0.491398,0.017126
2016-12-27,1.434488,0.000000,0.487974,0.017104
2016-12-28,1.419867,0.000000,0.482479,0.015442
2016-12-29,1.405223,0.000000,0.477750,0.016560
2016-12-30,1.390891,0.000000,0.471601,0.017880
2016-12-31,1.376751,0.000000,0.468809,0.016362
2017-01-01,1.368366,0.000000,0.462690,0.015340
2017-01-02,1.355561,0.000000,0.459991,0.017372
2017-01-03,1.342058,0.000000,0.454365,0.015933
2017-01-04,1.328755,0.000000,0.449709,0.016778
2017-01-05,1.315516,0.000000,0.446964,0.016850
2017-01-06,1.301272,0.000000,0.441425,0.016001
2017-01-07,1.288767,0.000000,0.435917,0.017888
2017-01-08,1.275411,0.000000,0.433774,0.015991
2017-01-09,1.262281,0.000000,0.428525,0.012839
2017-01-10,1.249639,0.000000,0.424357,0.016059
2017-01-11,1.236113,0.000000,0.418244,0.015431
2017-01-12,1.225358,0.000000,0.414610,0.015975
2017-01-13,1.214233,0.000000,0.411946,0.016048
2017-01-14,1.203123,0.000000,0.407245,0.016104
2017-01-15,1.192116,0.000000,0.402214,0.013446
2017-01-16,1.180635,0.000000,0.401044,0.015937
2017-01-17,1.170793,0.000000,0.391218,0.012752
2017-01-18,1.160538,0.000000,0.389965,0.016989
2017-01-19,1.151201,0.000000,0.388679,0.016082
2017-01-20,1.142074,0.000000,0.383094,0.015163
2017-01-21,1.132098,0.000000,0.376799,0.137136
2017-01-22,1.123752,0.000000,0.375471,0.015451
2017-01-23,1.114545,0.000000,0.370904,0.017654
2017-01-24,1.105505,0.000000,0.369401,0.015402
2017-01-25,1.096582,0.000000,0.361770,0.013601
2017-01-26,1.087114,0.000000,0.359651,0.011193
2017-01-27,1.079331,0.000000,0.356093,0.014844
2017-01-28,1.070882,0.000000,0.350153,0.014755
2017-01-29,1.062344,0.000000,0.345975,0.015676
2017-01-30,1.053879,0.000000,0.345832,0.014876
2017-01-31,1.045448,0.000000,0.341818,0.015320
2017-02-01,1.036324,0.000000,0.336273,0.014488
2017-02-02,1.028748,0.000000,0.334195,0.013994
2017-02-03,1.020571,0.000000,0.328697,0.014322
2017-02-04,1.012478,0.000000,0.326618,0.014296
2017-02-05,1.004362,0.000000,0.350460,0.012583
2017-02-06,0.995706,0.000000,0.321079,0.014957
2017-02-07,0.988709,0.000000,0.336601,0.013743
2017-02-08,0.980997,0.000000,0.375062,0.014819
2017-02-09,0.973245,0.000000,0.320167,0.015494
2017-02-10,0.965459,0.000000,0.307240,0.012403
2017-02-11,0.956835,0.000000,0.303113,0.014142
2017-02-12,0.949898,0.000000,0.397503,0.015173
2017-02-13,0.942749,0.000000,0.296244,0.012500
2017-02-14,0.935616,0.000000,0.298094,0.014204
2017-02-15,0.928453,0.000000,0.289323,0.012628
2017-02-16,0.920449,0.000000,0.288153,0.014355
2017-02-17,0.913863,0.000000,0.283575,0.012909
2017-02-18,0.907024,0.000000,0.282492,0.016633
2017-02-19,0.900534,0.000000,0.279904,0.013275
2017-02-20,0.894135,0.000000,0.276988,0.012645
2017-02-21,0.887103,0.000000,0.273558,0.012921
2017-02-22,0.881173,0.000000,0.270865,0.015594
2017-02-23,0.874646,0.000000,0.268024,0.013241
2017-02-24,0.868180,0.000000,0.266814,0.012270
2017-02-25,0.861833,0.000000,0.263862,0.012924
2017-02-26,0.854992,0.000000,0.262432,0.012868
2017-02-27,0.849292,0.000000,0.257768,0.016217
2017-02-28,0.842940,0.000000,0.256397,0.012344
2017-03-01,0.836053,0.000000,0.252891,0.012953
2017-03-02,0.830173,0.000000,0.250232,0.011992
2017-03-03,0.824009,0.000000,0.250146,0.012700
2017-03-04,0.818516,0.000000,0.248728,0.013232
2017-03-05,0.813081,0.000000,0.243589,0.012219
2017-03-06,0.807128,0.000000,0.241310,0.012809
2017-03-07,0.802374,0.000000,0.237435,0.013183
2017-03-08,0.797041,0.000000,0.235556,0.012098
2017-03-09,0.792051,0.000000,0.238126,0.012893
2017-03-10,0.787523,0.000000,0.232178,0.011810
2017-03-11,0.782482,0.000000,0.230135,0.014550
2017-03-12,0.778556,0.000000,0.228178,0.014487
2017-03-13,0.774083,0.000000,0.226008,0.010256
2017-03-14,0.769632,0.000000,0.223214,0.014542
2017-03-15,0.765283,0.000000,0.219694,0.011966
2017-03-16,0.760382,0.000000,0.220535,0.012763
2017-03-17,0.756476,0.000000,0.217538,0.014410
2017-03-18,0.752127,0.000000,0.216656,0.012751
2017-03-19,0.747815,0.000000,0.213004,0.014012
2017-03-20,0.743432,0.000000,0.212126,0.013016
2017-03-21,0.738492,0.000000,0.208121,0.014150
2017-03-22,0.734662,0.000000,0.208039,0.044394
2017-03-23,0.730506,0.000000,0.204611,0.015769
2017-03-24,0.726365,0.000000,0.202623,0.011867
2017-03-25,0.722266,0.000000,0.202449,0.012856
2017-03-26,0.717601,0.000000,0.197689,0.014059
2017-03-27,0.713896,0.000000,0.198323,0.013807
2017-03-28,0.709764,0.000000,0.195606,0.013258
2017-03-29,0.705807,0.000000,0.191524,0.011641
2017-03-30,0.701834,0.000000,0.190495,0.010965
2017-03-31,0.697885,0.000000,0.191530,0.012714
2017-04-01,0.693442,0.000000,0.187443,0.013585
2017-04-02,0.689948,0.000000,0.185596,0.011010
2017-04-03,0.685964,0.000000,0.182591,0.011155
2017-04-04,0.681953,0.000000,0.182469,0.013045
2017-04-05,0.677929,0.000000,0.180553,0.011086
2017-04-06,0.673432,0.000000,0.174680,0.010258
2017-04-07,0.669905,0.000000,0.180345,0.011172
2017-04-08,0.665961,0.000000,0.174004,0.012735
2017-04-09,0.662029,0.000000,0.173012,0.010772
2017-04-10,0.658155,0.000000,0.170584,0.010015
2017-04-11,0.653819,0.000000,0.170482,0.043458
2017-04-12,0.650424,0.000000,0.169506,0.011993
2017-04-13,0.646730,0.000000,0.163592,0.010343
2017-04-14,0.643087,0.000000,0.166579,0.011503
2017-04-15,0.639450,0.000000,0.162987,0.010789
2017-04-16,0.635298,0.000000,0.161035,0.010643
2017-04-17,0.631989,0.000000,0.159618,0.012068
2017-04-18,0.628271,0.000000,0.157612,0.011850
2017-04-19,0.624643,0.000000,0.157447,0.010468
2017-04-20,0.621007,0.000000,0.156107,0.011769
2017-04-21,0.616985,0.000000,0.152159,0.011152
2017-04-22,0.613878,0.000000,0.152524,0.041017
2017-04-23,0.610411,0.000000,0.150552,0.052865
2017-04-24,0.607190,0.000000,0.148565,0.156848
2017-04-25,0.603989,0.000000,0.162938,0.011657
2017-04-26,0.600372,0.000000,0.145675,0.072054
2017-04-27,0.597607,0.000000,0.223302,0.086365
2017-04-28,0.594505,0.000000,0.227025,0.011186
2017-04-29,0.591457,0.000000,0.554974,0.122306
2017-04-30,0.588575,0.000000,0.504300,0.098231
2017-05-01,0.585257,0.000000,0.795807,0.147534
2017-05-02,0.582750,0.000000,3.044247,0.053546
2017-05-03,0.580017,0.000000,3.489295,0.033106
2017-05-04,0.577338,0.000000,2.401735,0.030276
2017-05-05,0.574179,0.008735,1.556817,0.048393
2017-05-06,0.568896,0.030726,2.537942,0.040522
2017-05-07,0.572603,0.066100,2.185991,0.039852
2017-05-08,0.587881,0.100706,1.256757,0.058791
2017-05-09,0.583041,0.042273,0.359972,0.125615
2017-05-10,0.567601,0.000264,0.133346,0.143233
2017-05-11,0.554376,0.000000,0.129133,0.095251
2017-05-12,0.543449,0.000000,0.127171,0.091531
2017-05-13,0.535015,0.000000,0.127717,0.116552
2017-05-14,0.528007,0.000000,0.193290,0.176062
2017-05-15,0.740426,0.000000,1.134014,0.108752
2017-05-16,0.844864,0.009875,1.295088,0.036574
2017-05-17,0.751341,0.017331,0.543486,0.048876
2017-05-18,0.648578,0.022245,0.431723,0.050362
2017-05-19,0.673865,0.144339,2.385219,0.044856
2017-05-20,0.799994,0.924250,2.771129,0.031635
2017-05-21,0.806379,1.786445,2.632168,0.075688
2017-05-22,0.691140,0.217746,0.216847,0.186050
2017-05-23,0.841482,0.098383,1.477367,0.049103
2017-05-24,0.945783,0.162164,1.386359,0.056629
2017-05-25,0.428082,0.017685,0.949619,0.092311
2017-05-26,0.452187,0.002887,1.252096,0.140775
2017-05-27,0.481468,0.003287,2.446902,0.074954
2017-05-28,0.512468,0.002725,1.711221,0.106105
2017-05-29,0.546184,0.000295,1.936635,0.098780
2017-05-30,0.580306,0.000000,0.160626,0.162391
2017-05-31,0.616263,0.000000,0.207678,0.360194
2017-06-01,0.649375,0.000000,0.153228,0.114039
2017-06-02,0.681296,0.004958,0.280413,0.286584
2017-06-03,0.709257,0.018790,1.272749,0.084620
2017-06-04,0.744993,0.193500,2.133228,0.094699
2017-06-05,0.766605,1.023208,2.345252,0.193453
2017-06-06,0.745620,1.836468,4.741940,1.629365
2017-06-07,0.718124,1.998351,3.213527,1.302986
2017-06-08,0.709987,1.426717,2.875630,1.041195
2017-06-09,0.762569,1.554060,3.456670,2.024689
2017-06-10,0.872498,1.299854,3.435032,1.947930
2017-06-11,1.023860,1.557641,4.145358,2.442181
2017-06-12,1.214507,1.739366,4.538832,2.864730
2017-06-13,1.410455,2.022254,5.499133,2.940034
2017-06-14,1.648164,2.087855,6.162387,2.955963
2017-06-15,1.932747,2.033190,5.381142,2.788125
2017-06-16,2.286603,1.452366,5.162714,2.894064
2017-06-17,2.758883,2.359427,4.725000,2.491551
2017-06-18,3.214372,2.525948,5.128017,4.152020
2017-06-19,3.788734,2.116024,4.798872,2.955837
2017-06-20,4.419345,1.517711,5.719457,3.315314
2017-06-21,5.160285,1.055664,4.378218,3.248375
2017-06-22,5.859312,2.118620,6.292747,3.880531
2017-06-23,6.421179,2.732219,5.677935,2.831220
2017-06-24,6.994060,1.626570,6.436739,3.502898
2017-06-25,8.913268,1.910214,7.842386,3.543489
2017-06-26,9.169540,3.047393,8.451082,3.230999
2017-06-27,11.100938,2.712776,9.007362,3.352646
2017-06-28,11.983921,2.326910,9.369911,2.477347
2017-06-29,12.837010,2.464106,9.484325,2.833128
2017-06-30,13.086086,1.466365,8.840280,2.467056
2017-07-01,13.636180,1.985996,9.610673,4.413021
2017-07-02,12.746789,1.523062,9.180299,2.658737
2017-07-03,13.603084,1.029963,6.374939,1.774260
2017-07-04,11.980975,2.038400,6.111654,4.505767
2017-07-05,11.264283,2.711465,6.028359,3.735821
2017-07-06,11.124382,3.015401,6.561907,4.565855
2017-07-07,10.574498,3.216714,7.284258,4.270703
2017-07-08,10.307780,3.520376,7.196812,4.915437
2017-07-09,9.913431,3.581715,7.824276,5.158910
2017-07-10,9.455846,3.228466,7.731741,4.884752
2017-07-11,8.977405,3.771425,7.518243,4.247388
2017-07-12,8.532723,3.210477,7.293122,3.661796
2017-07-13,8.119698,3.492421,7.828963,4.145283
2017-07-14,7.720707,2.720560,7.867440,3.711973
2017-07-15,7.338455,4.086119,9.009685,4.376430
2017-07-16,6.987316,7.685866,8.877467,4.398408
2017-07-17,6.684572,5.528368,8.868626,4.388930
2017-07-18,6.393606,4.281691,12.110901,5.344907
2017-07-19,6.115960,8.953860,17.548662,4.617645
2017-07-20,5.902490,4.637283,14.129001,4.794976
2017-07-21,5.637365,4.358683,8.158047,4.110657
2017-07-22,5.345540,4.930073,15.436124,4.581518
2017-07-23,5.160041,5.596419,16.636858,4.957478
2017-07-24,4.802340,5.320133,10.212518,4.985599
2017-07-25,4.592768,4.349557,10.781811,5.010920
2017-07-26,4.505315,4.503781,11.046003,4.686641
2017-07-27,4.474445,3.992074,10.854507,4.241014
2017-07-28,4.458449,5.795159,11.258704,4.857526
2017-07-29,4.441347,4.246763,10.287816,4.773181
2017-07-30,4.413208,2.891898,10.083685,2.354602
2017-07-31,4.373900,3.769737,10.165324,3.303935
2017-08-01,4.320032,3.231261,10.546273,3.560966
2017-08-02,4.261642,3.311455,11.619413,4.879291
2017-08-03,4.192623,2.666197,11.311464,4.328494
2017-08-04,4.116308,2.583846,11.139439,3.974746
2017-08-05,4.034702,2.418821,10.256631,3.218781
2017-08-06,3.947433,2.403598,9.456535,2.777697
2017-08-07,3.868699,3.106348,8.417213,3.575735
2017-08-08,3.788650,2.335335,8.150670,2.063716
2017-08-09,3.708531,2.347222,8.185262,4.019596
2017-08-10,3.628278,2.056349,7.405245,3.260313
2017-08-11,3.544764,2.637892,7.546258,4.144096
2017-08-12,3.468419,3.025326,7.202267,4.402170
2017-08-13,3.395314,2.507879,7.039593,3.301780
2017-08-14,3.323310,3.123926,6.478689,3.605544
2017-08-15,3.251362,2.780639,6.465874,3.487085
2017-08-16,3.178637,1.590982,6.644994,3.186872
2017-08-17,3.112131,1.089383,6.246814,0.994513
2017-08-18,3.044323,2.316301,6.341904,2.893177
2017-08-19,2.978710,1.270353,6.243228,2.932886
2017-08-20,2.914196,1.829435,6.383770,3.716655
2017-08-21,2.848699,3.208058,6.694920,3.702165
2017-08-22,2.787563,1.216147,6.797218,3.369066
2017-08-23,2.724996,2.462279,6.218795,3.332669
2017-08-24,2.666223,2.816079,6.291170,3.542790
2017-08-25,2.613499,2.656685,6.431730,2.174591
2017-08-26,2.553055,3.009388,10.777702,4.232727
2017-08-27,2.520506,3.722223,8.287405,3.122981
2017-08-28,2.475746,2.050701,5.631673,3.059321
2017-08-29,2.425430,1.478260,5.085493,2.218719
2017-08-30,2.374388,1.254052,5.292793,2.120131
2017-08-31,2.325206,2.006960,5.330636,2.280160
2017-09-01,2.276723,2.026255,5.187423,2.652832
2017-09-02,2.234922,0.992472,4.024137,2.621099
2017-09-03,2.561913,0.817514,4.950279,1.948970
2017-09-04,2.154279,3.664846,9.191986,4.255174
2017-09-05,2.230389,3.673216,10.172756,4.737363
2017-09-06,2.086381,4.089796,3.892461,2.744584
2017-09-07,2.045725,1.454074,2.997638,1.729200
2017-09-08,2.003900,0.762548,2.995410,2.637934
2017-09-09,1.964025,0.392817,3.138929,2.138238
2017-09-10,1.926140,0.229226,2.883013,2.921195
2017-09-11,1.888835,0.047349,2.713298,2.774658
2017-09-12,1.856258,0.030583,2.626068,2.434918
2017-09-13,1.825072,0.091528,2.547209,1.938416
2017-09-14,1.798938,0.140154,2.844083,2.530130
2017-09-15,1.775130,0.749996,4.037478,2.049803
2017-09-16,1.750860,5.776054,8.113946,2.064856
2017-09-17,1.729640,3.270056,6.012699,2.587919
2017-09-18,1.750073,0.648311,2.899877,1.799621
2017-09-19,1.718260,3.114822,6.083324,2.031166
2017-09-20,1.682801,2.677928,5.546050,2.298065
2017-09-21,1.578881,3.374464,10.415000,3.616539
2017-09-22,1.527519,1.934725,4.294013,1.370486
2017-09-23,1.917891,0.368567,3.990854,1.210236
2017-09-24,1.480490,5.211880,15.920277,5.540253
2017-09-25,1.474958,0.932619,2.292082,1.339175
2017-09-26,1.474615,1.157002,3.599993,1.071111
2017-09-27,1.483844,9.752036,26.580216,8.517270
2017-09-28,1.487748,2.088853,5.531504,3.007072
2017-09-29,1.427157,0.349929,2.919389,0.179563
2017-09-30,1.428190,5.320277,9.890477,2.365741
2017-10-01,1.429239,6.853615,5.718495,1.977335
2017-10-02,1.402081,1.364362,3.740066,0.773947
2017-10-03,1.489049,0.033950,3.075144,0.446203
2017-10-04,1.653054,0.000464,3.097293,0.108500
2017-10-05,1.834140,0.000000,3.105476,0.078886
2017-10-06,1.997686,0.000000,3.097041,0.061916
2017-10-07,2.134045,0.000008,3.076687,0.032013
2017-10-08,2.958675,0.208251,3.680499,0.102895
2017-10-09,2.427391,0.606872,7.087194,0.365112
2017-10-10,2.431423,2.602360,8.370245,1.001361
2017-10-11,2.479402,2.180984,6.892282,1.430814
2017-10-12,2.497173,0.018571,2.903850,0.039378
2017-10-13,2.520772,0.000010,3.026150,0.047454
2017-10-14,2.553836,0.053804,3.128013,0.056842
2017-10-15,2.590406,0.005711,2.954861,0.036504
2017-10-16,2.621576,0.000007,2.880228,0.035554
2017-10-17,2.648977,0.000000,2.826353,0.035700
2017-10-18,2.666015,0.000000,2.762129,0.041882
2017-10-19,2.675178,0.000000,2.873631,0.042554
2017-10-20,2.769021,3.679257,6.110479,0.978031
2017-10-21,2.713802,0.700003,2.771277,0.073003
2017-10-22,2.569810,0.001080,2.553397,0.042597
2017-10-23,2.515168,0.022246,3.125089,0.037682
2017-10-24,2.511700,0.049585,2.313441,0.044806
2017-10-25,2.529711,0.000097,2.248908,0.035267
2017-10-26,2.581749,0.000000,2.614504,0.044532
2017-10-27,2.593404,0.070953,2.114642,0.040780
2017-10-28,2.620444,0.000567,2.045134,0.044215
2017-10-29,2.640616,0.000000,2.061309,0.044402
2017-10-30,2.656375,0.000000,1.925144,0.033193
2017-10-31,2.666189,0.000000,1.871644,0.035078
2017-11-01,2.668196,0.000000,1.812588,0.036610
2017-11-02,2.668509,0.000000,1.761294,0.035244
2017-11-03,2.661383,0.000000,1.706123,0.034107
2017-11-04,2.650193,0.000000,1.656743,0.033949
2017-11-05,2.635287,0.000000,1.610026,0.033132
2017-11-06,2.615425,0.000000,1.564135,0.032868
2017-11-07,2.595895,0.000000,1.516449,0.061771
2017-11-08,2.572131,0.000000,1.473050,0.032347
2017-11-09,2.545765,0.000000,1.432236,0.032030
2017-11-10,2.516393,0.000000,1.391378,0.031982
2017-11-11,2.483892,0.000000,1.352247,0.032279
2017-11-12,2.454932,0.000000,1.314470,0.032108
2017-11-13,2.423139,0.000000,1.276590,0.031871
2017-11-14,2.389495,0.000000,1.244187,0.032742
2017-11-15,2.355520,0.000000,1.207519,0.031444
2017-11-16,2.321017,0.000000,1.174499,0.032659
2017-11-17,2.292221,0.000000,1.144815,0.041005
2017-11-18,2.261445,0.000000,1.112620,0.032858
2017-11-19,2.230898,0.000000,1.081237,0.030939
2017-11-20,2.201513,0.000000,1.054396,0.032116
2017-11-21,2.169854,0.000000,1.026381,0.031662
2017-11-22,2.141226,0.000000,1.000106,0.031380
2017-11-23,2.111997,0.000000,0.974647,0.031611
2017-11-24,2.083535,0.000000,0.946625,0.031337
2017-11-25,2.055327,0.000000,0.923061,0.030733
2017-11-26,2.025385,0.000000,0.898793,0.031393
2017-11-27,1.998680,0.000000,0.874596,0.030138
2017-11-28,1.970280,0.000000,0.853132,0.030737
2017-11-29,1.942362,0.000000,0.829388,0.031137
2017-11-30,1.917644,0.000000,1.832982,0.035115
2017-12-01,1.892309,0.000000,0.783018,0.035326
2017-12-02,1.869829,0.000000,0.764069,0.034589
2017-12-03,1.846294,0.000000,0.741982,0.034935
2017-12-04,1.822513,0.000000,0.720270,0.033629
2017-12-05,1.799012,0.000000,0.701931,0.036414
2017-12-06,1.774688,0.000000,0.686079,0.033260
2017-12-07,1.753293,0.000000,0.665122,0.033387
2017-12-08,1.730552,0.000000,0.648030,0.034596
2017-12-09,1.708131,0.000000,0.627006,0.032938
2017-12-10,1.686033,0.000000,0.610064,0.033751
2017-12-11,1.663212,0.000000,0.592701,0.033889
2017-12-12,1.644731,0.000000,0.572606,0.033410
2017-12-13,1.626041,0.000000,0.557698,0.034041
2017-12-14,1.607709,0.000000,0.540427,0.033329
2017-12-15,1.589473,0.000000,0.523613,0.033754
2017-12-16,1.570444,0.000000,0.506973,0.034180
2017-12-17,1.554174,0.000000,0.491602,0.033274
2017-12-18,1.537265,0.000000,0.478295,0.032446
2017-12-19,1.520537,0.000000,0.462933,0.032536
2017-12-20,1.504085,0.000000,0.449697,0.032357
2017-12-21,1.486834,0.000000,0.436471,0.032045
2017-12-22,1.471851,0.000000,0.424581,0.031034
2017-12-23,1.455932,0.000000,0.414138,0.032897
2017-12-24,1.439971,0.000000,0.400866,0.031882
2017-12-25,1.423893,0.000000,0.391096,0.031714
2017-12-26,1.407182,0.000000,0.379236,0.031396
2017-12-27,1.392738,0.000000,0.369353,0.031031
2017-12-28,1.377153,0.000000,0.358494,0.029412
2017-12-29,1.361590,0.000000,0.345791,0.030668
2017-12-30,1.346303,0.000000,0.338533,0.031119
2017-12-31,1.331234,0.000000,0.323497,0.030681
2018-01-01,1.315470,0.000000,0.314359,0.026794
2018-01-02,1.302202,0.000000,0.305715,0.030514
2018-01-03,1.288125,0.000000,0.295481,0.029567
2018-01-04,1.275418,0.000000,0.284258,0.031071
2018-01-05,1.262986,0.000000,0.279191,0.028693
2018-01-06,1.249824,0.000000,0.268927,0.030515
2018-01-07,1.238471,0.000000,0.262448,0.029675
2018-01-08,1.226306,0.000000,0.249930,0.030507
2018-01-09,1.214385,0.000000,0.243004,0.030384
2018-01-10,1.202762,0.000000,0.236810,0.035370
2018-01-11,1.190372,0.000000,0.230214,0.030415
2018-01-12,1.179830,0.000000,0.257336,0.031683
2018-01-13,1.168505,0.000000,0.214965,0.033164
2018-01-14,1.157341,0.000000,0.226028,0.032049
2018-01-15,1.147224,0.000000,0.203324,0.032158
2018-01-16,1.136776,0.000000,0.199679,0.032117
2018-01-17,1.127967,0.000000,0.193456,0.030707
2018-01-18,1.118651,0.000000,0.188624,0.032072
2018-01-19,1.109654,0.000000,0.183649,0.030776
2018-01-20,1.100890,0.000000,0.179720,0.031412
2018-01-21,1.091517,0.000000,0.175376,0.030050
2018-01-22,1.083701,0.000000,0.170544,0.030503
2018-01-23,1.075024,0.000000,0.168572,0.029257
2018-01-24,1.066337,0.000000,0.162277,0.029120
2018-01-25,1.057636,0.000000,0.158851,0.029072
2018-01-26,1.048190,0.000000,0.157342,0.029105
2018-01-27,1.040175,0.000000,0.152093,0.027379
2018-01-28,1.031556,0.000000,0.147752,0.029236
2018-01-29,1.023413,0.000000,0.142949,0.030476
2018-01-30,1.015446,0.000000,0.140904,0.030335
2018-01-31,1.007473,0.000000,0.138100,0.029521
2018-02-01,0.998696,0.000000,0.133308,0.029583
2018-02-02,0.991325,0.000000,0.132057,0.024987
2018-02-03,0.983583,0.000000,0.126957,0.030725
2018-02-04,0.975905,0.000000,0.126181,0.029354
2018-02-05,0.968223,0.000000,0.120575,0.028478
2018-02-06,0.959787,0.000000,0.117825,0.015394
2018-02-07,0.952607,0.000000,0.115884,0.028005
2018-02-08,0.944895,0.000000,0.113276,0.028756
2018-02-09,0.937499,0.000000,0.110503,0.028984
2018-02-10,0.930390,0.000000,0.107052,0.028080
2018-02-11,0.922707,0.000000,0.104248,0.029112
2018-02-12,0.916281,0.000000,0.102286,0.028096
2018-02-13,0.909169,0.000000,0.098820,0.028047
2018-02-14,0.902326,0.000000,0.097362,0.027781
2018-02-15,0.895472,0.000000,0.127929,0.028232
2018-02-16,0.887954,0.000000,0.296089,0.027315
2018-02-17,0.881597,0.000000,0.089680,0.028136
2018-02-18,0.874641,0.000000,0.087798,0.027570
2018-02-19,0.867705,0.000000,0.122435,0.031418
2018-02-20,0.860872,0.000000,0.084356,0.031432
2018-02-21,0.853506,0.000000,0.080163,0.029542
2018-02-22,0.847822,0.000000,0.078949,0.023471
2018-02-23,0.842210,0.000000,0.115752,0.030447
2018-02-24,0.836599,0.000000,0.662196,0.029200
2018-02-25,0.831022,0.000000,0.075497,0.029839
2018-02-26,0.824940,0.000000,0.808989,0.034871
2018-02-27,0.820049,0.000000,0.105585,0.023069
2018-02-28,0.814664,0.000000,0.069226,0.030030
2018-03-01,0.808621,0.000000,0.068419,0.029140
2018-03-02,0.803737,0.000000,0.068337,0.028924
2018-03-03,0.798238,0.000000,0.064993,0.028622
2018-03-04,0.792648,0.000000,0.064911,0.024168
2018-03-05,0.787387,0.000000,0.060782,0.028755
2018-03-06,0.782087,0.000000,0.062112,0.028819
2018-03-07,0.778039,0.000000,0.058687,0.028778
2018-03-08,0.773458,0.000000,0.057311,0.029253
2018-03-09,0.769009,0.000000,0.057311,0.028601
2018-03-10,0.764696,0.000000,0.052509,0.028965
2018-03-11,0.759810,0.000000,0.051888,0.028492
2018-03-12,0.755873,0.000000,0.051010,0.028353
2018-03-13,0.751525,0.000000,0.047620,0.030274
2018-03-14,0.747385,0.000000,0.046208,0.029136
2018-03-15,0.743260,0.000000,0.042789,0.028918
2018-03-16,0.738639,0.000000,0.044236,0.027350
2018-03-17,0.735040,0.000000,0.038567,0.023240
2018-03-18,0.730908,0.000000,0.037489,0.074208
2018-03-19,0.726757,0.000000,0.038322,0.041981
2018-03-20,0.722626,0.000000,0.034644,0.035362
2018-03-21,0.717951,0.000000,0.034470,0.027868
2018-03-22,0.714221,0.000000,0.031727,0.024034
2018-03-23,0.709969,0.000000,0.028964,0.028770
2018-03-24,0.705844,0.000000,0.028190,0.027692
2018-03-25,0.701796,0.000000,0.026884,0.028166
2018-03-26,0.697287,0.000000,0.024877,0.029877
2018-03-27,0.693776,0.000000,0.038927,0.029501
2018-03-28,0.689735,0.000000,0.023468,0.029796
2018-03-29,0.685733,0.000000,0.021996,0.029569
2018-03-30,0.681751,0.000000,0.021416,0.029469
2018-03-31,0.677751,0.000000,0.020578,0.029708
2018-04-01,0.673311,0.000000,0.020039,0.029923
2018-04-02,0.669836,0.000000,0.018545,0.028684
2018-04-03,0.665935,0.000000,0.018001,0.030124
2018-04-04,0.662194,0.000000,0.017878,0.029835
2018-04-05,0.658448,0.000000,0.016583,0.028295
2018-04-06,0.654227,0.000000,0.017791,0.028815
2018-04-07,0.650825,0.000000,0.014632,0.027777
2018-04-08,0.646929,0.000000,0.014463,0.030212
2018-04-09,0.643050,0.000000,0.014503,0.029855
2018-04-10,0.639175,0.000000,0.012692,0.028843
2018-04-11,0.634817,0.000000,0.319436,0.250347
2018-04-12,0.631419,0.000000,0.220315,0.261297
2018-04-13,0.627704,0.000000,0.371351,0.028628
2018-04-14,0.624186,0.000000,0.351526,0.262999
2018-04-15,0.620962,0.000000,0.183299,0.223210
2018-04-16,0.617334,0.000000,1.228714,0.154995
2018-04-17,0.614569,0.000000,2.488934,0.155932
2018-04-18,0.611294,0.000000,4.967077,0.149771
2018-04-19,0.608051,0.000000,1.842911,0.129145
2018-04-20,0.604961,0.000000,0.214788,0.268595
2018-04-21,0.601265,0.000000,0.019552,0.106847
2018-04-22,0.598310,0.000000,0.009594,0.046360
2018-04-23,0.594921,0.000000,0.014147,0.026616
2018-04-24,0.591522,0.000000,0.020945,0.113259
2018-04-25,0.588307,0.000000,0.016304,0.020967
2018-04-26,0.584817,0.000000,0.014634,0.201290
2018-04-27,0.582159,0.000000,0.023839,0.043185
2018-04-28,0.579052,0.000000,0.035626,0.168833
2018-04-29,0.575962,0.000000,0.030995,0.264673
2018-04-30,0.572963,0.000000,0.022924,0.307114
2018-05-01,0.569717,0.000000,0.015742,0.027528
2018-05-02,0.567242,0.000000,0.015017,0.041796
2018-05-03,0.564354,0.000000,0.005606,0.148431
2018-05-04,0.561452,0.000000,0.014175,0.026763
2018-05-05,0.558555,0.000000,0.005923,0.027889
2018-05-06,0.555263,0.000000,0.005952,0.417250
2018-05-07,0.552757,0.000000,0.005329,0.341699
2018-05-08,0.549862,0.000000,0.005952,0.027661
2018-05-09,0.547183,0.000000,0.009175,0.027702
2018-05-10,0.544606,0.000000,0.029469,0.365544
2018-05-11,0.541757,0.000000,0.509870,0.302782
2018-05-12,0.539770,0.000000,0.144275,0.339881
2018-05-13,0.537358,0.000000,1.383057,0.151826
2018-05-14,0.534876,0.000000,2.740931,0.148186
2018-05-15,0.532596,0.000000,0.894531,0.284425
2018-05-16,0.533032,0.000000,0.643071,0.209063
2018-05-17,0.546748,0.000000,3.252586,0.130214
2018-05-18,0.767646,0.000000,2.126287,0.335433
2018-05-19,0.528011,0.000000,0.005937,0.290023
2018-05-20,0.520533,0.000000,0.009320,0.413385
2018-05-21,0.670711,0.000000,0.784145,0.225554
2018-05-22,0.670860,0.000000,2.302607,0.140294
2018-05-23,0.906051,0.000000,1.671112,0.188830
2018-05-24,0.666177,0.000000,0.288434,0.183183
2018-05-25,0.593404,0.000000,0.086068,0.104774
2018-05-26,0.757357,0.000000,1.816841,0.164738
2018-05-27,0.879901,0.000000,2.355096,0.116932
2018-05-28,1.165808,0.000000,2.420836,0.114340
2018-05-29,0.728387,0.003984,2.855991,0.093893
2018-05-30,0.508528,0.043095,7.708817,0.123397
2018-05-31,0.502354,0.489393,6.866096,0.603670
2018-06-01,0.493353,1.065914,6.634511,0.145660
2018-06-02,0.492376,1.850287,9.538809,0.348294
2018-06-03,0.477885,1.762933,6.913222,0.321957
2018-06-04,0.437317,0.871249,6.365672,1.290667
2018-06-05,0.404716,1.033184,3.586901,0.620128
2018-06-06,0.388131,1.480341,5.926938,0.987293
2018-06-07,0.376603,2.020159,6.437979,2.495977
2018-06-08,0.361904,2.579617,7.482118,3.059661
2018-06-09,0.358123,1.665592,5.661425,0.432257
2018-06-10,0.377753,0.912201,5.617264,1.674041
2018-06-11,0.414874,0.843620,5.727641,1.930658
2018-06-12,0.475303,1.349990,7.068010,2.360848
2018-06-13,0.539931,1.324788,6.911425,1.972976
2018-06-14,0.600943,0.682128,6.305446,3.245444
2018-06-15,0.679854,1.366343,6.884342,2.242543
2018-06-16,0.767367,1.585989,6.823292,2.383977
2018-06-17,0.857325,1.045939,5.188589,0.166257
2018-06-18,0.970792,1.117726,7.364607,1.745511
2018-06-19,1.106685,1.494586,8.081949,2.124407
2018-06-20,1.239269,1.562885,9.286908,2.543888
2018-06-21,1.372756,2.226059,12.939954,2.789696
2018-06-22,1.514166,3.017347,12.675164,4.156190
2018-06-23,1.659580,2.211582,12.189147,4.300925
2018-06-24,1.944483,3.101007,8.722915,3.872965
2018-06-25,2.328301,1.968491,6.792457,3.474339
2018-06-26,2.885327,2.415339,10.173054,4.367117
2018-06-27,3.631613,2.754716,9.251314,4.050500
2018-06-28,4.326165,2.780204,11.686434,3.900007
2018-06-29,6.253346,2.736336,9.924869,3.289162
2018-06-30,6.477742,3.773562,11.344973,4.212168
2018-07-01,7.453197,2.912584,11.937752,4.066983
2018-07-02,8.151023,2.982339,10.593270,3.712294
2018-07-03,8.540201,4.879435,5.738258,4.633103
2018-07-04,8.698414,2.438589,5.947756,4.358021
2018-07-05,8.774340,2.565247,7.421977,4.471831
2018-07-06,8.834506,4.048087,7.915171,4.786551
2018-07-07,9.026531,4.106379,7.702289,4.857739
2018-07-08,8.738455,7.173053,11.318732,4.264662
2018-07-09,8.659781,8.755766,9.476666,4.490876
2018-07-10,8.471675,8.319126,8.281005,4.315610
2018-07-11,8.163335,5.862967,8.560454,4.411231
2018-07-12,7.825188,5.255526,10.562641,4.760806
2018-07-13,7.469225,3.356127,12.425478,4.618988
2018-07-14,7.120157,4.567565,10.137344,4.644328
2018-07-15,6.790195,4.080301,9.700909,3.751105
2018-07-16,6.485331,3.290071,10.614837,4.575139
2018-07-17,6.227180,3.088275,9.738192,3.742251
2018-07-18,5.978068,3.031238,9.776019,4.210831
2018-07-19,5.742279,3.857513,8.475857,3.690759
2018-07-20,5.525981,3.146950,8.058380,3.569870
2018-07-21,5.315054,3.221694,7.946909,4.728411
2018-07-22,5.114967,3.560279,7.431193,4.534721
2018-07-23,4.918197,3.219370,7.606168,4.473914
2018-07-24,4.737680,3.136777,8.710884,4.880113
2018-07-25,4.576908,3.756941,8.381823,5.650894
2018-07-26,4.425802,2.986039,7.223331,4.913509
2018-07-27,4.287326,3.143544,9.262370,5.098486
2018-07-28,4.159510,3.863836,11.006869,6.303048
2018-07-29,4.038492,19.958133,22.830871,11.180647
2018-07-30,3.920164,18.731302,21.586597,9.572614
2018-07-31,3.804616,8.863532,16.726780,5.718689
2018-08-01,3.694538,7.667926,8.865733,3.808317
2018-08-02,3.593312,6.936223,9.106009,4.999535
2018-08-03,3.513965,3.575762,8.362905,4.618217
2018-08-04,3.411765,4.270642,7.658267,4.848022
2018-08-05,3.312551,2.695685,8.170464,4.843879
2018-08-06,3.215062,1.502694,7.309735,2.443787
2018-08-07,3.128126,3.369026,7.767234,4.362070
2018-08-08,3.044091,3.417238,7.761758,4.743390
2018-08-09,2.964788,3.345928,8.169763,4.670587
2018-08-10,2.890211,4.509627,7.244705,4.608507
2018-08-11,2.823809,2.436468,7.584443,4.645973
2018-08-12,2.767133,2.625332,7.611028,5.018514
2018-08-13,2.712202,2.022712,7.248381,5.102249
2018-08-14,2.659170,2.964729,6.873135,4.476686
2018-08-15,2.607060,4.858491,6.959674,3.730005
2018-08-16,2.553810,3.405170,6.561468,4.514528
2018-08-17,2.506052,2.672207,6.056775,3.922224
2018-08-18,2.458075,2.281092,5.742810,3.837893
2018-08-19,2.414904,2.908898,5.902200,3.420868
2018-08-20,2.373721,2.896097,5.397685,2.417668
2018-08-21,2.328726,2.990712,5.007775,2.241186
2018-08-22,2.301960,2.388097,5.340650,3.383268
2018-08-23,2.539913,1.786577,4.823292,2.788133
2018-08-24,2.243294,2.187860,5.421288,2.641468
2018-08-25,2.181427,1.725949,4.471574,3.174167
2018-08-26,2.109164,1.292600,4.541620,3.362816
2018-08-27,2.049247,0.601780,4.734169,1.894350
2018-08-28,2.000363,0.824979,3.607027,3.035493
2018-08-29,1.961403,0.756894,3.735283,2.931287
2018-08-30,2.027270,0.835639,6.525275,2.462658
2018-08-31,1.938740,7.058559,15.078446,3.640168
2018-09-01,1.899756,4.402427,5.712618,3.285958
2018-09-02,1.783185,1.300971,1.942535,2.800290
2018-09-03,1.729224,1.402924,1.562936,2.452056
2018-09-04,1.715269,0.690005,1.565773,2.453107
2018-09-05,1.721674,0.795287,1.569880,2.597289
2018-09-06,1.736649,1.040400,2.418777,2.679236
2018-09-07,1.757959,0.776094,2.888663,1.013608
2018-09-08,1.779426,2.456228,4.132380,2.016030
2018-09-09,1.822870,7.048543,12.471721,5.118533
2018-09-10,1.841444,4.611187,13.880955,5.333183
2018-09-11,1.755565,6.081258,3.722409,2.767042
2018-09-12,1.718574,5.672644,5.541249,2.557203
2018-09-13,1.788072,2.259797,3.033979,2.029229
2018-09-14,1.959440,0.601716,2.141721,1.406577
2018-09-15,1.966576,0.309160,1.091914,0.045208
2018-09-16,1.894101,0.265590,2.083769,0.163415
2018-09-17,1.984095,1.232621,2.746076,0.386171
2018-09-18,2.075776,0.166742,0.858980,0.369963
2018-09-19,2.162565,0.025553,0.785892,0.162405
2018-09-20,2.242561,0.019309,0.647417,0.045798
2018-09-21,2.788572,0.002577,0.630961,0.047881
2018-09-22,2.362838,0.000022,0.617392,0.041712
2018-09-23,2.407568,0.000001,0.600762,0.161254
2018-09-24,2.442509,0.000000,0.608162,0.091465
2018-09-25,2.466979,0.000000,0.671695,0.039670
2018-09-26,2.480296,0.000000,0.555394,0.040567
2018-09-27,2.489158,0.000000,0.537822,0.105543
2018-09-28,2.751282,0.000000,0.527430,0.051038
2018-09-29,2.485122,0.000000,0.509233,0.073653
2018-09-30,2.477249,0.000000,0.493941,0.129022
2018-10-01,2.463166,0.000000,0.480640,0.038879
2018-10-02,2.448332,0.000000,0.467985,0.040225
2018-10-03,2.428632,0.000000,0.454062,0.038585
2018-10-04,2.408771,0.000000,0.442201,0.039602
2018-10-05,2.387253,0.000000,0.428808,0.087483
2018-10-06,2.361887,0.000000,0.419602,0.039798
2018-10-07,2.337749,0.000000,0.408068,0.038727
2018-10-08,2.310739,0.000000,0.395159,0.039507
2018-10-09,2.282122,0.000000,0.386121,0.037728
2018-10-10,2.253536,0.000000,0.375616,0.038951
2018-10-11,2.223843,0.000000,0.548675,0.037750
2018-10-12,2.196494,0.000000,1.891440,0.091400
2018-10-13,2.167766,0.000000,0.468195,0.037977
2018-10-14,2.138248,0.000000,0.342516,0.038112
2018-10-15,2.108609,0.000000,0.328048,0.039156
2018-10-16,2.131500,0.000000,0.641063,0.036664
2018-10-17,2.049493,0.000000,1.447208,0.039986
2018-10-18,2.019607,0.000000,0.320221,0.036728
2018-10-19,2.043086,0.000000,0.683866,0.037476
2018-10-20,1.960414,0.000000,0.293532,0.036608
2018-10-21,1.929178,0.000000,0.285515,0.038080
2018-10-22,1.901451,0.000000,0.280451,0.049523
2018-10-23,1.872772,0.000000,0.273055,0.037363
2018-10-24,1.844214,0.000000,0.267488,0.037771
2018-10-25,1.818225,0.000000,0.261266,0.037551
2018-10-26,1.792344,0.000000,0.256603,0.058871
2018-10-27,1.769353,0.000000,0.252037,0.037147
2018-10-28,1.745972,0.000000,0.246882,0.038596
2018-10-29,1.722579,0.000000,0.241300,0.037451
2018-10-30,1.701128,0.000000,0.234164,0.037391
2018-10-31,1.680946,0.000000,0.231661,0.034097
2018-11-01,1.659940,0.000000,0.227340,0.036556
2018-11-02,1.642022,0.000000,0.221940,0.036344
2018-11-03,1.623338,0.000000,0.217834,0.035837
2018-11-04,1.604885,0.000000,0.212425,0.034786
2018-11-05,1.586483,0.000000,0.211966,0.036091
2018-11-06,1.567331,0.000000,0.205271,0.033392
2018-11-07,1.550217,0.000000,0.210363,0.034248
2018-11-08,2.720316,0.000000,1.358368,0.033766
2018-11-09,1.513701,0.002116,0.645888,0.034663
2018-11-10,1.496279,0.000002,0.193075,0.033594
2018-11-11,1.477855,0.000000,0.202037,0.035995
2018-11-12,1.461442,0.000000,0.183697,0.035173
2018-11-13,1.444499,0.000000,0.180992,0.035322
2018-11-14,1.427979,0.000000,0.176707,0.034856
2018-11-15,1.411683,0.000000,0.174546,0.034660
2018-11-16,1.394098,0.000000,0.169890,0.035577
2018-11-17,1.377076,0.282349,17.642833,0.062428
2018-11-18,3.188605,1.194226,13.512643,0.077269
2018-11-19,1.375790,0.021300,0.321864,0.034867
2018-11-20,1.321231,0.000016,1.187289,0.035760
2018-11-21,1.275730,0.000000,0.155751,0.032496
2018-11-22,1.243257,0.000000,0.152925,0.034158
2018-11-23,1.220049,0.000000,0.149347,0.031474
2018-11-24,1.205247,0.000000,0.146689,0.033112
2018-11-25,1.194194,0.000000,0.143111,0.033519
2018-11-26,1.184892,0.000000,0.140320,0.032981
2018-11-27,1.179348,0.000000,0.138078,0.032361
2018-11-28,1.174525,0.000000,0.136045,0.034742
2018-11-29,1.170799,0.000000,0.133207,0.031966
2018-11-30,1.167888,0.000000,0.129722,0.033609
2018-12-01,1.164768,0.000000,0.126936,0.032976
2018-12-02,1.164140,0.000000,0.123846,0.032974
2018-12-03,1.163395,0.000000,0.122035,0.035027
2018-12-04,1.162744,0.000000,0.119027,0.030430
2018-12-05,1.161891,0.000000,0.115711,0.035202
2018-12-06,1.159921,0.000000,0.113998,0.031688
2018-12-07,1.159261,0.000000,0.109836,0.033271
2018-12-08,1.157509,0.000000,0.107065,0.032380
2018-12-09,1.155575,0.000000,0.104179,0.033360
2018-12-10,1.153641,0.000000,0.099940,0.031261
2018-12-11,1.150873,0.000000,0.098510,0.031943
2018-12-12,1.149633,0.000000,0.095626,0.031891
2018-12-13,1.147125,0.000000,0.453138,0.033655
2018-12-14,1.144186,0.000000,1.279680,0.030633
2018-12-15,1.140814,0.000000,0.859717,0.031885
2018-12-16,1.136257,0.000000,0.084574,0.032612
2018-12-17,1.133046,0.000000,0.180481,0.030437
2018-12-18,1.167928,0.000000,2.609141,0.030496
2018-12-19,1.124724,0.000000,4.578637,0.032968
2018-12-20,1.120157,0.000000,0.577525,0.032240
2018-12-21,1.114863,0.000000,0.072042,0.033083
2018-12-22,1.111046,0.000000,0.071787,0.032330
2018-12-23,1.106575,0.000000,0.067972,0.032850
2018-12-24,1.101843,0.000000,0.067507,0.033458
2018-12-25,1.097082,0.000000,0.066418,0.032746
2018-12-26,1.091398,0.000000,0.066429,0.031068
2018-12-27,1.087035,0.000000,0.062434,0.034682
2018-12-28,1.081883,0.000000,0.062098,0.031209
2018-12-29,1.076540,0.000000,0.059345,0.031221
2018-12-30,1.071065,0.000000,0.060856,0.033379
2018-12-31,1.065836,0.000000,0.057026,0.033106
2019-01-01,1.049137,0.000000,0.057355,0.032812
2019-01-02,1.044166,0.000000,0.060442,0.031563
2019-01-03,1.078842,0.000000,2.009821,0.032019
2019-01-04,1.043602,0.000000,0.971087,0.031578
2019-01-05,1.052864,0.000000,0.133524,0.032452
2019-01-06,1.019169,0.000000,0.051534,0.031602
2019-01-07,1.013913,0.000000,0.048454,0.029154
2019-01-08,1.008150,0.000000,0.049867,0.031559
2019-01-09,1.002184,0.000000,0.051435,0.031880
2019-01-10,0.996096,0.000000,0.045790,0.029875
2019-01-11,0.989365,0.000000,0.047162,0.031193
2019-01-12,0.983969,0.000000,0.043213,0.031349
2019-01-13,0.977851,0.000000,0.043167,0.030699
2019-01-14,0.971686,0.000000,0.043075,0.030257
2019-01-15,0.965508,0.000000,0.042465,0.031364
2019-01-16,0.958685,0.000000,0.041532,0.031711
2019-01-17,0.953124,0.000000,0.038959,0.031092
2019-01-18,0.946830,0.000000,0.038054,0.030415
2019-01-19,0.940389,0.000000,0.037870,0.030833
2019-01-20,0.933931,0.000000,0.037799,0.031544
2019-01-21,0.926635,0.000000,0.034049,0.031547
2019-01-22,0.920742,0.000000,0.078673,0.027979
2019-01-23,0.914393,0.000000,0.033880,0.030401
2019-01-24,0.908198,0.000000,0.032716,0.028348
2019-01-25,0.902120,0.000000,0.029963,0.027918
2019-01-26,0.895337,0.000000,0.029974,0.029618
2019-01-27,0.889886,0.000000,0.028803,0.027842
2019-01-28,0.884093,0.000000,0.028793,0.028798
2019-01-29,0.878381,0.000000,0.028630,0.027994
2019-01-30,0.872601,0.000000,0.024982,0.029951
2019-01-31,0.866712,0.000000,0.025887,0.029549
2019-02-01,0.860227,0.000000,0.024803,0.027946
2019-02-02,0.854895,0.000000,0.024219,0.028060
2019-02-03,0.848973,0.000000,0.020311,0.027347
2019-02-04,0.843012,0.000000,0.022262,0.026994
2019-02-05,0.837064,0.000000,0.021595,0.027784
2019-02-06,0.831063,0.000000,0.020311,0.027188
2019-02-07,0.826905,0.000000,0.015813,0.028283
2019-02-08,0.822387,0.000000,0.017687,0.028257
2019-02-09,0.817783,0.000000,0.017148,0.027697
2019-02-10,0.813274,0.000000,0.013820,0.027793
2019-02-11,0.808207,0.000000,0.015192,0.027623
2019-02-12,0.804174,0.000000,0.011325,0.028179
2019-02-13,0.799553,0.000000,0.013153,0.027331
2019-02-14,0.794887,0.000000,0.010750,0.027560
2019-02-15,0.790053,0.000000,0.009661,0.028901
2019-02-16,0.784716,0.000000,0.007915,0.027497
2019-02-17,0.780483,0.000000,0.007628,0.027113
2019-02-18,0.775706,0.000000,0.007623,0.028009
2019-02-19,0.770994,0.000000,0.006251,0.027907
2019-02-20,0.766650,0.000000,0.005671,0.027606
2019-02-21,0.762154,0.000000,0.006299,0.027168
2019-02-22,0.758696,0.000000,0.005320,0.027572
2019-02-23,0.754674,0.000000,0.167473,0.027257
2019-02-24,0.750633,0.000000,0.004501,0.027467
2019-02-25,0.746592,0.000000,0.001251,0.028307
2019-02-26,0.742030,0.000000,0.122802,0.026441
2019-02-27,0.738535,0.000000,0.003381,0.026610
2019-02-28,0.734706,0.000000,0.003381,0.027427
2019-03-01,0.730396,0.000000,0.002837,0.027237
2019-03-02,0.727179,0.000000,0.002755,0.027237
2019-03-03,0.723380,0.000000,0.002842,0.026798
2019-03-04,0.719525,0.000000,0.002831,0.026629
2019-03-05,0.715694,0.000000,0.002257,0.026888
2019-03-06,0.711426,0.000000,0.001677,0.026552
2019-03-07,0.708139,0.000000,0.001712,0.026731
2019-03-08,0.704316,0.000000,0.001712,0.026916
2019-03-09,0.700482,0.000000,0.001712,0.026788
2019-03-10,0.696656,0.000000,0.001168,0.026909
2019-03-11,0.692218,0.000000,0.001168,0.026937
2019-03-12,0.688810,0.000000,0.000136,0.027005
2019-03-13,0.685036,0.000000,0.001157,0.026289
2019-03-14,0.681249,0.000000,0.000090,0.026974
2019-03-15,0.677462,0.000000,0.001168,0.026669
2019-03-16,0.673200,0.000000,0.000079,0.025068
2019-03-17,0.669904,0.000000,0.000090,0.028409
2019-03-18,0.666133,0.000000,0.000079,0.024572
2019-03-19,0.662368,0.000000,0.000090,0.028283
2019-03-20,0.658528,0.000000,0.000079,0.027455
2019-03-21,0.654211,0.000000,0.000038,0.025093
2019-03-22,0.651033,0.000000,0.000073,0.026715
2019-03-23,0.647465,0.000000,0.000079,0.026704
2019-03-24,0.643852,0.000000,0.000079,0.066622
2019-03-25,0.640317,0.000000,0.000075,0.026439
2019-03-26,0.636382,0.000000,0.000079,0.027312
2019-03-27,0.633232,0.000000,0.000073,0.026795
2019-03-28,0.629578,0.000000,0.000073,0.026983
2019-03-29,0.625956,0.000000,0.000073,0.027146
2019-03-30,0.622366,0.000000,0.000068,0.027396
2019-03-31,0.618774,0.000000,0.000073,0.026674
2019-04-01,0.614807,0.000000,0.000067,0.026866
2019-04-02,0.611697,0.000000,0.000068,0.254638
2019-04-03,0.608311,0.000000,0.000073,0.026848
2019-04-04,0.605176,0.000000,0.000247,0.027293
2019-04-05,0.602165,0.000000,0.000062,0.025526
2019-04-06,0.598719,0.000000,0.000067,0.113434
2019-04-07,0.596096,0.000000,0.000062,0.088271
2019-04-08,0.593027,0.000000,0.000062,0.172338
2019-04-09,0.589938,0.000000,0.000062,0.166646
2019-04-10,0.586824,0.000000,0.000062,0.175352
2019-04-11,0.583281,0.000000,0.002799,0.027537
2019-04-12,0.580620,0.000000,2.217504,0.192089
2019-04-13,0.577534,0.000000,4.097723,0.087549
2019-04-14,0.574434,0.000000,3.709471,0.100334
2019-04-15,0.571522,0.000000,3.280978,0.140770
2019-04-16,0.568244,0.000000,4.438299,0.152749
2019-04-17,1.116735,0.014095,2.195424,0.158273
2019-04-18,0.969685,0.000611,3.404817,0.138581
2019-04-19,4.770423,0.138234,5.149251,0.118269
2019-04-20,1.002500,0.107415,0.591383,0.250709
2019-04-21,0.562165,0.000116,-0.001033,0.104543
2019-04-22,0.559026,0.000000,0.000051,0.026646
2019-04-23,0.554178,0.000000,0.000051,0.027203
2019-04-24,0.574076,0.000000,0.412103,0.186619
2019-04-25,2.487552,0.015690,4.212568,0.123077
2019-04-26,11.204752,1.044899,4.633429,0.075141
2019-04-27,13.740264,2.251240,16.011974,0.106965
2019-04-28,3.637060,0.861822,13.415907,0.267335
2019-04-29,5.491708,1.136395,4.114954,0.220290
2019-04-30,6.917424,1.290927,4.441298,0.387839
2019-05-01,1.828942,0.487202,0.908873,0.144168
2019-05-02,0.482286,0.034910,0.313015,0.026306
2019-05-03,0.471927,0.000042,0.542577,0.101989
2019-05-04,0.466132,0.000000,2.771536,0.167029
2019-05-05,0.463770,0.000000,1.232198,0.024993
2019-05-06,0.463461,0.000000,4.112020,0.176787
2019-05-07,0.484147,0.000000,2.871773,0.422583
2019-05-08,0.468162,0.000000,0.413571,0.024348
2019-05-09,0.498285,0.000000,0.160629,0.369550
2019-05-10,0.475612,0.000000,0.399169,0.264564
2019-05-11,0.486144,0.000000,0.664144,0.197113
2019-05-12,0.484386,0.000000,1.853825,0.345302
2019-05-13,0.489330,0.000000,2.377902,0.476836
2019-05-14,0.494372,0.000607,5.515082,0.152119
2019-05-15,0.499707,0.006969,5.321625,0.070913
2019-05-16,1.891088,0.019385,9.240750,0.070682
2019-05-17,7.213433,0.773420,8.879026,0.097928
2019-05-18,8.135515,1.306830,3.852613,0.099987
2019-05-19,7.643421,1.028677,4.945974,0.135463
2019-05-20,6.852521,0.661551,5.487986,0.157220
2019-05-21,10.097611,0.933717,4.676895,0.172773
2019-05-22,10.527030,1.019970,7.212441,0.615209
2019-05-23,10.128875,1.007584,7.098533,0.310437
2019-05-24,10.760828,1.120228,7.599348,1.503174
2019-05-25,12.109352,1.562616,8.412931,2.099687
2019-05-26,5.353783,0.793032,5.425535,1.625033
2019-05-27,2.824800,0.364178,3.136738,0.301917
2019-05-28,0.548010,0.049838,4.808271,0.339590
2019-05-29,4.346042,0.513113,8.514890,0.100086
2019-05-30,8.357997,1.177249,5.860082,0.953331
2019-05-31,2.174042,0.308210,3.479470,0.231603
2019-06-01,3.532651,0.435470,7.760156,0.116022
2019-06-02,3.831324,0.486683,7.119018,0.149996
2019-06-03,4.035922,0.182977,7.418704,2.096082
2019-06-04,5.289425,0.170766,8.295058,2.175079
2019-06-05,8.474778,0.190223,9.559610,1.807179
2019-06-06,14.559068,0.543340,10.252974,2.011735
2019-06-07,15.459201,1.375891,11.399285,2.618041
2019-06-08,8.295970,1.662211,11.575017,2.499337
2019-06-09,6.971739,1.494461,11.984250,3.497078
2019-06-10,8.765011,1.765678,12.860961,4.110270
2019-06-11,11.810340,2.489922,15.529529,3.985805
2019-06-12,35.221257,5.566985,18.578831,5.769104
2019-06-13,21.016278,4.912114,17.730566,5.910005
2019-06-14,1.823042,2.886967,13.933312,4.316373
2019-06-15,0.846942,3.671897,14.548648,4.633581
2019-06-16,0.992075,4.255900,11.154626,3.755649
2019-06-17,1.107056,3.665604,7.891231,3.092136
2019-06-18,1.190728,5.686881,6.463769,4.648154
2019-06-19,1.239696,4.049693,6.509493,4.893871
2019-06-20,1.265450,3.640659,6.140986,5.419926
2019-06-21,1.275461,3.760717,5.871890,5.083699
2019-06-22,1.276936,3.976993,6.540135,5.494225
2019-06-23,1.270420,5.534783,7.196219,6.655458
2019-06-24,1.258689,4.736301,8.878829,7.187642
2019-06-25,1.243548,6.145361,8.844505,7.819067
2019-06-26,1.224753,6.951657,8.009716,6.847574
2019-06-27,1.206262,3.171484,4.209428,3.281888
2019-06-28,1.194233,4.651585,4.580830,4.117816
2019-06-29,1.165552,3.552770,4.747835,5.659973
2019-06-30,1.143691,3.002133,4.752277,5.039880
2019-07-01,1.122971,4.301742,5.317396,6.345707
2019-07-02,1.106911,5.106185,5.124735,6.009461
2019-07-03,1.090570,3.874630,6.904257,6.402064
2019-07-04,1.073818,4.423120,4.390580,6.148062
2019-07-05,1.057211,4.682732,5.548357,6.622322
2019-07-06,1.040476,4.788805,6.796916,6.748758
2019-07-07,1.025617,6.403133,6.493464,5.802235
2019-07-08,1.745350,5.516191,6.408635,4.353667
2019-07-09,0.994286,3.220471,4.378686,4.541395
2019-07-10,0.979970,3.064630,5.010277,6.928356
2019-07-11,0.965335,5.021568,6.064073,6.677032
2019-07-12,0.951943,4.255224,5.818032,6.452996
2019-07-13,0.940085,5.653772,8.688999,7.742826
2019-07-14,0.929865,4.458223,4.307908,7.226246
2019-07-15,0.919991,3.763027,8.169987,7.974074
2019-07-16,0.909614,4.191393,8.097504,6.109318
2019-07-17,0.899950,6.052949,7.641418,5.511897
2019-07-18,0.890031,4.658346,6.903845,7.272944
2019-07-19,0.881426,4.009277,7.018822,7.393625
2019-07-20,0.872711,3.462646,7.121459,6.992429
2019-07-21,0.863152,5.488336,8.161276,7.270870
2019-07-22,0.854803,4.942083,7.648616,6.845800
2019-07-23,0.845897,2.655473,6.370491,4.840911
2019-07-24,1.617090,2.572632,6.904394,5.230459
2019-07-25,0.827132,2.440586,8.539839,3.814986
2019-07-26,0.816997,4.169308,5.865750,3.387674
2019-07-27,0.807629,12.646460,11.679766,4.726356
2019-07-28,0.809936,15.963064,24.119130,8.788638
2019-07-29,0.838534,10.419426,17.814340,7.608059
2019-07-30,0.804574,7.680837,3.540931,6.942192
2019-07-31,0.760284,4.959726,3.710278,6.233444
2019-08-01,0.734621,3.800174,4.146265,6.541520
2019-08-02,0.720747,3.925717,4.541618,6.522461
2019-08-03,0.712858,4.458679,5.259636,6.424611
2019-08-04,0.708613,4.049091,5.017480,5.843525
2019-08-05,0.706970,3.209627,5.091360,5.807886
2019-08-06,0.706024,2.619895,4.728327,4.908734
2019-08-07,0.706692,2.857478,5.302787,4.926007
2019-08-08,0.706872,2.689949,5.042260,4.673607
2019-08-09,0.707042,2.635902,4.250926,3.831893
2019-08-10,0.707309,2.156930,4.907412,4.319781
2019-08-11,0.706931,3.926644,5.962537,5.228475
2019-08-12,0.707457,3.856526,5.526114,5.205085
2019-08-13,0.707127,2.877869,5.475827,4.726369
2019-08-14,0.706641,1.787448,6.264506,4.680551
2019-08-15,0.705891,2.407209,5.123302,4.716925
2019-08-16,0.704452,2.840281,4.111408,2.770990
2019-08-17,0.703841,1.748895,4.798935,3.679599
2019-08-18,0.702617,1.708889,4.760229,3.555325
2019-08-19,0.701195,2.930687,4.348970,3.393408
2019-08-20,0.699669,2.197964,4.177003,3.102406
2019-08-21,0.697505,1.432462,4.019467,3.037343
2019-08-22,0.696114,1.215384,4.669496,2.979933
2019-08-23,0.694169,2.797392,10.235189,3.154020
2019-08-24,0.692045,3.695100,8.322656,4.378762
2019-08-25,0.689745,1.407242,2.765051,3.536289
2019-08-26,0.687638,2.761590,8.080837,4.303304
2019-08-27,0.686083,4.679298,2.468406,3.264171
2019-08-28,0.683636,1.970882,2.612144,3.077011
2019-08-29,0.681132,1.493844,2.457779,2.751697
2019-08-30,0.678518,2.026182,2.646643,2.766401
2019-08-31,0.675906,1.367976,3.002557,2.627271
2019-09-01,0.672915,1.816097,3.010744,2.492727
2019-09-02,0.671024,1.496163,2.433533,1.939156
2019-09-03,0.668810,1.034692,2.278828,2.225537
2019-09-04,0.666625,0.976590,2.098380,2.597450
2019-09-05,0.664468,0.591296,2.090482,2.559697
2019-09-06,0.661680,0.548820,2.582144,2.489440
2019-09-07,0.685685,3.180788,3.408397,1.094128
2019-09-08,0.676588,2.988061,1.671048,2.061083
2019-09-09,0.681392,1.413810,0.416789,1.778734
2019-09-10,0.664718,0.355626,0.210683,0.917884
2019-09-11,0.647125,0.132504,0.302005,1.715405
2019-09-12,0.634916,0.131884,0.221503,0.708858
2019-09-13,0.625231,0.041661,0.264966,0.608619
2019-09-14,0.617887,0.004703,0.731280,1.360136
2019-09-15,0.612277,0.000005,0.312406,0.482748
2019-09-16,0.607458,0.020523,0.396719,0.951975
2019-09-17,0.604843,0.083370,0.690466,1.433819
2019-09-18,0.602715,0.011026,0.855738,1.419555
2019-09-19,0.601068,0.000012,0.954281,1.547192
2019-09-20,1.123114,0.054311,0.467317,1.019145
2019-09-21,0.598501,0.274442,2.591277,0.284273
2019-09-22,0.597381,3.559432,6.996105,1.561268
2019-09-23,0.750012,5.853696,12.539140,2.982156
2019-09-24,0.611808,1.608509,12.461195,3.367966
2019-09-25,0.595671,1.758439,2.548022,2.104546
2019-09-26,0.578365,3.526172,4.443874,1.913722
2019-09-27,0.565247,0.761927,0.251246,1.195864
2019-09-28,0.555883,0.195732,0.207704,1.156936
2019-09-29,0.552530,0.809848,0.308942,1.097937
2019-09-30,0.553563,0.073797,0.212710,0.391479
2019-10-01,0.557085,0.000089,0.211251,0.033666
2019-10-02,0.563525,0.000000,0.212318,0.034471
2019-10-03,0.570935,0.000000,0.325602,0.033874
2019-10-04,0.578780,0.125541,1.924630,0.410979
2019-10-05,0.586581,0.774961,3.193692,0.406234
2019-10-06,0.593436,1.801651,4.636983,1.135483
2019-10-07,0.605829,0.816914,2.620739,0.104613
2019-10-08,0.613064,2.001966,4.054036,0.668709
2019-10-09,0.617841,0.098484,0.223462,0.033585
2019-10-10,0.621727,0.000092,0.225942,0.032269
2019-10-11,0.625691,0.000000,0.227457,0.026075
2019-10-12,0.631084,0.000000,0.232863,0.030877
2019-10-13,0.636459,0.000000,0.235099,0.034220
2019-10-14,0.642602,0.000000,0.234926,0.031185
2019-10-15,0.649093,0.000000,0.258706,0.031741
2019-10-16,0.655969,0.000000,0.240029,0.031462
2019-10-17,0.663343,0.000000,0.242437,0.043789
2019-10-18,0.669587,0.000000,0.243803,0.041496
2019-10-19,0.675246,0.000000,0.244382,0.029717
2019-10-20,0.680890,0.000000,0.243756,0.030979
2019-10-21,0.685809,0.000000,0.243669,0.032009
2019-10-22,0.691203,0.000000,0.244588,0.030553
2019-10-23,0.695830,0.000000,0.243916,0.029802
2019-10-24,0.700142,0.000000,0.242837,0.030748
2019-10-25,0.704009,0.000000,0.241175,0.028966
2019-10-26,0.706977,0.000000,0.239223,0.030262
2019-10-27,0.710508,0.000000,0.238188,0.029834
2019-10-28,0.713134,0.000000,0.236400,0.029748
2019-10-29,0.715483,0.000000,0.233947,0.028884
2019-10-30,0.717784,0.000000,0.231457,0.029025
2019-10-31,0.719713,0.000000,0.228798,0.029068
2019-11-01,0.720884,0.000000,0.227175,0.029719
2019-11-02,0.722645,0.000000,0.223367,0.029822
2019-11-03,0.723519,0.000000,0.222156,0.029543
2019-11-04,0.724076,0.000000,0.219493,0.029660
2019-11-05,0.724361,0.000000,0.215883,0.029016
2019-11-06,0.723855,0.000000,0.213132,0.028587
2019-11-07,0.724091,0.000000,0.209442,0.029992
2019-11-08,0.723582,0.000000,0.206732,0.028323
2019-11-09,0.722817,0.000000,0.204289,0.028953
2019-11-10,0.722044,0.000000,0.228449,0.028565
2019-11-11,0.720591,0.000000,0.198470,0.028200
2019-11-12,0.719901,0.000000,0.197635,0.028135
2019-11-13,0.718584,0.000000,0.191523,0.028001
2019-11-14,0.717127,0.000000,0.185648,0.028245
2019-11-15,0.715568,0.000000,0.182593,0.032768
2019-11-16,0.713446,0.000000,0.183041,0.028143
2019-11-17,0.712232,0.000000,0.177558,0.027203
2019-11-18,0.710667,0.000000,0.176265,0.026656
2019-11-19,0.709096,0.000000,0.171201,0.026591
2019-11-20,0.707246,0.000000,0.168453,0.027107
2019-11-21,0.704760,0.000000,0.167365,0.026507
2019-11-22,0.703153,0.000000,0.279228,0.025349
2019-11-23,0.700983,0.000000,0.162262,0.025793
2019-11-24,0.698762,0.000000,0.158518,0.027705
2019-11-25,0.696445,0.000000,0.157928,0.025844
2019-11-26,0.693664,0.000000,0.154023,0.026749
2019-11-27,0.691716,0.000000,0.150825,0.026331
2019-11-28,0.689250,0.000000,0.148039,0.026633
2019-11-29,0.686865,0.000000,0.145045,0.026083
2019-11-30,0.684459,0.000000,0.142427,0.026113
2019-12-01,0.681471,0.000000,0.139311,0.025923
2019-12-02,0.679384,0.000000,1.151413,0.026239
2019-12-03,0.676717,0.000000,0.196656,0.025911
2019-12-04,0.674071,0.000000,0.132241,0.026602
2019-12-05,0.671394,0.000000,0.130078,0.025469
2019-12-06,0.668209,0.000000,0.128461,0.026445
2019-12-07,0.665811,0.000000,0.125669,0.025549
2019-12-08,0.662954,0.000000,0.123849,0.025218
2019-12-09,0.659966,0.000000,0.120093,0.024722
2019-12-10,0.657001,0.000000,0.119848,0.026124
2019-12-11,0.653636,0.000000,0.115854,0.024676
2019-12-12,0.651112,0.000000,0.114786,0.024928
2019-12-13,0.648215,0.000000,0.112813,0.025294
2019-12-14,0.645417,0.000000,0.108914,0.025948
2019-12-15,0.642543,0.000000,0.106297,0.026382
2019-12-16,0.639120,0.000000,0.104963,0.025216
2019-12-17,0.636508,0.000000,0.102960,0.025966
2019-12-18,0.633381,0.000000,0.099727,0.024831
2019-12-19,0.630254,0.000000,0.097186,0.027721
2019-12-20,0.627068,0.000000,0.094522,0.024793
2019-12-21,0.623411,0.000000,0.092407,0.025654
2019-12-22,0.620647,0.000000,0.089291,0.025764
2019-12-23,0.617427,0.000000,0.086622,0.025933
2019-12-24,0.614145,0.000000,0.085375,0.024514
2019-12-25,0.610784,0.000000,0.081432,0.027589
2019-12-26,0.607058,0.000000,0.078640,0.025744
2019-12-27,0.604197,0.000000,0.076607,0.024214
2019-12-28,0.600919,0.000000,0.074360,0.027117
2019-12-29,0.597535,0.000000,0.071362,0.026611
2019-12-30,0.594087,0.000000,0.069205,0.024830
2019-12-31,0.590839,0.000000,0.066126,0.025329

