time,MAR_land,MAR_ice,RACMO_land,RACMO_ice
2015-01-01,0.000000,1.157761,0.041568,1.040310
2015-01-02,0.000000,1.177837,0.040780,1.071215
2015-01-03,0.000000,1.180485,0.040775,1.054471
2015-01-04,0.000000,1.164224,0.039987,1.054318
2015-01-05,0.000000,1.127231,0.039982,1.048758
2015-01-06,0.000000,1.124355,0.039193,1.060902
2015-01-07,0.000000,1.128516,0.039193,1.045224
2015-01-08,0.000000,1.161381,0.038572,1.059751
2015-01-09,0.000000,1.172769,0.038226,1.042543
2015-01-10,0.000000,1.163913,0.037780,1.048023
2015-01-11,0.000000,1.123683,0.038713,1.058333
2015-01-12,0.000000,1.124513,0.035880,1.034422
2015-01-13,0.000000,1.124501,0.036814,1.057131
2015-01-14,0.000000,1.123281,0.036022,3.564573
2015-01-15,0.000000,1.122595,0.036022,1.046320
2015-01-16,0.000000,1.122186,0.036957,1.020281
2015-01-17,0.000000,1.122573,0.035230,1.025747
2015-01-18,0.000000,1.122322,0.035006,1.044771
2015-01-19,0.000000,1.122202,0.034437,1.031979
2015-01-20,0.000000,1.121650,0.055227,1.018881
2015-01-21,0.000000,1.121117,0.033645,1.035462
2015-01-22,0.000000,1.121729,0.033645,1.029754
2015-01-23,0.000000,1.149576,0.033026,1.030471
2015-01-24,0.000000,1.186079,0.032852,3.047406
2015-01-25,0.000000,1.229657,0.032457,1.005307
2015-01-26,0.000000,1.138389,0.032061,1.018401
2015-01-27,0.000000,1.252480,0.031665,1.028612
2015-01-28,0.000000,1.327657,0.031664,1.003343
2015-01-29,0.000000,1.342871,0.031268,1.001820
2015-01-30,0.000000,1.203151,0.030872,1.004529
2015-01-31,0.000000,1.330256,0.030477,1.009060
2015-02-01,0.000000,1.292384,0.030474,1.029377
2015-02-02,0.000000,1.121304,0.029687,1.026524
2015-02-03,0.000000,1.224472,0.029684,1.014069
2015-02-04,0.000000,1.194322,0.029338,0.997099
2015-02-05,0.000000,1.122362,0.028894,1.016877
2015-02-06,0.000000,1.121604,0.028891,0.975011
2015-02-07,0.000000,1.121805,0.028099,1.022842
2015-02-08,0.000000,1.122601,0.028275,0.968961
2015-02-09,0.000000,1.121832,0.027926,0.984096
2015-02-10,0.000000,1.120863,0.027310,0.985483
2015-02-11,0.000000,1.120456,0.027308,0.999234
2015-02-12,0.000000,1.121068,0.026961,0.968586
2015-02-13,0.000000,1.121112,0.026520,0.971008
2015-02-14,0.000000,1.121037,0.026515,0.987834
2015-02-15,0.000000,1.120864,0.025947,0.985017
2015-02-16,0.000000,1.116291,0.025725,0.969303
2015-02-17,0.000000,1.116045,0.025552,0.971985
2015-02-18,0.000000,1.117708,0.025328,0.967141
2015-02-19,0.000000,2.759837,0.024932,0.978243
2015-02-20,0.000000,4.304330,0.024538,0.969859
2015-02-21,0.000000,2.859929,0.024143,0.980469
2015-02-22,0.000000,2.630973,0.024141,0.948394
2015-02-23,0.000000,2.079884,0.023573,0.994439
2015-02-24,0.000000,1.835281,0.023522,0.946774
2015-02-25,0.000000,2.619310,0.023351,0.989640
2015-02-26,0.000000,3.161903,0.022560,0.941616
2015-02-27,0.000000,2.636819,0.022557,0.973762
2015-02-28,0.000000,2.625355,0.022560,0.984876
2015-03-01,0.000000,2.621549,0.022163,0.948536
2015-03-02,0.000000,1.949021,0.021374,0.948526
2015-03-03,0.000000,1.798154,0.021765,0.961976
2015-03-04,0.000000,2.586102,0.021370,0.956730
2015-03-05,0.000000,2.622677,0.020755,2.421599
2015-03-06,0.000000,2.621389,0.020974,0.958765
2015-03-07,0.000000,2.622011,0.020356,0.950411
2015-03-08,0.000000,2.622030,0.020186,0.925245
2015-03-09,0.000000,2.726073,0.022842,0.945916
2015-03-10,0.000000,2.868230,0.019394,0.952944
2015-03-11,0.000000,2.412775,0.019788,0.945134
2015-03-12,0.000000,1.892907,0.019169,0.931842
2015-03-13,0.000000,1.890695,0.019219,0.957150
2015-03-14,0.000000,1.874473,0.018775,0.940960
2015-03-15,0.000000,1.876854,0.020643,0.944936
2015-03-16,0.000000,1.857392,0.018600,0.933037
2015-03-17,0.000000,1.707091,0.017985,0.944062
2015-03-18,0.000000,1.838957,0.018204,0.938926
2015-03-19,0.000000,1.864536,0.017414,0.942860
2015-03-20,0.000000,1.870472,0.017810,0.935522
2015-03-21,0.000000,1.879934,0.017413,0.939372
2015-03-22,0.000000,1.878531,0.017019,0.932224
2015-03-23,0.000000,1.864942,0.017019,0.943372
2015-03-24,0.000000,1.875911,0.016845,0.933853
2015-03-25,0.000000,1.872320,0.016621,0.930976
2015-03-26,0.000000,1.868873,0.016449,0.929997
2015-03-27,0.000000,1.867764,0.016227,0.927753
2015-03-28,0.000000,1.796525,0.016054,0.938867
2015-03-29,0.000000,1.595937,0.016054,0.940022
2015-03-30,0.000000,1.573725,0.015658,0.931288
2015-03-31,0.000000,1.753098,0.015658,0.921625
2015-04-01,0.000000,1.845864,0.015262,0.924071
2015-04-02,0.000000,1.845911,0.015262,0.924501
2015-04-03,0.000000,1.843237,0.015434,0.912420
2015-04-04,0.000000,1.840766,0.014693,0.945827
2015-04-05,0.000000,1.740526,0.014693,0.940402
2015-04-06,0.000000,1.817641,0.014866,0.919669
2015-04-07,0.000000,1.863393,0.014469,0.921383
2015-04-08,0.000000,1.874542,0.014299,0.916213
2015-04-09,0.000000,1.868811,0.014246,0.922922
2015-04-10,0.000000,1.863414,0.013951,0.910133
2015-04-11,0.000000,1.859998,0.013852,0.916447
2015-04-12,0.000000,1.888434,0.013507,0.930915
2015-04-13,0.000000,2.187346,0.013679,0.920957
2015-04-14,0.000000,2.337837,0.013506,0.917196
2015-04-15,0.000000,2.397445,0.013554,1.061979
2015-04-16,0.000000,2.437128,0.082900,1.215401
2015-04-17,0.000000,1.897297,0.013454,1.088329
2015-04-18,0.000000,1.879565,0.014881,1.017444
2015-04-19,0.000000,1.878437,0.164549,1.556378
2015-04-20,0.000000,2.246908,0.035008,1.191532
2015-04-21,0.000000,2.934700,0.012319,1.110710
2015-04-22,0.000000,2.770525,0.012541,0.911225
2015-04-23,0.000000,1.847476,0.012147,1.008783
2015-04-24,0.000000,1.596468,0.012317,0.915455
2015-04-25,0.000000,1.555392,0.011923,0.966529
2015-04-26,0.000000,1.761439,0.011751,0.906463
2015-04-27,0.000000,1.842270,0.011921,0.911068
2015-04-28,0.000000,1.673908,0.011577,0.917231
2015-04-29,0.000000,1.815704,0.011921,0.890988
2015-04-30,0.000000,1.857588,0.011133,0.923829
2015-05-01,0.000000,1.864621,0.011354,0.892765
2015-05-02,0.000000,1.860039,0.011354,0.905951
2015-05-03,0.000000,1.871113,0.011130,0.888716
2015-05-04,0.000000,1.869994,0.010787,0.940713
2015-05-05,0.000000,1.808494,0.011129,1.046248
2015-05-06,0.000000,1.808476,0.022748,1.923334
2015-05-07,0.000000,1.548036,0.018156,1.053883
2015-05-08,0.000000,1.530503,0.019856,1.034009
2015-05-09,0.000000,1.529215,0.019116,1.111886
2015-05-10,0.000000,1.529187,0.023183,1.191294
2015-05-11,0.000000,1.528627,0.031427,1.257333
2015-05-12,0.000000,1.529497,0.035018,1.040941
2015-05-13,0.000000,1.529329,0.027203,0.969631
2015-05-14,0.000000,1.527299,0.024987,1.223465
2015-05-15,0.000000,1.527260,0.529657,2.049855
2015-05-16,1.282697,2.076390,0.640603,2.416636
2015-05-17,7.854988,5.498059,0.807356,2.455538
2015-05-18,5.363571,5.533217,0.510508,2.153256
2015-05-19,0.325227,3.040686,0.009375,0.899322
2015-05-20,0.296320,1.556500,0.012699,1.082017
2015-05-21,2.692786,2.189686,0.025216,1.940715
2015-05-22,1.826793,2.985549,0.064420,1.478974
2015-05-23,7.910093,7.426398,0.202562,3.898250
2015-05-24,3.750864,7.757320,0.168970,2.448033
2015-05-25,1.105580,4.121823,0.015512,1.081770
2015-05-26,5.225216,4.985507,0.423744,2.871141
2015-05-27,7.458053,9.249436,0.608145,2.331198
2015-05-28,4.255609,7.126370,0.567062,1.990847
2015-05-29,1.242238,4.408487,0.033590,2.087123
2015-05-30,0.194655,1.987985,0.009563,1.117708
2015-05-31,0.817149,1.585852,0.027279,2.573577
2015-06-01,1.743072,1.904072,0.027263,2.283359
2015-06-02,5.410096,4.183376,0.351783,2.769098
2015-06-03,5.488725,7.048459,0.357291,2.566356
2015-06-04,8.287712,8.459641,1.063001,1.955777
2015-06-05,10.243875,9.438956,1.052628,1.753228
2015-06-06,11.507104,9.592331,0.939751,1.808738
2015-06-07,17.509178,10.530093,1.725057,4.894625
2015-06-08,22.199880,16.872495,2.049094,13.608932
2015-06-09,21.667161,19.719994,1.599014,8.641051
2015-06-10,28.283978,29.825940,2.192365,20.248539
2015-06-11,20.912342,25.929332,1.784967,11.530215
2015-06-12,18.352524,21.238228,1.608951,8.642972
2015-06-13,26.759561,28.383795,1.946883,10.698924
2015-06-14,28.431822,36.659021,2.220409,11.616898
2015-06-15,21.347056,35.144196,3.100412,14.299273
2015-06-16,25.076948,34.098457,2.080737,19.400752
2015-06-17,57.556011,77.472760,3.121317,27.640598
2015-06-18,34.883763,72.522425,2.227271,47.876358
2015-06-19,39.596145,79.494835,2.382063,55.556468
2015-06-20,42.506254,82.878561,2.412054,68.506395
2015-06-21,44.702645,92.537524,2.631726,81.365340
2015-06-22,44.686538,102.871253,2.452235,92.570145
2015-06-23,47.242489,115.452582,2.602355,102.687825
2015-06-24,52.877623,133.993583,2.882326,129.766023
2015-06-25,66.159751,160.503898,3.313794,158.802958
2015-06-26,86.985206,193.034554,3.475969,179.101192
2015-06-27,115.819803,315.734456,3.785998,243.428959
2015-06-28,104.293048,396.643797,3.833904,241.748793
2015-06-29,65.086569,303.679688,3.294166,183.885582
2015-06-30,57.169591,231.267680,3.373123,176.274980
2015-07-01,67.539156,248.764869,3.822548,188.184378
2015-07-02,78.894081,289.239624,3.982381,226.225726
2015-07-03,74.513254,304.677880,4.488460,222.921581
2015-07-04,76.214500,309.575072,3.892284,186.583858
2015-07-05,119.685798,410.594208,4.464992,292.591543
2015-07-06,112.579994,542.918341,4.317136,292.923377
2015-07-07,82.331222,406.982010,4.165333,273.582522
2015-07-08,87.260006,362.752983,3.981921,264.448161
2015-07-09,77.394711,336.924051,3.458840,263.936199
2015-07-10,63.311674,292.189716,2.644503,228.696904
2015-07-11,71.638844,288.479385,2.731174,175.545188
2015-07-12,44.987818,231.319762,4.320995,180.874229
2015-07-13,85.978532,325.966296,5.640682,207.660298
2015-07-14,64.445179,318.954372,2.844824,296.921263
2015-07-15,97.874065,379.832058,2.420536,335.008622
2015-07-16,118.852245,457.867151,2.722463,362.632955
2015-07-17,83.804557,436.104161,3.016551,350.136991
2015-07-18,75.665222,406.276967,3.277587,369.125631
2015-07-19,65.838272,406.023189,3.018514,339.011217
2015-07-20,57.876662,370.116610,2.832331,311.398252
2015-07-21,45.080692,304.473549,2.856820,282.586446
2015-07-22,49.296244,275.732665,2.248457,255.944940
2015-07-23,35.649244,237.813176,2.342925,240.399672
2015-07-24,28.464983,209.738433,1.734234,154.237187
2015-07-25,15.675364,162.760034,2.106967,168.418270
2015-07-26,15.044976,143.629425,2.348934,201.435759
2015-07-27,11.647394,138.405219,1.984610,197.286230
2015-07-28,16.115761,162.027735,2.374387,205.724602
2015-07-29,13.680368,163.431334,2.017929,173.356756
2015-07-30,16.460142,174.469797,2.034877,179.081838
2015-07-31,17.284952,180.115056,2.411548,170.327473
2015-08-01,37.316139,286.144451,2.841958,244.429549
2015-08-02,55.420646,391.371259,3.166735,337.301676
2015-08-03,33.808424,317.980523,3.129007,336.416011
2015-08-04,39.185399,266.457853,2.611602,243.376460
2015-08-05,27.076658,232.404553,2.902173,197.507864
2015-08-06,24.989939,198.922402,2.310725,158.038941
2015-08-07,28.232608,242.357766,3.092813,191.511578
2015-08-08,12.054217,188.892346,3.136662,162.832358
2015-08-09,12.667353,136.180946,2.510475,124.070056
2015-08-10,9.191976,112.548001,2.629975,101.543433
2015-08-11,11.219692,113.216042,2.417946,113.762926
2015-08-12,5.586795,131.562700,4.795480,147.816824
2015-08-13,23.552483,230.846752,5.174947,200.826075
2015-08-14,15.658626,222.038817,1.338129,118.888483
2015-08-15,13.314103,203.271234,1.365416,142.250137
2015-08-16,13.828887,182.851330,2.039320,182.825418
2015-08-17,12.704925,135.170401,2.023044,164.885639
2015-08-18,10.946638,134.939806,1.320218,113.239817
2015-08-19,5.746699,111.968899,1.151940,85.880531
2015-08-20,6.030009,120.251581,1.532543,101.935206
2015-08-21,4.011765,106.938772,1.003404,46.377785
2015-08-22,8.717862,122.482468,1.722347,182.511970
2015-08-23,5.086646,115.426421,1.377598,83.644765
2015-08-24,12.283700,149.247529,1.453126,142.406753
2015-08-25,39.848275,315.712807,3.235998,219.351748
2015-08-26,52.038186,447.968208,4.230169,250.042728
2015-08-27,26.754481,398.465291,1.367428,218.491102
2015-08-28,2.583526,147.656851,1.133240,115.249850
2015-08-29,9.188523,112.305135,0.969019,113.852027
2015-08-30,21.096776,171.065707,1.694809,144.319419
2015-08-31,24.459187,261.640334,1.751272,140.939645
2015-09-01,3.743867,179.418615,1.231231,76.113150
2015-09-02,31.995195,105.818588,2.874487,91.123840
2015-09-03,1.478251,69.831121,0.609712,45.575074
2015-09-04,26.273964,71.768707,1.590354,70.149431
2015-09-05,9.723972,153.521130,2.122969,105.207756
2015-09-06,44.444211,241.547925,3.841624,167.416147
2015-09-07,41.085059,404.478618,6.190281,256.335366
2015-09-08,59.877920,361.384814,5.937710,180.152455
2015-09-09,118.886186,635.651105,11.410346,295.495951
2015-09-10,65.961779,490.885095,4.233199,205.090046
2015-09-11,23.628956,310.617303,1.726866,77.632380
2015-09-12,0.812446,88.903208,0.134146,18.495576
2015-09-13,0.109844,37.453936,0.120605,19.543558
2015-09-14,0.022451,22.535334,0.189741,14.169839
2015-09-15,0.080643,19.370360,0.128103,24.491691
2015-09-16,0.009076,17.392106,0.126007,16.067952
2015-09-17,0.009094,10.699411,0.157965,19.619348
2015-09-18,0.008291,8.924425,0.264988,13.305452
2015-09-19,25.059481,18.210087,1.247507,22.196267
2015-09-20,30.638564,156.881747,2.649340,45.640981
2015-09-21,1.380084,71.439641,1.252032,33.070773
2015-09-22,23.278373,65.905526,2.122444,64.556864
2015-09-23,5.846464,69.115887,1.036848,50.304825
2015-09-24,7.132206,39.030383,0.928552,39.287397
2015-09-25,14.435433,22.107017,0.469678,23.906685
2015-09-26,3.667822,18.747063,0.359867,11.886172
2015-09-27,1.486034,6.821149,0.177287,7.866088
2015-09-28,2.436365,7.315803,0.144204,2.708531
2015-09-29,0.322829,5.750622,0.144396,1.577057
2015-09-30,0.189860,5.602579,0.141566,1.662593
2015-10-01,0.006717,5.598372,0.141790,1.610717
2015-10-02,0.000646,5.596548,0.141399,1.555239
2015-10-03,0.001403,5.593756,0.140509,1.563536
2015-10-04,0.000353,5.587786,0.144277,1.558758
2015-10-05,0.000929,5.557058,0.148882,1.545597
2015-10-06,3.512331,6.050275,0.384997,2.992987
2015-10-07,6.415715,9.798619,0.472153,9.277564
2015-10-08,3.652653,10.475329,0.266007,2.720653
2015-10-09,0.720856,6.855337,0.126946,1.531231
2015-10-10,0.127678,5.418030,0.127921,1.518265
2015-10-11,0.049617,5.401800,0.122906,1.548802
2015-10-12,0.014547,5.404029,0.118607,1.521568
2015-10-13,0.013676,5.402938,0.115721,1.496966
2015-10-14,0.002003,5.403124,0.112883,1.517665
2015-10-15,0.000624,5.400783,0.134625,1.577663
2015-10-16,0.000005,5.395621,0.742056,1.476596
2015-10-17,7.473834,9.127156,1.034158,5.591884
2015-10-18,0.279191,6.283633,0.102940,1.461744
2015-10-19,0.298786,4.957752,0.099929,1.457720
2015-10-20,0.186873,4.668750,0.097487,1.459488
2015-10-21,0.133387,4.665406,0.095537,1.440217
2015-10-22,0.066998,4.667679,0.093317,1.453612
2015-10-23,0.026516,4.228763,0.091539,1.441474
2015-10-24,0.000000,3.996060,0.089148,1.447691
2015-10-25,0.000000,3.993588,0.087419,1.418408
2015-10-26,0.000000,3.982887,0.085421,1.430315
2015-10-27,0.000000,3.976024,0.083644,1.430847
2015-10-28,0.010837,3.973947,0.231796,1.484771
2015-10-29,15.074703,7.487741,2.235564,10.221118
2015-10-30,14.592283,24.899005,0.470388,5.062746
2015-10-31,0.002801,5.805316,0.076807,1.408828
2015-11-01,0.004012,3.962322,0.075529,1.385441
2015-11-02,0.023081,3.951737,0.074364,1.390110
2015-11-03,0.038714,3.952710,0.073080,1.365577
2015-11-04,0.035093,3.953921,0.071748,1.372446
2015-11-05,0.021810,5.085448,0.070860,1.366259
2015-11-06,0.002919,6.756133,0.070046,1.362173
2015-11-07,0.002711,6.856289,0.372736,1.357124
2015-11-08,0.000000,6.853975,0.067700,1.343563
2015-11-09,0.000000,6.853140,0.066812,1.350855
2015-11-10,0.000000,6.852066,0.066403,1.347768
2015-11-11,0.000000,6.846751,0.064814,1.341350
2015-11-12,0.000000,6.848354,0.063923,1.363783
2015-11-13,0.000334,6.848111,0.063034,1.341417
2015-11-14,0.000000,6.848169,0.060996,1.334890
2015-11-15,0.000000,6.237195,0.061257,1.332554
2015-11-16,0.000000,6.739873,0.060145,1.338982
2015-11-17,0.000000,5.114061,0.059307,1.331488
2015-11-18,0.000000,4.062005,0.058639,1.325150
2015-11-19,0.000000,5.415251,0.057527,1.333325
2015-11-20,0.000020,6.193561,0.056689,1.315225
2015-11-21,0.000409,6.193626,0.056194,1.315607
2015-11-22,0.000000,6.195136,0.285079,1.308628
2015-11-23,0.000011,6.196130,0.060945,1.312127
2015-11-24,0.000023,6.696071,0.053797,1.312822
2015-11-25,0.000093,7.224376,0.052566,1.307569
2015-11-26,0.000085,7.301478,0.052291,1.299554
2015-11-27,0.000000,6.289023,0.051229,1.296722
2015-11-28,0.000026,5.668110,0.050785,1.305245
2015-11-29,0.000123,5.781227,0.050117,1.282392
2015-11-30,0.000000,7.144492,0.049277,1.273618
2015-12-01,0.000011,6.635825,0.048661,1.725099
2015-12-02,0.000044,6.715452,0.049048,1.291418
2015-12-03,0.000080,7.159921,0.046044,1.270872
2015-12-04,0.000282,7.107309,0.047988,1.284474
2015-12-05,0.000000,6.816556,0.046039,1.248036
2015-12-06,0.000000,6.020648,0.044486,1.283500
2015-12-07,0.000000,7.134479,0.044755,1.253669
2015-12-08,0.000000,7.187246,0.045245,1.268975
2015-12-09,0.000000,7.187917,0.043690,1.261258
2015-12-10,0.000000,7.176888,0.043073,1.251937
2015-12-11,0.000000,7.020100,0.041521,1.234308
2015-12-12,0.000000,4.852679,0.041737,1.268569
2015-12-13,0.000000,4.785752,0.041393,1.262459
2015-12-14,0.000000,6.796208,0.042226,1.245997
2015-12-15,0.000000,7.035224,0.040278,1.225874
2015-12-16,0.000000,6.939947,0.039883,1.232959
2015-12-17,0.000000,5.177163,0.039216,1.235667
2015-12-18,0.000000,4.288995,0.038991,1.231688
2015-12-19,0.000000,4.159849,0.038374,1.234993
2015-12-20,0.000000,3.838829,0.037978,1.225631
2015-12-21,0.000000,3.966833,0.037309,1.226055
2015-12-22,0.000000,4.126129,0.035807,1.266203
2015-12-23,0.000000,4.192380,0.036689,1.208925
2015-12-24,0.000000,3.968284,0.035901,1.239038
2015-12-25,0.000000,3.345615,0.035801,1.208969
2015-12-26,0.000000,3.990693,0.035007,1.195828
2015-12-27,0.000000,4.168216,0.035722,1.215408
2015-12-28,0.000000,4.158497,0.033059,1.233360
2015-12-29,0.000000,4.205099,0.034215,1.194303
2015-12-30,0.000000,2.916180,0.033327,1.221572
2015-12-31,0.000000,2.624767,0.033868,1.200663
2016-01-01,0.000000,1.888495,0.032536,1.202809
2016-01-02,0.000000,1.889391,0.032481,1.188132
2016-01-03,0.000000,1.889441,0.031695,1.197730
2016-01-04,0.000000,1.889344,0.031469,1.187100
2016-01-05,0.000000,1.889200,0.031024,1.188779
2016-01-06,0.000000,1.888012,0.030850,1.172434
2016-01-07,0.000000,1.888453,0.030455,1.170444
2016-01-08,0.000000,1.888476,0.030010,1.151960
2016-01-09,0.000000,1.886617,0.029613,1.165385
2016-01-10,0.000000,1.886152,0.029612,1.154666
2016-01-11,0.000000,1.885552,0.028995,1.158059
2016-01-12,0.000000,1.886530,0.028548,1.147128
2016-01-13,0.000000,1.886495,0.028376,1.156840
2016-01-14,0.000000,1.885590,0.028375,1.155886
2016-01-15,0.000000,1.885596,0.027141,1.150878
2016-01-16,0.000000,1.884704,0.027926,1.157930
2016-01-17,0.000000,1.885679,0.027138,1.172768
2016-01-18,0.000000,6.930164,0.026346,1.140026
2016-01-19,0.000000,2.717434,0.026690,1.149819
2016-01-20,0.000000,2.056206,0.035234,1.172959
2016-01-21,0.000000,2.082158,0.053471,1.127327
2016-01-22,0.000000,2.132573,0.284753,1.165481
2016-01-23,0.000000,2.159468,0.156789,1.136491
2016-01-24,0.000000,2.175005,0.025056,1.138683
2016-01-25,0.000000,2.180340,0.024662,1.125916
2016-01-26,0.000000,2.181484,0.024266,2.611317
2016-01-27,0.000000,2.182053,0.024043,1.128224
2016-01-28,0.000000,2.175697,0.023647,1.125222
2016-01-29,0.000000,2.168234,0.023251,1.127611
2016-01-30,0.000000,2.164186,0.023028,1.116057
2016-01-31,0.000000,2.155880,0.022804,1.115423
2016-02-01,0.000000,2.144526,0.022632,1.116896
2016-02-02,0.000000,2.143090,0.022187,1.120357
2016-02-03,0.000000,2.142500,0.021841,1.106388
2016-02-04,0.000000,2.140286,0.022011,1.117309
2016-02-05,0.000000,2.140068,0.021566,1.119095
2016-02-06,0.000000,2.143166,0.021394,1.118960
2016-02-07,0.000000,2.151062,0.020604,1.118323
2016-02-08,0.000000,2.157001,0.020998,1.103127
2016-02-09,0.000000,2.158729,0.020551,1.102584
2016-02-10,0.000000,2.150349,0.020207,1.098153
2016-02-11,0.000000,2.141708,0.020155,1.088451
2016-02-12,0.000000,2.145172,0.019587,1.081060
2016-02-13,0.000000,2.143356,0.019537,1.084142
2016-02-14,0.000000,2.138022,0.019364,1.107587
2016-02-15,0.000000,2.132690,0.018574,1.098170
2016-02-16,0.000000,2.133133,0.018918,1.129219
2016-02-17,0.000000,2.145988,0.018571,1.096018
2016-02-18,0.000000,2.156889,0.018127,1.076814
2016-02-19,0.000062,2.160486,0.018127,1.089752
2016-02-20,0.000000,2.162177,0.017779,1.067770
2016-02-21,0.000000,2.163525,0.017335,1.075857
2016-02-22,0.000000,2.164516,0.017284,1.086339
2016-02-23,0.000000,2.170459,0.016938,1.068223
2016-02-24,0.000000,2.047096,0.017110,1.063089
2016-02-25,0.000000,2.035708,0.016320,1.069517
2016-02-26,0.000000,2.032596,0.016320,1.069490
2016-02-27,0.000000,2.032279,0.016095,1.054787
2016-02-28,0.000000,2.058728,0.016097,1.063950
2016-02-29,0.000000,2.133648,0.015527,1.061356
2016-03-01,0.000000,2.152456,0.015305,1.041468
2016-03-02,0.000000,2.151664,0.015305,1.041468
2016-03-03,0.000000,2.128379,0.015302,1.053923
2016-03-04,0.000000,2.116696,0.014686,1.044986
2016-03-05,0.000000,2.118142,0.014686,1.037424
2016-03-06,0.000000,2.124307,0.014511,1.048554
2016-03-07,0.000000,2.136332,0.014070,1.051290
2016-03-08,0.000000,2.133554,0.023363,1.045279
2016-03-09,0.000000,2.139276,0.014074,1.042299
2016-03-10,0.000000,2.148746,0.014115,1.047021
2016-03-11,0.000000,2.149394,0.013670,1.032493
2016-03-12,0.000000,2.148338,0.013275,1.041671
2016-03-13,0.000000,2.140703,0.013496,1.018962
2016-03-14,0.000000,2.130832,0.013740,1.013065
2016-03-15,0.000000,2.129772,0.013100,1.010005
2016-03-16,0.000000,2.123601,0.012880,1.013579
2016-03-17,0.000000,2.119681,0.261695,1.306116
2016-03-18,0.000000,2.117285,0.335184,1.148643
2016-03-19,0.000000,2.116905,0.037424,1.022765
2016-03-20,0.000000,2.128224,0.013713,1.033551
2016-03-21,0.000000,2.132853,0.011693,1.005950
2016-03-22,0.000000,2.131207,0.012478,1.019728
2016-03-23,0.000000,2.125110,0.011690,1.020228
2016-03-24,0.000000,2.120359,0.011159,1.015008
2016-03-25,0.000000,2.113915,0.011517,1.007749
2016-03-26,0.000000,2.108651,0.011466,0.994485
2016-03-27,0.000000,2.100843,0.011516,0.992980
2016-03-28,0.000000,2.092433,0.011466,1.016539
2016-03-29,0.000000,2.081076,0.011120,0.988187
2016-03-30,0.000000,2.068823,0.011070,1.000321
2016-03-31,0.000000,2.062385,0.010897,1.003884
2016-04-01,0.000000,2.059523,0.010897,1.001487
2016-04-02,0.000000,2.068305,0.010675,1.000770
2016-04-03,0.000000,2.080077,0.010673,1.006506
2016-04-04,0.000000,2.090839,0.010551,1.099880
2016-04-05,0.000000,2.097535,0.010895,0.989204
2016-04-06,0.000000,2.096356,0.010105,1.012023
2016-04-07,0.000000,2.098088,0.010277,0.997191
2016-04-08,0.000000,2.097808,0.009882,1.099520
2016-04-09,0.000000,2.096351,0.010104,1.015276
2016-04-10,0.000000,2.094483,0.014750,3.473192
2016-04-11,0.000000,2.092742,0.201889,2.344867
2016-04-12,0.000000,2.106176,0.513190,1.791592
2016-04-13,0.000000,2.205293,0.152534,2.249743
2016-04-14,0.000000,2.332761,0.049853,2.281433
2016-04-15,0.000000,2.264819,0.151600,2.593985
2016-04-16,0.000000,2.195005,0.016266,1.019256
2016-04-17,0.000000,2.141929,0.011548,0.992224
2016-04-18,0.000000,2.127936,0.035106,1.470092
2016-04-19,0.000000,2.123367,0.009311,1.022817
2016-04-20,0.000000,2.120485,0.023377,0.967368
2016-04-21,0.000000,2.118257,0.037155,1.044572
2016-04-22,0.000000,2.116785,0.106917,1.004854
2016-04-23,0.000000,2.116218,0.822111,3.014908
2016-04-24,0.065721,2.367299,0.737036,2.265915
2016-04-25,0.365098,2.330150,0.102068,2.615475
2016-04-26,1.476657,2.244910,0.433265,2.459612
2016-04-27,0.270229,2.199005,0.287721,2.688236
2016-04-28,0.326334,2.123777,0.348999,2.224993
2016-04-29,0.329886,2.126748,0.305575,2.285427
2016-04-30,0.386755,2.147531,0.321008,1.403393
2016-05-01,5.567932,2.434831,0.521461,1.455959
2016-05-02,7.468692,2.627170,0.689446,1.867951
2016-05-03,3.175655,2.947397,0.477182,1.805036
2016-05-04,5.201301,3.763942,0.885435,1.786029
2016-05-05,7.559283,5.092165,0.988371,1.842429
2016-05-06,7.477557,6.171656,0.823487,2.078905
2016-05-07,2.039109,4.474247,0.811672,1.864534
2016-05-08,1.565703,2.943453,0.645511,2.032656
2016-05-09,11.153091,5.713830,1.746121,2.509871
2016-05-10,32.890823,19.296714,2.898786,1.544852
2016-05-11,22.120638,31.227221,1.985466,1.678841
2016-05-12,14.116307,14.906065,2.272720,1.518215
2016-05-13,16.310992,15.096344,1.730576,1.715892
2016-05-14,29.662852,29.869311,2.694126,1.571441
2016-05-15,39.158384,60.013008,2.873729,1.487776
2016-05-16,11.790607,37.168493,1.702000,2.592346
2016-05-17,18.399947,22.442250,2.240063,1.874769
2016-05-18,5.521365,14.453744,1.455980,3.978231
2016-05-19,5.091575,6.184339,2.004826,2.759960
2016-05-20,6.416897,6.036551,2.578325,2.155323
2016-05-21,5.113302,6.621183,0.767784,3.549884
2016-05-22,2.850604,5.188044,0.405046,1.360049
2016-05-23,3.217968,4.961893,0.515471,2.066713
2016-05-24,15.965978,10.555225,1.055121,2.758718
2016-05-25,25.024482,28.174560,0.987976,12.750793
2016-05-26,13.232753,19.921555,0.502396,13.520175
2016-05-27,7.815478,10.298876,0.348024,3.899244
2016-05-28,16.170937,10.162395,0.661246,8.122126
2016-05-29,3.924571,8.677353,0.643229,7.498366
2016-05-30,5.143502,8.124985,0.648893,11.740597
2016-05-31,1.857316,5.125030,0.467594,6.957295
2016-06-01,6.328015,10.201420,1.203940,13.050863
2016-06-02,24.739783,25.381216,2.966829,11.023864
2016-06-03,50.305594,78.516968,3.064496,19.581555
2016-06-04,50.885011,123.856535,2.074658,37.021742
2016-06-05,25.698809,102.876874,2.020874,43.501024
2016-06-06,31.414656,94.361163,2.048275,58.518905
2016-06-07,31.623291,108.048952,1.972011,55.699588
2016-06-08,40.166874,121.432207,2.526825,79.341437
2016-06-09,56.923079,167.350247,4.136200,92.463031
2016-06-10,85.819927,232.802350,3.856955,73.135605
2016-06-11,120.569744,365.365886,3.866031,103.514827
2016-06-12,73.833929,278.554202,2.881729,166.966978
2016-06-13,63.441365,242.222310,3.294619,188.341761
2016-06-14,67.195729,254.121614,3.430321,197.273759
2016-06-15,30.765217,187.065844,2.562940,130.500344
2016-06-16,31.844795,142.128422,2.925068,178.923227
2016-06-17,30.926782,134.967816,3.198573,181.965972
2016-06-18,53.996677,200.986306,5.169415,224.256594
2016-06-19,66.944913,304.489892,6.160066,249.050009
2016-06-20,71.045824,339.069197,3.928104,256.448390
2016-06-21,58.741308,352.168147,3.399445,273.494272
2016-06-22,63.078059,337.956685,4.005848,289.449828
2016-06-23,63.933423,354.547193,4.692200,312.642171
2016-06-24,71.092309,419.559417,3.386884,349.392839
2016-06-25,58.228017,383.735827,3.271535,323.557424
2016-06-26,80.887005,486.909907,3.162136,360.349754
2016-06-27,130.648070,838.997830,7.307350,413.198159
2016-06-28,65.949515,658.607774,4.195389,426.978922
2016-06-29,52.247881,463.075861,2.301314,291.465264
2016-06-30,53.757104,420.492558,2.352178,273.918794
2016-07-01,50.110684,431.203207,2.843703,341.945786
2016-07-02,47.138809,431.927048,2.935021,347.973291
2016-07-03,46.908156,421.213779,2.785229,336.745237
2016-07-04,50.429639,408.831726,2.786181,319.545622
2016-07-05,53.919521,425.018649,2.932222,304.039799
2016-07-06,36.905626,404.235228,2.942773,312.330356
2016-07-07,40.732482,382.619858,2.784423,329.389445
2016-07-08,46.913371,409.159856,2.926308,335.732473
2016-07-09,34.581698,394.766294,3.133921,340.196587
2016-07-10,31.299295,369.425998,2.984088,326.271218
2016-07-11,42.998169,376.405424,2.594284,310.431079
2016-07-12,55.561448,431.625131,3.524165,400.775905
2016-07-13,45.508369,459.647578,4.545749,336.449631
2016-07-14,24.429254,426.705010,2.610093,373.013554
2016-07-15,45.035735,572.848352,2.784967,492.623359
2016-07-16,35.258805,576.180797,1.930820,350.371414
2016-07-17,35.761063,457.795300,1.651492,325.090222
2016-07-18,34.729128,437.757909,2.077639,332.026766
2016-07-19,37.416579,449.864447,2.683352,376.926059
2016-07-20,44.364652,457.716650,2.086991,354.445871
2016-07-21,80.107192,595.668279,2.302268,401.199785
2016-07-22,61.966131,606.963908,2.978272,406.901886
2016-07-23,55.908865,584.319237,2.338206,357.110015
2016-07-24,47.540154,527.893270,2.545347,335.126403
2016-07-25,47.267365,524.463367,2.731723,384.395483
2016-07-26,45.273545,500.019065,2.659352,378.074475
2016-07-27,49.679143,508.079064,2.532750,357.440123
2016-07-28,40.496902,494.662832,2.500539,343.203218
2016-07-29,34.305919,416.478287,2.400004,276.964428
2016-07-30,26.573880,335.562973,2.602189,262.082536
2016-07-31,24.476923,322.376749,2.428480,213.317918
2016-08-01,13.525622,309.079075,2.138994,205.484085
2016-08-02,14.552628,284.554019,2.196550,188.023949
2016-08-03,12.450217,254.106945,2.041768,196.188413
2016-08-04,16.160153,259.928643,2.180455,209.557205
2016-08-05,19.928514,292.386683,2.402448,225.248106
2016-08-06,20.113188,353.784290,2.623696,286.332952
2016-08-07,25.413383,386.763384,2.602886,301.230425
2016-08-08,15.512601,376.772725,2.556373,263.604937
2016-08-09,6.788431,269.912165,2.497954,187.853459
2016-08-10,15.748043,276.110185,2.370145,236.239410
2016-08-11,13.370033,368.635196,2.326993,202.950834
2016-08-12,15.272889,366.912161,2.221143,270.543659
2016-08-13,9.258236,343.747281,2.107893,193.499500
2016-08-14,3.423915,273.377110,2.610818,168.738428
2016-08-15,19.515733,545.873543,6.911642,379.993287
2016-08-16,62.139365,650.990013,11.790643,398.892880
2016-08-17,34.840474,607.326810,4.488161,255.788324
2016-08-18,30.983685,375.321226,3.156648,190.648350
2016-08-19,8.423698,238.056382,1.006495,186.475748
2016-08-20,5.868134,205.754735,1.305573,175.501710
2016-08-21,7.444599,202.670071,1.763930,251.511995
2016-08-22,17.072914,289.632756,1.164678,192.687090
2016-08-23,10.617714,298.211067,0.992016,152.739981
2016-08-24,8.753888,267.148852,1.379306,165.905828
2016-08-25,13.162669,259.154411,1.870820,232.793186
2016-08-26,3.815007,282.395705,1.496904,172.977451
2016-08-27,3.290966,131.671409,1.192107,79.624889
2016-08-28,0.327232,74.895551,1.100019,99.324807
2016-08-29,0.253699,84.928139,1.240365,67.632744
2016-08-30,0.263412,159.701358,1.891784,119.749909
2016-08-31,0.108464,110.887704,1.018884,56.923809
2016-09-01,0.020597,100.698061,0.961129,55.876124
2016-09-02,0.011872,89.111105,0.811916,56.277027
2016-09-03,0.005813,60.463524,0.539829,48.809135
2016-09-04,0.013176,42.043803,1.012564,58.124906
2016-09-05,0.929392,48.935449,0.619647,56.307005
2016-09-06,0.003953,44.931713,0.770981,41.838926
2016-09-07,0.003465,33.598372,0.827258,43.028055
2016-09-08,11.504611,104.109723,4.396290,59.640128
2016-09-09,25.227593,192.536551,2.833094,88.493277
2016-09-10,17.652422,187.898286,3.310350,117.619004
2016-09-11,0.975169,113.546992,0.171358,55.572004
2016-09-12,0.000295,93.204080,0.061317,42.596281
2016-09-13,0.000303,57.200527,0.117379,44.708198
2016-09-14,0.000438,50.530309,0.672436,16.325597
2016-09-15,4.753633,104.511997,3.034907,70.174305
2016-09-16,3.378329,159.726138,3.143584,93.192627
2016-09-17,10.233046,78.297144,0.675645,48.131894
2016-09-18,0.044423,31.412303,0.179467,8.609947
2016-09-19,0.521891,19.747162,0.251180,18.614532
2016-09-20,0.665606,17.230536,0.154980,11.624272
2016-09-21,1.701060,11.048990,0.028364,15.843220
2016-09-22,0.316276,9.749341,0.028190,4.509248
2016-09-23,0.760275,28.491007,0.031463,15.708031
2016-09-24,5.628061,59.326518,0.113016,20.835268
2016-09-25,0.000010,23.032186,0.026681,19.735620
2016-09-26,0.000012,11.333609,0.026114,20.238675
2016-09-27,0.000005,10.704299,0.025892,18.603801
2016-09-28,0.000154,9.279565,0.025447,3.691239
2016-09-29,0.636914,8.180111,0.026430,2.045708
2016-09-30,2.589774,8.165899,0.025714,9.805011
2016-10-01,0.170073,7.816897,0.026698,1.405883
2016-10-02,0.004671,7.600435,0.095614,9.279788
2016-10-03,38.351345,26.065884,2.708461,25.424819
2016-10-04,54.522870,129.307231,3.179088,37.122142
2016-10-05,45.521696,82.009760,3.384624,41.796247
2016-10-06,40.023059,106.635318,3.678282,50.365992
2016-10-07,35.681957,121.076191,6.750319,88.302792
2016-10-08,38.311869,145.692318,4.099959,69.491441
2016-10-09,41.669496,144.087533,1.614581,25.750513
2016-10-10,0.208645,35.645183,0.866627,17.378115
2016-10-11,7.571454,14.612648,0.672771,20.098480
2016-10-12,4.669018,27.817868,0.730222,16.032441
2016-10-13,17.615162,57.310429,0.767726,9.276648
2016-10-14,0.240090,17.667981,0.125857,2.093867
2016-10-15,0.142088,8.103409,0.109621,1.298595
2016-10-16,1.962888,8.244203,1.191054,18.664944
2016-10-17,0.110662,7.968811,0.382103,10.264584
2016-10-18,0.571306,6.834560,0.068242,2.144182
2016-10-19,21.768501,11.299896,2.251858,25.933640
2016-10-20,18.516901,44.302770,0.779895,16.661729
2016-10-21,11.389494,16.101267,0.566147,15.412986
2016-10-22,2.857625,17.892563,0.123181,6.722612
2016-10-23,5.107643,10.561455,0.109633,2.295920
2016-10-24,0.171771,7.799393,0.116025,1.246083
2016-10-25,0.097942,6.582168,0.123599,1.230846
2016-10-26,0.440902,6.438213,0.137373,1.266982
2016-10-27,0.005333,6.413778,0.128763,1.231358
2016-10-28,0.014907,6.366980,0.129283,1.209773
2016-10-29,0.012967,6.358557,0.151425,1.225916
2016-10-30,0.648103,6.330354,0.450662,1.239197
2016-10-31,0.017871,6.254092,0.129732,1.247222
2016-11-01,0.025839,6.250663,0.140642,1.234674
2016-11-02,0.024940,6.232827,0.151560,1.219173
2016-11-03,0.100079,6.226172,0.165736,1.198722
2016-11-04,0.013561,5.780814,0.127790,1.231286
2016-11-05,0.012854,5.581866,0.369189,1.256439
2016-11-06,0.012702,5.595874,0.424046,1.208723
2016-11-07,0.004045,6.134082,0.143030,1.214466
2016-11-08,0.000000,6.446532,0.122661,1.217509
2016-11-09,0.000000,6.445670,0.122437,1.196160
2016-11-10,0.000000,6.446532,0.120294,1.214116
2016-11-11,0.000000,6.426168,0.118965,1.215610
2016-11-12,0.000000,6.299707,0.117086,1.182858
2016-11-13,0.000000,5.886839,0.115095,1.199382
2016-11-14,0.000000,5.885530,0.114203,1.206268
2016-11-15,0.000000,5.866160,0.112994,3.094147
2016-11-16,0.000000,4.484451,0.111442,1.203174
2016-11-17,0.000000,4.125903,0.109836,1.198010
2016-11-18,0.000000,3.785853,0.108061,1.187821
2016-11-19,0.000000,3.521389,0.106507,1.193264
2016-11-20,0.000000,3.490214,0.104903,1.178107
2016-11-21,0.000000,3.487834,0.103349,1.196448
2016-11-22,0.000000,3.486173,0.102510,1.166455
2016-11-23,0.000000,3.484340,0.100018,1.187087
2016-11-24,0.000000,3.438881,0.098242,1.178917
2016-11-25,0.000000,3.307374,0.096910,1.159355
2016-11-26,0.000000,3.298481,0.095134,1.156900
2016-11-27,0.000000,3.299709,0.093357,1.185929
2016-11-28,0.000154,3.298754,0.092025,1.272126
2016-11-29,0.000077,3.298050,0.090249,1.159029
2016-11-30,0.000012,3.298085,0.088917,1.160533
2016-12-01,0.000012,3.291396,0.087585,1.170950
2016-12-02,0.000017,3.277479,0.085635,1.143526
2016-12-03,0.000006,3.273315,0.084302,1.152744
2016-12-04,0.000011,3.268857,0.083144,1.121447
2016-12-05,0.000085,3.263019,0.150649,1.172663
2016-12-06,0.000046,3.255844,0.180171,1.154594
2016-12-07,0.000095,3.247226,0.082518,1.143821
2016-12-08,0.000089,3.234725,0.077468,1.138086
2016-12-09,0.000013,3.229989,0.076400,1.160148
2016-12-10,0.000014,3.227659,0.075592,1.145374
2016-12-11,0.000009,3.222927,0.073915,1.144133
2016-12-12,0.000015,3.223021,0.073035,1.146597
2016-12-13,0.000011,3.220475,0.071916,1.131289
2016-12-14,0.000000,3.218208,0.070632,1.146933
2016-12-15,0.000000,3.216052,0.069523,1.137868
2016-12-16,0.000000,3.213892,0.068978,1.137613
2016-12-17,0.000000,3.213332,0.067351,1.119695
2016-12-18,0.000000,3.211442,0.066463,1.146481
2016-12-19,0.000000,3.210479,0.065170,1.096544
2016-12-20,0.000000,2.988770,0.064687,1.131034
2016-12-21,0.000000,2.974412,0.063451,1.112894
2016-12-22,0.000000,2.975876,0.062907,1.129830
2016-12-23,0.000000,2.975974,0.061675,1.120425
2016-12-24,0.000000,2.975897,0.060787,1.129399
2016-12-25,0.000000,2.974931,0.059896,1.147369
2016-12-26,0.000000,2.968130,0.059452,1.085042
2016-12-27,0.000000,2.962474,0.058180,1.130760
2016-12-28,0.000000,2.959886,0.059717,1.116479
2016-12-29,0.000000,2.959655,0.061491,1.103872
2016-12-30,0.000000,1.837059,0.055996,1.124047
2016-12-31,0.000000,1.836608,0.055158,1.100829
2017-01-01,0.000000,2.215993,0.054492,1.102090
2017-01-02,0.000000,1.724891,0.053824,1.114455
2017-01-03,0.000000,1.722774,0.053208,1.073568
2017-01-04,0.000000,1.719391,0.052318,1.128126
2017-01-05,0.000000,1.784778,0.051873,1.099755
2017-01-06,0.000000,1.915143,0.051034,1.105254
2017-01-07,0.000000,2.991039,0.050589,1.085855
2017-01-08,0.000000,1.913141,0.049973,1.092447
2017-01-09,0.000000,2.482856,0.048912,1.096699
2017-01-10,0.000000,1.651144,0.048639,1.092320
2017-01-11,0.000000,1.572292,0.048021,1.098918
2017-01-12,0.000000,1.570018,0.047405,1.085160
2017-01-13,0.000000,1.694161,0.046737,1.106959
2017-01-14,0.000000,2.007094,0.046292,1.091331
2017-01-15,0.000000,3.096302,0.045725,1.063408
2017-01-16,0.000000,2.608999,0.045626,1.105129
2017-01-17,0.000000,1.581474,0.044390,1.102520
2017-01-18,0.000000,1.565789,0.044049,1.071784
2017-01-19,0.000000,1.566090,0.043499,1.089205
2017-01-20,0.000000,2.482319,0.043158,1.076601
2017-01-21,0.000000,3.119319,0.042489,1.076787
2017-01-22,0.000000,3.177739,0.042094,1.057570
2017-01-23,0.000000,3.233099,0.042463,1.075542
2017-01-24,0.000000,3.270525,0.044186,1.040930
2017-01-25,0.000000,3.300567,0.040415,1.055069
2017-01-26,0.000000,3.317421,0.040193,1.054890
2017-01-27,0.000000,2.405297,0.039746,1.058590
2017-01-28,0.000000,2.033152,0.039355,1.073026
2017-01-29,0.000000,3.044222,0.038116,1.078556
2017-01-30,0.000000,3.653888,0.038908,1.076566
2017-01-31,0.000000,4.117836,0.037672,1.059495
2017-02-01,0.000000,4.308642,0.037450,1.052698
2017-02-02,0.000000,4.425801,0.036882,1.069376
2017-02-03,0.000000,4.500588,0.036832,1.065923
2017-02-04,0.000000,4.573352,0.035821,1.058834
2017-02-05,0.000000,4.613261,0.035993,1.060654
2017-02-06,0.000000,4.664920,0.035597,1.044447
2017-02-07,0.000000,4.717272,0.035203,1.055808
2017-02-08,0.000000,4.735502,0.034807,1.048679
2017-02-09,0.000000,4.763724,0.034139,1.062477
2017-02-10,0.000000,4.778891,0.033917,1.049125
2017-02-11,0.000000,4.737938,0.033744,1.056748
2017-02-12,0.000000,4.743004,0.090061,1.049093
2017-02-13,0.000000,4.758823,0.032904,1.045346
2017-02-14,0.000000,4.854088,0.032288,1.047556
2017-02-15,0.000000,4.921946,0.032286,1.024503
2017-02-16,0.000000,4.712951,0.030783,1.055897
2017-02-17,0.000000,4.271965,0.031498,1.008657
2017-02-18,0.000000,4.713009,0.031051,1.042550
2017-02-19,0.000000,4.701538,0.031051,1.064389
2017-02-20,0.000000,4.695472,0.030607,2.692788
2017-02-21,0.000000,4.688499,0.030260,1.028042
2017-02-22,0.000000,4.513962,0.029819,1.021123
2017-02-23,0.000000,4.281104,0.029815,1.057171
2017-02-24,0.000000,4.684798,0.029471,1.044803
2017-02-25,0.000000,4.676458,0.031584,1.038515
2017-02-26,0.000000,4.677467,0.028580,1.028398
2017-02-27,0.000000,4.691217,0.028236,1.031696
2017-02-28,0.000000,4.687433,0.028580,1.012573
2017-03-01,0.000000,4.634618,0.028184,1.019905
2017-03-02,0.000000,4.629456,0.027568,1.018522
2017-03-03,0.000000,4.228801,0.027395,1.023532
2017-03-04,0.000000,3.347898,0.027567,1.011047
2017-03-05,0.000000,3.203070,0.026777,1.029111
2017-03-06,0.000000,3.831216,0.026777,1.024382
2017-03-07,0.000000,4.590759,0.026553,1.015178
2017-03-08,0.000000,4.597521,0.026553,1.031873
2017-03-09,0.000000,4.486480,0.025765,1.014692
2017-03-10,0.000000,4.204652,0.025712,1.126016
2017-03-11,0.000000,4.554765,0.025369,1.006500
2017-03-12,0.000000,4.541924,0.025540,0.997266
2017-03-13,0.000000,4.550947,0.025146,1.030102
2017-03-14,0.000000,4.538477,0.024750,1.006266
2017-03-15,0.000000,4.530598,0.024528,1.015385
2017-03-16,0.000000,4.517557,0.024356,1.005360
2017-03-17,0.000000,4.004688,0.024079,1.018337
2017-03-18,0.000000,4.433728,0.024182,0.986613
2017-03-19,0.000000,2.896670,0.024082,1.005327
2017-03-20,0.000000,4.182118,0.022947,1.025453
2017-03-21,0.000000,2.760753,0.023513,1.010036
2017-03-22,0.000000,4.146565,0.023119,1.089120
2017-03-23,0.000000,4.427433,0.023119,0.987367
2017-03-24,0.000000,4.468632,0.022500,1.009375
2017-03-25,0.000000,4.468907,0.022723,0.995305
2017-03-26,0.000000,4.407619,0.022105,0.997276
2017-03-27,0.000000,4.208634,0.022327,0.985926
2017-03-28,0.000000,4.445774,0.021710,1.012038
2017-03-29,0.000000,4.456053,0.021710,0.997767
2017-03-30,0.000000,4.472126,0.021710,0.994315
2017-03-31,0.000000,4.473284,0.021314,0.985378
2017-04-01,0.000000,4.455389,0.020920,1.003723
2017-04-02,0.000000,4.448286,0.021090,0.989185
2017-04-03,0.000000,4.456634,0.020918,0.991413
2017-04-04,0.000000,4.460992,0.020301,0.996615
2017-04-05,0.000000,4.462337,0.020473,0.984895
2017-04-06,0.000000,4.454945,0.020129,0.966533
2017-04-07,0.000000,4.483712,0.020301,1.006506
2017-04-08,0.000000,4.490219,0.019953,0.983970
2017-04-09,0.000000,3.639219,0.019685,1.161111
2017-04-10,0.000000,4.348429,0.019681,1.023213
2017-04-11,0.000000,4.443827,0.019337,0.973608
2017-04-12,0.000000,4.467127,0.019237,0.985932
2017-04-13,0.000000,4.479654,0.018942,0.988755
2017-04-14,0.000000,4.487779,0.018890,0.996180
2017-04-15,0.000000,4.480012,0.018719,0.964679
2017-04-16,0.000000,4.471425,0.018668,0.978605
2017-04-17,0.000000,4.458955,0.018324,0.973360
2017-04-18,0.000000,4.483335,0.018496,2.104524
2017-04-19,0.000000,4.484071,0.018100,1.006867
2017-04-20,0.000000,4.478796,0.017928,0.963992
2017-04-21,0.000000,4.463790,0.017877,0.948887
2017-04-22,0.000000,4.452128,0.017705,0.965696
2017-04-23,0.000000,4.427141,0.017310,1.074340
2017-04-24,0.000000,4.455051,0.017877,1.997225
2017-04-25,0.000000,4.437417,0.473760,2.282820
2017-04-26,0.000000,4.427253,1.178289,1.752583
2017-04-27,0.000000,4.416517,0.018047,1.137753
2017-04-28,0.000000,4.447638,0.017137,0.967965
2017-04-29,0.000000,4.672006,0.017442,1.171040
2017-04-30,0.000000,4.714807,0.048944,1.193532
2017-05-01,0.000000,4.630230,0.059194,1.058401
2017-05-02,0.000000,3.123321,0.400407,1.326386
2017-05-03,4.203921,3.149039,8.365136,1.438552
2017-05-04,17.349353,7.657354,4.646917,1.832932
2017-05-05,10.164436,10.967239,1.535892,2.077180
2017-05-06,16.831367,12.378208,1.582989,8.041854
2017-05-07,29.705699,23.845278,1.638245,8.663470
2017-05-08,23.688642,32.028397,1.275636,4.230828
2017-05-09,39.149844,56.240491,2.638244,13.754450
2017-05-10,2.898364,32.801051,0.203657,7.541378
2017-05-11,2.397267,8.515532,0.192651,1.441280
2017-05-12,2.082173,6.316104,0.035759,1.321321
2017-05-13,1.844365,5.870308,0.044536,1.350246
2017-05-14,4.403033,5.773590,0.092496,1.605724
2017-05-15,11.057240,11.916001,0.183273,3.040450
2017-05-16,14.841544,17.522730,0.824370,16.445959
2017-05-17,16.989556,20.621752,0.629509,12.990114
2017-05-18,21.864087,33.642118,0.582623,10.337390
2017-05-19,56.242573,74.081541,4.137741,23.813316
2017-05-20,107.921907,192.135740,3.703799,34.437623
2017-05-21,70.779640,179.911606,2.322300,33.260482
2017-05-22,36.093680,120.283781,1.309776,29.038601
2017-05-23,29.134447,82.623186,1.997364,42.414051
2017-05-24,30.840383,75.485406,1.262855,34.307719
2017-05-25,22.624299,65.541302,0.846304,50.015654
2017-05-26,4.478101,32.881221,0.572794,37.793928
2017-05-27,4.962970,11.488624,0.619690,55.840938
2017-05-28,6.696905,9.672840,0.699005,55.205443
2017-05-29,9.231147,13.432200,0.860482,86.847713
2017-05-30,3.577819,10.558225,0.775263,42.892184
2017-05-31,1.541900,5.960109,0.517537,4.535063
2017-06-01,1.868059,5.526692,0.537661,17.513151
2017-06-02,13.783023,12.833894,0.849826,64.667100
2017-06-03,21.284765,20.893703,1.072115,74.353028
2017-06-04,29.914763,34.623602,1.464337,50.972692
2017-06-05,31.465306,59.059660,2.441141,87.598797
2017-06-06,34.083872,69.195842,1.644131,89.056439
2017-06-07,46.895411,102.177172,2.425201,100.888574
2017-06-08,41.288050,118.693998,2.580551,91.430152
2017-06-09,37.280398,111.303507,2.077034,83.791687
2017-06-10,34.468204,104.292953,2.306449,82.268969
2017-06-11,39.848384,116.868247,2.594357,91.589515
2017-06-12,41.606464,135.727067,2.723280,100.043728
2017-06-13,47.198932,148.613081,2.986628,111.677102
2017-06-14,49.069469,158.809194,3.239320,123.307767
2017-06-15,56.482345,182.506044,4.538031,168.811306
2017-06-16,42.643440,157.734162,3.370570,124.871765
2017-06-17,66.884366,188.384320,4.867983,149.148001
2017-06-18,53.758261,205.845925,4.022426,184.121300
2017-06-19,63.934971,204.115041,3.809554,177.641177
2017-06-20,73.208453,188.903989,3.491154,183.755367
2017-06-21,67.639908,156.466529,3.816387,155.844734
2017-06-22,52.524055,166.070139,4.013416,154.747501
2017-06-23,42.031815,157.543915,2.435995,179.500164
2017-06-24,42.343743,164.573037,3.195016,231.964855
2017-06-25,50.265369,194.302432,2.452462,207.481670
2017-06-26,56.033320,214.452915,2.709207,206.196143
2017-06-27,51.084944,227.707403,2.575332,193.030570
2017-06-28,52.886851,225.963009,3.201461,205.559554
2017-06-29,49.372058,222.924471,2.886066,188.923478
2017-06-30,46.968800,202.622003,2.750274,165.798963
2017-07-01,60.490293,251.079891,3.131027,200.276446
2017-07-02,27.902791,176.426953,2.715824,144.503312
2017-07-03,11.251917,81.202990,2.849881,167.160288
2017-07-04,13.785955,45.831851,2.975784,146.683027
2017-07-05,9.569293,42.224014,2.160200,131.448700
2017-07-06,49.878676,118.593752,4.054033,204.988014
2017-07-07,48.925597,191.264932,4.748271,252.647722
2017-07-08,50.900698,194.588389,3.403443,207.913374
2017-07-09,44.972384,216.609124,3.606835,203.790728
2017-07-10,47.231537,217.698010,3.236091,207.845720
2017-07-11,50.153810,219.229364,2.951080,202.802338
2017-07-12,53.185478,220.362328,3.181045,196.482449
2017-07-13,54.196850,221.905715,3.088425,199.507462
2017-07-14,79.324575,224.316537,2.795468,181.664070
2017-07-15,48.807747,299.228279,3.522861,245.465834
2017-07-16,31.475254,186.068176,1.862174,191.094428
2017-07-17,34.938136,182.383086,1.937437,162.051588
2017-07-18,32.364108,214.478532,4.591292,224.707804
2017-07-19,57.854879,358.427132,2.544785,199.783720
2017-07-20,49.206467,293.360269,2.653139,237.519304
2017-07-21,42.664097,260.384232,2.275866,223.500160
2017-07-22,107.016894,460.236168,2.744950,191.576878
2017-07-23,76.355708,600.390321,2.254824,222.205367
2017-07-24,70.261380,384.497438,4.094027,283.607909
2017-07-25,200.011596,822.974996,10.704476,534.281322
2017-07-26,125.314482,842.033226,1.958671,366.701112
2017-07-27,85.899275,591.491776,1.397642,277.788228
2017-07-28,74.539689,484.879410,1.801897,282.172991
2017-07-29,76.452930,476.640718,2.416118,322.086019
2017-07-30,67.538908,453.102411,1.771215,285.851080
2017-07-31,64.206578,411.468450,1.820052,257.452174
2017-08-01,57.544666,373.242910,1.800356,236.080028
2017-08-02,60.524078,368.082749,2.088773,241.508306
2017-08-03,54.154786,359.133042,1.862318,221.716949
2017-08-04,34.598136,279.636459,1.666937,182.698253
2017-08-05,17.261002,190.715301,1.574471,156.171620
2017-08-06,28.064030,200.968731,1.770807,165.489682
2017-08-07,9.061685,153.859001,2.443405,176.783235
2017-08-08,21.442676,184.038210,2.161589,226.873759
2017-08-09,13.118809,157.780524,1.678650,142.464118
2017-08-10,14.700026,142.599650,1.895663,135.542455
2017-08-11,21.279261,198.724112,1.973562,155.171948
2017-08-12,19.321365,209.879471,1.968539,173.790251
2017-08-13,15.177215,182.978830,2.193911,188.656211
2017-08-14,18.461499,184.317072,1.947006,212.902198
2017-08-15,15.609184,173.699200,1.875795,150.013146
2017-08-16,15.508681,156.157775,1.980270,164.712140
2017-08-17,7.371271,118.858974,1.031208,83.147079
2017-08-18,4.077510,85.994022,1.882831,92.539535
2017-08-19,11.049175,94.854008,1.808637,120.390174
2017-08-20,7.810375,76.856385,1.982115,69.738211
2017-08-21,3.711171,57.716204,1.933146,88.429757
2017-08-22,10.557391,102.734343,2.858207,186.111697
2017-08-23,11.629340,134.618793,2.069667,177.737179
2017-08-24,14.697406,148.308348,1.734953,116.093102
2017-08-25,82.748889,418.920249,2.429124,136.300008
2017-08-26,15.492889,400.239045,1.955444,168.820503
2017-08-27,8.853698,260.852768,2.352550,148.766332
2017-08-28,7.791226,184.641523,1.341433,114.888569
2017-08-29,6.580123,148.908855,1.398326,95.522277
2017-08-30,12.597601,161.456759,1.259897,75.374627
2017-08-31,19.754900,200.229754,1.609063,102.724308
2017-09-01,27.496275,373.812880,2.742004,166.609735
2017-09-02,3.126452,195.772885,1.045718,37.370568
2017-09-03,1.476208,110.621375,0.873030,36.899316
2017-09-04,20.579872,128.138008,5.160965,163.456219
2017-09-05,6.345762,148.946896,2.108204,138.754734
2017-09-06,2.860168,73.386926,1.919850,145.529278
2017-09-07,0.638683,43.143134,0.661137,29.438828
2017-09-08,0.288555,33.648226,0.402879,8.805941
2017-09-09,0.356274,33.180683,0.413516,35.954568
2017-09-10,0.524548,26.616911,0.397156,20.845430
2017-09-11,4.628387,16.413713,0.104634,12.882394
2017-09-12,3.789372,18.289335,0.169983,29.399473
2017-09-13,0.359188,13.460507,0.048642,20.216362
2017-09-14,0.447534,18.691821,0.343379,10.453703
2017-09-15,151.452079,367.538300,5.454898,71.808762
2017-09-16,141.624284,733.935115,4.574281,272.921715
2017-09-17,21.734887,432.395832,1.740807,159.242505
2017-09-18,1.441278,91.928810,0.141745,31.181022
2017-09-19,13.433725,66.683638,1.427084,34.125059
2017-09-20,5.399027,37.873061,0.170978,17.782459
2017-09-21,18.346443,116.939770,3.089068,69.107971
2017-09-22,3.075024,78.403175,0.837815,31.338564
2017-09-23,10.417157,46.125684,0.663772,31.738345
2017-09-24,54.891020,159.794660,3.745475,88.117309
2017-09-25,3.157535,103.774382,2.055215,48.036486
2017-09-26,34.671265,80.167382,4.262615,90.883944
2017-09-27,11.684838,112.067895,0.868941,34.026460
2017-09-28,0.527645,28.238217,0.045776,9.176086
2017-09-29,0.184151,9.189517,0.037877,9.374943
2017-09-30,0.599155,6.484531,0.036467,7.230457
2017-10-01,13.232635,15.956741,0.734490,4.301769
2017-10-02,16.901881,47.971682,0.222376,8.787384
2017-10-03,8.367714,20.657283,0.089598,9.178362
2017-10-04,0.204986,8.596078,0.036021,4.887822
2017-10-05,0.148478,6.260167,0.037314,5.168622
2017-10-06,0.007459,5.921149,0.043019,4.485209
2017-10-07,0.093932,6.685176,0.119254,4.504506
2017-10-08,1.092530,20.188978,0.988760,11.488358
2017-10-09,8.467895,37.614921,0.757213,14.930290
2017-10-10,2.563314,34.006092,0.275473,11.049651
2017-10-11,20.088552,50.061762,0.492636,8.611147
2017-10-12,0.166500,25.655789,0.034169,1.361205
2017-10-13,0.000288,10.061815,0.032495,1.339705
2017-10-14,0.000169,6.768121,0.033724,1.320758
2017-10-15,0.001279,5.933364,0.033379,1.340815
2017-10-16,0.051295,5.812476,0.058195,1.401676
2017-10-17,3.993828,7.129369,0.053810,3.665103
2017-10-18,0.010138,6.002056,0.096938,6.475708
2017-10-19,10.162305,10.560005,0.105453,7.145678
2017-10-20,18.630160,22.024169,1.521207,17.994968
2017-10-21,1.189092,13.705377,0.056600,4.407756
2017-10-22,0.238793,5.503626,0.036002,1.293964
2017-10-23,2.942728,5.560777,0.326847,1.484713
2017-10-24,0.197344,6.048003,0.037394,1.319774
2017-10-25,0.133767,5.186618,0.037426,1.305047
2017-10-26,23.000568,11.578007,0.546861,1.926680
2017-10-27,16.044935,38.422487,0.810290,1.623882
2017-10-28,0.814357,6.824245,0.040486,1.281851
2017-10-29,0.514837,5.228691,0.041154,1.303093
2017-10-30,0.400972,5.235326,0.042042,1.259679
2017-10-31,0.272299,5.234481,0.046475,1.266124
2017-11-01,0.131295,5.250062,0.043496,1.258007
2017-11-02,0.014821,5.272476,0.044387,1.290715
2017-11-03,0.011438,5.533183,0.044556,1.241861
2017-11-04,0.007989,5.358241,0.047663,1.248291
2017-11-05,0.000977,4.426740,0.045396,1.266242
2017-11-06,0.000317,4.422900,0.045840,1.352309
2017-11-07,0.000220,4.409196,0.046234,1.255804
2017-11-08,0.000237,4.407707,0.046458,1.240688
2017-11-09,0.000124,4.406993,0.046628,1.253121
2017-11-10,0.000243,4.404481,0.046064,1.258602
2017-11-11,0.000289,4.358303,0.046849,1.244718
2017-11-12,0.000334,4.351036,0.046752,1.270874
2017-11-13,0.000370,4.348891,0.046801,1.230833
2017-11-14,0.000373,4.347915,0.046628,1.241846
2017-11-15,0.000371,4.345502,0.046749,1.238816
2017-11-16,0.000371,4.338592,0.046579,1.237118
2017-11-17,0.000369,4.335326,0.046579,1.228804
2017-11-18,0.000285,4.332266,0.046749,1.215475
2017-11-19,0.000273,4.322556,0.046356,1.218760
2017-11-20,0.000371,4.314848,0.046527,1.212109
2017-11-21,0.000242,4.308300,0.046305,1.212839
2017-11-22,0.000004,4.303510,0.046305,1.198313
2017-11-23,0.000076,4.303507,0.046083,1.221751
2017-11-24,0.000197,4.303557,0.045687,1.206643
2017-11-25,0.000561,4.299914,0.045859,1.189047
2017-11-26,0.002008,4.286640,0.045859,1.201599
2017-11-27,0.001294,4.288238,0.045414,1.189191
2017-11-28,0.000463,4.286207,0.045414,1.205388
2017-11-29,0.003640,4.283763,0.243176,1.198065
2017-11-30,1.253090,4.279357,1.030573,1.191098
2017-12-01,0.000594,4.276182,0.235806,1.189599
2017-12-02,0.000544,4.276645,0.044572,1.174118
2017-12-03,0.000657,4.269888,0.044521,1.182328
2017-12-04,0.000669,4.265364,0.044127,1.170865
2017-12-05,0.001492,4.264041,0.044297,1.169835
2017-12-06,0.002341,4.259976,0.043902,1.163077
2017-12-07,0.002277,4.260712,0.043852,1.169319
2017-12-08,0.000244,4.259896,0.043456,1.157535
2017-12-09,0.000230,4.257681,0.043414,1.143999
2017-12-10,0.000274,4.256832,0.043628,1.159800
2017-12-11,0.000259,4.254212,0.042837,1.164865
2017-12-12,0.000268,4.256378,0.042554,1.128506
2017-12-13,0.000325,4.253978,0.042562,1.161582
2017-12-14,0.000334,4.252701,0.042562,1.136094
2017-12-15,0.000377,4.251995,0.042118,2.816532
2017-12-16,0.000379,4.248430,0.041942,1.158987
2017-12-17,0.000351,4.250284,0.041892,1.128568
2017-12-18,0.000324,4.246767,0.041669,1.135276
2017-12-19,0.000326,4.241007,0.043490,1.133238
2017-12-20,0.000335,4.236858,0.041222,1.117049
2017-12-21,0.000342,4.222113,0.040828,1.132751
2017-12-22,0.000370,4.222013,0.040606,1.116778
2017-12-23,0.000356,4.220164,0.040602,1.122977
2017-12-24,0.000276,4.218702,0.040158,1.106928
2017-12-25,0.000090,4.216550,0.040157,1.125882
2017-12-26,0.000000,4.213975,0.039711,1.107463
2017-12-27,0.000000,4.215970,0.039539,1.100016
2017-12-28,0.000000,4.215195,0.039488,1.139220
2017-12-29,0.000000,4.214583,0.038870,1.136371
2017-12-30,0.000000,3.189106,0.038868,1.132973
2017-12-31,0.000000,3.188344,0.038645,1.132134
2018-01-01,0.000000,0.262327,0.038027,1.127976
2018-01-02,0.000000,0.262449,0.038027,1.110771
2018-01-03,0.000000,0.262428,0.038199,1.115719
2018-01-04,0.000000,0.262428,0.037408,1.100908
2018-01-05,0.000000,0.262425,0.037356,1.129353
2018-01-06,0.000000,0.262327,0.036962,1.124674
2018-01-07,0.000000,0.262448,0.036739,1.132696
2018-01-08,0.000000,0.262427,0.036565,1.114189
2018-01-09,0.000000,0.262427,0.036121,1.119182
2018-01-10,0.000000,0.262421,0.036066,1.101746
2018-01-11,0.000000,0.262281,0.035724,1.104164
2018-01-12,0.000000,0.260995,0.052091,1.126724
2018-01-13,0.000000,0.261034,0.037090,1.094140
2018-01-14,0.000000,0.260977,0.034831,1.103275
2018-01-15,0.000000,0.260975,0.034657,1.106602
2018-01-16,0.000000,0.260870,0.034213,1.100878
2018-01-17,0.000000,0.261000,0.034211,1.096693
2018-01-18,0.000000,0.261538,0.033817,1.093616
2018-01-19,0.000000,0.262387,0.033592,1.096021
2018-01-20,0.000000,0.262090,0.033148,1.096086
2018-01-21,0.000000,0.260886,0.033198,1.096521
2018-01-22,0.000000,0.261054,0.032751,1.093870
2018-01-23,0.000000,0.261564,0.032529,1.082833
2018-01-24,0.000000,0.263062,0.032133,1.087615
2018-01-25,0.000000,0.299316,0.032133,1.092692
2018-01-26,0.000000,0.392736,0.031688,1.084173
2018-01-27,0.000000,0.701528,0.031514,1.078229
2018-01-28,0.000000,0.782158,0.031292,1.068667
2018-01-29,0.000000,0.812515,0.031068,1.074038
2018-01-30,0.000000,0.822468,0.030674,1.070279
2018-01-31,0.000000,0.794367,0.030673,1.078738
2018-02-01,0.000000,0.709209,0.030449,1.059220
2018-02-02,0.000000,0.708758,0.029833,1.059253
2018-02-03,0.000000,0.707313,0.029831,1.057134
2018-02-04,0.000000,0.706705,0.029439,1.047876
2018-02-05,0.000000,0.336709,0.029608,1.070248
2018-02-06,0.000000,0.261383,0.028818,1.053923
2018-02-07,0.000000,0.261363,0.029041,1.027881
2018-02-08,0.000000,0.261268,0.028716,1.061438
2018-02-09,0.000000,0.261240,0.028372,1.036396
2018-02-10,0.000000,0.261271,0.028197,1.023033
2018-02-11,0.000000,0.261125,0.027977,1.034080
2018-02-12,0.000000,0.261150,0.027753,1.011990
2018-02-13,0.000000,0.261110,0.037510,1.035362
2018-02-14,0.000000,0.261248,0.027135,2.787973
2018-02-15,0.000000,0.261207,0.027134,1.017993
2018-02-16,0.000000,0.261056,0.026912,1.011186
2018-02-17,0.000000,0.261312,0.026518,1.016444
2018-02-18,0.000000,0.261129,0.026516,1.018464
2018-02-19,0.000000,0.261195,0.026120,1.006462
2018-02-20,0.000000,0.261240,0.029217,1.038758
2018-02-21,0.000000,0.261139,0.026261,0.986599
2018-02-22,0.000000,0.261269,0.025503,1.000644
2018-02-23,0.000000,0.261255,0.025279,1.007036
2018-02-24,0.000000,0.261339,0.030383,1.018691
2018-02-25,0.000000,0.261291,0.025057,1.031911
2018-02-26,0.000000,0.260694,0.025229,0.980644
2018-02-27,0.000000,0.259184,0.024660,0.993024
2018-02-28,0.000000,0.259179,0.024219,1.007609
2018-03-01,0.000000,0.259052,0.024044,0.976449
2018-03-02,0.000000,0.259198,0.024044,0.989010
2018-03-03,0.000000,0.259200,0.024044,0.981166
2018-03-04,0.000000,0.259257,0.023596,0.972631
2018-03-05,0.000000,0.259273,0.023427,0.982592
2018-03-06,0.000000,0.259080,0.023423,0.967303
2018-03-07,0.000000,0.259108,0.023030,0.971863
2018-03-08,0.000000,0.259160,0.022980,0.976939
2018-03-09,0.000000,0.259139,0.022807,0.949255
2018-03-10,0.000000,0.460723,0.022411,0.961487
2018-03-11,0.000000,0.624805,0.022585,0.963913
2018-03-12,0.000000,0.658637,0.022189,0.957216
2018-03-13,0.000000,0.674028,0.021965,0.962701
2018-03-14,0.000000,0.681317,0.021793,0.950662
2018-03-15,0.000000,0.686656,0.021965,0.951300
2018-03-16,0.000000,0.688098,0.021397,0.953090
2018-03-17,0.000000,0.691017,0.021910,0.961676
2018-03-18,0.000000,0.690973,0.059685,1.078376
2018-03-19,0.000000,0.692044,0.025803,0.991413
2018-03-20,0.000000,0.691197,0.041782,0.996922
2018-03-21,0.000000,0.692327,0.020509,0.948715
2018-03-22,0.000000,0.691746,0.020950,0.966909
2018-03-23,0.000000,0.693232,0.020160,0.931957
2018-03-24,0.000000,0.693145,0.020112,0.925118
2018-03-25,0.000000,0.692191,0.020160,0.952487
2018-03-26,0.000000,0.691570,0.019938,0.940789
2018-03-27,0.000000,0.692470,0.019715,0.940138
2018-03-28,0.000000,0.692890,0.019716,0.929994
2018-03-29,0.000000,0.693278,0.019321,0.926347
2018-03-30,0.000000,0.693398,0.019319,0.925271
2018-03-31,0.000000,0.692401,0.019321,0.947439
2018-04-01,0.000000,0.692404,0.018927,0.927630
2018-04-02,0.000000,0.692252,0.018923,0.931742
2018-04-03,0.000000,0.693172,0.018874,0.923339
2018-04-04,0.000000,0.691582,0.018701,0.922338
2018-04-05,0.000000,0.690329,0.018307,0.936683
2018-04-06,0.000000,0.687891,0.018307,0.925376
2018-04-07,0.000000,0.712409,0.018306,0.925530
2018-04-08,0.000000,0.863151,0.018084,0.920751
2018-04-09,0.000000,0.990338,0.018084,0.938590
2018-04-10,0.000000,1.075374,0.017690,0.932144
2018-04-11,0.000000,1.108199,0.017688,0.919376
2018-04-12,0.000000,1.121720,0.018057,1.147212
2018-04-13,0.000000,1.149317,0.017691,1.063287
2018-04-14,0.000000,1.192610,0.020132,1.092130
2018-04-15,0.000000,1.488923,0.018556,1.186434
2018-04-16,0.000000,1.736537,1.341587,1.549663
2018-04-17,0.000000,1.837464,1.278233,1.507623
2018-04-18,0.000000,3.384223,0.325507,1.535028
2018-04-19,4.024716,6.833597,0.467377,1.660183
2018-04-20,3.128437,6.705051,0.038928,2.081358
2018-04-21,0.459342,4.207535,0.037672,2.248773
2018-04-22,0.389526,2.714387,0.027978,1.107767
2018-04-23,0.317607,2.566501,0.035299,0.993389
2018-04-24,0.268359,2.511363,0.029800,1.116864
2018-04-25,0.221287,2.510656,0.030807,1.060449
2018-04-26,0.207490,2.555812,0.017885,1.028016
2018-04-27,0.182314,2.529965,0.023474,1.048347
2018-04-28,0.172671,2.501017,0.022671,0.961483
2018-04-29,0.165396,2.513525,0.027989,1.101266
2018-04-30,0.146882,2.518625,0.016651,1.052035
2018-05-01,0.120403,2.481286,0.027108,0.883630
2018-05-02,0.112516,2.487151,0.017382,0.939263
2018-05-03,0.104389,2.489508,0.017556,0.875547
2018-05-04,0.100061,2.485457,0.025736,0.979069
2018-05-05,0.094843,2.450448,0.025566,1.116831
2018-05-06,0.079857,2.438501,0.021750,1.049155
2018-05-07,0.076855,2.449754,0.022334,1.109281
2018-05-08,0.067876,2.451379,0.031115,0.893758
2018-05-09,0.066708,2.431451,0.017735,0.881925
2018-05-10,0.066128,2.402152,0.071184,2.729874
2018-05-11,0.071955,2.401982,0.027182,2.807600
2018-05-12,0.064780,2.455495,0.264890,2.187772
2018-05-13,0.059617,2.471550,0.087008,2.437507
2018-05-14,0.067093,2.469833,0.066966,2.207620
2018-05-15,0.068011,2.461536,0.025488,1.573745
2018-05-16,0.074581,2.470429,0.048265,2.083926
2018-05-17,0.490692,3.386621,0.050265,1.433372
2018-05-18,0.092786,3.384786,0.021204,1.297593
2018-05-19,0.061380,2.631171,0.021539,1.283421
2018-05-20,1.753121,3.115405,0.122208,3.050284
2018-05-21,2.488518,4.054528,0.030884,1.953206
2018-05-22,0.102311,3.470173,0.025458,1.140242
2018-05-23,4.673504,5.903646,0.064964,1.711817
2018-05-24,3.539606,7.178549,0.031055,2.643999
2018-05-25,1.528667,5.867054,0.151779,2.125233
2018-05-26,4.978297,6.855828,0.032002,1.313307
2018-05-27,6.206362,9.677549,0.120871,2.479614
2018-05-28,2.712395,7.722045,0.118874,2.633145
2018-05-29,5.960450,8.134369,0.415311,9.753086
2018-05-30,10.577151,15.815861,0.810228,20.251051
2018-05-31,10.449116,15.378122,1.561804,15.908173
2018-06-01,9.038423,14.874143,1.965549,13.205389
2018-06-02,23.698200,22.069241,3.591334,18.422040
2018-06-03,18.941281,23.225652,2.002482,11.789976
2018-06-04,31.035071,24.137101,3.380931,14.806129
2018-06-05,33.253475,40.502387,2.633469,14.526851
2018-06-06,47.528302,65.102468,4.021760,15.810377
2018-06-07,68.077060,121.211992,4.655952,24.013143
2018-06-08,46.140101,122.646566,2.174150,20.579290
2018-06-09,30.808103,98.665841,0.847279,9.216647
2018-06-10,55.113537,133.961643,0.706831,37.749021
2018-06-11,57.886435,139.831450,0.683031,31.997941
2018-06-12,45.977371,132.925734,1.061448,47.451335
2018-06-13,38.486812,127.200771,0.816394,28.220733
2018-06-14,24.797871,85.849966,1.260327,47.567941
2018-06-15,31.922810,72.840556,1.513176,47.884225
2018-06-16,26.908595,73.988804,1.151570,24.307440
2018-06-17,33.903377,80.027814,1.565240,52.212607
2018-06-18,28.967967,83.603535,1.627514,54.210838
2018-06-19,38.480909,101.902077,1.769511,54.100453
2018-06-20,44.557958,133.369750,2.616704,77.557782
2018-06-21,53.271835,134.057454,1.749029,58.487892
2018-06-22,74.643691,185.726895,2.622554,132.622616
2018-06-23,57.546761,182.018570,2.183529,77.438762
2018-06-24,66.931920,217.415970,1.240442,88.176952
2018-06-25,46.504745,176.564005,1.539283,124.456903
2018-06-26,54.443265,165.647364,1.700058,117.543588
2018-06-27,58.608157,179.517824,2.105276,120.869037
2018-06-28,44.992649,131.621661,2.363046,127.965523
2018-06-29,62.695597,185.201440,2.405681,123.467835
2018-06-30,53.366251,154.179069,1.684327,172.863597
2018-07-01,65.952551,170.532260,2.286376,101.984854
2018-07-02,97.473586,303.464034,2.932012,150.318405
2018-07-03,59.520382,218.810701,1.761156,169.804972
2018-07-04,38.611139,155.107589,1.808168,155.851888
2018-07-05,46.332206,154.703644,2.392172,182.161139
2018-07-06,59.088738,198.834282,2.485032,179.601234
2018-07-07,61.754337,237.317864,2.265296,186.124371
2018-07-08,52.015352,200.474780,3.559550,105.628918
2018-07-09,64.034893,233.561997,2.783711,218.627133
2018-07-10,45.950439,200.826698,1.934135,161.525788
2018-07-11,67.139519,210.806203,2.483884,215.025455
2018-07-12,65.440420,251.919231,3.126783,231.151321
2018-07-13,99.717668,332.433606,3.581854,254.040261
2018-07-14,86.435578,355.375938,3.568430,247.257095
2018-07-15,100.908495,432.659805,3.617890,282.639215
2018-07-16,83.845986,346.430200,3.664198,247.083677
2018-07-17,85.617104,374.439611,3.851649,269.375103
2018-07-18,78.745615,341.488257,3.361411,264.494359
2018-07-19,58.294306,269.454279,3.699058,246.686082
2018-07-20,71.503918,273.082468,3.697546,275.967516
2018-07-21,64.108088,290.219897,3.076306,268.803740
2018-07-22,44.608630,245.841504,3.380147,287.740282
2018-07-23,42.374042,207.277541,3.169772,224.070903
2018-07-24,37.858048,189.666747,2.840097,186.578285
2018-07-25,28.551079,158.903479,3.132617,224.367668
2018-07-26,26.906832,134.950975,3.041689,189.394984
2018-07-27,44.526737,178.581382,3.066928,201.868153
2018-07-28,44.278455,200.591426,3.057441,180.037516
2018-07-29,200.207290,749.893988,6.444716,582.643152
2018-07-30,141.152879,1033.042750,5.248933,423.329881
2018-07-31,96.095383,796.496375,4.754341,272.588632
2018-08-01,40.176177,461.035827,3.140924,311.537747
2018-08-02,36.459328,311.019078,2.664800,216.743525
2018-08-03,35.296200,251.326850,2.547117,213.998688
2018-08-04,29.528874,240.295308,2.641774,232.422424
2018-08-05,34.319342,246.223440,2.494446,215.075079
2018-08-06,29.578008,245.436553,2.538855,200.162778
2018-08-07,22.846563,218.521245,2.533223,200.140570
2018-08-08,25.057904,227.923957,2.652347,208.057085
2018-08-09,23.608627,211.999882,2.938056,202.520611
2018-08-10,32.375358,230.761523,2.274004,190.530338
2018-08-11,61.400358,406.237615,2.936308,257.147109
2018-08-12,68.498565,512.311925,2.927807,300.537950
2018-08-13,78.001999,497.589851,2.343980,159.607348
2018-08-14,39.564289,441.696123,2.547112,229.419470
2018-08-15,21.800282,323.819636,2.093106,180.877602
2018-08-16,18.093704,204.000658,2.201504,137.368704
2018-08-17,11.368984,169.005245,2.066124,156.316240
2018-08-18,10.475264,146.344646,2.075978,119.763567
2018-08-19,6.757868,117.433068,2.071333,107.656935
2018-08-20,6.646970,107.223390,1.555397,77.321262
2018-08-21,2.396965,91.540666,1.556307,47.454694
2018-08-22,7.366712,115.572706,1.798613,113.908977
2018-08-23,2.417297,91.332319,1.363699,38.531388
2018-08-24,0.342261,69.473800,1.153379,14.661953
2018-08-25,0.236008,44.565537,1.867203,33.933388
2018-08-26,1.486150,26.208851,1.370604,28.014758
2018-08-27,0.297696,40.269123,0.849335,30.671411
2018-08-28,0.096282,39.609288,1.115396,19.701362
2018-08-29,0.081358,37.030860,1.626896,23.197408
2018-08-30,18.937482,30.122669,2.703693,63.718363
2018-08-31,35.143616,91.014641,3.924307,96.559769
2018-09-01,7.616261,118.948183,1.041571,78.863777
2018-09-02,1.084695,66.579780,0.761410,55.929574
2018-09-03,0.101788,28.039999,0.740868,50.056091
2018-09-04,0.321241,35.039241,0.643411,50.604408
2018-09-05,0.236091,38.478684,1.246768,50.140680
2018-09-06,22.331682,79.006322,2.510773,76.131742
2018-09-07,111.572888,327.480670,8.713892,200.230573
2018-09-08,75.904425,497.144216,9.820508,212.587122
2018-09-09,24.145269,295.019603,4.584201,119.084150
2018-09-10,15.740521,228.155904,2.311552,104.714948
2018-09-11,23.301265,112.603137,2.575792,84.923858
2018-09-12,15.214001,121.160899,1.160387,85.644274
2018-09-13,4.715993,97.537682,1.129198,82.342672
2018-09-14,0.323321,37.648058,0.269562,18.225175
2018-09-15,6.737274,23.429437,0.280682,17.744245
2018-09-16,1.070094,21.681141,0.401745,19.453596
2018-09-17,4.230297,38.211821,1.058804,31.056048
2018-09-18,0.015659,32.588755,0.109246,20.061419
2018-09-19,0.026275,12.940659,0.107348,3.575675
2018-09-20,0.018457,5.828435,0.106682,2.862776
2018-09-21,0.007575,4.212899,0.105501,2.255522
2018-09-22,0.002746,4.321818,0.104835,7.306611
2018-09-23,0.009854,3.834813,0.103825,8.958381
2018-09-24,0.055368,3.412225,0.108384,1.736459
2018-09-25,0.014896,3.403606,0.120933,1.641429
2018-09-26,0.015088,3.408345,0.100198,1.625051
2018-09-27,0.005955,3.335222,0.099756,1.700900
2018-09-28,4.443160,3.213336,0.098031,1.603017
2018-09-29,0.811840,3.213907,0.095512,4.413744
2018-09-30,0.017828,3.212596,0.094572,1.904923
2018-10-01,0.209171,3.200581,0.092896,1.584806
2018-10-02,0.465324,3.198876,0.091046,1.583432
2018-10-03,0.967980,3.190218,0.091042,1.585381
2018-10-04,0.320307,3.181424,0.089092,1.566822
2018-10-05,0.014711,3.093253,0.085605,1.749901
2018-10-06,0.001299,3.024053,0.084802,1.563494
2018-10-07,0.001401,2.913009,0.083298,1.545828
2018-10-08,0.000097,2.878284,0.081792,1.547655
2018-10-09,0.000204,2.877844,0.080939,1.523479
2018-10-10,0.000267,2.877673,0.079004,1.601599
2018-10-11,0.000601,2.874321,0.186413,1.507418
2018-10-12,0.001274,2.873464,0.253618,3.986087
2018-10-13,0.001057,2.872602,0.074263,1.515115
2018-10-14,0.000199,2.868508,0.072757,1.509438
2018-10-15,0.000134,2.847690,0.071697,1.503011
2018-10-16,0.000005,2.822787,0.070189,1.493604
2018-10-17,0.000146,2.792163,0.068905,1.489692
2018-10-18,0.000069,2.786230,0.091920,1.491093
2018-10-19,0.000153,2.775383,0.099751,1.473150
2018-10-20,0.000000,2.772773,0.065670,1.480318
2018-10-21,0.000162,2.770755,0.063769,1.472723
2018-10-22,0.000326,1.436783,0.062929,1.510873
2018-10-23,0.000209,0.702617,0.061645,1.456699
2018-10-24,0.000129,0.698250,0.060574,1.474545
2018-10-25,0.000059,0.698133,0.059351,1.461067
2018-10-26,0.000077,0.697816,0.058457,1.510654
2018-10-27,0.000079,0.698172,0.058016,1.448763
2018-10-28,0.000202,0.698370,0.056333,1.432107
2018-10-29,0.000045,0.698367,0.055889,1.456423
2018-10-30,0.000056,0.698139,0.054209,1.438236
2018-10-31,0.000122,0.698151,0.053421,1.434315
2018-11-01,0.000101,0.697816,0.052752,1.427744
2018-11-02,0.000090,0.698511,0.051516,1.427736
2018-11-03,0.000029,0.698444,0.051022,1.446266
2018-11-04,0.000140,0.698312,0.049787,1.436029
2018-11-05,0.000000,0.698201,0.049171,1.426197
2018-11-06,0.000000,0.697883,0.048157,1.393045
2018-11-07,0.000000,0.698238,0.047490,1.419216
2018-11-08,0.618190,0.698851,0.088790,1.434748
2018-11-09,4.296548,2.027559,0.097776,1.416356
2018-11-10,0.000000,0.848745,0.045191,1.399703
2018-11-11,0.189854,0.698342,0.054285,1.393849
2018-11-12,0.000000,0.698246,0.043734,1.384557
2018-11-13,0.000000,0.698204,0.042894,1.401327
2018-11-14,0.000000,0.698247,0.042275,1.378964
2018-11-15,0.000000,0.698137,0.041436,1.375792
2018-11-16,0.000000,0.697820,0.040817,1.363738
2018-11-17,0.000000,0.698199,0.627089,2.797151
2018-11-18,4.647494,2.799773,0.399289,3.374073
2018-11-19,0.000000,0.729111,0.130697,1.370792
2018-11-20,2.952168,0.998482,0.421644,4.792039
2018-11-21,4.747465,6.162319,0.043667,1.351119
2018-11-22,0.004826,0.771484,0.037283,1.329357
2018-11-23,0.000214,0.698176,0.036887,1.333892
2018-11-24,0.000018,0.698244,0.036442,1.346525
2018-11-25,0.000020,0.698133,0.036047,1.325499
2018-11-26,0.000057,0.697816,0.035600,1.332260
2018-11-27,0.000019,0.698172,0.035206,1.337673
2018-11-28,0.000159,0.698172,0.034588,1.317717
2018-11-29,0.000047,0.698243,0.034193,1.316200
2018-11-30,0.000023,0.698133,0.033969,1.309577
2018-12-01,0.000111,0.697816,0.033573,1.305027
2018-12-02,0.000137,0.698171,0.033129,1.314815
2018-12-03,0.000049,0.698172,0.032732,1.295420
2018-12-04,0.000000,0.698243,0.032288,1.306481
2018-12-05,0.000043,0.698133,0.032114,1.301715
2018-12-06,0.000004,0.697816,0.031497,1.277874
2018-12-07,0.000000,0.698171,0.031495,1.277654
2018-12-08,0.000000,0.698172,0.030881,1.327996
2018-12-09,0.000000,0.700001,0.030260,1.279765
2018-12-10,0.000000,0.708027,0.030038,1.292234
2018-12-11,0.000000,0.707721,0.029420,1.458381
2018-12-12,0.000000,0.708056,0.030671,1.286815
2018-12-13,0.000029,0.708066,0.156471,1.404459
2018-12-14,1.817492,0.708799,0.084272,1.272129
2018-12-15,1.080829,0.708092,0.058688,1.273837
2018-12-16,0.000040,0.707699,0.028403,1.237380
2018-12-17,0.000103,0.708090,0.028499,1.268870
2018-12-18,0.000089,0.707730,0.027342,1.247423
2018-12-19,0.000119,0.706924,0.026772,1.251200
2018-12-20,0.000137,0.705027,0.026550,1.255287
2018-12-21,0.000000,0.703026,0.026327,1.253646
2018-12-22,0.000000,0.700586,0.026155,1.243726
2018-12-23,0.000000,0.700609,0.026593,1.243558
2018-12-24,0.000000,0.698653,0.025595,1.243742
2018-12-25,0.000000,0.698003,0.025488,1.234618
2018-12-26,0.000000,0.696099,0.024694,1.241941
2018-12-27,0.000000,0.696443,0.024694,1.229358
2018-12-28,0.000000,0.696428,0.023906,1.213890
2018-12-29,0.000000,0.696496,0.024247,1.227417
2018-12-30,0.000000,0.696704,0.023903,1.233776
2018-12-31,0.000000,0.674228,0.023459,1.214372
2019-01-01,0.000000,2.635754,0.023285,1.250717
2019-01-02,0.000000,2.637193,0.024218,1.328616
2019-01-03,0.000000,7.321969,0.260321,1.203588
2019-01-04,0.000000,3.436140,0.025142,1.243424
2019-01-05,0.000000,2.753274,0.022614,1.199967
2019-01-06,0.000000,2.738623,0.021876,1.201911
2019-01-07,0.000000,2.741102,0.021776,1.194302
2019-01-08,0.000000,2.742315,0.021652,1.173873
2019-01-09,0.000000,2.742447,0.021429,1.252318
2019-01-10,0.000000,2.739816,0.021035,1.184437
2019-01-11,0.000000,2.737065,0.021205,1.196793
2019-01-12,0.000000,2.738599,0.020589,1.182362
2019-01-13,0.000000,2.738711,0.020637,1.178828
2019-01-14,0.000000,2.738053,0.020192,1.192260
2019-01-15,0.000000,2.737338,0.020192,1.168870
2019-01-16,0.000000,2.735687,0.019798,1.188455
2019-01-17,0.000000,2.737539,0.019796,1.175799
2019-01-18,0.000000,2.736624,0.019402,1.181375
2019-01-19,0.000000,2.735713,0.019743,1.179032
2019-01-20,0.000000,2.736179,0.018610,1.163560
2019-01-21,0.000000,2.734867,0.018955,1.176160
2019-01-22,0.000000,2.736797,0.021170,1.174680
2019-01-23,0.000000,2.737092,0.018610,1.164607
2019-01-24,0.000000,2.744058,0.018163,1.159332
2019-01-25,0.000000,2.942674,0.018163,1.156709
2019-01-26,0.000000,2.747282,0.017719,1.167686
2019-01-27,0.000000,2.737384,0.018160,1.162919
2019-01-28,0.000000,2.854113,0.017372,1.151332
2019-01-29,0.000000,2.874618,0.017372,1.156365
2019-01-30,0.000000,2.733605,0.017272,1.148269
2019-01-31,0.000000,2.732364,0.016928,1.166224
2019-02-01,0.000000,2.730950,0.016926,1.132998
2019-02-02,0.000000,2.735232,0.016531,1.129138
2019-02-03,0.000000,2.736678,0.016529,1.121297
2019-02-04,0.000000,2.734184,0.016358,1.139381
2019-02-05,0.000000,2.732199,0.015911,1.138392
2019-02-06,0.000000,2.730354,0.016133,1.129809
2019-02-07,0.000000,2.731597,0.015689,1.111404
2019-02-08,0.000000,2.730280,0.015516,1.115623
2019-02-09,0.000000,2.727109,0.015516,1.112685
2019-02-10,0.000000,2.726951,0.015294,1.108391
2019-02-11,0.000000,2.725515,0.014896,1.111541
2019-02-12,0.000000,2.727013,0.014948,1.113738
2019-02-13,0.000000,2.727088,0.014451,1.105139
2019-02-14,0.000000,2.727110,0.014554,1.116825
2019-02-15,0.000000,2.726942,0.014448,1.086326
2019-02-16,0.000000,2.725508,0.013884,1.108736
2019-02-17,0.000000,2.727005,0.014105,1.102392
2019-02-18,0.000000,2.727081,0.013489,1.095766
2019-02-19,0.000000,2.727101,0.013658,1.092702
2019-02-20,0.000000,2.795238,0.013315,1.097765
2019-02-21,0.000000,2.724570,0.016468,1.095191
2019-02-22,0.000000,2.725900,0.053323,1.091160
2019-02-23,0.000000,2.735067,0.045361,1.105196
2019-02-24,0.000000,2.770815,0.012866,1.082600
2019-02-25,0.000000,2.766156,0.012475,1.095588
2019-02-26,0.000000,3.068682,0.025306,1.082071
2019-02-27,0.000000,3.451207,0.012424,1.082012
2019-02-28,0.000000,3.165320,0.012077,1.109468
2019-03-01,0.000000,3.065209,0.012077,1.080013
2019-03-02,0.000000,2.740808,0.011629,1.079506
2019-03-03,0.000000,2.867821,0.011855,1.100968
2019-03-04,0.000000,2.785070,0.011507,1.076219
2019-03-05,0.000000,2.720011,0.011629,1.082266
2019-03-06,0.000000,2.718714,0.011237,1.086771
2019-03-07,0.000000,2.720201,0.011456,3.296563
2019-03-08,0.000000,2.720297,0.011063,1.076170
2019-03-09,0.000000,2.719708,0.010840,1.072405
2019-03-10,0.000000,2.717572,0.011060,1.074826
2019-03-11,0.000000,2.716055,0.010444,1.072739
2019-03-12,0.000000,2.717525,0.010667,1.085456
2019-03-13,0.000000,2.717588,0.010391,1.060978
2019-03-14,0.000000,2.717622,0.010494,1.075193
2019-03-15,0.000000,2.717332,0.010047,1.070323
2019-03-16,0.000000,2.716047,0.010047,1.061008
2019-03-17,0.000000,2.717439,0.010047,1.070708
2019-03-18,0.000000,2.716674,0.009603,1.062762
2019-03-19,0.000000,2.714873,0.010047,1.060520
2019-03-20,0.000000,2.713615,0.009599,1.044208
2019-03-21,0.000000,2.712246,0.009258,1.065070
2019-03-22,0.000000,2.616137,0.009427,1.053926
2019-03-23,0.000000,2.569491,0.009255,7.453774
2019-03-24,0.000000,3.103947,0.009205,1.046426
2019-03-25,0.000000,3.873198,0.009032,1.038582
2019-03-26,0.000000,2.687783,0.009033,1.047010
2019-03-27,0.000000,2.560335,0.008808,1.033934
2019-03-28,0.000000,2.559551,0.008638,1.026846
2019-03-29,0.000000,3.145967,0.008636,1.032667
2019-03-30,0.000000,3.875740,0.008414,1.023215
2019-03-31,0.000000,3.803869,0.008414,1.024697
2019-04-01,0.000000,2.749682,0.008412,1.020324
2019-04-02,0.000000,2.576898,0.008018,1.297913
2019-04-03,0.000000,2.552073,0.008018,1.019267
2019-04-04,0.000000,2.546267,0.008017,1.018227
2019-04-05,0.000000,2.545984,0.008017,1.012698
2019-04-06,0.000000,2.544679,0.007623,1.080308
2019-04-07,0.000000,2.546050,0.007621,1.012060
2019-04-08,0.000000,2.546083,0.007401,1.257558
2019-04-09,0.000000,2.604599,0.008734,1.046522
2019-04-10,0.000000,3.224654,0.055887,1.362652
2019-04-11,0.000000,6.997775,0.166016,1.511548
2019-04-12,6.598828,8.632758,0.593136,1.384743
2019-04-13,18.276104,31.532445,2.387632,1.780297
2019-04-14,19.144487,35.906803,0.881175,1.592379
2019-04-15,12.372512,21.682936,0.126968,2.069041
2019-04-16,11.580969,16.862461,0.491911,7.038305
2019-04-17,7.784069,18.784525,0.293657,4.765390
2019-04-18,0.402426,5.792658,0.050443,4.284399
2019-04-19,9.395230,7.590181,0.340998,6.896863
2019-04-20,12.284725,17.848094,0.466532,9.963600
2019-04-21,0.261353,8.170133,0.007141,1.190796
2019-04-22,0.210677,3.297644,0.006386,1.015371
2019-04-23,0.176367,2.806059,0.006606,1.002267
2019-04-24,0.157069,2.732303,0.009490,1.078842
2019-04-25,5.934421,5.857881,0.716877,5.075065
2019-04-26,34.025998,28.593726,3.337974,22.953961
2019-04-27,60.044168,76.359010,3.438455,18.341839
2019-04-28,42.479223,61.203500,4.577295,22.041090
2019-04-29,59.570432,97.551381,5.099417,34.794399
2019-04-30,35.806589,70.015783,2.358824,26.983027
2019-05-01,25.993164,64.153655,0.801668,33.135218
2019-05-02,0.971944,23.328927,0.043823,1.961775
2019-05-03,1.036593,7.664674,0.113821,3.176594
2019-05-04,11.582239,14.236246,0.734954,11.970657
2019-05-05,10.307318,18.526525,0.973057,22.667771
2019-05-06,16.493475,26.456535,0.997442,24.470709
2019-05-07,19.521179,35.167566,0.838829,22.808221
2019-05-08,1.026364,21.383077,0.828590,7.403551
2019-05-09,1.934058,6.739995,0.067502,1.097418
2019-05-10,1.626230,6.570339,0.157213,1.100996
2019-05-11,2.349616,8.787016,0.362384,1.626366
2019-05-12,0.818412,9.920428,0.433432,1.859057
2019-05-13,0.150083,6.271183,0.130883,1.226328
2019-05-14,7.478042,10.376309,1.415249,45.280900
2019-05-15,65.573883,91.974513,3.377628,67.579276
2019-05-16,35.941285,90.882814,2.703125,52.810814
2019-05-17,30.233968,98.519892,1.564059,55.791594
2019-05-18,24.771848,89.245786,0.878286,61.462359
2019-05-19,32.747283,78.960269,0.685677,62.878615
2019-05-20,22.703668,94.585053,0.290074,61.085539
2019-05-21,10.929625,55.072700,0.351013,51.004634
2019-05-22,19.340949,64.260536,0.985903,75.431509
2019-05-23,21.156984,72.697083,0.817306,53.167036
2019-05-24,19.502309,68.085955,0.974361,57.888332
2019-05-25,23.591739,71.369765,1.220523,65.129033
2019-05-26,23.401650,74.663206,1.135220,50.672048
2019-05-27,21.573404,74.296154,0.584046,15.926928
2019-05-28,12.873823,56.302119,1.142585,31.430674
2019-05-29,21.167907,58.322614,1.993654,72.253335
2019-05-30,16.977979,64.216139,1.922036,57.647935
2019-05-31,7.327935,45.272802,1.465585,45.962056
2019-06-01,4.131882,26.809831,2.043171,70.182651
2019-06-02,10.227984,31.042558,2.151757,62.649820
2019-06-03,17.562469,48.524969,2.168776,58.270329
2019-06-04,23.792512,70.467550,2.624868,72.373025
2019-06-05,25.126049,86.208024,2.751379,72.796463
2019-06-06,26.893818,90.158907,2.906440,74.782046
2019-06-07,27.294097,100.753491,3.432412,82.837692
2019-06-08,33.985298,113.226616,3.311657,93.789306
2019-06-09,38.039379,125.175487,3.325998,88.882806
2019-06-10,39.199929,135.393820,3.613280,103.459163
2019-06-11,31.056018,128.040104,3.560636,98.046896
2019-06-12,72.803330,257.733808,5.166751,206.045722
2019-06-13,82.066178,410.927430,6.367593,248.002269
2019-06-14,54.235940,430.861467,3.906012,215.647601
2019-06-15,45.138530,367.987366,4.298830,214.380861
2019-06-16,73.389916,370.979138,5.330160,246.940231
2019-06-17,43.157507,351.804909,4.433291,238.365605
2019-06-18,38.229774,286.225548,4.501874,230.181866
2019-06-19,45.022235,301.469576,3.980657,231.859208
2019-06-20,35.868075,282.769867,3.949640,231.953996
2019-06-21,46.100204,317.861742,3.594378,224.047981
2019-06-22,44.835094,340.911999,4.186222,238.854871
2019-06-23,52.473992,371.100285,4.689719,253.217087
2019-06-24,47.472997,369.023760,5.526975,248.994532
2019-06-25,76.981670,539.725306,6.082391,355.036939
2019-06-26,56.065374,450.128713,5.306569,329.567941
2019-06-27,75.008357,445.026716,3.082977,223.334007
2019-06-28,62.928405,514.480336,3.829834,292.504956
2019-06-29,47.180014,513.757429,3.599097,292.241299
2019-06-30,89.469235,486.163232,4.090528,235.209231
2019-07-01,35.388908,338.532671,3.376805,288.400159
2019-07-02,24.859122,224.461025,3.072172,199.976264
2019-07-03,117.976091,468.127724,8.383044,352.235185
2019-07-04,45.606271,532.814638,2.610119,355.902140
2019-07-05,46.903056,412.415273,2.082543,314.818014
2019-07-06,46.723083,419.449956,2.351790,316.546937
2019-07-07,43.530433,400.402305,2.294454,298.691909
2019-07-08,44.930802,378.593282,2.465246,279.295380
2019-07-09,51.273850,361.630716,2.444402,311.544244
2019-07-10,32.615717,307.794268,2.448038,336.929792
2019-07-11,28.655764,335.729110,2.470687,300.924206
2019-07-12,26.635240,329.450888,2.603644,306.695304
2019-07-13,36.720188,357.646544,3.011177,361.869424
2019-07-14,37.669083,371.043952,3.296619,324.333951
2019-07-15,74.376383,497.428319,4.725673,467.712471
2019-07-16,86.519812,782.726752,2.945205,441.133027
2019-07-17,61.565648,556.694214,2.173420,352.346742
2019-07-18,53.788848,486.952354,2.152226,348.822518
2019-07-19,57.277336,457.517978,2.246651,334.122628
2019-07-20,74.987457,503.501024,2.616041,386.713723
2019-07-21,62.294217,510.615715,2.620430,392.205919
2019-07-22,73.001702,530.451523,2.627962,369.090396
2019-07-23,51.509301,501.792324,2.208874,316.193792
2019-07-24,38.460115,449.776905,2.543952,291.262540
2019-07-25,33.352343,359.749360,2.388850,247.224253
2019-07-26,35.444978,357.680347,2.926086,233.745851
2019-07-27,55.292817,378.228557,2.937264,391.695417
2019-07-28,117.330338,778.176636,7.597023,596.473083
2019-07-29,202.055717,1265.279975,6.354801,790.110352
2019-07-30,146.711226,1604.185353,16.379367,1066.093949
2019-07-31,129.408329,1494.124601,4.030716,718.821478
2019-08-01,90.226082,1012.948221,0.825628,384.136096
2019-08-02,45.096434,602.710018,0.860718,322.547744
2019-08-03,47.258827,487.204160,1.262040,335.492351
2019-08-04,48.206708,496.871618,1.438163,325.485163
2019-08-05,37.324558,397.600350,1.673823,290.171455
2019-08-06,37.665630,371.818444,1.807275,252.842578
2019-08-07,30.935425,333.944122,0.860432,254.806194
2019-08-08,20.606074,289.199207,0.901134,241.912712
2019-08-09,22.700553,272.475918,0.997417,225.733100
2019-08-10,17.165597,242.933801,1.378161,203.870225
2019-08-11,19.407873,254.201436,1.416311,265.694417
2019-08-12,9.645922,242.327859,1.115101,162.777887
2019-08-13,6.200241,200.118154,0.933446,143.858999
2019-08-14,9.117352,187.558940,1.184091,170.061671
2019-08-15,11.838278,211.106583,1.546937,178.828991
2019-08-16,12.690264,228.796480,1.510773,205.146906
2019-08-17,9.955056,206.554933,1.218202,122.847472
2019-08-18,8.257007,201.070785,1.153763,108.441545
2019-08-19,7.847489,199.366305,1.250647,93.281357
2019-08-20,3.040747,168.461111,1.010282,81.901547
2019-08-21,2.992727,142.583069,1.020571,72.277824
2019-08-22,2.829436,135.549789,0.976532,67.699500
2019-08-23,7.969898,133.316245,2.121454,81.906165
2019-08-24,10.081312,194.095060,2.540717,126.291885
2019-08-25,0.707920,234.820483,5.224654,179.381453
2019-08-26,0.731435,213.627633,1.162240,153.222987
2019-08-27,0.520780,135.543294,1.105897,110.184458
2019-08-28,0.278322,97.689948,0.872015,115.496386
2019-08-29,0.069581,83.826738,0.607783,67.201696
2019-08-30,0.054892,79.500925,0.550996,48.877123
2019-08-31,0.160088,74.796524,0.638675,52.639416
2019-09-01,0.206827,71.924540,0.000000,0.000000
2019-09-02,0.055035,59.251971,0.000000,0.000000
2019-09-03,0.223649,61.290153,0.000000,0.000000
2019-09-04,0.207706,66.934209,0.000000,0.000000
2019-09-05,4.087062,69.364868,0.000000,0.000000
2019-09-06,5.248596,68.468406,0.000000,0.000000
2019-09-07,30.823926,117.339755,0.000000,0.000000
2019-09-08,14.757081,162.983248,0.000000,0.000000
2019-09-09,1.963632,119.179299,0.000000,0.000000
2019-09-10,0.283459,53.095057,0.000000,0.000000
2019-09-11,1.412852,33.564015,0.000000,0.000000
2019-09-12,1.190507,22.881093,0.000000,0.000000
2019-09-13,0.162392,13.954448,0.000000,0.000000
2019-09-14,0.019812,10.072242,0.000000,0.000000
2019-09-15,0.031198,9.099216,0.000000,0.000000
2019-09-16,0.022453,8.967771,0.000000,0.000000
2019-09-17,0.007167,9.270709,0.000000,0.000000
2019-09-18,0.023541,9.159255,0.000000,0.000000
2019-09-19,1.292689,8.599909,0.000000,0.000000
2019-09-20,6.093973,11.585733,0.000000,0.000000
2019-09-21,1.486252,23.558018,0.000000,0.000000
2019-09-22,35.149848,177.554407,0.000000,0.000000
2019-09-23,7.842664,308.017946,0.000000,0.000000
2019-09-24,7.592542,241.990070,0.000000,0.000000
2019-09-25,2.810438,153.140429,0.000000,0.000000
2019-09-26,11.577834,120.702988,0.000000,0.000000
2019-09-27,0.413069,151.944300,0.000000,0.000000
2019-09-28,0.003492,52.529403,0.000000,0.000000
2019-09-29,0.001751,27.797325,0.000000,0.000000
2019-09-30,0.001860,17.988233,0.000000,0.000000
2019-10-01,0.002114,10.985460,0.000000,0.000000
2019-10-02,0.011565,8.024350,0.000000,0.000000
2019-10-03,25.478800,15.983491,0.000000,0.000000
2019-10-04,56.845229,89.094548,0.000000,0.000000
2019-10-05,28.683165,76.517495,0.000000,0.000000
2019-10-06,24.684392,60.967890,0.000000,0.000000
2019-10-07,6.176581,44.289898,0.000000,0.000000
2019-10-08,7.677102,26.348540,0.000000,0.000000
2019-10-09,2.500648,39.912803,0.000000,0.000000
2019-10-10,0.220479,11.919041,0.000000,0.000000
2019-10-11,0.061433,6.205856,0.000000,0.000000
2019-10-12,0.025331,4.818084,0.000000,0.000000
2019-10-13,0.196838,4.744822,0.000000,0.000000
2019-10-14,0.001858,4.729379,0.000000,0.000000
2019-10-15,0.003147,4.746623,0.000000,0.000000
2019-10-16,0.003329,4.893233,0.000000,0.000000
2019-10-17,0.001312,4.727779,0.000000,0.000000
2019-10-18,0.001197,4.727895,0.000000,0.000000
2019-10-19,0.001255,4.727817,0.000000,0.000000
2019-10-20,0.004980,4.728011,0.000000,0.000000
2019-10-21,0.002111,4.726860,0.000000,0.000000
2019-10-22,0.002216,4.669971,0.000000,0.000000
2019-10-23,0.002027,4.594002,0.000000,0.000000
2019-10-24,0.004444,4.593584,0.000000,0.000000
2019-10-25,0.000811,4.593516,0.000000,0.000000
2019-10-26,0.001058,4.591286,0.000000,0.000000
2019-10-27,0.001319,4.593345,0.000000,0.000000
2019-10-28,0.002023,4.593003,0.000000,0.000000
2019-10-29,0.001847,4.591175,0.000000,0.000000
2019-10-30,0.001384,4.588923,0.000000,0.000000
2019-10-31,0.001217,4.587309,0.000000,0.000000
2019-11-01,0.002802,4.585137,0.000000,0.000000
2019-11-02,0.001917,4.587523,0.000000,0.000000
2019-11-03,0.006208,4.587097,0.000000,0.000000
2019-11-04,0.001243,4.441347,0.000000,0.000000
2019-11-05,0.005873,3.599551,0.000000,0.000000
2019-11-06,0.001411,3.593205,0.000000,0.000000
2019-11-07,0.005416,3.593431,0.000000,0.000000
2019-11-08,0.007427,3.592544,0.000000,0.000000
2019-11-09,0.004251,3.592092,0.000000,0.000000
2019-11-10,0.022278,3.591216,0.000000,0.000000
2019-11-11,0.000927,3.585406,0.000000,0.000000
2019-11-12,0.001011,3.585265,0.000000,0.000000
2019-11-13,0.000997,3.585287,0.000000,0.000000
2019-11-14,0.001053,3.584429,0.000000,0.000000
2019-11-15,0.001027,3.584457,0.000000,0.000000
2019-11-16,0.000981,3.582795,0.000000,0.000000
2019-11-17,0.000959,3.584450,0.000000,0.000000
2019-11-18,0.002597,3.583912,0.000000,0.000000
2019-11-19,0.000880,3.581680,0.000000,0.000000
2019-11-20,0.000932,3.578444,0.000000,0.000000
2019-11-21,0.001327,3.574343,0.000000,0.000000
2019-11-22,0.002222,3.575725,0.000000,0.000000
2019-11-23,0.002073,3.575341,0.000000,0.000000
2019-11-24,0.000928,3.575204,0.000000,0.000000
2019-11-25,0.001085,3.574467,0.000000,0.000000
2019-11-26,0.000907,3.572019,0.000000,0.000000
2019-11-27,0.000175,3.573470,0.000000,0.000000
2019-11-28,0.000571,3.573648,0.000000,0.000000
2019-11-29,0.000705,3.569085,0.000000,0.000000
2019-11-30,0.000766,3.564869,0.000000,0.000000
2019-12-01,0.001135,3.562708,0.000000,0.000000
2019-12-02,0.001024,3.557537,0.000000,0.000000
2019-12-03,0.000958,3.558646,0.000000,0.000000
2019-12-04,0.002567,3.558844,0.000000,0.000000
2019-12-05,0.013961,3.558571,0.000000,0.000000
2019-12-06,0.000842,3.395181,0.000000,0.000000
2019-12-07,0.002687,3.302050,0.000000,0.000000
2019-12-08,0.009149,3.301342,0.000000,0.000000
2019-12-09,0.005411,3.301096,0.000000,0.000000
2019-12-10,0.009645,3.291024,0.000000,0.000000
2019-12-11,0.007279,3.283328,0.000000,0.000000
2019-12-12,0.002174,3.253124,0.000000,0.000000
2019-12-13,0.002787,3.227110,0.000000,0.000000
2019-12-14,0.000886,3.224875,0.000000,0.000000
2019-12-15,0.000919,3.224591,0.000000,0.000000
2019-12-16,0.000930,3.222917,0.000000,0.000000
2019-12-17,0.000931,3.222179,0.000000,0.000000
2019-12-18,0.000912,3.221911,0.000000,0.000000
2019-12-19,0.000925,3.221711,0.000000,0.000000
2019-12-20,0.000730,3.218084,0.000000,0.000000
2019-12-21,0.000796,3.213196,0.000000,0.000000
2019-12-22,0.000797,3.218641,0.000000,0.000000
2019-12-23,0.000819,3.220011,0.000000,0.000000
2019-12-24,0.000776,3.219178,0.000000,0.000000
2019-12-25,0.000823,3.218401,0.000000,0.000000
2019-12-26,0.000923,3.214834,0.000000,0.000000
2019-12-27,0.000931,3.213888,0.000000,0.000000
2019-12-28,0.000674,3.212650,0.000000,0.000000
2019-12-29,0.000605,3.212078,0.000000,0.000000
2019-12-30,0.000931,3.158307,0.000000,0.000000
2019-12-31,0.000953,3.158006,0.000000,0.000000

