time,MAR_land,MAR_ice,RACMO_land,RACMO_ice
2015-01-01,6.159592,0.288489,0.151971,8.297274
2015-01-02,6.103261,0.008756,0.126845,8.317867
2015-01-03,6.043801,0.000877,0.124155,8.261543
2015-01-04,5.985127,0.000795,0.124855,8.268400
2015-01-05,5.927727,0.000122,0.123869,8.258380
2015-01-06,5.866778,0.000125,0.121341,8.264758
2015-01-07,5.815307,0.000122,0.121323,8.249639
2015-01-08,5.760825,0.000140,0.119799,8.233834
2015-01-09,5.707941,0.000150,0.117826,8.229552
2015-01-10,5.658342,0.000122,0.116284,8.214821
2015-01-11,5.606709,0.000121,0.116266,8.184441
2015-01-12,5.564409,0.000128,0.117505,8.226214
2015-01-13,5.518981,0.001962,0.112787,8.178877
2015-01-14,5.473894,0.042413,0.109667,8.193683
2015-01-15,5.429582,0.042356,0.110780,8.137800
2015-01-16,5.382352,0.058305,0.105470,8.140621
2015-01-17,5.343525,0.502203,0.107695,8.144027
2015-01-18,5.301416,0.406422,0.694887,8.207608
2015-01-19,5.259429,0.139813,0.273979,8.112310
2015-01-20,5.217243,0.041983,0.104181,8.054570
2015-01-21,5.171400,0.042130,0.101652,8.040613
2015-01-22,5.132906,0.040327,0.101652,8.013051
2015-01-23,5.091188,0.011715,0.099142,8.012446
2015-01-24,5.050151,0.001306,0.099124,7.995490
2015-01-25,5.009650,0.001542,0.098120,7.971808
2015-01-26,4.966324,0.001548,0.096595,7.968780
2015-01-27,4.930607,0.000806,0.095609,7.975490
2015-01-28,4.891597,0.000149,0.093081,7.938845
2015-01-29,4.852975,0.000170,0.093081,7.942436
2015-01-30,4.814563,0.000600,0.092095,7.939980
2015-01-31,4.776234,0.000628,0.090553,7.926830
2015-02-01,4.734943,0.000660,0.194221,7.926864
2015-02-02,4.700554,0.000357,0.087038,7.974059
2015-02-03,4.663327,0.000318,0.093168,8.652751
2015-02-04,4.627163,0.000317,0.098389,7.934083
2015-02-05,4.591592,0.000304,0.085496,7.940001
2015-02-06,4.553259,0.000306,0.083524,7.889606
2015-02-07,4.521305,0.000486,0.698698,8.850280
2015-02-08,4.486428,0.001724,0.266908,7.911269
2015-02-09,4.451955,0.004171,0.080796,7.838699
2015-02-10,4.418315,0.002113,0.080977,7.865840
2015-02-11,4.382536,0.000119,0.075599,7.856969
2015-02-12,4.353230,0.000094,0.078467,7.848996
2015-02-13,4.320848,0.005172,0.078431,7.856721
2015-02-14,4.288207,0.060676,0.078806,7.803900
2015-02-15,4.256109,0.000359,0.074952,7.805990
2015-02-16,4.221838,0.000092,0.074396,7.808646
2015-02-17,4.194161,0.000092,0.072406,7.788521
2015-02-18,4.164367,0.000091,0.073410,7.803743
2015-02-19,4.134970,0.000091,0.071420,7.777669
2015-02-20,4.106212,0.000091,0.070864,7.758420
2015-02-21,4.075522,0.000091,0.068892,7.768468
2015-02-22,4.050735,0.000116,0.068353,7.734382
2015-02-23,4.023745,0.000102,0.066381,7.756442
2015-02-24,3.996979,0.000259,0.064464,7.729245
2015-02-25,3.970206,0.000179,0.066381,7.738691
2015-02-26,3.940808,0.000122,0.061324,7.709392
2015-02-27,3.916980,0.000260,0.066346,7.704424
2015-02-28,3.890856,0.000120,0.070519,7.726284
2015-03-01,3.863516,0.000121,0.061307,7.745734
2015-03-02,3.843112,0.000161,0.061307,7.656702
2015-03-03,3.820690,0.000130,0.056267,7.631062
2015-03-04,3.798843,0.000117,0.059317,7.651400
2015-03-05,3.777224,0.000111,0.056267,7.628680
2015-03-06,3.753241,0.000091,0.056267,7.606590
2015-03-07,3.734799,0.000091,0.055264,7.608949
2015-03-08,3.712470,0.000091,0.055264,7.586524
2015-03-09,3.638647,0.000091,0.059186,7.572964
2015-03-10,3.610391,0.000091,0.050272,7.580054
2015-03-11,3.587238,0.000091,0.051749,7.538240
2015-03-12,3.569305,0.000091,0.051211,7.527390
2015-03-13,3.548929,0.000090,0.054692,7.548538
2015-03-14,3.528771,0.000090,0.048257,7.488515
2015-03-15,3.508611,0.000091,0.050188,7.515558
2015-03-16,3.486008,0.000092,0.047307,7.471677
2015-03-17,3.468193,0.000091,0.046692,7.504155
2015-03-18,3.435087,0.000091,0.046692,7.517607
2015-03-19,3.388945,0.000091,0.054354,7.445745
2015-03-20,3.364846,0.000090,0.048207,7.442815
2015-03-21,3.343100,0.000090,0.044182,7.428504
2015-03-22,3.326213,0.000092,0.044164,7.410434
2015-03-23,3.307217,0.000092,0.059259,7.428977
2015-03-24,3.288271,0.000090,0.045183,7.423233
2015-03-25,3.269444,0.000092,0.041653,7.405747
2015-03-26,3.248318,0.000092,0.042174,7.374754
2015-03-27,3.231723,0.000092,0.041636,7.378495
2015-03-28,3.212926,0.000091,0.040649,7.377202
2015-03-29,3.194121,0.000091,0.039581,7.371916
2015-03-30,3.175407,0.000091,0.039125,7.324829
2015-03-31,3.156762,0.000092,0.039089,7.348321
2015-04-01,3.136094,0.000091,0.038121,7.318411
2015-04-02,3.119957,0.000090,0.038121,7.364535
2015-04-03,3.101796,0.000091,0.037117,7.319645
2015-04-04,3.083705,0.000092,0.036597,7.304930
2015-04-05,3.065693,0.000092,0.034589,7.299727
2015-04-06,3.045565,0.000090,0.037135,7.284957
2015-04-07,3.029789,0.000091,0.034589,7.255275
2015-04-08,3.012048,0.000092,0.033082,7.254811
2015-04-09,2.994530,0.000093,0.035557,7.200882
2015-04-10,2.977671,0.000093,0.032096,7.206491
2015-04-11,2.959343,0.000092,0.032060,7.226161
2015-04-12,2.945436,0.000091,0.032096,7.291749
2015-04-13,2.929823,0.000091,0.032060,7.180784
2015-04-14,2.914114,0.000091,0.329398,17.466688
2015-04-15,2.898479,0.000091,0.430121,16.680362
2015-04-16,2.880754,0.000091,0.060314,12.867029
2015-04-17,2.866943,0.000091,0.037724,7.146745
2015-04-18,2.851158,0.000090,0.124608,11.392037
2015-04-19,2.835671,0.000089,1.135852,16.694694
2015-04-20,2.820684,0.000091,0.061256,7.606185
2015-04-21,2.804197,0.000092,0.028546,7.099951
2015-04-22,2.792072,0.000187,0.284814,20.224727
2015-04-23,2.778196,0.000148,1.096756,29.526392
2015-04-24,2.764416,0.000106,0.026035,18.637430
2015-04-25,2.750599,0.000100,0.027021,16.021316
2015-04-26,2.734910,0.000100,0.032301,7.041090
2015-04-27,2.723019,0.000100,0.026035,7.050799
2015-04-28,2.709467,0.000100,0.075324,7.012465
2015-04-29,2.696011,0.000100,1.914021,7.024279
2015-04-30,2.682484,0.000100,0.411284,7.040738
2015-05-01,2.667036,0.000099,0.069268,6.997804
2015-05-02,2.655557,0.000098,0.054111,7.003639
2015-05-03,2.642186,0.000098,0.856336,6.991621
2015-05-04,2.628920,0.001232,3.594325,23.169163
2015-05-05,2.615842,0.000252,1.551926,20.890135
2015-05-06,2.601209,0.000092,3.261469,20.147590
2015-05-07,2.590754,0.003529,4.066461,27.430637
2015-05-08,2.578971,0.001125,3.800751,26.223462
2015-05-09,2.567244,0.000094,6.473031,21.684510
2015-05-10,2.555778,0.000091,8.628039,25.191646
2015-05-11,2.542587,0.000090,0.786345,12.787434
2015-05-12,2.533020,0.000092,0.200448,13.272487
2015-05-13,2.521686,0.000092,0.371693,14.321410
2015-05-14,2.510459,0.000093,0.169638,19.331173
2015-05-15,2.499541,0.000093,2.826866,24.341337
2015-05-16,2.487540,0.003552,5.242607,21.538968
2015-05-17,2.479412,0.000758,6.340405,15.981631
2015-05-18,2.469106,0.000098,10.468151,13.634449
2015-05-19,2.460112,0.000118,0.876077,17.839628
2015-05-20,2.454193,0.000093,1.001331,12.928337
2015-05-21,2.443584,0.000092,6.711937,19.004687
2015-05-22,2.437721,0.000093,1.488477,11.675532
2015-05-23,2.429671,0.000098,4.162295,19.638507
2015-05-24,2.426011,0.012541,5.307446,18.748763
2015-05-25,2.416961,0.105393,3.107316,24.041459
2015-05-26,2.392843,0.102447,2.936951,17.726514
2015-05-27,2.358611,0.124610,3.285229,17.352849
2015-05-28,2.314018,0.160760,5.544880,20.902457
2015-05-29,2.261811,0.030421,3.798302,14.759142
2015-05-30,2.223944,0.000499,4.194147,9.169364
2015-05-31,2.206646,0.000209,5.177307,17.150320
2015-06-01,2.201006,0.326826,1.399294,25.881230
2015-06-02,2.214091,2.613639,2.015319,19.920528
2015-06-03,2.214063,3.445656,3.197654,18.411354
2015-06-04,2.194017,7.594119,4.398437,15.827063
2015-06-05,2.162790,7.965951,6.217770,17.304537
2015-06-06,2.148270,32.477554,11.485501,17.353271
2015-06-07,2.155115,41.042786,8.667849,20.269680
2015-06-08,2.167394,39.833852,7.748430,21.252111
2015-06-09,2.231027,46.067780,9.143975,15.288218
2015-06-10,2.322165,51.997689,10.341474,14.666567
2015-06-11,2.485807,40.209077,14.109361,14.463144
2015-06-12,2.772326,80.389157,10.838719,15.314798
2015-06-13,3.086556,54.821995,15.994068,17.816943
2015-06-14,3.511984,64.251322,18.839301,14.587863
2015-06-15,4.057551,72.207551,14.660129,14.981432
2015-06-16,4.541488,161.708855,18.610803,14.795043
2015-06-17,5.214547,166.527379,19.258021,13.461265
2015-06-18,6.598916,130.683147,20.140544,15.832438
2015-06-19,8.531264,155.772614,21.030281,11.994087
2015-06-20,10.515554,168.959096,20.982801,19.813990
2015-06-21,12.563573,175.216333,23.763097,42.542557
2015-06-22,14.716896,202.373104,26.032719,45.119454
2015-06-23,17.169569,183.053340,22.464680,44.222963
2015-06-24,20.310208,179.017568,23.471064,46.315660
2015-06-25,22.921356,201.147176,24.288508,52.676490
2015-06-26,27.319470,216.892286,24.814419,78.242596
2015-06-27,29.319108,261.977127,25.733391,97.637887
2015-06-28,33.310591,279.997839,28.264117,126.726061
2015-06-29,37.249414,264.859837,26.603578,121.346153
2015-06-30,42.888893,223.937153,24.542877,128.346151
2015-07-01,45.813413,223.273503,26.099296,143.691328
2015-07-02,48.490449,223.122783,27.951740,176.679574
2015-07-03,50.454071,247.322360,27.516358,183.082042
2015-07-04,54.105787,284.908764,19.952366,164.929047
2015-07-05,54.312265,402.911773,23.390208,204.230150
2015-07-06,59.011821,316.349008,23.463263,225.262198
2015-07-07,61.490774,456.704489,21.033594,246.634131
2015-07-08,63.165403,316.657773,23.005923,295.957581
2015-07-09,64.126086,281.323603,23.259066,305.846893
2015-07-10,64.516663,204.524994,13.460557,155.439300
2015-07-11,64.657366,300.897062,22.512175,297.969493
2015-07-12,62.350097,201.505034,19.136375,283.487877
2015-07-13,61.254234,277.729758,18.906736,290.416494
2015-07-14,60.144750,396.216436,22.069547,354.500129
2015-07-15,58.959894,366.860845,24.359928,355.809176
2015-07-16,58.901918,446.945432,25.833430,413.559975
2015-07-17,59.174189,449.509552,24.485987,388.478277
2015-07-18,60.131158,401.296365,25.063009,392.614099
2015-07-19,61.395116,407.733689,23.928178,384.252873
2015-07-20,61.958187,423.177457,22.604176,396.804372
2015-07-21,61.974953,339.453991,19.590341,311.023343
2015-07-22,62.279826,343.143343,20.202434,378.271005
2015-07-23,61.476965,193.354971,21.616962,400.495793
2015-07-24,61.964557,259.948945,17.574376,327.065370
2015-07-25,60.893673,273.213112,18.303160,372.230223
2015-07-26,57.275970,277.203233,19.989735,385.546360
2015-07-27,57.142706,287.110051,16.432897,355.062376
2015-07-28,55.845884,318.570849,18.402237,410.456367
2015-07-29,53.820811,223.713180,16.716392,344.282859
2015-07-30,52.874162,202.554382,14.896363,335.235973
2015-07-31,51.290471,191.423800,14.545484,319.544599
2015-08-01,49.641672,233.349553,14.320440,306.538898
2015-08-02,48.627879,374.740702,17.606792,415.270260
2015-08-03,46.325610,593.552359,13.418403,351.331802
2015-08-04,44.783946,406.225540,15.585246,385.313683
2015-08-05,44.846054,355.433253,15.529530,355.758362
2015-08-06,44.870750,310.163650,14.609523,325.985503
2015-08-07,44.492616,263.313496,15.760967,297.559745
2015-08-08,43.883468,286.449253,14.212103,323.565627
2015-08-09,43.609658,937.994398,20.338766,584.988591
2015-08-10,42.455045,757.723220,17.946168,451.302097
2015-08-11,46.021037,439.463354,17.455743,404.254517
2015-08-12,49.397874,212.437082,21.631743,272.205601
2015-08-13,49.903311,222.488136,11.599355,234.081483
2015-08-14,48.653997,186.841726,11.058069,250.945608
2015-08-15,46.476210,201.472241,11.333311,233.745483
2015-08-16,44.195612,209.759638,11.594416,225.315463
2015-08-17,42.185086,179.757717,11.712649,203.548351
2015-08-18,40.446091,179.979847,11.416704,180.402294
2015-08-19,38.972596,231.044635,11.692087,220.170844
2015-08-20,37.360353,233.233747,12.187573,311.891806
2015-08-21,35.812315,172.661680,10.269479,145.096180
2015-08-22,35.213404,263.652010,12.434324,311.995460
2015-08-23,34.204870,191.498965,11.272852,238.633217
2015-08-24,33.289144,172.336847,10.789347,194.776870
2015-08-25,32.691992,148.717401,10.078401,161.822581
2015-08-26,32.239215,220.524491,10.084427,145.913929
2015-08-27,31.638648,149.645539,10.052320,106.651678
2015-08-28,31.453693,104.896025,9.274544,96.453265
2015-08-29,34.323189,437.887813,17.892716,446.381552
2015-08-30,31.938986,332.625014,18.830418,270.901711
2015-08-31,31.418256,378.982516,18.521650,282.065388
2015-09-01,31.072054,146.363059,13.254262,170.783189
2015-09-02,31.502662,264.348135,12.231325,204.132217
2015-09-03,30.982766,155.058704,12.956013,298.729999
2015-09-04,33.162590,498.949546,25.990407,374.766490
2015-09-05,30.852025,141.565430,13.004462,294.886258
2015-09-06,39.253444,809.011468,38.834722,343.640428
2015-09-07,34.474736,635.645339,41.536316,282.672233
2015-09-08,35.845259,181.052580,6.581429,117.522905
2015-09-09,43.614089,99.146093,4.889289,34.100746
2015-09-10,46.070695,138.401225,5.556062,65.226328
2015-09-11,46.728093,102.247431,4.757502,33.378398
2015-09-12,45.770508,112.047361,5.297005,40.823220
2015-09-13,43.934447,32.465259,4.386658,35.200439
2015-09-14,42.915144,23.300899,3.567780,28.677673
2015-09-15,41.765543,31.671652,4.114177,35.420689
2015-09-16,40.539869,20.300023,6.738541,32.251520
2015-09-17,39.536389,24.289905,4.693169,20.962270
2015-09-18,37.740751,8.036120,8.349947,33.268728
2015-09-19,37.116187,1.799637,7.857062,56.261261
2015-09-20,35.692728,3.977563,2.804553,31.766337
2015-09-21,33.792529,2.928810,8.037080,23.618706
2015-09-22,32.480734,41.966892,6.188695,48.197889
2015-09-23,31.059204,3.129480,1.288567,22.793781
2015-09-24,29.060973,4.031758,4.395649,24.579312
2015-09-25,28.613799,5.817832,1.239813,17.853373
2015-09-26,27.205000,5.838377,1.754286,14.034706
2015-09-27,26.186914,0.683441,1.798788,14.084194
2015-09-28,25.996057,0.375975,2.582688,12.536397
2015-09-29,25.831802,0.085774,1.025838,13.965984
2015-09-30,25.032746,0.190365,0.777837,10.594787
2015-10-01,24.704899,0.062198,0.603880,8.943237
2015-10-02,24.443741,0.072179,0.582774,8.923219
2015-10-03,24.177840,0.016916,0.569470,9.009809
2015-10-04,23.871817,0.162118,0.557782,8.857989
2015-10-05,23.520297,0.052987,0.542561,8.937993
2015-10-06,23.791962,0.059003,0.534533,10.801986
2015-10-07,24.070604,0.023844,0.917041,10.171871
2015-10-08,22.238336,0.216352,0.962623,10.701528
2015-10-09,21.758818,0.689850,1.877370,8.892890
2015-10-10,21.282739,0.724081,3.421124,8.799318
2015-10-11,20.807631,0.704470,6.584485,10.344616
2015-10-12,20.660004,6.417326,6.613944,10.616564
2015-10-13,19.899901,4.600796,1.460283,8.720245
2015-10-14,19.188233,0.645493,0.800759,8.785308
2015-10-15,18.752850,0.446959,6.565105,11.892440
2015-10-16,18.584245,0.343051,3.538496,12.813977
2015-10-17,18.186264,0.979891,2.005184,8.756534
2015-10-18,17.907116,1.165765,0.420487,8.643877
2015-10-19,17.659140,0.962747,0.411460,8.642175
2015-10-20,17.443445,0.163044,0.408140,8.588226
2015-10-21,17.223478,0.039181,0.401624,8.590365
2015-10-22,17.028400,0.390279,0.395272,8.458388
2015-10-23,16.787685,0.617338,0.391395,8.531670
2015-10-24,16.564362,0.466837,0.385043,8.523498
2015-10-25,16.335280,0.330807,0.379102,8.513681
2015-10-26,16.083899,0.730559,0.435751,8.486107
2015-10-27,15.846544,0.792103,1.414410,8.478933
2015-10-28,15.591363,0.803894,0.492153,8.439992
2015-10-29,15.333192,0.654204,4.481885,9.508932
2015-10-30,15.070342,0.079394,3.540133,9.281652
2015-10-31,14.816641,0.177429,1.481527,8.449501
2015-11-01,14.548543,0.041805,2.244842,8.392111
2015-11-02,14.281791,0.043998,0.344678,8.320697
2015-11-03,14.002004,0.332853,0.336959,8.351407
2015-11-04,13.722991,0.057852,0.332424,8.312001
2015-11-05,13.451827,0.001458,0.342363,8.313085
2015-11-06,13.171244,0.000527,1.567301,8.291102
2015-11-07,12.945810,0.019116,0.367519,8.260503
2015-11-08,12.726988,0.005130,0.317978,8.267789
2015-11-09,12.514147,0.036058,0.324055,8.241208
2015-11-10,12.310965,0.005318,0.315316,8.207054
2015-11-11,12.105407,0.007906,0.305777,8.184290
2015-11-12,11.922614,0.019513,0.301269,8.211182
2015-11-13,11.737042,0.123864,0.298276,8.190175
2015-11-14,11.554382,0.157264,0.295173,8.153046
2015-11-15,11.374089,0.138277,0.291349,8.132804
2015-11-16,11.187639,0.103843,0.289770,8.119594
2015-11-17,11.021332,0.010042,0.283418,8.117517
2015-11-18,10.850050,0.002122,0.280315,8.106553
2015-11-19,10.683795,0.015449,0.278591,8.077113
2015-11-20,10.520133,0.276268,0.273388,8.456949
2015-11-21,10.351190,0.001788,0.270713,8.609779
2015-11-22,10.202217,0.000449,0.407687,8.294638
2015-11-23,10.047128,0.000443,0.262747,8.029471
2015-11-24,9.892573,0.000497,0.940506,8.008118
2015-11-25,9.743388,0.299834,0.347292,8.126754
2015-11-26,9.593039,0.595698,0.252125,7.988357
2015-11-27,9.461158,0.280787,0.248465,7.956696
2015-11-28,9.325545,0.238122,0.244805,7.934046
2015-11-29,9.192616,0.012514,0.243637,7.943743
2015-11-30,9.064967,0.000448,0.236194,7.916853
2015-12-01,8.937469,0.000442,0.250979,7.908275
2015-12-02,8.825823,0.000443,0.231472,7.900709
2015-12-03,8.711133,0.000443,0.231992,7.892061
2015-12-04,8.599865,0.000443,0.226033,7.869715
2015-12-05,8.490741,0.000443,0.220954,7.861567
2015-12-06,8.377575,0.000492,0.229532,7.859774
2015-12-07,8.279208,0.010046,0.213547,7.817342
2015-12-08,8.178912,0.000964,0.213137,7.852388
2015-12-09,8.080428,0.043168,0.914336,7.811511
2015-12-10,7.983118,0.000814,0.200988,7.789367
2015-12-11,7.882716,0.000443,0.200413,7.779135
2015-12-12,7.795244,0.000443,0.191877,7.758356
2015-12-13,7.703547,0.000462,0.193451,7.758204
2015-12-14,7.612460,0.001165,0.191514,7.767378
2015-12-15,7.522576,0.005922,0.185308,7.701756
2015-12-16,7.428303,0.007704,0.184015,7.710872
2015-12-17,7.323351,0.006754,0.398988,7.690001
2015-12-18,7.206584,0.006450,0.175871,7.670880
2015-12-19,7.122455,0.004496,0.175278,7.657547
2015-12-20,7.041960,0.004442,0.172175,7.644987
2015-12-21,6.958607,0.004438,0.168515,7.638255
2015-12-22,6.886826,0.004452,0.166936,7.629203
2015-12-23,6.810751,0.004443,0.164837,7.597980
2015-12-24,6.735562,0.001694,0.164785,7.599758
2015-12-25,6.661858,0.000444,0.162091,7.614182
2015-12-26,6.585486,0.231513,0.157070,7.594900
2015-12-27,6.519209,0.450227,0.152871,7.592232
2015-12-28,6.448647,0.313045,0.164620,7.552198
2015-12-29,6.378769,0.002602,0.151588,7.545322
2015-12-30,6.309343,0.000443,0.149400,7.500976
2015-12-31,6.241023,0.000443,0.145515,7.548073
2016-01-01,6.053240,0.011382,0.142950,7.510465
2016-01-02,5.935580,0.003308,0.140403,7.466407
2016-01-03,5.875983,0.015797,0.138304,7.491702
2016-01-04,5.800133,0.031500,0.136187,7.501072
2016-01-05,5.722472,0.113737,0.134572,7.405578
2016-01-06,5.663051,0.115675,0.141776,7.485321
2016-01-07,5.613424,0.124856,0.981017,7.476356
2016-01-08,5.560662,0.129999,0.214063,7.353350
2016-01-09,5.509073,0.076339,0.126859,7.264176
2016-01-10,5.459462,0.064943,0.123756,7.263642
2016-01-11,5.406794,0.004867,0.122770,7.250561
2016-01-12,5.362616,0.005086,0.121620,7.241050
2016-01-13,5.315102,0.010986,0.119092,7.238392
2016-01-14,5.267708,0.009575,0.114848,7.275646
2016-01-15,5.205514,0.040919,0.130236,7.231022
2016-01-16,5.138197,0.028170,0.408074,7.188416
2016-01-17,5.097315,0.183045,1.304989,7.244507
2016-01-18,5.053320,0.044320,1.392444,7.219791
2016-01-19,5.010046,0.038369,3.240796,7.172536
2016-01-20,4.967604,0.001845,9.547404,7.270732
2016-01-21,4.917469,0.031689,14.689032,7.270429
2016-01-22,4.781496,0.037883,3.842749,7.282553
2016-01-23,4.728604,0.038111,0.471294,7.050703
2016-01-24,4.689867,0.038165,0.145383,7.026504
2016-01-25,4.652335,0.038335,0.108910,6.993539
2016-01-26,4.611829,0.027158,0.100043,7.000902
2016-01-27,4.578409,0.001666,0.099486,6.984424
2016-01-28,4.542261,0.001261,0.100637,6.960129
2016-01-29,4.506555,0.001258,0.096383,6.944201
2016-01-30,4.471073,0.001261,0.096940,6.945305
2016-01-31,4.436054,0.001350,0.093280,6.924639
2016-02-01,4.398593,0.001588,0.093280,6.917964
2016-02-02,4.367400,0.015399,0.092276,6.929248
2016-02-03,4.333403,0.046730,0.091737,6.965116
2016-02-04,4.299468,0.005690,0.090697,6.911944
2016-02-05,4.265970,0.001604,0.087666,6.879144
2016-02-06,4.229904,0.001304,0.087594,6.879886
2016-02-07,4.200066,0.001259,0.084563,6.895785
2016-02-08,4.167705,0.001261,0.089173,6.872089
2016-02-09,4.135995,0.001257,0.082984,6.859272
2016-02-10,4.104637,0.001255,0.082984,6.860022
2016-02-11,4.070618,0.001267,0.082984,6.864860
2016-02-12,4.042456,0.001264,0.080456,6.831918
2016-02-13,4.011894,0.001264,0.078895,6.840564
2016-02-14,3.981997,0.001231,0.080456,6.831296
2016-02-15,3.952017,0.001228,0.085769,6.814073
2016-02-16,3.919413,0.001229,0.076384,6.761472
2016-02-17,3.892636,0.001267,0.076349,6.795190
2016-02-18,3.863675,0.001258,0.207495,6.763322
2016-02-19,3.834910,0.001271,0.073300,6.769011
2016-02-20,3.806474,0.001270,0.076349,6.768790
2016-02-21,3.776326,0.001268,0.071327,6.756823
2016-02-22,3.752432,0.001271,0.074376,6.746248
2016-02-23,3.726392,0.001269,0.070061,6.744401
2016-02-24,3.700876,0.363749,0.086566,6.734587
2016-02-25,3.676371,0.460247,0.080778,6.678726
2016-02-26,3.649673,0.462004,0.067813,6.691301
2016-02-27,3.627957,0.463879,0.077563,6.681432
2016-02-28,3.604146,0.458842,0.461781,6.486660
2016-02-29,3.581127,0.458990,0.195040,6.442128
2016-03-01,3.556152,0.462911,0.065284,6.412453
2016-03-02,3.536738,0.461049,0.086024,6.383975
2016-03-03,3.515099,0.459022,0.892595,6.376131
2016-03-04,3.493816,0.457599,0.282038,8.680794
2016-03-05,3.472915,0.459252,0.072047,7.873531
2016-03-06,3.449605,0.456137,0.060636,6.309566
2016-03-07,3.431175,0.455893,0.063872,6.323037
2016-03-08,3.410241,0.457136,0.061752,6.299813
2016-03-09,3.389295,0.203344,0.065334,6.326486
2016-03-10,3.368608,0.001590,0.067644,6.313799
2016-03-11,3.345769,0.001260,0.059242,6.275715
2016-03-12,3.327832,0.001264,0.059206,6.312058
2016-03-13,3.308226,0.001268,0.057856,6.249210
2016-03-14,3.289288,0.001269,0.056695,6.272936
2016-03-15,3.270919,0.001269,0.056713,6.270805
2016-03-16,3.250327,0.001268,0.056713,6.282335
2016-03-17,3.234352,0.001234,6.538912,8.257581
2016-03-18,3.216236,0.121342,6.778807,8.670042
2016-03-19,3.173570,0.460596,0.086066,6.266659
2016-03-20,3.115089,0.465380,0.115267,6.227223
2016-03-21,3.095683,0.460094,0.235407,6.236443
2016-03-22,3.080428,0.459180,0.054865,6.219231
2016-03-23,3.063136,0.461091,0.078558,6.225132
2016-03-24,3.045930,0.463004,0.045981,6.196328
2016-03-25,3.028764,0.459554,0.181599,6.218538
2016-03-26,3.009449,0.462238,0.050653,6.202696
2016-03-27,2.994279,0.460844,0.048719,6.166640
2016-03-28,2.977053,0.464577,0.048142,6.158462
2016-03-29,2.959775,0.472997,0.049666,6.171922
2016-03-30,2.942480,0.877735,0.045631,6.167198
2016-03-31,2.925233,0.916712,0.048482,6.142598
2016-04-01,2.906416,1.385508,0.047138,6.105494
2016-04-02,2.891963,0.861556,0.047856,6.112972
2016-04-03,2.875784,0.804375,0.167261,6.113809
2016-04-04,2.859567,0.771667,0.433800,6.080880
2016-04-05,2.843593,0.693676,3.686433,6.831183
2016-04-06,2.825668,0.201241,0.190961,6.043306
2016-04-07,2.811675,0.002364,0.448050,6.062504
2016-04-08,2.795646,0.000715,2.318079,10.077912
2016-04-09,2.779772,0.000771,0.042099,7.608406
2016-04-10,2.764114,0.000360,1.677775,21.933593
2016-04-11,2.746951,0.000331,2.875881,11.840475
2016-04-12,2.733917,0.000331,4.366845,10.591278
2016-04-13,2.719176,0.000331,2.986717,11.229461
2016-04-14,2.704628,0.014042,2.501722,11.733657
2016-04-15,2.690203,0.056106,4.829691,10.813210
2016-04-16,2.674152,0.023807,0.865744,13.873019
2016-04-17,2.661796,0.448737,0.041095,11.915633
2016-04-18,2.647609,1.111164,0.038584,5.927393
2016-04-19,2.633613,1.127121,0.469866,14.566850
2016-04-20,2.619866,1.120043,0.038567,5.966904
2016-04-21,2.604292,1.119720,0.205407,15.315096
2016-04-22,2.592609,0.928867,4.587537,18.031220
2016-04-23,2.579300,0.562489,4.986636,12.850573
2016-04-24,2.566215,0.741460,5.269016,11.267575
2016-04-25,2.552970,1.039649,5.197268,11.887855
2016-04-26,2.537550,0.995456,6.979646,12.066393
2016-04-27,2.525365,0.896597,5.442285,15.673862
2016-04-28,2.519992,0.775896,4.691308,18.090429
2016-04-29,2.510783,0.736782,5.214708,13.073136
2016-04-30,2.495456,0.250547,1.429422,17.389647
2016-05-01,2.474828,0.001180,1.897725,19.575094
2016-05-02,2.460354,0.000333,2.106393,17.184601
2016-05-03,2.444503,0.000331,1.044037,15.162820
2016-05-04,2.430339,0.000331,1.408483,72.037801
2016-05-05,2.411036,0.000331,2.317598,14.022441
2016-05-06,2.391479,1.524241,3.570705,13.450801
2016-05-07,2.376242,4.410551,7.407451,13.837117
2016-05-08,2.358013,7.439742,7.136575,27.942672
2016-05-09,2.336322,7.678329,6.896033,14.907417
2016-05-10,2.299047,6.899753,6.201283,18.172607
2016-05-11,2.262013,17.529218,6.046305,11.382363
2016-05-12,2.208450,17.941938,6.093552,11.556443
2016-05-13,2.143995,22.128009,7.346568,10.805432
2016-05-14,2.111330,54.152962,9.362379,10.302555
2016-05-15,2.107626,89.762547,10.783426,9.897876
2016-05-16,2.145173,46.449609,3.453088,19.956049
2016-05-17,2.276782,47.783987,7.109758,12.806968
2016-05-18,2.471185,21.557702,7.899636,14.533609
2016-05-19,2.722227,38.162277,10.026745,12.644350
2016-05-20,2.990256,22.854357,7.376376,15.340859
2016-05-21,5.386654,45.482963,4.648553,16.067618
2016-05-22,4.433464,31.339017,5.893418,16.031686
2016-05-23,4.341788,15.723131,6.213935,14.688267
2016-05-24,4.802630,23.785023,7.910046,14.046077
2016-05-25,6.339144,49.497977,11.163124,11.462482
2016-05-26,5.927708,23.501710,8.296478,12.338787
2016-05-27,6.537445,11.122413,7.418710,13.702700
2016-05-28,7.282322,11.077813,9.207904,13.472037
2016-05-29,8.031673,12.872246,10.356352,12.680708
2016-05-30,8.716819,9.862653,7.504715,14.191966
2016-05-31,9.303551,19.098865,3.717012,16.904929
2016-06-01,9.843497,26.598507,7.147721,16.993793
2016-06-02,12.194805,66.439025,20.207402,13.188120
2016-06-03,19.965002,318.595344,33.908451,10.890548
2016-06-04,21.761371,185.367653,16.136767,10.508099
2016-06-05,24.745631,148.459061,11.832918,9.804286
2016-06-06,26.979955,121.102360,14.861583,10.710851
2016-06-07,31.097758,130.311739,14.887186,12.327190
2016-06-08,33.687220,154.453692,13.622627,11.942843
2016-06-09,68.475160,906.754198,55.321009,19.806767
2016-06-10,76.046408,1274.597636,68.387323,26.516315
2016-06-11,80.619904,587.733933,29.680402,23.187808
2016-06-12,104.470553,540.116776,25.804130,42.432334
2016-06-13,106.964870,406.029833,26.574992,98.303060
2016-06-14,107.289755,323.768548,23.096951,99.807444
2016-06-15,106.248710,300.437375,21.566357,91.366272
2016-06-16,102.663159,209.791052,23.706753,79.102848
2016-06-17,97.007396,97.520950,14.361640,122.873742
2016-06-18,115.946063,585.049454,43.289426,194.611440
2016-06-19,115.484470,483.958009,36.457398,160.894367
2016-06-20,136.103498,618.404661,27.785196,182.764066
2016-06-21,139.487747,348.420763,24.136597,193.652679
2016-06-22,143.975118,356.321886,28.303958,218.684883
2016-06-23,144.630854,521.512071,26.780582,269.686621
2016-06-24,137.276529,417.606247,24.039650,251.497354
2016-06-25,133.360865,397.129536,24.438372,250.950417
2016-06-26,130.694334,373.411217,23.512841,238.145472
2016-06-27,132.928157,453.010489,28.647577,274.087705
2016-06-28,129.092733,415.061450,21.539761,200.284253
2016-06-29,128.176247,353.449696,26.364132,269.369581
2016-06-30,125.198933,365.694250,27.673627,288.748517
2016-07-01,120.843550,307.293666,24.968377,271.272821
2016-07-02,117.039093,299.964189,25.822453,268.403072
2016-07-03,117.068486,345.656455,26.755543,284.504280
2016-07-04,112.074073,316.837275,25.631689,283.139391
2016-07-05,102.717209,172.797563,20.541634,210.921281
2016-07-06,108.015905,382.563793,30.413153,338.803889
2016-07-07,101.816313,360.717669,34.967842,375.922112
2016-07-08,98.688106,349.830183,31.897331,349.339627
2016-07-09,92.273888,259.940078,29.171008,273.772716
2016-07-10,93.666782,298.193796,33.757949,304.474708
2016-07-11,90.867643,363.799990,36.060022,317.829834
2016-07-12,85.446444,315.490231,25.203497,236.731929
2016-07-13,84.543850,309.515650,26.325986,279.475386
2016-07-14,82.473030,308.602040,19.455003,238.866042
2016-07-15,84.934203,500.089300,21.924378,277.570149
2016-07-16,86.392982,406.942533,24.768798,331.904087
2016-07-17,88.329762,403.045310,31.105065,393.647348
2016-07-18,90.196602,439.231857,25.483693,397.861462
2016-07-19,91.437611,496.815725,24.758753,403.411919
2016-07-20,87.894107,457.267383,23.512476,405.396388
2016-07-21,84.793110,401.919208,24.576777,378.869270
2016-07-22,84.078809,417.219032,23.962310,398.148805
2016-07-23,86.474685,503.628232,27.353789,455.323138
2016-07-24,85.654433,502.681100,28.235680,455.758455
2016-07-25,85.810046,488.366535,27.229810,408.919739
2016-07-26,83.304171,453.347148,24.427330,396.784324
2016-07-27,81.727224,437.709110,23.803764,395.143827
2016-07-28,81.556731,458.159054,23.270888,423.256303
2016-07-29,81.661742,440.629758,20.973421,389.753879
2016-07-30,76.569262,366.739276,16.763395,316.070545
2016-07-31,76.036058,352.229078,17.850116,302.387145
2016-08-01,72.680620,289.207971,19.482031,314.212077
2016-08-02,73.692724,311.194713,20.361348,369.863206
2016-08-03,69.849421,358.292107,20.154255,355.226789
2016-08-04,63.794163,276.310217,16.793584,287.219225
2016-08-05,60.943519,241.751860,16.463426,293.724942
2016-08-06,60.309495,301.146532,16.744830,308.259943
2016-08-07,63.533328,450.117748,18.249546,385.966485
2016-08-08,59.928099,442.285742,17.434539,358.476672
2016-08-09,57.774988,411.352608,15.126399,316.679386
2016-08-10,60.325465,507.993200,13.075016,331.045035
2016-08-11,57.510199,438.350547,14.681556,381.412731
2016-08-12,50.354420,253.312708,12.747429,277.209265
2016-08-13,54.288858,334.866834,9.207983,218.026994
2016-08-14,48.871487,267.999344,17.288731,338.100192
2016-08-15,63.394825,780.372086,20.450490,464.980368
2016-08-16,56.521482,595.289050,12.946512,332.830878
2016-08-17,70.987204,819.059972,11.010212,280.835093
2016-08-18,53.033790,500.044365,14.199628,332.353807
2016-08-19,59.943414,496.164359,15.708137,307.130317
2016-08-20,51.767916,223.997409,12.728710,293.910187
2016-08-21,54.434922,261.573401,12.217832,306.499218
2016-08-22,54.732990,321.281576,12.263977,276.840661
2016-08-23,54.723211,351.927068,14.203708,352.182925
2016-08-24,52.405269,280.040667,12.842324,284.252091
2016-08-25,51.623974,277.997235,11.757265,231.078534
2016-08-26,48.025746,197.763903,10.100016,177.747725
2016-08-27,46.659612,189.216250,10.647597,251.212794
2016-08-28,45.449130,184.063612,10.720911,229.882989
2016-08-29,42.458386,135.698602,9.069819,119.091301
2016-08-30,39.165177,78.267083,9.319742,93.788142
2016-08-31,39.831776,135.486123,8.570802,100.748127
2016-09-01,38.148380,120.652771,8.332855,87.482772
2016-09-02,36.531928,113.743590,9.074275,85.744196
2016-09-03,34.606654,90.971778,8.676269,77.332988
2016-09-04,34.542453,119.509281,16.858638,144.629114
2016-09-05,30.247141,37.692161,6.876780,68.941670
2016-09-06,32.296749,95.941332,7.491480,70.123808
2016-09-07,32.641399,136.937565,6.542858,93.880871
2016-09-08,28.442821,64.969490,6.464777,80.528667
2016-09-09,31.217469,183.198282,10.089855,142.554945
2016-09-10,29.721399,164.543590,7.046362,119.691021
2016-09-11,27.324204,155.194961,5.942683,63.755929
2016-09-12,24.087087,60.309517,5.601037,29.425179
2016-09-13,28.528793,110.975892,19.313113,76.411432
2016-09-14,40.773454,399.874824,31.631033,197.038613
2016-09-15,25.700453,176.935113,6.480688,126.225343
2016-09-16,23.897895,96.943405,4.430300,61.754285
2016-09-17,21.362598,28.588717,3.910529,24.837371
2016-09-18,21.543772,42.910079,4.336200,27.880752
2016-09-19,23.123988,72.965658,2.199043,46.871053
2016-09-20,21.243574,6.393831,0.492210,16.414295
2016-09-21,21.258889,3.142161,1.167085,21.163006
2016-09-22,21.283694,1.254888,0.452404,19.857651
2016-09-23,21.396664,2.033400,0.591107,19.788569
2016-09-24,21.723911,3.724018,0.692067,16.212037
2016-09-25,21.839924,1.986602,0.813190,19.679657
2016-09-26,21.216252,1.772150,0.725812,20.391610
2016-09-27,21.027766,1.909858,0.783563,18.780666
2016-09-28,20.810148,1.512354,0.707171,9.916359
2016-09-29,21.283447,1.274046,1.053298,10.343668
2016-09-30,20.319776,2.147555,0.723247,13.783038
2016-10-01,21.960153,0.734257,1.004835,9.882394
2016-10-02,20.210176,0.243512,3.271901,10.103362
2016-10-03,19.957088,11.340562,32.274056,40.263954
2016-10-04,19.196841,101.572191,33.631548,62.459752
2016-10-05,18.845609,32.411154,23.346460,75.789351
2016-10-06,18.184830,79.175234,9.298905,55.682188
2016-10-07,23.646964,159.892838,14.867781,57.856522
2016-10-08,24.176674,187.016294,15.082767,74.826526
2016-10-09,16.344069,14.995483,3.316218,16.109850
2016-10-10,16.394760,2.929850,6.169685,19.748572
2016-10-11,16.911431,14.186047,1.580459,22.523383
2016-10-12,16.811799,6.387770,0.473386,13.437241
2016-10-13,17.325511,0.821309,0.411574,9.678091
2016-10-14,18.505635,0.281645,0.543053,13.172618
2016-10-15,19.221409,0.804374,6.679561,11.768253
2016-10-16,19.539137,2.758418,10.125842,23.498251
2016-10-17,19.825335,3.064725,2.813610,17.511859
2016-10-18,19.666963,0.696549,1.043364,9.582663
2016-10-19,20.502462,0.422698,0.979381,11.213057
2016-10-20,19.958768,0.224007,0.420343,9.525945
2016-10-21,20.581999,1.328792,3.810554,10.202479
2016-10-22,20.972656,0.447108,0.594599,9.800391
2016-10-23,20.010215,0.761503,0.428948,9.492910
2016-10-24,19.812195,0.405299,0.439663,9.493701
2016-10-25,19.621433,0.447167,0.539330,9.444157
2016-10-26,19.400054,0.510154,0.425452,9.435701
2016-10-27,19.181890,0.531540,0.423299,9.435042
2016-10-28,18.908837,0.749513,0.420443,9.425196
2016-10-29,18.609293,0.713743,0.417733,9.408099
2016-10-30,18.288563,0.668783,0.412724,9.387199
2016-10-31,17.970310,0.675777,0.639964,10.300682
2016-11-01,17.656837,0.748328,2.129151,10.904355
2016-11-02,17.325618,0.733099,0.400964,9.347979
2016-11-03,16.961304,0.170188,0.490072,9.300240
2016-11-04,16.621917,0.036096,2.086156,9.307667
2016-11-05,16.290033,0.134231,5.392596,9.293625
2016-11-06,15.937316,0.166960,2.325549,11.198905
2016-11-07,15.601147,0.138217,0.370427,10.505907
2016-11-08,15.262736,0.052473,0.370442,9.233734
2016-11-09,14.927188,0.034194,0.363873,9.207401
2016-11-10,14.603505,0.127478,0.360839,9.200294
2016-11-11,14.273454,0.014531,0.353280,9.162390
2016-11-12,13.974582,0.016030,0.347981,9.158061
2016-11-13,13.677718,0.038337,0.344283,9.142270
2016-11-14,13.392789,0.026816,0.339632,9.130344
2016-11-15,13.119823,0.015593,0.332183,9.099957
2016-11-16,12.850623,0.012136,0.328717,9.087964
2016-11-17,12.618520,0.011958,0.323133,9.079914
2016-11-18,12.383977,0.083494,0.333951,9.076576
2016-11-19,12.153349,0.056155,0.311033,9.039844
2016-11-20,11.930021,0.076727,0.308141,9.041946
2016-11-21,11.707329,0.022437,0.470605,9.023731
2016-11-22,11.505592,0.012128,0.456818,8.974452
2016-11-23,11.299641,0.012065,0.480758,8.994077
2016-11-24,11.098260,0.024603,0.373791,8.993799
2016-11-25,10.901506,0.007106,0.282146,8.983901
2016-11-26,10.701510,0.010427,1.081616,9.054085
2016-11-27,10.521140,0.013604,1.407766,8.955443
2016-11-28,10.339936,0.059419,0.272894,8.960902
2016-11-29,10.164609,0.068630,0.269749,8.900291
2016-11-30,9.996422,0.082095,0.263295,8.927436
2016-12-01,9.829381,0.105398,0.256797,8.889091
2016-12-02,9.685855,0.123858,0.252490,8.839485
2016-12-03,9.538674,0.144040,0.251049,8.844845
2016-12-04,9.397937,0.115072,0.400975,8.807197
2016-12-05,9.265657,0.094331,5.164301,9.040496
2016-12-06,9.144604,0.113703,19.030753,8.911754
2016-12-07,9.090208,0.310779,9.665355,8.790676
2016-12-08,8.717187,0.027510,2.041321,8.763832
2016-12-09,8.366871,0.014292,0.252442,8.731700
2016-12-10,8.177504,0.025547,1.507350,8.690875
2016-12-11,8.132059,0.052690,2.139477,8.715534
2016-12-12,8.128956,0.205151,0.217286,8.645482
2016-12-13,8.131968,1.152775,0.212513,8.636993
2016-12-14,8.138208,0.587523,0.213476,8.664688
2016-12-15,8.140750,0.442477,0.211703,8.627883
2016-12-16,8.131444,0.298825,0.204382,8.577745
2016-12-17,8.126193,0.674227,0.209860,8.647293
2016-12-18,8.109058,0.852281,0.203632,8.590913
2016-12-19,8.088517,0.658510,0.198817,8.576766
2016-12-20,8.063496,0.685143,0.197092,8.524790
2016-12-21,8.027909,0.829341,0.192858,8.500769
2016-12-22,7.995270,0.826247,0.192102,8.492020
2016-12-23,7.949908,0.037197,0.187438,8.495702
2016-12-24,7.899719,0.002723,0.186142,8.468367
2016-12-25,7.846336,0.002715,0.181890,8.469423
2016-12-26,7.788040,0.002713,0.182003,8.463086
2016-12-27,7.724232,0.002715,0.176899,8.439165
2016-12-28,7.658369,0.002716,0.173613,8.434245
2016-12-29,7.593478,0.002716,0.169379,8.423569
2016-12-30,7.527367,0.002716,0.168048,8.393255
2016-12-31,7.459923,0.002716,0.165912,8.406709
2017-01-01,7.545240,12.750739,0.567473,8.506971
2017-01-02,7.478110,0.022319,0.184912,8.354859
2017-01-03,7.405146,0.010206,0.153663,8.368998
2017-01-04,7.332572,0.236491,0.155276,8.335019
2017-01-05,7.260709,0.128772,0.150134,8.333383
2017-01-06,7.182061,0.000337,0.146475,8.314395
2017-01-07,7.112635,0.182319,0.143269,8.310424
2017-01-08,7.038540,0.218344,0.140122,8.272670
2017-01-09,6.965407,0.098416,0.144882,8.275642
2017-01-10,6.894683,0.000087,0.136675,8.249264
2017-01-11,6.818996,0.000000,0.135489,8.258718
2017-01-12,6.752477,0.000000,0.133371,8.235597
2017-01-13,6.683079,0.000104,0.130104,8.222311
2017-01-14,6.615884,0.193418,0.127075,8.195958
2017-01-15,6.548541,0.064672,0.124720,8.186534
2017-01-16,6.477518,0.000054,0.122712,8.148715
2017-01-17,6.417591,0.000000,0.119371,8.193405
2017-01-18,6.354038,0.013440,0.120413,8.142173
2017-01-19,6.290649,0.265682,0.119080,8.116364
2017-01-20,6.227736,0.218974,0.113504,8.116168
2017-01-21,6.160871,0.206213,0.113323,8.102298
2017-01-22,6.102791,0.233991,0.109088,8.104255
2017-01-23,6.041361,0.241059,0.686467,8.066935
2017-01-24,5.981307,0.120041,1.075024,8.047644
2017-01-25,5.921733,0.000443,0.119926,8.074380
2017-01-26,5.861965,0.000000,0.100582,8.025766
2017-01-27,5.812823,0.000000,0.103295,8.003449
2017-01-28,5.759424,0.000000,0.095755,8.018590
2017-01-29,5.706037,0.000000,0.097569,8.104778
2017-01-30,5.652831,0.000000,0.116499,8.040893
2017-01-31,5.576668,0.000000,0.106083,8.003523
2017-02-01,5.483994,0.000000,0.097649,7.978986
2017-02-02,5.438053,0.236884,0.090516,7.950756
2017-02-03,5.388728,0.569932,0.090921,7.936876
2017-02-04,5.336481,0.564596,0.091472,7.932255
2017-02-05,5.247443,0.600618,0.243490,7.979238
2017-02-06,5.195858,0.601161,0.091472,7.898773
2017-02-07,5.152029,0.595481,0.105175,7.912518
2017-02-08,5.105240,0.595554,0.103746,7.870084
2017-02-09,5.058778,0.569075,0.083916,7.825762
2017-02-10,5.012814,0.553620,0.081388,7.825889
2017-02-11,4.963760,0.504787,0.235081,7.808182
2017-02-12,4.914320,0.484943,0.226333,8.481584
2017-02-13,4.869818,0.463800,0.079398,7.789006
2017-02-14,4.825864,0.468486,0.081370,7.762972
2017-02-15,4.782822,0.463156,0.079398,7.736964
2017-02-16,4.737740,0.462577,0.076313,7.758165
2017-02-17,4.700283,0.470769,0.198251,7.732899
2017-02-18,4.659727,0.496110,0.077855,8.326637
2017-02-19,4.620420,0.524876,0.075345,7.738132
2017-02-20,4.581534,0.465065,0.075345,7.724296
2017-02-21,4.540169,0.455891,0.074341,7.700796
2017-02-22,4.506018,0.449968,0.074341,7.685689
2017-02-23,4.469128,0.436754,0.072816,7.660526
2017-02-24,4.432710,0.425591,0.071830,7.638228
2017-02-25,4.396790,0.422588,0.071813,7.636739
2017-02-26,4.358297,0.381185,0.071813,7.640604
2017-02-27,4.326755,0.153732,0.077370,7.644100
2017-02-28,4.292068,0.000597,0.172603,7.641204
2017-03-01,4.255472,0.000001,0.068298,7.587946
2017-03-02,4.226940,0.000000,0.067831,7.586188
2017-03-03,4.196062,0.000000,0.067312,7.594810
2017-03-04,4.165285,0.000000,0.066773,7.560039
2017-03-05,4.134605,0.000000,0.064245,7.533997
2017-03-06,4.101459,0.000000,0.064801,7.531351
2017-03-07,4.075018,0.000000,0.064784,7.507766
2017-03-08,4.046701,0.000000,0.064227,7.513165
2017-03-09,4.018815,0.000000,0.062273,7.472613
2017-03-10,3.990749,0.000000,0.085123,7.494179
2017-03-11,3.959699,0.000000,0.234568,7.454573
2017-03-12,3.934388,0.000000,0.336452,7.524636
2017-03-13,3.906864,0.000000,0.062822,7.468792
2017-03-14,3.879806,0.000000,0.058202,7.456868
2017-03-15,3.853071,0.000000,0.058127,7.445913
2017-03-16,3.824343,0.000000,0.057234,7.457447
2017-03-17,3.801221,0.000000,0.057198,7.453071
2017-03-18,3.775611,0.000000,0.057829,7.450785
2017-03-19,3.750219,0.000000,0.054688,7.412582
2017-03-20,3.724824,0.000000,0.056212,7.406304
2017-03-21,3.696937,0.000000,0.054688,7.405681
2017-03-22,3.674618,0.000000,0.053702,10.081811
2017-03-23,3.649646,0.000000,0.103256,7.392712
2017-03-24,3.624593,0.000000,0.053684,7.373550
2017-03-25,3.599428,0.000000,0.051173,7.365061
2017-03-26,3.572656,0.000000,0.051173,7.339213
2017-03-27,3.551716,0.000000,0.050169,7.353559
2017-03-28,3.528634,0.000000,0.050187,11.124052
2017-03-29,3.505586,0.000000,0.048645,7.315219
2017-03-30,3.482482,0.000000,0.048614,7.321558
2017-03-31,3.459649,0.000000,0.047120,7.282004
2017-04-01,3.435021,0.000000,0.045148,7.294272
2017-04-02,3.415177,0.000000,0.050134,7.231539
2017-04-03,3.393117,0.000000,0.050507,7.267170
2017-04-04,3.370978,0.000000,0.054163,7.243580
2017-04-05,3.348741,0.000000,0.042462,7.230533
2017-04-06,3.324182,0.000000,0.043140,7.235994
2017-04-07,3.304972,0.000000,0.047799,7.205078
2017-04-08,3.284148,0.000000,0.042602,22.939360
2017-04-09,3.263364,0.000000,0.058210,11.674456
2017-04-10,3.243149,0.000000,0.040091,7.238760
2017-04-11,3.221044,0.000000,0.050524,13.180633
2017-04-12,3.203627,0.000000,0.128812,7.212675
2017-04-13,3.184231,0.000000,0.043512,7.185692
2017-04-14,3.165039,0.000000,0.041168,7.221414
2017-04-15,3.145988,0.000000,0.035119,7.169304
2017-04-16,3.124946,0.000000,0.040612,7.184939
2017-04-17,3.108557,0.000000,0.218664,7.212013
2017-04-18,3.090026,0.000000,0.038084,7.145842
2017-04-19,3.071430,0.000000,0.038084,7.112862
2017-04-20,3.053707,0.000000,0.037097,7.144846
2017-04-21,3.034555,0.000000,0.042186,7.100192
2017-04-22,3.019713,0.000000,0.040594,16.532184
2017-04-23,3.002846,0.000000,0.034587,17.745235
2017-04-24,2.986151,0.002117,0.117279,12.515064
2017-04-25,2.969913,0.018213,2.954190,14.479782
2017-04-26,2.951949,0.010606,0.515761,17.020581
2017-04-27,2.938256,0.007463,0.033382,7.096349
2017-04-28,2.922574,0.000516,0.033583,7.122529
2017-04-29,2.907553,0.000000,0.439919,14.385987
2017-04-30,2.892839,0.001103,1.947400,17.454668
2017-05-01,2.875700,0.001049,1.790807,16.227400
2017-05-02,2.863061,0.000343,4.647918,20.739291
2017-05-03,2.850359,0.000262,18.394371,12.797709
2017-05-04,2.835727,0.000503,23.693393,12.940091
2017-05-05,2.860285,0.016133,17.489688,12.343071
2017-05-06,2.813530,1.321480,7.468677,12.511787
2017-05-07,2.714795,3.155122,6.241285,12.316394
2017-05-08,2.610563,3.324634,8.763041,12.005659
2017-05-09,2.526759,30.442502,17.400084,11.302652
2017-05-10,2.425811,30.664468,8.853685,16.485311
2017-05-11,2.420775,18.375738,8.507086,14.640713
2017-05-12,2.523886,3.991017,0.117982,18.945773
2017-05-13,2.675490,1.296796,2.575795,21.380321
2017-05-14,2.871986,6.462397,4.434687,17.020876
2017-05-15,3.076684,36.194978,9.773002,12.858038
2017-05-16,3.193808,36.249257,8.963051,12.644340
2017-05-17,3.319622,53.470624,11.544659,12.536519
2017-05-18,3.515002,53.002955,13.896429,13.214021
2017-05-19,3.794507,82.570732,10.168588,15.592647
2017-05-20,4.102819,100.743709,11.244574,12.665941
2017-05-21,4.514231,138.626549,12.999782,12.276636
2017-05-22,5.124754,135.890887,7.694612,15.066881
2017-05-23,6.110441,106.632066,9.750259,14.935099
2017-05-24,7.313519,76.744471,10.386948,15.570729
2017-05-25,10.767835,88.649072,7.828170,15.330741
2017-05-26,11.309074,66.526952,7.762978,23.289795
2017-05-27,11.220399,16.961548,7.360493,19.073388
2017-05-28,12.691772,21.809116,9.745715,20.639132
2017-05-29,15.838298,42.210705,8.889118,18.733172
2017-05-30,17.717968,53.672152,11.735438,23.314441
2017-05-31,19.002371,14.627144,11.135222,73.961721
2017-06-01,21.046247,39.141999,11.993264,73.460835
2017-06-02,22.910518,49.439939,8.496772,35.174328
2017-06-03,26.795457,120.334521,14.615073,45.123722
2017-06-04,26.578355,109.721490,14.238024,67.535094
2017-06-05,28.086473,110.804566,16.863083,78.469535
2017-06-06,30.441529,128.916310,19.595851,83.324956
2017-06-07,32.552182,139.401133,22.193738,87.599403
2017-06-08,34.137225,130.601792,17.394223,95.387055
2017-06-09,35.936614,118.451957,20.460053,98.666324
2017-06-10,37.248708,105.900581,20.024408,98.456853
2017-06-11,40.129831,139.762192,20.688792,99.066419
2017-06-12,41.729375,156.007297,21.872069,100.813985
2017-06-13,43.031313,148.836634,20.604425,91.896309
2017-06-14,46.656006,223.324349,24.042030,107.518688
2017-06-15,49.694815,197.428868,21.732618,149.337129
2017-06-16,52.574534,251.405809,22.432319,148.817249
2017-06-17,56.597377,197.726903,25.696030,180.719881
2017-06-18,60.994402,217.670397,25.129836,178.132261
2017-06-19,62.089751,173.267411,17.842300,155.477654
2017-06-20,65.311500,217.778987,21.247990,207.411852
2017-06-21,65.829942,233.733175,21.082735,179.724568
2017-06-22,67.491320,239.276211,22.765403,218.330728
2017-06-23,68.350493,239.673621,23.778430,224.892479
2017-06-24,71.806850,278.051751,24.602918,246.029659
2017-06-25,73.245839,293.644664,24.963316,257.393015
2017-06-26,74.519117,246.627375,28.479476,277.333070
2017-06-27,77.277456,283.350738,26.689297,269.096384
2017-06-28,77.928350,262.273232,27.433431,303.466695
2017-06-29,79.197647,238.972607,24.821532,286.114423
2017-06-30,80.621229,233.008486,24.393413,272.402861
2017-07-01,79.310595,235.558424,26.232224,294.037852
2017-07-02,80.093241,331.476426,30.377803,370.401335
2017-07-03,75.168242,267.621811,27.737683,314.060112
2017-07-04,69.044104,110.078549,19.126444,156.989892
2017-07-05,68.842648,81.088826,18.619753,271.075148
2017-07-06,74.656720,497.670718,12.779253,234.879049
2017-07-07,69.421568,317.063259,12.518524,234.267393
2017-07-08,73.992867,278.201072,15.885287,287.362293
2017-07-09,78.930403,322.048537,16.600340,373.161757
2017-07-10,77.971841,254.872207,15.936869,325.353651
2017-07-11,75.836543,174.825100,14.449838,257.021320
2017-07-12,77.857977,277.712205,19.048828,420.557815
2017-07-13,72.557372,190.215378,22.781791,188.873958
2017-07-14,71.762920,292.968444,23.016362,332.684514
2017-07-15,72.734095,378.473703,14.717906,368.573951
2017-07-16,71.923467,264.167542,15.108553,401.022335
2017-07-17,72.098181,186.913070,13.444600,269.421335
2017-07-18,74.227975,202.862299,15.996615,336.547280
2017-07-19,73.221531,239.306561,17.224471,380.847435
2017-07-20,75.476712,364.041091,17.030974,430.828649
2017-07-21,70.061460,250.038051,19.500389,394.711936
2017-07-22,69.257100,256.288323,14.329748,377.539554
2017-07-23,68.978948,280.580901,17.103303,382.597261
2017-07-24,81.817255,697.494448,25.847181,323.210621
2017-07-25,73.505901,676.918084,15.102219,458.976079
2017-07-26,101.589683,1137.261914,31.580586,577.636227
2017-07-27,100.108993,656.054776,15.593105,496.957372
2017-07-28,110.329083,430.906489,13.898258,414.904679
2017-07-29,110.270753,389.029891,14.148807,427.133891
2017-07-30,108.520066,399.638073,15.315359,402.385433
2017-07-31,102.199211,377.627629,13.508305,391.421535
2017-08-01,95.892281,358.738412,13.761588,389.474060
2017-08-02,90.595032,345.857173,14.202956,365.687541
2017-08-03,88.272365,418.025687,14.569596,369.070362
2017-08-04,80.793314,350.236865,14.958630,339.387739
2017-08-05,79.338308,272.876057,13.608778,374.917397
2017-08-06,77.015113,278.294784,16.189514,317.673661
2017-08-07,72.014617,239.814001,14.265759,416.666430
2017-08-08,75.540459,357.623574,14.922101,556.357225
2017-08-09,66.841955,288.610758,9.151946,334.002117
2017-08-10,65.241791,304.911547,12.599108,427.189760
2017-08-11,65.199550,329.312075,10.443302,356.016335
2017-08-12,61.499119,296.730155,9.786601,294.104177
2017-08-13,60.230684,311.244973,10.190114,301.995653
2017-08-14,57.412264,307.988643,11.311930,333.297925
2017-08-15,52.561472,235.637953,10.766329,275.679925
2017-08-16,52.889899,270.521617,10.706181,281.374746
2017-08-17,51.928272,289.318896,10.976717,255.850195
2017-08-18,47.370528,160.050625,11.172031,195.136413
2017-08-19,46.603881,174.507651,11.089618,255.049416
2017-08-20,41.921697,147.414379,10.730131,272.213328
2017-08-21,42.543060,146.972074,13.636866,189.673539
2017-08-22,44.348368,228.860678,22.489539,214.818276
2017-08-23,42.503257,258.741244,15.132455,299.520090
2017-08-24,45.649108,332.774573,9.928750,303.369645
2017-08-25,43.400840,332.754153,11.342357,299.429602
2017-08-26,42.191365,312.207137,10.181699,221.985609
2017-08-27,41.214521,319.685646,14.118432,303.897764
2017-08-28,38.051439,232.313984,7.850446,229.193663
2017-08-29,50.004168,405.198712,9.107046,284.604931
2017-08-30,64.249705,796.105644,12.628419,453.617313
2017-08-31,61.434442,880.295024,9.708716,393.318261
2017-09-01,52.177146,561.849953,9.853549,307.419083
2017-09-02,43.289847,256.012115,8.852398,227.305878
2017-09-03,39.784179,144.436548,6.338361,106.143458
2017-09-04,36.089049,83.909184,5.754874,49.020489
2017-09-05,38.505134,92.538962,6.562561,51.889809
2017-09-06,36.588468,87.384990,7.122093,116.260284
2017-09-07,39.086343,181.217618,6.843444,135.522623
2017-09-08,31.940618,103.577724,10.274172,117.643403
2017-09-09,33.596716,73.643715,6.581204,72.602172
2017-09-10,28.751563,52.026746,4.917814,36.582948
2017-09-11,26.866971,69.876613,9.411010,68.107491
2017-09-12,26.335343,73.645382,4.430912,77.234867
2017-09-13,24.546745,38.539704,2.880899,33.618446
2017-09-14,46.151692,308.068927,17.789918,136.668929
2017-09-15,50.819986,689.885174,19.436083,213.726575
2017-09-16,24.213861,128.710919,6.878055,129.702183
2017-09-17,24.085398,108.187655,7.172067,86.382889
2017-09-18,21.832979,63.518170,1.666829,28.860156
2017-09-19,21.832157,34.472782,0.778846,28.623242
2017-09-20,22.194428,51.988158,1.758900,26.886482
2017-09-21,22.273522,31.828075,1.131286,21.380102
2017-09-22,22.456347,68.125304,1.564916,24.527016
2017-09-23,22.533860,18.403429,1.629545,18.130897
2017-09-24,21.751950,8.978046,1.054484,15.932523
2017-09-25,21.629752,38.801225,4.896384,10.645813
2017-09-26,20.981191,148.557286,35.238952,26.324847
2017-09-27,19.922163,13.374577,2.142626,18.044983
2017-09-28,19.812470,1.195351,1.486248,13.109576
2017-09-29,20.841594,0.333677,0.513277,12.545624
2017-09-30,20.427544,0.288118,0.537895,9.579950
2017-10-01,20.659295,0.288506,0.576446,9.149303
2017-10-02,21.626591,0.206287,1.424189,10.891469
2017-10-03,23.115872,0.149711,0.748413,11.334550
2017-10-04,20.988125,0.318753,0.850274,12.133862
2017-10-05,20.621602,0.029294,3.282707,15.035026
2017-10-06,20.360186,0.027857,3.929283,11.219706
2017-10-07,20.984842,0.037210,2.414451,12.644255
2017-10-08,20.302493,0.014730,2.889975,9.056467
2017-10-09,19.545782,0.014929,1.276189,8.968930
2017-10-10,18.970189,0.015053,1.478750,8.961495
2017-10-11,19.485543,0.085891,1.428582,11.534092
2017-10-12,18.952926,0.046276,3.823011,8.939928
2017-10-13,18.041174,0.026366,1.099992,9.030719
2017-10-14,17.713015,0.446448,1.053420,8.889945
2017-10-15,17.417455,0.938590,1.082042,8.879085
2017-10-16,17.158924,0.961059,3.101463,9.841201
2017-10-17,17.091794,5.714494,7.257096,10.359037
2017-10-18,16.710034,0.341924,1.244983,10.375624
2017-10-19,16.349290,0.012328,1.023921,9.964648
2017-10-20,15.756773,0.009790,0.963622,10.106929
2017-10-21,15.624475,0.009850,1.268027,9.549699
2017-10-22,15.758027,0.009857,1.107933,8.770840
2017-10-23,15.517835,0.009857,0.907970,8.776331
2017-10-24,15.585320,0.012267,0.874178,8.693860
2017-10-25,15.267630,0.056161,0.851482,8.719874
2017-10-26,18.960441,23.844036,6.102800,10.360283
2017-10-27,24.970708,239.016498,2.712247,23.443044
2017-10-28,14.889946,22.325585,1.288752,8.924212
2017-10-29,14.353738,1.227941,0.800703,9.654499
2017-10-30,14.185883,0.661205,0.789158,9.322478
2017-10-31,14.080003,0.160132,0.760223,10.364569
2017-11-01,13.973454,0.235785,1.428307,8.618736
2017-11-02,15.358989,0.007849,0.713799,8.632490
2017-11-03,13.780365,0.001333,0.698816,8.600903
2017-11-04,13.663609,0.000247,0.682202,8.603801
2017-11-05,13.530767,0.074815,0.860449,8.585555
2017-11-06,13.375808,0.011554,0.657021,8.544522
2017-11-07,13.242597,0.000887,0.644283,8.573263
2017-11-08,13.094363,0.001835,0.628083,8.540434
2017-11-09,12.939365,0.000723,0.614622,8.540812
2017-11-10,12.773993,0.000212,0.604118,8.516131
2017-11-11,12.634426,0.000211,0.591879,8.469350
2017-11-12,12.454856,0.000212,0.574395,8.526323
2017-11-13,12.272103,0.000212,0.569735,8.416984
2017-11-14,12.069328,0.000212,0.556449,8.456411
2017-11-15,11.875126,0.000212,0.547228,8.454976
2017-11-16,11.671940,0.050673,0.535806,8.412714
2017-11-17,11.506857,0.023868,0.527216,8.398010
2017-11-18,11.313285,0.000295,0.514781,8.418243
2017-11-19,11.126966,0.115585,0.503969,8.396162
2017-11-20,10.931998,0.061203,0.494574,8.395109
2017-11-21,10.741122,0.000297,0.488099,8.350135
2017-11-22,10.567006,0.000212,0.478086,8.346793
2017-11-23,10.395005,0.000276,0.463827,8.302470
2017-11-24,10.232226,0.000340,0.457340,8.311716
2017-11-25,10.078457,0.000212,5.668030,8.352406
2017-11-26,9.920992,0.000211,1.306461,8.242120
2017-11-27,9.781722,0.000212,0.717122,8.588708
2017-11-28,9.636575,0.000212,5.461890,8.364433
2017-11-29,9.496899,0.000212,6.935765,8.309142
2017-11-30,9.359643,0.000212,3.839394,9.043395
2017-12-01,9.217021,0.000211,0.413017,8.147828
2017-12-02,9.089969,0.000212,0.394758,8.175865
2017-12-03,8.960191,0.000212,0.389161,8.134859
2017-12-04,8.834715,0.000212,0.381435,8.166198
2017-12-05,8.711657,0.000212,0.378125,8.151806
2017-12-06,8.584570,0.000211,0.371639,8.083958
2017-12-07,8.471618,0.000212,0.363690,8.103687
2017-12-08,8.355638,0.000212,0.359372,8.079806
2017-12-09,8.240836,0.000212,2.931843,8.099741
2017-12-10,8.126512,0.000212,1.062617,8.099488
2017-12-11,8.005761,0.000211,0.511842,8.063208
2017-12-12,7.892236,0.000212,0.419277,8.001730
2017-12-13,7.785094,0.000212,0.331951,7.992659
2017-12-14,7.680506,0.000212,0.326850,7.977234
2017-12-15,7.579061,0.000212,0.322718,7.971239
2017-12-16,7.476249,0.000211,0.324315,7.990979
2017-12-17,7.390358,0.055096,0.311029,7.937305
2017-12-18,7.303336,0.091520,0.309311,7.918500
2017-12-19,7.218285,0.003364,0.303557,7.925708
2017-12-20,7.135056,0.003231,0.299740,7.899090
2017-12-21,7.048388,0.003236,0.294875,7.904166
2017-12-22,6.973001,0.003238,0.290725,7.888148
2017-12-23,6.894457,0.003238,0.286925,7.877144
2017-12-24,6.817360,0.003238,0.279690,7.869397
2017-12-25,6.740655,0.003238,0.276350,7.883317
2017-12-26,6.660191,0.003236,0.274111,7.848930
2017-12-27,6.590359,0.003238,0.269327,7.920481
2017-12-28,6.517189,0.003238,0.262883,7.893196
2017-12-29,6.444999,0.006373,0.259360,7.805104
2017-12-30,6.373216,0.002550,0.251496,7.815668
2017-12-31,6.303177,0.155043,0.251689,7.791197
2018-01-01,6.481039,0.012146,0.247364,7.782680
2018-01-02,6.416763,0.010971,0.242021,7.743783
2018-01-03,6.349248,0.010926,0.238682,7.791844
2018-01-04,6.283595,0.010168,0.233339,7.708422
2018-01-05,6.219842,0.059924,0.231209,7.760915
2018-01-06,6.152861,0.142499,0.227646,7.744621
2018-01-07,6.095761,0.098264,0.222304,7.746796
2018-01-08,6.034562,0.011442,0.219152,7.710076
2018-01-09,5.974057,0.010045,0.217750,7.719010
2018-01-10,5.914340,0.010197,1.517078,7.677366
2018-01-11,5.818809,0.010344,0.537502,7.662073
2018-01-12,5.762886,0.010646,0.204456,7.632329
2018-01-13,5.705567,0.010473,0.202950,7.628031
2018-01-14,5.648628,0.009984,0.200542,7.613376
2018-01-15,5.592138,0.009926,0.198128,7.628820
2018-01-16,5.532674,0.009957,0.194468,7.577828
2018-01-17,5.483176,0.009935,0.192652,7.611985
2018-01-18,5.431566,0.009920,0.190553,7.573273
2018-01-19,5.382678,0.029032,0.188417,7.652950
2018-01-20,5.336288,0.075376,0.190141,7.616129
2018-01-21,5.287353,0.096571,0.184739,7.598691
2018-01-22,5.246234,0.028228,0.183178,7.557037
2018-01-23,5.202005,0.013134,0.183178,7.518417
2018-01-24,5.158786,0.025008,0.188802,7.506758
2018-01-25,5.116463,0.029120,0.178925,7.484026
2018-01-26,5.071973,0.084736,0.175858,7.489157
2018-01-27,5.034979,0.298772,0.176789,7.465535
2018-01-28,4.994403,0.051397,0.172718,7.450001
2018-01-29,4.954158,0.012708,0.171605,7.446787
2018-01-30,4.914189,0.013063,0.171157,7.438490
2018-01-31,4.874495,0.011812,0.169451,7.419721
2018-02-01,4.832857,0.036222,0.200905,7.432151
2018-02-02,4.798709,0.034163,0.166443,7.405226
2018-02-03,4.761752,0.075062,0.165247,7.765751
2018-02-04,4.725474,0.068543,0.163244,7.397874
2018-02-05,4.689207,0.061785,0.161222,7.384262
2018-02-06,4.649868,0.053117,0.158991,7.366704
2018-02-07,4.617275,0.033895,0.158991,7.353852
2018-02-08,4.581415,0.007731,0.156493,7.312634
2018-02-09,4.545871,0.007545,0.153358,7.338957
2018-02-10,4.510566,0.035047,0.153769,7.317343
2018-02-11,4.472561,0.007662,0.151222,7.333572
2018-02-12,4.441137,0.007545,0.150630,7.294269
2018-02-13,4.407512,0.011010,0.147544,7.316708
2018-02-14,4.374468,0.007817,0.146969,7.283253
2018-02-15,4.341564,0.010387,0.143884,7.314969
2018-02-16,4.305568,0.007555,0.144259,7.254515
2018-02-17,4.275611,0.103896,0.197589,7.300668
2018-02-18,4.243069,0.505386,0.139595,7.277942
2018-02-19,4.210971,0.465148,0.139810,7.255726
2018-02-20,4.179428,0.034475,0.134948,7.234522
2018-02-21,4.145213,0.041470,0.136920,7.222989
2018-02-22,4.117159,0.046305,0.132188,7.247338
2018-02-23,4.086893,0.045068,0.130713,7.227932
2018-02-24,4.057204,0.053484,0.217430,7.200275
2018-02-25,4.028380,0.059765,0.125724,7.211175
2018-02-26,3.998265,0.054646,0.127592,7.235843
2018-02-27,3.973996,0.048656,0.124470,7.186372
2018-02-28,3.946840,0.027077,0.125293,8.640335
2018-03-01,3.917078,0.008669,0.121796,7.192525
2018-03-02,3.892829,0.008622,0.118716,7.160925
2018-03-03,3.866112,0.008623,0.127314,7.165454
2018-03-04,3.839453,0.008653,0.118094,7.145928
2018-03-05,3.812832,0.012550,0.110978,7.166839
2018-03-06,3.783763,0.017536,0.114983,7.120785
2018-03-07,3.760055,0.008361,0.111910,7.120050
2018-03-08,3.734342,0.006459,0.110761,7.118337
2018-03-09,3.709398,0.006423,0.108825,7.111552
2018-03-10,3.685978,0.006423,0.106671,7.092592
2018-03-11,3.661327,0.020316,0.106671,7.085087
2018-03-12,3.642430,0.011669,0.103011,7.116578
2018-03-13,3.621037,0.011008,0.102600,7.089318
2018-03-14,3.599925,0.010202,0.101450,7.111592
2018-03-15,3.578828,0.007980,0.099866,7.089350
2018-03-16,3.555699,0.007152,0.099351,7.058760
2018-03-17,3.538204,0.039309,3.002172,9.111517
2018-03-18,3.507748,0.062415,3.561649,8.158078
2018-03-19,3.433145,0.062492,4.757944,7.965540
2018-03-20,3.377036,0.063028,0.699101,8.645800
2018-03-21,3.341489,0.062561,0.287869,6.733912
2018-03-22,3.324979,0.043840,0.093071,6.722706
2018-03-23,3.306542,0.027229,0.088050,6.716674
2018-03-24,3.288101,0.017324,0.088882,6.719200
2018-03-25,3.269596,0.016254,0.087457,6.703352
2018-03-26,3.248713,0.020223,0.084390,6.704012
2018-03-27,3.232434,0.020368,0.086308,6.702241
2018-03-28,3.214113,0.011176,0.085841,6.680664
2018-03-29,3.196047,0.013814,0.082811,6.698802
2018-03-30,3.178343,0.012898,0.080694,6.664446
2018-03-31,3.160799,0.010462,0.080675,6.675056
2018-04-01,3.141065,0.008334,0.079133,6.670176
2018-04-02,3.125907,0.006788,0.078147,6.651866
2018-04-03,3.108550,0.006908,0.077572,6.643937
2018-04-04,3.091381,0.008448,0.077143,6.628118
2018-04-05,3.074397,0.007329,0.071958,6.626123
2018-04-06,3.055259,0.011509,0.077572,6.679801
2018-04-07,3.040312,0.039875,0.073863,6.750234
2018-04-08,3.001314,0.062451,0.083656,6.609448
2018-04-09,2.984337,0.045415,0.072496,6.568353
2018-04-10,2.967304,0.038746,0.073444,6.624300
2018-04-11,2.948395,0.064268,0.105389,6.622471
2018-04-12,2.933702,0.074706,0.139759,9.134417
2018-04-13,2.917195,0.045973,0.080581,6.578178
2018-04-14,2.900685,0.015132,0.066271,8.360500
2018-04-15,2.884397,0.008729,0.067425,6.560536
2018-04-16,2.867242,0.035335,7.711233,10.984846
2018-04-17,2.855068,0.177521,13.514737,10.465355
2018-04-18,2.838860,0.076794,4.528107,11.141775
2018-04-19,2.826412,0.050510,5.933177,11.972007
2018-04-20,2.822742,0.035318,6.063337,11.202767
2018-04-21,2.829265,0.118033,5.450765,13.346810
2018-04-22,2.814692,0.109219,1.979916,12.175831
2018-04-23,2.736405,0.043328,0.545645,13.258554
2018-04-24,2.673941,0.011140,0.594244,12.923432
2018-04-25,2.627790,0.013407,0.214192,13.350189
2018-04-26,2.588510,0.013253,0.329674,12.955196
2018-04-27,2.558901,0.014223,1.150052,12.471485
2018-04-28,2.535169,0.009370,1.381815,14.145426
2018-04-29,2.517336,0.006407,0.555941,17.181858
2018-04-30,2.504044,0.006416,1.027657,15.207256
2018-05-01,2.493266,0.006412,0.057717,6.348957
2018-05-02,2.489689,0.006416,0.059224,6.950739
2018-05-03,2.489215,0.006417,0.356989,10.079287
2018-05-04,2.492101,0.006416,0.133154,6.674847
2018-05-05,2.496478,0.006416,4.543935,13.151850
2018-05-06,2.500677,0.006412,1.923102,14.257201
2018-05-07,2.509305,0.006416,2.660829,18.746793
2018-05-08,2.516426,0.006417,3.413543,6.292946
2018-05-09,2.523659,0.006416,2.038464,6.291134
2018-05-10,2.531091,0.006448,5.107755,15.186080
2018-05-11,2.536571,0.006541,4.899112,10.582566
2018-05-12,2.546586,0.007908,1.269055,10.969055
2018-05-13,2.551572,0.260011,4.356115,12.446259
2018-05-14,2.557118,0.348011,0.586605,13.660677
2018-05-15,2.563572,0.348060,0.805899,13.000722
2018-05-16,2.572874,0.347836,1.020380,11.729005
2018-05-17,2.582597,0.251754,1.543648,11.639116
2018-05-18,2.584244,0.008191,0.066748,11.970565
2018-05-19,2.564450,0.006416,1.805316,15.105243
2018-05-20,2.546551,0.006416,0.550835,14.396486
2018-05-21,2.533987,0.006412,1.003729,14.532825
2018-05-22,2.527518,0.006416,4.403253,14.596618
2018-05-23,2.526187,0.027599,4.757619,13.307017
2018-05-24,2.535887,0.106608,2.589162,17.259947
2018-05-25,2.544543,0.041219,0.960185,11.567011
2018-05-26,2.534519,0.119968,3.859920,15.401716
2018-05-27,2.548631,0.247055,4.715134,15.552177
2018-05-28,2.530719,0.193695,3.104808,13.110305
2018-05-29,2.507884,1.414285,5.389420,13.000706
2018-05-30,2.500826,3.989933,6.440798,16.876569
2018-05-31,2.512630,3.868470,9.325196,19.911326
2018-06-01,2.565718,15.381102,20.378680,15.854164
2018-06-02,2.690146,25.822578,31.293578,13.209443
2018-06-03,2.825882,35.950450,17.405723,10.386581
2018-06-04,3.003149,59.680947,18.647702,11.520477
2018-06-05,3.291864,94.974010,34.336095,17.730300
2018-06-06,5.507414,329.547919,32.973866,20.861090
2018-06-07,12.055943,95.866384,10.017870,19.623216
2018-06-08,15.085621,96.389712,6.501692,14.986003
2018-06-09,21.635102,115.529497,12.675678,15.825636
2018-06-10,24.087200,118.393968,10.358760,16.827096
2018-06-11,20.934758,110.064231,12.499869,17.643305
2018-06-12,26.979954,164.043736,10.665177,21.007460
2018-06-13,32.013615,138.430391,11.677019,41.937140
2018-06-14,31.574617,89.995057,6.837655,42.115383
2018-06-15,36.873983,108.046565,11.659510,70.374422
2018-06-16,37.666466,84.261682,10.200530,43.082074
2018-06-17,42.845200,97.628001,12.798423,51.535974
2018-06-18,46.800148,119.297084,14.185470,72.191271
2018-06-19,49.214102,132.342694,15.423248,75.161258
2018-06-20,40.020827,40.579925,10.754070,62.088548
2018-06-21,48.170024,132.984446,15.364306,109.519079
2018-06-22,46.872687,92.056581,9.949372,78.574079
2018-06-23,55.082169,168.339472,14.432658,130.629954
2018-06-24,50.895837,115.728610,10.668144,72.339894
2018-06-25,58.714767,158.360837,14.310333,133.322989
2018-06-26,60.948582,193.310845,15.845320,111.392997
2018-06-27,59.968799,163.949187,19.199080,106.660341
2018-06-28,55.177911,178.591061,20.578541,162.268074
2018-06-29,64.585822,259.230378,14.096252,157.986157
2018-06-30,59.416977,107.068084,11.367315,91.255460
2018-07-01,64.995562,141.381527,12.550634,133.648290
2018-07-02,67.604851,165.488135,14.222445,159.037781
2018-07-03,72.191380,164.023435,12.748001,182.089969
2018-07-04,67.481919,90.976688,9.846310,102.039217
2018-07-05,71.262489,151.200092,13.727395,163.058830
2018-07-06,75.465951,247.629407,15.011295,219.054357
2018-07-07,70.194682,166.214139,16.892314,170.547465
2018-07-08,67.334802,167.966120,12.680918,176.871682
2018-07-09,69.362574,197.824455,11.177236,204.263810
2018-07-10,69.951608,208.009099,14.121129,198.192582
2018-07-11,72.251730,294.155385,19.533041,265.695008
2018-07-12,74.128462,437.888691,18.747407,258.583132
2018-07-13,74.820946,433.101994,19.248319,240.640334
2018-07-14,79.101489,430.511498,21.330223,289.891774
2018-07-15,91.761983,716.414540,28.051237,367.512544
2018-07-16,75.257030,395.898227,25.807038,312.656781
2018-07-17,100.285101,819.342044,26.631673,439.110655
2018-07-18,94.027006,846.810017,26.239282,477.921920
2018-07-19,78.575053,458.259645,21.837478,261.397849
2018-07-20,82.238706,425.924096,22.029084,392.503991
2018-07-21,82.046286,490.362050,22.563799,348.612028
2018-07-22,76.687628,380.069760,25.762271,346.171584
2018-07-23,76.417180,369.372743,24.045300,363.457408
2018-07-24,66.128885,218.148274,23.434721,210.649787
2018-07-25,68.643478,285.452273,26.239077,333.969803
2018-07-26,64.618983,230.547422,14.200757,290.227582
2018-07-27,65.090971,252.306642,17.387530,361.072183
2018-07-28,70.175082,406.269535,20.429339,413.208574
2018-07-29,69.035551,445.667996,19.875809,418.578178
2018-07-30,81.370966,973.130398,28.359526,544.214315
2018-07-31,72.723352,585.640311,26.287314,549.662139
2018-08-01,72.450641,391.272391,23.788145,487.802345
2018-08-02,72.327985,400.992281,19.581939,410.416198
2018-08-03,71.983343,360.281952,18.890100,401.480400
2018-08-04,68.457500,341.341718,18.596500,384.489520
2018-08-05,65.227348,319.033117,19.935345,399.021760
2018-08-06,66.391539,396.249441,19.032690,410.020753
2018-08-07,60.676626,391.693956,18.247194,385.715349
2018-08-08,61.762406,481.859593,21.717334,507.868149
2018-08-09,61.448028,524.983504,21.554083,446.084360
2018-08-10,55.687469,396.243417,17.673573,368.258229
2018-08-11,53.107988,348.344725,18.634561,331.730831
2018-08-12,68.958750,747.462652,26.591192,493.405126
2018-08-13,97.946038,1764.866249,33.650583,608.823899
2018-08-14,90.288529,1428.145258,34.042399,539.995863
2018-08-15,71.719261,360.110960,14.922140,286.663981
2018-08-16,78.824962,296.643822,24.895139,185.690251
2018-08-17,72.396506,284.740615,13.412450,238.411733
2018-08-18,69.735828,284.767193,14.546532,234.433363
2018-08-19,61.698032,185.434930,11.355135,206.525781
2018-08-20,59.791407,185.547918,11.835726,208.962493
2018-08-21,60.018396,238.210675,9.841175,218.205721
2018-08-22,56.060754,184.540127,12.709421,173.124341
2018-08-23,53.955302,226.315492,14.110348,210.974939
2018-08-24,47.638977,135.990689,10.349796,88.816390
2018-08-25,46.757169,102.626303,10.872184,143.381140
2018-08-26,42.537208,79.283126,10.725713,128.019057
2018-08-27,40.672703,83.390377,6.686284,122.386142
2018-08-28,36.833061,49.916978,7.250745,65.850036
2018-08-29,35.715749,23.664860,10.922738,63.786193
2018-08-30,34.423178,139.979728,19.055092,195.446691
2018-08-31,30.933350,67.203611,5.898182,141.408725
2018-09-01,30.166203,44.649909,3.230237,59.931785
2018-09-02,29.934805,17.897595,7.655081,73.910405
2018-09-03,31.085821,39.292696,5.663443,107.261642
2018-09-04,30.872880,35.734406,5.326296,47.819166
2018-09-05,30.639784,76.878009,25.495338,73.794888
2018-09-06,30.227596,96.605468,25.380118,167.234973
2018-09-07,31.569551,138.963156,13.238599,131.404178
2018-09-08,33.948935,80.055917,6.030322,78.018696
2018-09-09,36.276552,72.858785,8.500901,125.254941
2018-09-10,36.084855,23.043459,2.720810,28.062382
2018-09-11,37.194390,16.321805,4.046602,23.157480
2018-09-12,37.893367,18.520102,3.025473,27.476392
2018-09-13,38.384466,28.821337,4.000659,20.935739
2018-09-14,37.592138,38.442944,7.575858,30.603060
2018-09-15,37.517246,50.432076,5.636556,52.810573
2018-09-16,36.865382,29.405372,5.992732,41.006626
2018-09-17,34.842652,20.003689,7.248452,41.709001
2018-09-18,33.445408,55.739616,9.921182,35.123029
2018-09-19,31.771746,10.953284,1.059471,15.272914
2018-09-20,31.137494,3.697467,0.971371,9.822832
2018-09-21,30.868049,1.368814,0.867103,9.613964
2018-09-22,30.386012,0.563134,0.805949,9.589627
2018-09-23,29.915176,0.553148,5.490167,12.508779
2018-09-24,29.370079,0.379340,0.988951,14.219296
2018-09-25,28.607487,0.335447,0.664467,9.576107
2018-09-26,27.815690,0.222338,0.648524,9.605474
2018-09-27,27.065812,0.066889,1.356766,9.630037
2018-09-28,27.079780,0.416470,1.651556,14.813681
2018-09-29,25.646591,0.343569,0.607300,14.906394
2018-09-30,24.945359,0.137954,4.775645,13.405013
2018-10-01,24.565016,0.178654,0.892772,9.565840
2018-10-02,23.591214,0.175135,0.563781,9.475600
2018-10-03,22.903146,0.101690,0.554449,9.524638
2018-10-04,22.245981,0.076825,0.539213,9.455243
2018-10-05,21.603387,0.157809,1.085095,12.116083
2018-10-06,20.964527,0.281210,2.836387,9.407677
2018-10-07,20.373927,0.130749,0.763052,9.437061
2018-10-08,19.816759,0.055845,0.486743,9.418769
2018-10-09,19.272025,0.168163,0.471289,9.398980
2018-10-10,18.741425,0.202271,0.463749,9.425281
2018-10-11,18.212129,0.160432,0.451546,9.381697
2018-10-12,17.727646,0.201407,7.434942,10.412809
2018-10-13,17.247518,0.384287,1.294960,9.313315
2018-10-14,16.783144,0.402140,0.428514,9.291014
2018-10-15,16.331240,0.241598,0.419180,9.258552
2018-10-16,15.886144,0.178994,0.415199,9.286428
2018-10-17,15.486374,0.198828,0.409063,9.243369
2018-10-18,15.115299,0.563017,0.403334,9.231253
2018-10-19,14.766173,0.389170,0.505930,9.199988
2018-10-20,14.427887,0.394726,0.391522,9.183375
2018-10-21,14.088727,0.343497,0.386052,9.198846
2018-10-22,13.785894,0.547778,0.404315,11.410794
2018-10-23,13.483383,0.698814,0.408224,9.151272
2018-10-24,13.193134,0.361221,0.371255,9.136939
2018-10-25,12.913900,0.340800,0.366067,9.130793
2018-10-26,12.632525,0.395703,0.423541,10.273219
2018-10-27,12.374427,0.474244,2.374114,9.092436
2018-10-28,12.115932,0.542468,0.346831,9.135510
2018-10-29,11.868146,0.552015,0.342851,9.032777
2018-10-30,11.632363,0.504145,0.340844,9.021543
2018-10-31,11.401553,0.471308,0.332773,9.040993
2018-11-01,11.169129,0.649991,0.332545,8.983284
2018-11-02,10.961707,0.142434,0.391558,8.968075
2018-11-03,10.754808,0.109766,0.326819,8.955315
2018-11-04,10.564320,0.195851,0.313615,8.965273
2018-11-05,10.379331,0.158789,0.311783,8.889161
2018-11-06,10.190762,0.096688,0.321881,8.944239
2018-11-07,10.024797,0.088346,0.444834,8.897401
2018-11-08,9.857962,0.136547,1.138653,8.850276
2018-11-09,9.695345,0.093496,3.754496,9.360557
2018-11-10,9.539948,0.085910,0.299049,8.832598
2018-11-11,9.383670,0.216251,0.437822,8.791411
2018-11-12,9.243135,1.110769,0.513093,8.803126
2018-11-13,9.094904,1.237714,0.534084,8.805402
2018-11-14,8.949316,0.507342,0.297045,8.736165
2018-11-15,8.814841,0.338172,0.270887,8.718211
2018-11-16,8.678205,0.335012,0.264471,8.779462
2018-11-17,8.554698,0.280285,9.931284,9.038384
2018-11-18,8.426798,0.306905,0.650953,8.711909
2018-11-19,8.302492,0.312072,2.933062,8.743865
2018-11-20,8.176863,0.370979,20.860642,8.938712
2018-11-21,8.073193,0.590887,0.246378,8.632183
2018-11-22,7.960547,0.426188,0.257452,8.629837
2018-11-23,7.830775,0.346714,0.259751,8.611894
2018-11-24,7.702912,0.264848,1.000658,8.781608
2018-11-25,7.583869,0.139762,1.197494,8.561669
2018-11-26,7.469031,0.063230,0.231799,8.536288
2018-11-27,7.373063,0.650542,0.228267,8.509432
2018-11-28,7.277990,0.901561,0.226743,8.509377
2018-11-29,7.187593,0.573996,0.224770,8.484087
2018-11-30,7.101871,0.539413,0.220717,8.469968
2018-12-01,7.014921,1.599021,0.219714,8.453033
2018-12-02,6.939761,0.606693,0.214692,8.447980
2018-12-03,6.862873,0.455005,0.214675,8.437647
2018-12-04,6.787791,0.409353,0.214675,8.436728
2018-12-05,6.713926,0.494944,0.207125,8.398393
2018-12-06,6.636828,0.558350,0.207663,8.386527
2018-12-07,6.570259,0.654837,0.204596,8.372374
2018-12-08,6.501656,0.153702,0.202086,8.364860
2018-12-09,6.436029,0.136677,0.200078,8.368676
2018-12-10,6.370860,0.116566,0.203708,8.345980
2018-12-11,6.301659,0.011217,0.305275,8.360058
2018-12-12,6.242051,0.005692,1.218142,8.351912
2018-12-13,6.178804,0.007527,3.518514,8.352770
2018-12-14,6.117262,0.007990,1.219547,8.329546
2018-12-15,6.056922,0.004517,0.660696,8.332525
2018-12-16,5.992303,0.004232,0.293472,8.294508
2018-12-17,5.936934,0.003810,0.182727,8.315172
2018-12-18,5.879326,0.003788,0.196342,8.302997
2018-12-19,5.819319,0.003798,0.225489,8.252767
2018-12-20,5.761547,0.003781,0.313536,8.244214
2018-12-21,5.700751,0.003777,0.176407,8.237673
2018-12-22,5.648055,0.349675,0.174440,8.208769
2018-12-23,5.591783,1.066327,0.733739,8.234556
2018-12-24,5.535777,0.308486,1.272452,8.203284
2018-12-25,5.479528,0.015471,0.528430,8.125912
2018-12-26,5.420764,0.003781,0.224809,8.098612
2018-12-27,5.370068,0.003829,0.236674,8.134120
2018-12-28,5.316927,0.003871,0.164541,8.073868
2018-12-29,5.266033,0.035611,0.165864,8.132825
2018-12-30,5.216356,0.060283,0.157794,8.007592
2018-12-31,5.168539,0.060520,0.158870,8.099719
2019-01-01,5.150061,0.580899,0.163562,8.063750
2019-01-02,5.107793,0.971518,0.322076,8.079553
2019-01-03,5.063119,1.676025,0.164900,8.041362
2019-01-04,5.018897,1.633993,0.212008,8.118599
2019-01-05,4.975529,0.928599,0.151142,7.960678
2019-01-06,4.930249,0.798877,0.145743,8.014593
2019-01-07,4.891948,0.947585,0.148757,8.008845
2019-01-08,4.850462,0.809412,0.954680,7.973262
2019-01-09,4.810635,0.255937,0.220908,7.915858
2019-01-10,4.771236,0.141763,0.143736,7.928126
2019-01-11,4.729479,0.117288,0.141207,7.908284
2019-01-12,4.696194,0.117452,0.140203,7.881617
2019-01-13,4.660282,0.117380,0.138697,7.869070
2019-01-14,4.624602,0.117542,0.137693,7.861956
2019-01-15,4.589312,0.117177,0.135182,7.875892
2019-01-16,4.550924,0.117311,0.135758,7.852403
2019-01-17,4.519222,0.015440,0.133657,7.843709
2019-01-18,4.484608,0.000556,0.131650,7.844864
2019-01-19,4.450213,0.000552,0.133519,7.801092
2019-01-20,4.416008,0.000551,0.126628,7.832091
2019-01-21,4.378904,0.000551,0.129678,7.796328
2019-01-22,4.348043,0.000526,0.126593,7.796235
2019-01-23,4.314460,0.000569,0.126628,7.756037
2019-01-24,4.281300,0.000575,0.124621,7.764580
2019-01-25,4.248628,0.000519,0.121607,7.767017
2019-01-26,4.213438,0.000547,0.121572,7.788293
2019-01-27,4.156760,0.000548,0.119599,7.748843
2019-01-28,4.105380,0.000551,0.119599,7.734281
2019-01-29,4.073934,0.000551,0.117592,7.718781
2019-01-30,4.043076,0.000552,0.116550,7.692171
2019-01-31,4.012473,0.000552,0.114543,7.720370
2019-02-01,3.979040,0.000550,0.113557,7.674052
2019-02-02,3.943792,0.000546,0.115099,7.737674
2019-02-03,3.911952,0.000524,0.111028,7.631723
2019-02-04,3.881640,0.000523,0.109521,7.656919
2019-02-05,3.852375,0.002124,0.108518,7.627620
2019-02-06,3.821364,0.005686,0.108518,7.625137
2019-02-07,3.796498,0.009163,0.104500,7.587610
2019-02-08,3.769066,0.000508,0.104035,7.599328
2019-02-09,3.741626,0.000473,0.103479,7.589058
2019-02-10,3.713987,0.001215,0.102500,7.546964
2019-02-11,3.684077,0.003818,0.101506,7.536348
2019-02-12,3.659840,0.000502,0.098439,7.483780
2019-02-13,3.633175,0.000473,0.096889,7.523647
2019-02-14,3.606912,0.000552,0.095499,7.469532
2019-02-15,3.580534,0.005387,0.097436,7.493392
2019-02-16,3.551873,0.000980,0.095463,7.496204
2019-02-17,3.528905,0.000522,0.115641,7.490279
2019-02-18,3.504690,0.143938,0.092961,7.516541
2019-02-19,3.481721,0.207990,0.091410,7.471511
2019-02-20,3.459153,0.082424,0.091428,7.433763
2019-02-21,3.434497,0.071341,3.053942,7.450648
2019-02-22,3.414896,0.052434,0.333733,7.456017
2019-02-23,3.392996,0.005471,0.091787,7.394308
2019-02-24,3.371695,0.000525,0.086910,7.401674
2019-02-25,3.350896,0.051725,0.083609,7.437789
2019-02-26,3.327843,0.002945,0.088686,7.331949
2019-02-27,3.309439,0.010131,0.082857,7.346087
2019-02-28,3.288755,0.153870,1.690582,7.395249
2019-03-01,3.265893,0.260780,0.605818,7.355648
2019-03-02,3.247795,0.170941,0.078449,7.314449
2019-03-03,3.228597,0.049569,0.082765,7.276985
2019-03-04,3.210348,0.005771,0.078969,7.300759
2019-03-05,3.192272,0.000018,0.078356,7.284862
2019-03-06,3.172011,0.055879,0.077743,7.287487
2019-03-07,3.156186,0.639960,0.121564,7.319692
2019-03-08,3.138326,0.723495,0.086555,7.229074
2019-03-09,3.120821,0.602052,0.075828,7.254558
2019-03-10,3.103677,0.392926,0.073317,7.248599
2019-03-11,3.084456,0.002664,0.073856,7.241668
2019-03-12,3.069600,0.000005,0.069313,7.289756
2019-03-13,3.052516,0.000000,0.071363,7.225822
2019-03-14,3.035295,0.000000,0.071292,7.228166
2019-03-15,3.018318,0.000000,0.071327,7.195746
2019-03-16,2.999427,0.000000,0.068278,7.202940
2019-03-17,2.984637,0.000000,0.069355,7.201586
2019-03-18,2.967779,0.000000,0.068243,7.176389
2019-03-19,2.951002,0.000000,0.066271,7.196022
2019-03-20,2.934174,0.000000,0.066306,7.168763
2019-03-21,2.915200,0.000000,0.067729,7.176901
2019-03-22,2.900526,0.000000,0.063760,7.153361
2019-03-23,2.884079,0.000000,0.065284,7.164646
2019-03-24,2.867770,0.000000,0.061232,10.024973
2019-03-25,2.851559,0.000000,0.062774,7.138716
2019-03-26,2.833345,0.000000,0.060245,7.133659
2019-03-27,2.819068,0.000000,0.060245,7.124364
2019-03-28,2.803054,0.000000,0.059259,7.141398
2019-03-29,2.787249,0.000000,0.058703,7.123653
2019-03-30,2.771574,0.000000,0.056749,7.123560
2019-03-31,2.756118,0.000000,0.057717,7.111989
2019-04-01,2.738805,0.000000,0.056731,7.103155
2019-04-02,2.725269,0.000015,0.087031,11.702927
2019-04-03,2.709823,0.000001,0.186233,7.081900
2019-04-04,2.694335,0.000014,0.054203,7.099943
2019-04-05,2.678885,0.000003,0.053481,7.076402
2019-04-06,2.661704,0.000000,0.435177,9.995601
2019-04-07,2.609021,0.000000,3.716947,11.409471
2019-04-08,2.577200,0.000000,7.366196,10.597278
2019-04-09,2.562848,0.011800,8.415637,9.377022
2019-04-10,2.548908,0.053209,15.986396,9.795706
2019-04-11,2.533520,0.062352,5.479224,13.890266
2019-04-12,2.521879,0.067273,14.866016,9.590231
2019-04-13,2.508421,0.073725,7.872907,13.015649
2019-04-14,2.498235,0.131938,21.732676,9.725425
2019-04-15,2.490598,0.338181,3.322656,11.686025
2019-04-16,2.476100,0.004421,0.419730,14.747118
2019-04-17,2.463160,0.000333,0.045649,12.472948
2019-04-18,2.438036,0.000002,0.390790,12.224137
2019-04-19,2.412466,0.000000,2.590369,17.366521
2019-04-20,2.392733,0.000000,0.233786,18.184533
2019-04-21,2.372761,0.000000,0.052054,15.446102
2019-04-22,2.354779,0.000000,0.071682,6.820591
2019-04-23,2.334877,0.000000,0.060803,6.818941
2019-04-24,2.317679,0.000000,0.404923,13.695730
2019-04-25,2.304713,0.000000,0.067165,8.974793
2019-04-26,2.293332,0.000000,3.096591,14.192421
2019-04-27,2.297702,0.000000,7.528705,12.787320
2019-04-28,2.286429,0.197274,5.929529,12.151460
2019-04-29,2.211656,1.266063,24.861109,11.572507
2019-04-30,2.112238,7.267247,15.199839,12.976038
2019-05-01,2.019051,4.776031,13.848011,12.776899
2019-05-02,2.051912,11.135990,15.376344,15.942501
2019-05-03,2.263298,0.843598,6.872153,17.201531
2019-05-04,2.714308,18.840220,22.301096,20.944402
2019-05-05,3.240432,57.990606,22.394639,15.909886
2019-05-06,5.672806,88.593911,18.836794,12.302299
2019-05-07,9.727998,46.926170,6.115987,12.961510
2019-05-08,13.532196,41.752475,5.278061,13.440871
2019-05-09,16.285267,11.678654,2.390522,16.532742
2019-05-10,18.062392,8.637706,2.368661,13.989985
2019-05-11,19.506825,4.091887,2.656369,14.573143
2019-05-12,20.387484,1.564112,1.228950,14.492318
2019-05-13,20.769655,0.619311,2.741046,16.692831
2019-05-14,20.872358,4.046774,17.727673,14.827726
2019-05-15,20.504814,78.940934,13.944511,15.503401
2019-05-16,19.079860,130.613568,7.552698,15.649909
2019-05-17,20.440071,64.656354,7.548277,13.114644
2019-05-18,23.409389,89.462735,9.143242,15.371641
2019-05-19,25.613225,79.064102,8.745372,13.560886
2019-05-20,28.504446,66.936398,8.240075,13.580200
2019-05-21,31.418255,29.744837,7.876370,14.932921
2019-05-22,33.381769,38.476828,12.394781,15.597458
2019-05-23,35.670479,85.899135,15.296322,13.704912
2019-05-24,37.904614,53.865197,9.975553,17.522235
2019-05-25,39.143062,55.478293,8.920223,19.008028
2019-05-26,39.012105,80.211233,11.710386,17.022931
2019-05-27,41.726187,69.931203,11.721132,14.070346
2019-05-28,40.727104,45.828835,7.509877,19.864440
2019-05-29,43.743715,65.279839,11.107279,14.671439
2019-05-30,43.851277,73.219016,12.402430,14.198088
2019-05-31,43.693182,83.217823,9.859907,16.567728
2019-06-01,43.204654,76.581818,7.866845,19.386157
2019-06-02,44.348407,90.677537,11.601903,43.388268
2019-06-03,46.513564,121.788318,13.352901,43.649441
2019-06-04,47.260523,125.310698,13.856013,50.886560
2019-06-05,47.692725,126.445063,16.407176,50.924534
2019-06-06,47.548021,118.793222,11.484581,48.875161
2019-06-07,51.244617,176.733598,16.613542,72.936518
2019-06-08,51.442444,154.317051,14.671122,50.614514
2019-06-09,55.544131,191.735815,17.441210,73.988118
2019-06-10,53.904637,111.209733,16.360707,83.972245
2019-06-11,56.407384,267.726089,39.596076,138.155538
2019-06-12,73.995621,260.617973,35.773597,145.323978
2019-06-13,85.221798,270.425655,19.234158,140.081428
2019-06-14,93.102335,265.051945,15.438952,112.134331
2019-06-15,95.701319,254.269907,14.951075,123.909689
2019-06-16,102.610678,314.689790,17.992819,131.182732
2019-06-17,105.842461,367.155530,20.094112,133.303342
2019-06-18,104.091848,210.689593,18.250919,113.780257
2019-06-19,110.165299,277.959836,21.527435,91.911228
2019-06-20,114.743517,220.789171,20.103156,127.620178
2019-06-21,114.976076,216.513769,19.876786,132.389821
2019-06-22,112.687453,205.658188,20.190603,134.282268
2019-06-23,112.477517,232.542795,24.606176,149.547419
2019-06-24,104.261855,228.304882,20.518665,118.268174
2019-06-25,109.034970,312.064719,28.328828,199.217163
2019-06-26,106.867119,363.262102,30.124860,224.690859
2019-06-27,107.677201,354.383387,27.136002,223.314261
2019-06-28,102.397721,299.049721,24.565561,217.834740
2019-06-29,98.611380,257.783154,22.267204,195.331315
2019-06-30,97.861923,236.841145,23.100065,215.065644
2019-07-01,93.643369,178.662342,25.228596,214.700441
2019-07-02,86.467431,219.170504,21.526774,227.221641
2019-07-03,93.753452,334.335371,20.878133,236.801675
2019-07-04,89.554996,275.474948,21.892776,217.235288
2019-07-05,92.796049,321.628294,24.722795,233.144450
2019-07-06,93.138726,332.099800,25.056907,232.276108
2019-07-07,91.666692,314.993450,24.755973,236.541314
2019-07-08,91.183114,332.466941,25.148920,222.311782
2019-07-09,87.865844,302.478216,25.933863,250.523632
2019-07-10,85.743008,270.559094,23.453081,232.547699
2019-07-11,85.482858,291.700746,25.524090,256.818153
2019-07-12,83.458123,285.388258,26.363377,266.709619
2019-07-13,82.354428,288.425933,27.218533,272.204528
2019-07-14,82.750415,312.404701,31.303543,305.867124
2019-07-15,81.919733,315.814509,26.358161,275.558625
2019-07-16,82.210976,319.636370,27.828836,301.371956
2019-07-17,88.656939,377.436027,27.217811,280.858909
2019-07-18,87.207075,363.563604,29.431641,335.051415
2019-07-19,88.312406,376.516693,29.230012,322.885779
2019-07-20,89.147747,372.244014,31.820739,358.703177
2019-07-21,88.759093,382.556399,29.139549,345.060171
2019-07-22,93.177611,405.228963,29.722045,362.528271
2019-07-23,89.153137,363.233760,25.740012,315.939507
2019-07-24,84.777212,306.070360,27.312432,337.585990
2019-07-25,83.151603,303.625335,21.648041,244.562033
2019-07-26,80.217040,290.673763,22.863503,263.678778
2019-07-27,77.055805,347.854072,26.276165,384.536165
2019-07-28,70.814768,227.501873,20.827769,227.649695
2019-07-29,73.273056,358.172558,31.843602,417.378328
2019-07-30,173.426793,1266.808652,28.886894,379.439766
2019-07-31,138.109069,1515.108116,29.590171,517.149698
2019-08-01,107.141589,490.795241,22.683721,442.029471
2019-08-02,108.578334,361.893553,23.343071,418.188240
2019-08-03,109.461064,469.548270,22.850872,414.880818
2019-08-04,101.747420,440.818301,22.439886,423.755729
2019-08-05,99.026467,520.119644,22.905094,421.811767
2019-08-06,85.840294,339.267920,21.201051,356.077152
2019-08-07,87.933376,368.149002,20.533378,367.712050
2019-08-08,82.549705,365.754775,18.795108,366.649658
2019-08-09,77.061598,339.126108,18.235766,287.520351
2019-08-10,72.382386,342.204018,18.632433,368.984187
2019-08-11,64.866065,252.635988,15.380327,210.065966
2019-08-12,59.089254,173.823099,18.663492,230.535726
2019-08-13,67.627960,477.350677,27.984799,352.665838
2019-08-14,53.342905,215.549867,18.637828,297.846923
2019-08-15,50.636357,185.671062,17.426472,257.339481
2019-08-16,52.990672,267.091792,16.695638,245.601976
2019-08-17,51.293549,282.463790,16.582972,246.135954
2019-08-18,45.531531,194.348139,12.900645,145.396354
2019-08-19,47.383779,260.937546,15.744268,279.029272
2019-08-20,41.745662,180.813966,13.715332,197.341378
2019-08-21,39.442730,136.200589,12.971051,135.090063
2019-08-22,37.738192,120.233397,11.704360,111.935982
2019-08-23,35.884175,113.186917,12.588657,104.954396
2019-08-24,33.482665,72.542791,13.326788,61.114653
2019-08-25,35.372646,195.035337,11.184948,160.714691
2019-08-26,34.228891,186.944946,9.081105,168.073438
2019-08-27,33.096814,144.144561,9.208439,131.293878
2019-08-28,28.489418,93.650473,7.591079,142.170505
2019-08-29,27.802343,82.025730,6.832174,63.294159
2019-08-30,26.768054,69.701387,8.993892,55.259096
2019-08-31,26.798189,70.025376,8.244612,48.449754
2019-09-01,25.622745,54.407881,9.170620,92.323332
2019-09-02,24.988725,72.032063,8.152459,97.762310
2019-09-03,25.399177,104.914386,9.632356,111.138366
2019-09-04,25.535444,110.824202,11.127672,162.436287
2019-09-05,23.534155,91.279210,7.720176,59.360952
2019-09-06,21.895548,120.608405,22.114951,136.377930
2019-09-07,23.037154,162.640307,12.908991,174.044532
2019-09-08,19.083014,96.515171,5.641268,53.763144
2019-09-09,18.229346,33.489434,8.773442,40.998152
2019-09-10,18.147037,93.299932,4.154597,52.014084
2019-09-11,17.637204,30.682963,3.706101,25.640365
2019-09-12,17.282725,16.807072,2.213479,22.800046
2019-09-13,16.958690,13.902784,2.220392,23.617422
2019-09-14,16.635092,16.224343,3.198925,26.347514
2019-09-15,16.383406,9.667502,2.307273,20.267517
2019-09-16,16.051587,9.574182,4.478489,24.395960
2019-09-17,15.747425,2.323965,4.003348,15.627290
2019-09-18,16.164064,1.179441,5.248442,17.253868
2019-09-19,16.336651,21.366408,3.991253,19.600531
2019-09-20,15.323675,50.149318,5.959480,23.573627
2019-09-21,14.391112,54.796127,8.101308,33.983692
2019-09-22,18.867545,320.531337,31.918224,113.272819
2019-09-23,24.881951,401.429989,21.994437,163.907009
2019-09-24,17.346705,229.455653,14.253448,153.739393
2019-09-25,14.891085,130.256040,5.564547,89.343147
2019-09-26,13.787829,54.651670,2.469537,32.077982
2019-09-27,26.157597,403.215083,11.901000,58.599473
2019-09-28,28.743240,396.860689,19.250824,223.170354
2019-09-29,16.491745,49.402818,3.374500,32.231799
2019-09-30,18.124853,23.416207,2.504516,22.787896
2019-10-01,20.398407,6.201521,9.716570,19.888577
2019-10-02,20.841402,29.942830,24.261826,24.295306
2019-10-03,21.134980,30.140859,18.149539,31.718320
2019-10-04,20.988909,89.249264,40.423761,66.442260
2019-10-05,21.221297,121.594604,40.812288,73.774674
2019-10-06,21.684219,220.874169,27.207017,84.321143
2019-10-07,22.863312,48.407252,0.909114,12.621115
2019-10-08,25.123333,3.760775,0.385661,11.253980
2019-10-09,27.547331,28.523463,0.778777,15.155213
2019-10-10,29.068113,5.994323,0.394260,11.180466
2019-10-11,29.426812,1.474792,0.435707,13.343390
2019-10-12,29.755596,1.141689,0.386749,11.137153
2019-10-13,29.752192,0.861046,0.447524,11.150116
2019-10-14,30.827016,0.638104,0.422706,11.124520
2019-10-15,28.928349,1.131518,0.391172,11.125884
2019-10-16,28.237773,0.883119,0.390549,11.089178
2019-10-17,27.488490,0.826989,0.425392,13.414134
2019-10-18,26.671010,1.092463,0.394512,13.082174
2019-10-19,25.818654,0.847234,1.359304,12.537928
2019-10-20,25.991786,1.498601,0.678484,11.012167
2019-10-21,24.144453,1.274616,0.390213,11.000504
2019-10-22,23.387443,0.948730,0.390467,10.977479
2019-10-23,22.618813,0.312700,0.382191,10.947870
2019-10-24,21.861023,0.370706,0.380649,10.936244
2019-10-25,21.122506,1.000686,0.375610,10.900832
2019-10-26,20.389789,1.027335,0.373081,10.906907
2019-10-27,19.722393,0.988557,0.368042,10.864154
2019-10-28,19.092611,1.164063,1.751438,10.890683
2019-10-29,18.507087,0.681431,0.460342,10.851805
2019-10-30,17.975985,0.484290,0.364985,10.807835
2019-10-31,17.469334,1.171763,0.350433,10.805326
2019-11-01,16.971633,1.207002,0.675577,10.799952
2019-11-02,16.511944,1.014130,0.591397,10.736234
2019-11-03,16.057933,0.781762,0.336787,10.711573
2019-11-04,15.620314,0.797658,0.333811,10.747569
2019-11-05,15.185976,0.782612,0.925241,10.739605
2019-11-06,14.772730,0.674210,0.552996,10.637293
2019-11-07,14.393451,1.385193,0.956937,10.689673
2019-11-08,14.024384,1.802299,8.711109,10.931339
2019-11-09,13.688668,1.411263,1.248385,10.656806
2019-11-10,13.367981,1.834600,11.306458,10.945613
2019-11-11,13.050427,1.526643,3.039062,10.937920
2019-11-12,12.781108,1.329237,0.381269,10.500454
2019-11-13,12.500995,0.742399,3.994896,10.531237
2019-11-14,12.233038,1.299697,3.114187,10.916602
2019-11-15,11.978226,1.911509,0.288893,10.445267
2019-11-16,11.725430,1.411500,0.284462,10.421152
2019-11-17,11.495471,0.691537,0.480392,10.444738
2019-11-18,11.265894,0.480113,6.396759,10.469186
2019-11-19,11.043671,0.385895,0.762424,10.331878
2019-11-20,10.830542,0.504737,0.347416,10.292108
2019-11-21,10.612173,0.861040,0.470371,10.278338
2019-11-22,10.415444,0.589389,0.267355,10.270001
2019-11-23,10.213847,0.476071,0.264270,10.228778
2019-11-24,10.018674,1.134295,0.259249,10.198818
2019-11-25,9.832287,1.451179,0.259047,10.245744
2019-11-26,9.649087,1.435722,0.254730,10.206729
2019-11-27,9.489507,0.890673,0.250678,10.182355
2019-11-28,9.334591,0.860102,0.249691,10.156144
2019-11-29,9.186134,1.194498,0.245638,10.129481
2019-11-30,9.041096,1.484032,0.354170,10.442900
2019-12-01,8.896673,2.518200,1.502286,10.296461
2019-12-02,8.766721,2.643698,1.021927,10.102063
2019-12-03,8.632815,2.092035,0.237336,10.093624
2019-12-04,8.500240,1.183938,0.232028,10.059813
2019-12-05,8.370389,0.743862,0.229517,10.061950
2019-12-06,8.236327,0.714524,0.227545,10.050003
2019-12-07,8.116892,1.930495,0.224801,10.069181
2019-12-08,7.995674,1.758955,0.223047,10.069395
2019-12-09,7.877132,1.941406,0.216893,10.163097
2019-12-10,7.761430,2.412680,0.214956,10.018143
2019-12-11,7.642883,1.576438,0.214921,10.030162
2019-12-12,7.537134,1.422258,0.228726,10.015707
2019-12-13,7.430287,1.549652,0.208232,9.995903
2019-12-14,7.325159,1.489594,0.206385,9.974226
2019-12-15,7.221362,1.005366,0.202332,9.968176
2019-12-16,7.114100,1.193403,0.201328,9.929606
2019-12-17,7.019967,1.546683,0.196307,9.978538
2019-12-18,6.924743,1.404316,0.196289,9.896120
2019-12-19,6.834766,1.462310,0.192793,9.886280
2019-12-20,6.748746,1.060026,0.190264,9.871617
2019-12-21,6.663898,1.196135,0.186229,9.908193
2019-12-22,6.593699,1.171382,0.185225,9.836212
2019-12-23,6.523726,0.650227,0.181711,9.862875
2019-12-24,6.453634,0.118112,0.180725,9.828346
2019-12-25,6.386854,0.456645,0.177658,9.820726
2019-12-26,6.303786,1.358839,0.175363,9.806580
2019-12-27,6.238125,1.403072,0.172636,9.791468
2019-12-28,6.170610,0.703778,0.170629,9.838949
2019-12-29,6.102593,0.827394,0.165607,9.734491
2019-12-30,6.034917,0.293778,0.167386,9.750255
2019-12-31,5.968655,0.040033,0.163600,9.741108

