time,MAR_land,MAR_ice,RACMO_land,RACMO_ice
2015-01-01,0.000000,2.478585,2.839409,4.077235
2015-01-02,0.000000,1.586478,2.782949,4.118094
2015-01-03,0.000000,1.586463,2.743797,4.083058
2015-01-04,0.000000,1.586377,2.707019,4.064338
2015-01-05,0.000000,1.586241,2.696884,4.077633
2015-01-06,0.000000,1.584686,2.653144,4.057118
2015-01-07,0.000000,1.587696,2.635430,4.083643
2015-01-08,0.000000,1.589823,2.596552,4.021903
2015-01-09,0.000000,1.589831,2.575342,4.031189
2015-01-10,0.000000,1.589052,2.544328,8.459322
2015-01-11,0.000000,1.588513,2.514015,4.030519
2015-01-12,0.000000,1.590390,2.492256,4.060915
2015-01-13,0.000000,1.668354,2.459016,4.034270
2015-01-14,0.000000,2.502594,2.434270,3.987320
2015-01-15,0.000000,3.028390,2.434450,4.017129
2015-01-16,0.000000,3.241166,2.376672,3.973512
2015-01-17,0.000000,3.340947,2.511072,3.984140
2015-01-18,0.000000,3.398058,6.294427,4.032436
2015-01-19,0.000000,3.447585,2.921450,3.954639
2015-01-20,0.000000,3.503647,2.270853,3.968770
2015-01-21,0.000000,3.534189,2.246757,3.938232
2015-01-22,0.000000,3.554182,2.223951,5.576463
2015-01-23,0.000000,3.328472,2.193002,3.927329
2015-01-24,0.000000,3.480086,2.171454,3.926202
2015-01-25,0.000000,3.525813,2.153832,3.945355
2015-01-26,0.000000,3.386616,2.126847,3.901994
2015-01-27,0.000000,3.516015,2.102982,3.905449
2015-01-28,0.000000,2.249689,2.074440,3.903833
2015-01-29,0.000000,3.143129,2.056343,3.890985
2015-01-30,0.000000,3.459199,2.035516,6.628318
2015-01-31,0.000000,3.488473,2.001086,3.912369
2015-02-01,0.000000,3.506285,2.009284,3.866035
2015-02-02,0.000000,3.547257,2.043937,4.528140
2015-02-03,0.000000,3.894673,2.427156,5.291086
2015-02-04,0.000000,4.174270,1.961584,3.868771
2015-02-05,0.000000,4.357008,1.918836,3.901571
2015-02-06,0.000000,2.824251,1.872428,3.935509
2015-02-07,0.000000,2.300874,5.289353,3.875342
2015-02-08,0.000000,2.272860,2.127563,3.870739
2015-02-09,0.000000,2.280971,1.814110,3.898033
2015-02-10,0.000000,2.261917,1.804486,3.880111
2015-02-11,0.000000,1.845805,1.783602,3.795814
2015-02-12,0.000000,2.127548,1.755398,3.862385
2015-02-13,0.000000,1.758765,1.731312,3.806353
2015-02-14,0.000000,1.668775,1.735434,3.794690
2015-02-15,0.000000,1.696760,1.705281,3.812175
2015-02-16,0.000000,1.700406,1.679652,3.829814
2015-02-17,0.000000,1.844220,1.666987,3.765076
2015-02-18,0.000000,2.090379,1.643255,3.841934
2015-02-19,0.000000,2.187097,1.617158,3.851072
2015-02-20,0.000000,2.209545,1.593438,3.802498
2015-02-21,0.000000,2.208980,1.585795,3.827582
2015-02-22,0.000000,2.256618,1.557212,3.822970
2015-02-23,0.000000,2.316040,1.542961,3.738313
2015-02-24,0.000000,2.083642,1.514872,3.801322
2015-02-25,0.000000,2.275938,1.488142,3.783828
2015-02-26,0.000000,2.329454,1.484131,3.784991
2015-02-27,0.000000,2.335333,1.466554,3.805293
2015-02-28,0.000000,2.300060,1.436147,3.790045
2015-03-01,0.000000,2.294467,1.420207,3.701300
2015-03-02,0.000000,2.303534,1.398665,3.682982
2015-03-03,0.000000,2.325912,1.379167,3.746967
2015-03-04,0.000000,2.328382,1.360009,3.754379
2015-03-05,0.000000,2.322413,1.360565,3.683257
2015-03-06,0.000000,2.322666,1.342613,3.723681
2015-03-07,0.000000,2.347107,1.308485,3.671699
2015-03-08,0.000000,2.362750,1.339613,3.715545
2015-03-09,0.000000,2.361339,1.284331,3.655897
2015-03-10,0.000000,2.359768,1.270484,3.711986
2015-03-11,0.000000,2.355928,1.245819,3.637563
2015-03-12,0.000000,2.362492,1.239966,3.699495
2015-03-13,0.000000,2.342743,1.218560,3.715194
2015-03-14,0.000000,2.328240,1.204066,3.698880
2015-03-15,0.000000,2.329666,1.192432,3.666833
2015-03-16,0.000000,2.337315,1.177588,3.705901
2015-03-17,0.000000,2.365948,1.173460,3.587931
2015-03-18,0.000000,2.355043,1.364057,3.658435
2015-03-19,0.000000,2.366338,1.163451,3.654687
2015-03-20,0.000000,2.367914,1.155947,3.595041
2015-03-21,0.000052,2.368241,1.113146,3.637362
2015-03-22,0.000410,2.389319,1.109590,3.571198
2015-03-23,0.000042,2.442106,1.183171,3.632137
2015-03-24,0.000046,2.450651,1.110785,3.556814
2015-03-25,0.000037,2.459532,1.062684,3.614558
2015-03-26,0.000091,2.472555,1.063966,3.555957
2015-03-27,0.000091,2.489968,1.044289,6.188698
2015-03-28,0.000091,2.513124,1.041438,3.560319
2015-03-29,0.000091,2.509264,1.016155,3.615559
2015-03-30,0.000091,2.466290,1.018431,3.565723
2015-03-31,0.000091,2.474381,1.002396,3.542074
2015-04-01,0.000091,2.360587,0.989525,3.540531
2015-04-02,0.000063,2.362472,0.984148,3.544266
2015-04-03,0.000022,2.355181,0.957706,3.625742
2015-04-04,0.000036,2.350231,0.965554,3.582448
2015-04-05,0.000058,2.345307,0.939355,3.516321
2015-04-06,0.000185,2.338511,0.943406,3.507462
2015-04-07,0.000240,2.332219,0.924188,3.581918
2015-04-08,0.000002,2.314513,0.909969,3.556548
2015-04-09,0.000013,2.314056,0.897881,3.500337
2015-04-10,0.000022,2.312076,0.890606,3.544060
2015-04-11,0.000047,2.304131,0.882975,3.493209
2015-04-12,0.000035,2.309141,0.860499,3.493827
2015-04-13,0.000029,2.276234,1.316830,4.066824
2015-04-14,0.000016,2.258061,4.130079,12.929718
2015-04-15,0.000042,2.256858,9.273975,11.488644
2015-04-16,0.000027,2.213207,5.101521,10.744922
2015-04-17,0.000019,2.215212,0.844280,3.468340
2015-04-18,0.000038,2.218786,9.405989,9.002826
2015-04-19,6.255883,2.495854,17.213297,6.678425
2015-04-20,2.114570,2.261865,1.129910,12.356349
2015-04-21,0.000309,2.213092,0.786011,3.419838
2015-04-22,0.392080,2.226348,1.158840,16.594795
2015-04-23,1.282772,2.238690,12.588229,18.796555
2015-04-24,0.000004,1.973864,0.948750,7.868035
2015-04-25,0.000030,1.529649,0.764675,3.491604
2015-04-26,0.000034,1.726618,1.131215,3.403596
2015-04-27,0.000038,1.790475,0.914540,3.400882
2015-04-28,0.000074,1.907065,2.499996,3.445440
2015-04-29,0.000074,1.990720,24.580091,3.438106
2015-04-30,0.000073,2.043255,9.264315,3.424491
2015-05-01,0.000074,2.076735,2.434055,3.380562
2015-05-02,0.000074,2.092126,3.156380,3.388167
2015-05-03,0.000047,2.137042,14.053182,15.234511
2015-05-04,0.365956,2.229804,31.033361,18.652698
2015-05-05,0.000062,2.262681,25.481382,15.405565
2015-05-06,0.000060,2.261476,55.969552,18.255882
2015-05-07,0.347496,2.281570,68.359973,24.837987
2015-05-08,4.055920,2.841210,46.816430,27.631897
2015-05-09,1.665953,3.221086,84.020135,30.551158
2015-05-10,4.337801,3.354742,55.206277,19.522697
2015-05-11,0.416644,3.217693,9.408353,9.379809
2015-05-12,11.068069,3.483642,8.469025,14.620520
2015-05-13,0.000043,3.449448,4.748695,12.362651
2015-05-14,22.107318,3.658112,7.823194,15.339266
2015-05-15,19.263777,4.198687,24.987010,19.729790
2015-05-16,45.759861,5.535352,50.850487,18.032913
2015-05-17,35.807368,5.566415,79.011820,14.819201
2015-05-18,51.912963,6.587130,118.984789,11.902780
2015-05-19,24.154201,5.168578,28.391144,16.691301
2015-05-20,23.160651,4.606341,48.362089,17.695572
2015-05-21,52.128290,5.086040,83.175958,16.498795
2015-05-22,17.071966,4.879749,14.037523,15.009500
2015-05-23,117.405512,7.866567,37.760025,18.154363
2015-05-24,85.629130,15.814171,57.214479,14.371795
2015-05-25,153.890304,22.759687,46.039863,19.204877
2015-05-26,90.173595,24.510145,47.433968,13.855314
2015-05-27,144.634267,25.809590,53.332101,15.325493
2015-05-28,53.437702,21.327628,66.786078,20.812991
2015-05-29,48.065664,11.254483,20.932737,13.171178
2015-05-30,14.431590,7.680952,22.657141,14.258942
2015-05-31,55.910247,8.766510,26.449305,23.212192
2015-06-01,76.661351,11.705699,21.037641,46.066982
2015-06-02,135.238689,21.237704,35.090916,42.055595
2015-06-03,150.302726,32.026450,35.079744,32.477834
2015-06-04,187.865107,43.653057,47.637056,30.589562
2015-06-05,180.498775,49.274452,73.290344,29.253343
2015-06-06,207.796328,60.419734,106.870650,56.425863
2015-06-07,185.837398,57.582086,70.966045,65.450149
2015-06-08,246.827043,63.349839,77.230553,61.872300
2015-06-09,295.510860,89.240333,95.887836,57.689278
2015-06-10,275.326649,101.670642,100.804247,62.910020
2015-06-11,209.869071,97.497190,130.681710,59.490532
2015-06-12,309.901651,116.939868,127.693909,43.853114
2015-06-13,232.884773,130.358078,138.719322,51.339508
2015-06-14,242.013674,121.951669,196.064925,76.620045
2015-06-15,291.792710,125.940552,145.838252,82.689046
2015-06-16,624.530120,209.373081,170.658643,104.619832
2015-06-17,432.799953,215.005961,184.858909,81.550853
2015-06-18,366.204381,194.474706,149.445152,86.621117
2015-06-19,338.866617,186.153452,149.584518,98.574286
2015-06-20,353.328451,216.307340,189.609901,121.166717
2015-06-21,377.385023,253.991328,196.509425,153.836486
2015-06-22,385.437277,274.430398,231.058367,164.683908
2015-06-23,384.156067,296.258489,206.492276,210.946069
2015-06-24,388.230714,314.593398,200.057328,219.648387
2015-06-25,370.840750,334.524401,206.454784,232.092140
2015-06-26,375.786697,351.703870,225.864467,231.979702
2015-06-27,576.130768,463.712917,242.597650,301.516801
2015-06-28,449.324485,565.632335,226.588827,321.597004
2015-06-29,431.613288,541.290502,226.536731,369.444731
2015-06-30,292.538122,453.857880,212.388841,351.035884
2015-07-01,222.366162,455.686590,219.028054,385.464003
2015-07-02,199.145746,450.271735,221.867361,415.828430
2015-07-03,199.965936,449.188464,212.778444,409.401653
2015-07-04,217.143642,437.486690,165.690521,320.162866
2015-07-05,268.309017,499.423435,215.361320,475.540226
2015-07-06,295.971161,583.205480,173.704819,441.207247
2015-07-07,226.043934,595.078588,197.764294,546.788707
2015-07-08,148.000865,526.009185,185.991453,574.826567
2015-07-09,131.619914,513.806984,191.496903,560.084056
2015-07-10,117.655957,432.591300,153.344494,335.583032
2015-07-11,142.165389,394.820845,176.816284,472.192379
2015-07-12,142.357547,327.951934,160.441142,475.111364
2015-07-13,138.260583,348.466879,161.949045,523.614747
2015-07-14,130.343273,495.242565,184.762511,665.898127
2015-07-15,110.004047,558.769821,180.114603,678.497816
2015-07-16,130.908716,626.404931,185.822399,726.817987
2015-07-17,142.372027,676.256664,178.308295,711.305328
2015-07-18,92.311792,577.635832,182.596464,706.341006
2015-07-19,98.710088,541.999773,177.130776,671.877439
2015-07-20,102.482500,577.558672,160.671264,667.234411
2015-07-21,55.669703,488.083668,162.100213,578.979262
2015-07-22,73.698140,480.628997,143.962949,592.024927
2015-07-23,63.006209,505.293371,141.103691,601.001496
2015-07-24,59.350019,442.404284,112.283008,485.520437
2015-07-25,64.438269,380.905064,134.107823,621.655595
2015-07-26,50.737929,384.664642,135.763300,623.861677
2015-07-27,78.589027,354.918243,105.665156,328.794662
2015-07-28,69.471713,351.366523,104.527810,579.556633
2015-07-29,28.829763,377.586686,100.661786,557.999913
2015-07-30,24.632973,379.610190,98.465391,540.316340
2015-07-31,20.644376,367.356684,95.437714,505.278078
2015-08-01,22.922224,386.882470,99.126335,507.365914
2015-08-02,55.469596,522.712835,129.425359,610.397024
2015-08-03,75.499635,620.629669,120.097090,640.261368
2015-08-04,26.141467,546.116562,116.780589,644.472051
2015-08-05,26.384162,514.125460,115.762826,630.425726
2015-08-06,21.137210,480.476593,105.447610,541.980267
2015-08-07,19.282691,432.687714,98.203099,476.786051
2015-08-08,29.374560,460.321759,102.901443,532.507558
2015-08-09,74.100399,922.118348,148.848995,948.619256
2015-08-10,53.304517,1073.468052,118.837827,654.867740
2015-08-11,23.031963,761.852822,117.429423,538.499356
2015-08-12,225.985970,469.850944,173.444207,500.222536
2015-08-13,4.146455,387.808421,74.676570,465.457991
2015-08-14,14.541088,536.008528,70.972874,439.084172
2015-08-15,16.996559,438.574685,67.914893,421.692540
2015-08-16,12.610784,355.682340,75.455983,421.542521
2015-08-17,15.176122,298.979446,71.935438,374.927721
2015-08-18,12.021583,279.864061,68.870167,382.701251
2015-08-19,11.634576,288.686835,86.087849,445.673881
2015-08-20,16.473975,316.349984,86.508574,474.011198
2015-08-21,10.176807,335.369891,71.817956,309.833391
2015-08-22,19.810931,368.557460,83.560542,466.040410
2015-08-23,12.028555,347.052658,84.628614,472.857216
2015-08-24,12.315045,305.699561,66.417854,304.252373
2015-08-25,10.651341,296.704036,67.832803,328.236812
2015-08-26,17.129152,324.491810,69.034677,293.182180
2015-08-27,9.231704,313.980512,57.518591,234.966702
2015-08-28,20.440528,210.692448,90.422196,249.447289
2015-08-29,60.715918,334.862137,123.262954,505.333706
2015-08-30,125.024215,429.743953,128.724495,378.714664
2015-08-31,242.661373,514.999656,103.580334,407.164236
2015-09-01,183.832304,283.611877,83.204937,334.174068
2015-09-02,405.681400,324.860069,101.657707,431.760683
2015-09-03,23.078809,186.030237,113.049678,455.196041
2015-09-04,422.625099,501.135097,188.991011,561.453822
2015-09-05,112.701291,230.445802,106.966045,390.232431
2015-09-06,900.627174,850.530624,237.274997,451.868800
2015-09-07,678.073052,840.003004,246.788974,391.184725
2015-09-08,40.046053,413.214188,17.056117,212.941337
2015-09-09,91.008962,183.867225,11.170849,150.861256
2015-09-10,5.370025,165.796252,14.476886,205.553632
2015-09-11,84.893082,143.778370,15.632045,120.675129
2015-09-12,20.763891,220.479162,13.417662,166.049289
2015-09-13,0.043969,129.299350,11.718022,173.807286
2015-09-14,0.037612,69.234158,10.310773,171.178591
2015-09-15,0.023925,59.386146,12.064490,159.799623
2015-09-16,0.013283,47.418982,28.939432,174.243993
2015-09-17,10.020528,35.606225,32.140160,79.109433
2015-09-18,36.995288,24.461247,35.964274,71.247763
2015-09-19,125.741261,14.699676,30.985609,89.247739
2015-09-20,65.612292,27.802258,12.073714,121.004816
2015-09-21,55.394635,21.706050,36.917455,48.798372
2015-09-22,161.087662,65.938723,25.494792,141.763479
2015-09-23,2.041105,47.052969,9.235670,81.986428
2015-09-24,163.479321,27.367829,28.422817,35.651483
2015-09-25,43.255766,19.421913,11.341127,64.287566
2015-09-26,38.860516,11.900063,11.375139,35.894705
2015-09-27,14.711962,8.043691,10.650277,57.305058
2015-09-28,40.743366,7.098862,14.283116,29.361431
2015-09-29,88.526625,6.229011,10.481689,9.795465
2015-09-30,14.406758,5.475471,10.486658,4.744365
2015-10-01,4.469144,7.749483,8.930634,10.093824
2015-10-02,1.857786,8.205558,8.801665,4.718851
2015-10-03,0.479573,7.160072,8.705926,4.674832
2015-10-04,0.015033,6.846724,8.692823,4.669389
2015-10-05,0.000334,6.639964,8.643082,4.619127
2015-10-06,0.440531,6.431257,8.685065,7.364758
2015-10-07,7.427613,7.175780,9.339372,7.046681
2015-10-08,2.907456,7.163441,11.096612,6.018605
2015-10-09,9.580533,6.391671,12.242849,4.528744
2015-10-10,44.484493,7.226648,21.657759,4.560037
2015-10-11,153.179522,9.821589,35.832576,7.180317
2015-10-12,314.033773,37.370573,28.702423,10.656172
2015-10-13,88.638086,32.809226,12.090902,4.456231
2015-10-14,2.213726,8.342095,11.441397,4.466243
2015-10-15,72.179810,8.071606,23.376911,12.946040
2015-10-16,12.987568,7.456868,19.823685,19.199984
2015-10-17,5.074793,6.662937,14.464847,6.113529
2015-10-18,0.713406,6.295976,7.985064,4.386221
2015-10-19,0.102685,6.146825,7.977054,4.416444
2015-10-20,0.004341,6.121728,7.952586,4.366823
2015-10-21,0.002303,6.100907,7.924127,4.380995
2015-10-22,0.011732,6.092301,7.899085,4.346659
2015-10-23,0.560242,5.950672,7.850623,4.342374
2015-10-24,0.000224,4.646700,7.820317,4.350282
2015-10-25,0.002616,4.386099,7.762129,4.345284
2015-10-26,0.000492,2.612208,7.804373,4.297971
2015-10-27,50.855187,2.565531,9.883046,4.839147
2015-10-28,0.116271,2.331545,8.077773,4.295098
2015-10-29,3.566128,2.283387,21.610399,4.644247
2015-10-30,55.288063,2.474593,19.882159,5.511007
2015-10-31,5.794467,2.504599,13.230139,4.275157
2015-11-01,5.344551,2.304949,11.360654,4.190306
2015-11-02,0.059539,2.292120,7.278766,4.157494
2015-11-03,0.662322,2.292071,7.222732,4.178615
2015-11-04,0.000450,2.286955,7.156925,4.147408
2015-11-05,0.005859,2.283837,7.330709,4.157977
2015-11-06,0.023825,2.285407,10.229767,4.129961
2015-11-07,0.002916,2.289505,7.070678,4.156650
2015-11-08,0.000076,2.283384,6.913370,4.152713
2015-11-09,0.000420,2.283128,6.866664,4.138432
2015-11-10,0.001909,2.283228,6.796808,6.738298
2015-11-11,0.001178,2.281993,6.721192,4.112207
2015-11-12,0.000287,2.283001,6.678941,4.121402
2015-11-13,0.000710,2.271431,6.609759,4.084402
2015-11-14,0.000002,2.261813,6.539367,4.087245
2015-11-15,0.001798,2.261828,6.487507,4.091515
2015-11-16,0.000247,2.258702,6.412467,4.053036
2015-11-17,0.003224,2.259294,6.363349,4.089359
2015-11-18,0.000768,2.040883,6.292790,4.072879
2015-11-19,0.000041,1.903440,6.222625,4.065540
2015-11-20,1.233942,1.903636,16.799277,4.599975
2015-11-21,0.024881,1.902480,11.677822,4.978446
2015-11-22,0.000010,1.903076,9.637948,4.101478
2015-11-23,0.000001,1.902773,5.981295,4.028249
2015-11-24,0.020927,1.902613,6.175352,4.024997
2015-11-25,0.001796,1.902813,6.029605,4.032591
2015-11-26,0.000019,1.902648,5.787768,4.016724
2015-11-27,0.000052,1.915125,5.729669,4.002085
2015-11-28,0.000494,1.927927,5.664071,3.988722
2015-11-29,0.000157,1.935632,5.600794,4.007801
2015-11-30,0.000000,1.915980,5.566838,4.012461
2015-12-01,0.000000,1.914729,5.496021,3.988240
2015-12-02,0.000000,1.916405,5.400111,3.995629
2015-12-03,0.000000,1.917751,5.364746,3.968738
2015-12-04,0.000000,1.915097,5.299227,3.987768
2015-12-05,0.000000,1.915336,5.219272,3.953871
2015-12-06,0.000000,1.914648,5.163951,3.969574
2015-12-07,0.000000,1.915040,5.102643,3.959822
2015-12-08,0.000000,1.914983,5.043553,3.942380
2015-12-09,0.000000,1.914843,5.598382,3.973924
2015-12-10,0.000000,1.915041,4.907756,3.939225
2015-12-11,0.000000,1.913790,4.848016,3.924920
2015-12-12,0.000000,1.914660,4.788538,3.950744
2015-12-13,0.000000,1.914566,4.720445,3.902519
2015-12-14,0.000000,1.914310,4.729028,3.867680
2015-12-15,0.000000,1.914441,4.621716,3.899619
2015-12-16,0.015329,1.913090,4.580625,3.850631
2015-12-17,0.005235,1.913810,5.723371,3.864913
2015-12-18,0.005247,1.910652,4.430913,3.871879
2015-12-19,0.004293,1.906614,4.368934,3.856965
2015-12-20,0.005148,1.906505,4.317127,3.841269
2015-12-21,0.005093,1.905160,4.261906,3.836102
2015-12-22,0.002526,1.883287,4.222189,3.827422
2015-12-23,0.004914,1.868424,4.147923,3.846789
2015-12-24,0.005094,1.867946,4.095191,3.765085
2015-12-25,0.003174,1.867419,4.053447,3.805404
2015-12-26,0.003420,1.866066,4.016818,3.811234
2015-12-27,0.004704,1.867019,4.202476,3.818945
2015-12-28,0.004166,1.866709,4.336555,3.794059
2015-12-29,0.003372,1.866248,3.831379,3.775935
2015-12-30,0.004062,0.888884,3.779461,3.753805
2015-12-31,0.003376,0.888318,3.739402,3.773090
2016-01-01,0.000000,2.459619,3.690969,3.787422
2016-01-02,0.000000,2.458602,3.636673,3.691303
2016-01-03,0.000000,2.487244,3.866427,3.753067
2016-01-04,0.000000,2.527224,3.566092,3.756525
2016-01-05,0.000000,2.476828,3.501689,3.764438
2016-01-06,0.000000,2.470814,3.501898,3.729422
2016-01-07,0.000000,2.470374,8.896776,3.703381
2016-01-08,0.000000,2.470671,3.822997,3.689882
2016-01-09,0.000000,2.470461,3.319963,3.658141
2016-01-10,0.000000,2.469937,3.269964,3.686518
2016-01-11,0.000000,2.466979,3.229185,3.658892
2016-01-12,0.000000,2.467669,3.191432,3.644377
2016-01-13,0.000000,2.468680,3.154223,3.661064
2016-01-14,0.000000,2.511553,3.111174,3.613680
2016-01-15,0.000000,2.700501,3.139540,3.668130
2016-01-16,0.000000,2.815873,4.270027,3.570497
2016-01-17,0.000000,2.891320,8.839840,3.642597
2016-01-18,0.592390,3.070575,19.982606,3.651547
2016-01-19,1.482490,3.282562,29.455227,3.638651
2016-01-20,34.738336,5.872967,74.392464,3.809172
2016-01-21,95.898896,6.861858,91.807549,3.816021
2016-01-22,56.979523,7.911852,35.882523,3.822276
2016-01-23,11.076284,4.239829,3.382696,3.563812
2016-01-24,1.462295,3.068088,2.893136,3.569566
2016-01-25,1.128439,3.037183,2.840611,3.534015
2016-01-26,0.867316,3.048949,2.815901,3.553191
2016-01-27,0.585555,2.965535,2.722744,3.530341
2016-01-28,0.423464,3.302345,2.725340,3.533274
2016-01-29,0.324626,3.607571,2.695312,3.496695
2016-01-30,0.257009,3.898504,2.674504,3.504628
2016-01-31,0.212151,2.768825,2.656830,3.481212
2016-02-01,0.200369,3.163853,2.644820,3.485965
2016-02-02,0.182355,3.208510,2.617804,3.460102
2016-02-03,0.172130,3.871995,2.601056,3.465403
2016-02-04,0.152947,3.486113,2.586860,3.431604
2016-02-05,0.155766,3.528338,2.566376,3.451003
2016-02-06,0.089276,3.518788,2.537661,3.442519
2016-02-07,0.016852,3.764990,2.532968,3.429418
2016-02-08,0.017860,3.877016,2.499478,3.411878
2016-02-09,0.017978,3.920974,2.521076,3.450794
2016-02-10,0.017396,4.022144,2.465000,3.409095
2016-02-11,0.017034,3.626741,2.442489,3.416836
2016-02-12,0.013962,3.671524,2.439961,3.412402
2016-02-13,0.013869,3.684686,2.396484,3.391055
2016-02-14,0.014145,3.712609,2.429383,3.412129
2016-02-15,0.015014,3.343175,2.478896,3.378495
2016-02-16,0.015073,3.282440,2.358244,3.371699
2016-02-17,0.015258,2.895199,2.317725,3.398755
2016-02-18,0.016513,1.891546,2.598466,3.370199
2016-02-19,0.016464,1.860619,2.266044,3.366366
2016-02-20,0.016426,1.851712,2.264775,3.330656
2016-02-21,0.016356,1.865238,2.244745,3.360474
2016-02-22,0.016286,1.849789,2.231864,3.346512
2016-02-23,0.016240,1.839785,2.452535,3.346611
2016-02-24,0.001817,1.830382,2.275175,3.347779
2016-02-25,0.000000,1.754383,2.268180,3.339248
2016-02-26,0.000000,1.780044,2.151850,3.334887
2016-02-27,0.000000,1.787998,2.157845,3.312984
2016-02-28,0.000000,1.814924,5.611851,3.326692
2016-02-29,0.000000,1.818401,2.628209,3.324408
2016-03-01,0.000000,1.828900,2.097204,3.314900
2016-03-02,0.000000,1.865462,2.332832,3.323459
2016-03-03,0.000000,1.862142,3.197254,3.315389
2016-03-04,0.000000,1.870511,2.428666,3.672649
2016-03-05,0.000000,1.874386,2.782682,3.317865
2016-03-06,0.000000,1.878895,1.985101,3.257531
2016-03-07,0.000000,1.885546,1.976313,3.241427
2016-03-08,0.000000,1.897417,1.960305,3.280570
2016-03-09,0.000000,1.960421,2.210978,3.257419
2016-03-10,0.000000,2.519436,2.219167,3.228129
2016-03-11,0.000000,2.953647,1.907245,3.253605
2016-03-12,0.000000,2.142187,1.890206,3.224398
2016-03-13,0.000000,1.765383,1.909255,3.226568
2016-03-14,0.000000,1.762763,1.862950,3.229522
2016-03-15,0.000000,1.536399,1.845613,3.210096
2016-03-16,0.000000,1.754052,1.858805,3.207641
2016-03-17,0.000000,1.854836,89.991422,7.846851
2016-03-18,4.095357,2.605825,109.324683,7.665469
2016-03-19,0.000000,3.092814,3.377945,3.194665
2016-03-20,0.000000,3.275999,1.936528,3.166646
2016-03-21,0.000000,3.362585,2.921835,3.163218
2016-03-22,0.000000,3.443651,1.752948,3.197384
2016-03-23,0.000000,3.475451,2.016132,3.179482
2016-03-24,0.000000,3.484036,1.918555,3.129656
2016-03-25,0.000000,3.496200,2.058923,3.142415
2016-03-26,0.000000,3.495162,1.687200,3.135942
2016-03-27,0.000000,3.521567,1.682490,3.130669
2016-03-28,0.000000,3.570620,1.700141,3.133080
2016-03-29,0.000000,3.591296,1.680642,3.135429
2016-03-30,0.000000,3.552445,1.666139,3.140620
2016-03-31,0.000000,3.499968,1.667234,3.102249
2016-04-01,0.000000,3.421705,1.640409,3.104887
2016-04-02,0.000000,3.420468,1.656997,3.111610
2016-04-03,0.000000,3.430606,3.587781,3.102734
2016-04-04,0.000000,3.462630,3.502457,6.884837
2016-04-05,0.000000,3.488617,6.075274,3.510149
2016-04-06,0.000000,3.514117,2.253532,3.091582
2016-04-07,0.000000,3.553018,3.885741,3.101370
2016-04-08,0.000000,3.273070,6.374529,8.531089
2016-04-09,0.000000,2.034930,1.603337,10.720477
2016-04-10,0.000000,2.028168,12.761297,26.509754
2016-04-11,0.000000,2.044221,20.983919,11.364390
2016-04-12,3.515618,2.043592,35.954473,10.135755
2016-04-13,11.124070,2.400861,20.461341,10.839171
2016-04-14,8.705399,2.699523,22.731590,10.563041
2016-04-15,11.714398,2.735600,39.322211,10.793225
2016-04-16,7.198117,2.729454,9.827256,14.935791
2016-04-17,0.888175,2.219828,3.282176,3.347233
2016-04-18,0.823248,2.154212,2.275797,3.037981
2016-04-19,0.803313,2.163282,5.580298,11.916815
2016-04-20,0.702964,2.172533,2.544941,3.037604
2016-04-21,0.605090,2.166994,6.030200,11.094321
2016-04-22,0.540024,2.157533,37.776797,18.650192
2016-04-23,4.887308,2.233166,50.209911,15.528390
2016-04-24,24.200711,4.080022,46.898365,11.328014
2016-04-25,14.388646,5.299893,49.271173,10.753691
2016-04-26,17.649568,6.000218,53.831260,10.487758
2016-04-27,30.414102,7.071112,44.108594,14.696444
2016-04-28,21.964204,5.699875,42.031162,17.934697
2016-04-29,19.222826,3.525224,31.303986,11.542270
2016-04-30,14.128941,2.245887,14.973226,16.270712
2016-05-01,41.637274,4.343829,25.203070,16.119855
2016-05-02,41.928148,5.759768,19.834999,14.243400
2016-05-03,51.121107,6.489660,20.837026,14.436960
2016-05-04,43.580996,7.050719,25.722111,15.726333
2016-05-05,39.506032,7.263703,36.484449,15.081416
2016-05-06,49.298740,7.727432,44.412035,102.444780
2016-05-07,50.115941,8.597099,80.187987,14.535418
2016-05-08,73.434835,12.241254,84.177552,71.889133
2016-05-09,56.904547,12.926601,93.782822,13.060202
2016-05-10,123.471237,13.963534,69.054728,11.711367
2016-05-11,246.601904,38.939787,84.248903,8.714891
2016-05-12,231.988651,51.456590,72.449757,9.040245
2016-05-13,163.380717,47.208230,90.938700,8.551527
2016-05-14,258.501124,65.718756,113.609882,15.007702
2016-05-15,303.945539,102.778424,126.545212,27.273742
2016-05-16,188.750667,95.777420,59.191975,12.293322
2016-05-17,191.355555,71.354844,109.369526,24.380390
2016-05-18,169.092244,63.744640,105.734036,16.671467
2016-05-19,212.639995,63.245223,128.287054,44.099564
2016-05-20,193.378075,57.035665,120.516245,32.026891
2016-05-21,232.311018,52.002418,69.371894,27.976902
2016-05-22,227.498001,53.167572,74.428356,30.204700
2016-05-23,203.869190,50.726455,78.739436,105.830570
2016-05-24,189.255922,50.378851,77.273481,45.552766
2016-05-25,241.581080,62.109715,97.034462,81.292636
2016-05-26,166.329801,53.024974,81.460603,36.357814
2016-05-27,122.794465,26.029831,77.633690,19.755972
2016-05-28,147.231402,23.032874,91.692317,36.789366
2016-05-29,129.441488,24.280893,98.697405,21.923146
2016-05-30,126.194763,21.041033,86.921044,24.194647
2016-05-31,182.615321,27.608756,69.723824,71.601932
2016-06-01,186.820428,33.837406,81.366574,76.313404
2016-06-02,515.311819,71.171058,170.616173,102.163608
2016-06-03,992.830951,393.232365,213.550674,98.057112
2016-06-04,491.962422,335.257289,155.978905,114.477745
2016-06-05,397.635541,263.806580,129.534962,83.284701
2016-06-06,425.919686,262.913683,147.315103,99.895358
2016-06-07,388.526220,261.288509,151.099380,111.057422
2016-06-08,458.549927,289.395721,167.813209,122.321932
2016-06-09,1587.335592,725.238955,410.485823,213.967011
2016-06-10,1635.526300,1246.381311,493.669297,335.846307
2016-06-11,804.752795,1065.101678,251.434023,246.434554
2016-06-12,606.854375,605.383015,219.402516,220.699396
2016-06-13,442.168844,436.599506,236.022547,295.944741
2016-06-14,426.722778,418.064753,217.697224,302.314410
2016-06-15,389.029044,415.849170,213.134101,302.916937
2016-06-16,272.964157,320.310490,213.805564,293.540565
2016-06-17,271.440640,189.475198,160.303516,221.157822
2016-06-18,1114.615571,420.079659,320.872800,471.225730
2016-06-19,937.681629,728.047490,362.731483,551.559854
2016-06-20,492.830717,641.393135,227.285853,566.191024
2016-06-21,331.102438,515.439365,210.849233,502.548097
2016-06-22,314.263597,468.778451,236.702751,508.574268
2016-06-23,422.859601,652.339969,263.414586,652.337294
2016-06-24,237.218403,529.200158,207.926128,563.413348
2016-06-25,236.865956,523.612251,233.565563,570.581016
2016-06-26,279.650275,486.710777,208.224236,484.401093
2016-06-27,395.684082,626.217528,244.060187,645.804956
2016-06-28,306.755933,596.124316,208.491091,463.133120
2016-06-29,317.222739,481.119878,203.657024,501.237822
2016-06-30,264.437986,491.857589,223.758192,727.384970
2016-07-01,185.484688,503.361755,194.385535,641.643640
2016-07-02,169.158333,512.644995,185.349093,640.382942
2016-07-03,165.497848,515.462062,189.952401,664.864840
2016-07-04,138.761010,504.053149,180.327245,631.498834
2016-07-05,137.285474,495.642421,164.648168,440.920083
2016-07-06,143.801002,537.575948,210.709287,634.906700
2016-07-07,126.061188,537.150270,226.313168,772.369867
2016-07-08,127.318172,525.608636,227.709611,737.330420
2016-07-09,114.524060,476.919270,188.360155,577.244726
2016-07-10,114.023059,466.844839,179.159640,649.005500
2016-07-11,106.549141,515.292526,191.513020,661.145072
2016-07-12,349.496185,588.846503,167.094015,516.027175
2016-07-13,260.493721,491.365725,159.952532,415.364974
2016-07-14,432.987896,450.721998,155.625449,475.596474
2016-07-15,279.442083,631.539607,149.253085,533.193389
2016-07-16,160.262195,700.660809,144.622147,508.459893
2016-07-17,102.646147,596.645495,209.826140,810.943117
2016-07-18,114.800195,640.645886,167.175049,771.390266
2016-07-19,123.650456,786.321909,166.636536,753.303827
2016-07-20,99.579008,780.624623,159.105327,752.193217
2016-07-21,87.935642,735.624102,165.773493,679.533552
2016-07-22,91.855711,744.592816,167.959112,717.409487
2016-07-23,75.928035,789.291287,183.515174,806.579170
2016-07-24,69.531735,745.583474,169.176758,690.878196
2016-07-25,69.527861,704.964343,159.643002,701.579907
2016-07-26,69.171967,725.348136,152.681113,686.961970
2016-07-27,63.414416,715.317925,151.928545,682.035158
2016-07-28,67.568591,717.724534,153.512387,704.385622
2016-07-29,42.736045,692.656619,145.842373,660.556878
2016-07-30,38.460037,630.511756,132.496182,582.283852
2016-07-31,36.283697,537.952769,125.786607,536.719492
2016-08-01,35.494468,506.705726,125.415097,518.013949
2016-08-02,27.460164,527.698252,140.576238,587.885282
2016-08-03,28.293705,567.576283,146.288321,643.775885
2016-08-04,16.648853,502.826852,112.993749,501.022012
2016-08-05,19.653084,457.822795,116.112213,508.940259
2016-08-06,24.839308,509.127669,118.108400,543.638696
2016-08-07,41.789529,696.625538,130.943140,696.495487
2016-08-08,32.930567,726.359790,146.347737,636.598317
2016-08-09,175.381794,652.519244,135.231641,529.190887
2016-08-10,104.957710,659.953578,95.190397,605.108064
2016-08-11,37.370034,634.621090,74.047832,607.877966
2016-08-12,80.504416,528.032646,81.791221,490.091502
2016-08-13,68.350022,387.604091,76.640133,507.026283
2016-08-14,59.946891,405.367487,111.249405,388.467364
2016-08-15,79.824653,732.339057,150.162583,656.076204
2016-08-16,102.769272,586.597578,99.312669,544.144588
2016-08-17,311.774705,607.104017,90.984189,446.308125
2016-08-18,133.399878,645.702002,96.941340,503.639118
2016-08-19,77.389232,496.797792,118.718278,485.049461
2016-08-20,11.700738,350.044683,90.343687,518.080813
2016-08-21,20.669082,383.993956,77.462212,449.210241
2016-08-22,17.712212,421.611060,77.458544,493.602885
2016-08-23,16.100958,435.366442,84.134095,518.468476
2016-08-24,11.072831,424.180700,74.109462,480.746983
2016-08-25,7.018556,385.010217,86.750323,423.603806
2016-08-26,19.233381,289.012542,72.830943,310.890899
2016-08-27,63.876183,287.327565,78.171051,372.880753
2016-08-28,6.170239,263.301145,65.821464,364.102269
2016-08-29,2.665504,249.467959,57.295392,264.022770
2016-08-30,6.005771,230.450710,58.063087,220.459236
2016-08-31,4.712932,231.132082,53.952957,228.247995
2016-09-01,2.801719,234.163044,54.830654,224.659982
2016-09-02,1.644946,238.917163,54.798597,209.406068
2016-09-03,10.381785,207.775603,58.470769,200.846658
2016-09-04,51.797924,218.581820,78.252280,247.249328
2016-09-05,2.274603,133.393282,49.067437,223.364939
2016-09-06,41.074634,118.659078,48.090166,160.554175
2016-09-07,3.767929,126.925741,42.841106,230.763189
2016-09-08,0.279266,110.153545,42.528489,216.948792
2016-09-09,41.173080,191.428728,73.344120,294.936258
2016-09-10,18.831542,223.142878,75.150945,260.856892
2016-09-11,1.023893,249.429649,36.921923,159.536827
2016-09-12,0.162212,173.194846,32.305047,165.121955
2016-09-13,218.225616,143.778959,69.418805,117.291317
2016-09-14,164.772534,311.071645,141.200530,254.837450
2016-09-15,17.712050,232.620244,45.954036,232.074989
2016-09-16,31.057120,172.040417,30.433303,150.579067
2016-09-17,6.692638,84.215959,23.447346,137.688857
2016-09-18,244.824319,71.927086,24.789976,93.143210
2016-09-19,80.121401,74.468108,9.305735,107.315732
2016-09-20,19.449812,36.659813,6.208350,34.662987
2016-09-21,12.181263,22.478367,5.277167,76.813791
2016-09-22,2.003071,14.837358,5.167995,20.433340
2016-09-23,6.236808,10.874509,5.153881,45.624296
2016-09-24,14.199910,16.599348,5.096572,38.956888
2016-09-25,5.886054,18.801199,7.134234,38.415557
2016-09-26,2.596961,17.221938,4.898244,70.073185
2016-09-27,2.642816,20.090860,4.655409,47.436805
2016-09-28,2.026697,17.525377,4.537706,14.286989
2016-09-29,0.640831,14.996210,4.674255,18.475065
2016-09-30,0.416872,15.794145,4.647688,35.835778
2016-10-01,2.223300,10.463460,4.906185,6.459084
2016-10-02,3.200502,6.006417,14.997555,15.548009
2016-10-03,367.326045,35.468124,123.901464,85.571381
2016-10-04,326.102072,161.703917,157.586557,91.775267
2016-10-05,142.553241,113.230458,107.300023,124.405509
2016-10-06,276.328399,147.584216,89.720079,97.129356
2016-10-07,377.331573,242.104037,79.058047,91.580282
2016-10-08,379.401757,368.261915,87.947178,130.189269
2016-10-09,30.694073,94.925670,19.205477,26.328512
2016-10-10,185.129279,27.105373,20.549364,23.915754
2016-10-11,75.285489,31.776277,6.545258,16.063783
2016-10-12,6.841798,11.226585,4.655567,20.563393
2016-10-13,1.189194,6.658215,3.787726,14.502981
2016-10-14,2.949092,5.511963,4.421194,17.220188
2016-10-15,55.928926,5.609797,40.848716,20.771955
2016-10-16,174.768922,14.868418,40.543168,45.535389
2016-10-17,55.404002,18.324461,7.072095,8.905977
2016-10-18,0.728444,6.460623,5.388227,4.796889
2016-10-19,0.514477,4.541740,6.530648,5.425066
2016-10-20,0.000936,2.345670,3.832694,4.796838
2016-10-21,63.195947,3.070855,5.491450,4.793170
2016-10-22,3.181403,2.673385,4.205764,4.780466
2016-10-23,0.000163,1.610024,3.866536,4.763161
2016-10-24,0.003721,1.452191,3.729056,4.754687
2016-10-25,2.203396,1.434184,4.096083,4.728011
2016-10-26,0.004748,1.428414,3.645284,4.738336
2016-10-27,0.001657,1.655220,3.597555,4.752205
2016-10-28,0.000005,1.850305,3.556001,4.715403
2016-10-29,0.001103,1.876142,3.515847,4.707083
2016-10-30,1.444189,1.875980,3.475080,4.686303
2016-10-31,0.084691,1.855905,4.612881,5.934685
2016-11-01,20.274044,1.495387,7.823086,4.962178
2016-11-02,0.000000,1.711430,3.354658,4.678566
2016-11-03,0.000002,1.851766,3.319021,4.664302
2016-11-04,1.498422,1.559244,6.923317,4.670147
2016-11-05,6.426982,1.469530,27.616211,5.843530
2016-11-06,9.424508,1.472695,8.527918,14.246428
2016-11-07,0.000000,1.421493,3.174423,4.609136
2016-11-08,0.000000,1.465230,3.146448,6.090130
2016-11-09,0.000000,1.772787,3.104608,4.525931
2016-11-10,0.000027,1.697995,3.080486,4.528148
2016-11-11,0.000001,1.512922,3.062938,4.498272
2016-11-12,0.002068,1.514804,3.028874,4.545056
2016-11-13,0.001782,1.481905,3.000961,4.449469
2016-11-14,0.000054,1.508441,3.065237,4.460585
2016-11-15,0.000054,1.512528,2.943690,4.462403
2016-11-16,0.000033,1.509236,2.917585,4.428889
2016-11-17,0.000157,1.506014,2.893454,4.410595
2016-11-18,0.000697,1.349506,3.016465,4.421424
2016-11-19,0.003566,1.032693,2.833338,4.427703
2016-11-20,0.000004,1.115076,2.816664,4.377569
2016-11-21,0.001256,1.403826,3.165096,4.354366
2016-11-22,0.002072,1.462992,3.370399,9.596559
2016-11-23,0.000000,1.274318,3.425109,4.826974
2016-11-24,0.000000,1.430641,2.775855,4.357625
2016-11-25,0.000000,1.459805,2.678551,4.310162
2016-11-26,0.000000,1.160921,6.861418,4.378373
2016-11-27,0.000000,1.010718,12.594576,4.305665
2016-11-28,0.000000,1.009646,2.614399,4.292893
2016-11-29,0.000000,1.008874,2.577348,4.253137
2016-11-30,0.000000,1.005403,2.550488,4.269464
2016-12-01,0.000000,1.002447,2.522544,4.247342
2016-12-02,0.000000,0.999108,2.500694,4.278109
2016-12-03,0.000000,1.003010,2.470391,4.224536
2016-12-04,0.000000,1.140836,3.815493,4.251468
2016-12-05,17.984685,1.342763,25.755769,4.402244
2016-12-06,143.317414,7.235074,85.470761,4.359669
2016-12-07,244.602083,16.585190,41.952364,4.173086
2016-12-08,2.313987,4.784806,5.812560,4.173036
2016-12-09,0.190059,1.533292,2.460870,4.162184
2016-12-10,0.204510,1.187433,3.029973,4.134822
2016-12-11,0.276787,0.979821,5.420934,4.140098
2016-12-12,9.214611,1.086799,2.649727,4.114352
2016-12-13,0.293455,0.977439,2.381808,4.090231
2016-12-14,0.195070,0.976472,2.379972,10.411152
2016-12-15,0.147734,0.974614,2.365422,4.055203
2016-12-16,0.097864,0.972460,2.343974,4.071997
2016-12-17,0.052644,0.971717,2.360908,4.083315
2016-12-18,0.036869,0.970933,2.469031,4.050542
2016-12-19,0.031605,0.970296,2.344163,4.916124
2016-12-20,0.025389,0.970111,2.346984,4.032578
2016-12-21,0.019399,0.969210,2.323964,4.038465
2016-12-22,0.018221,0.960081,2.326525,4.027300
2016-12-23,0.019574,0.950754,2.321120,4.007011
2016-12-24,0.017881,0.949729,2.305828,4.038415
2016-12-25,0.016778,0.949661,2.320095,3.994281
2016-12-26,0.002351,0.949215,2.343695,4.008215
2016-12-27,0.000866,0.949635,2.278589,3.985787
2016-12-28,0.000000,0.949607,2.259056,3.974187
2016-12-29,0.000000,0.948677,2.254582,3.976323
2016-12-30,0.000000,0.822222,2.243976,3.981594
2016-12-31,0.000000,0.633455,2.288526,3.970024
2017-01-01,0.000000,0.153224,6.771601,3.964280
2017-01-02,0.000000,0.053504,2.446627,3.950806
2017-01-03,0.000000,0.052897,2.177263,3.940714
2017-01-04,0.000000,0.097379,2.515044,4.031881
2017-01-05,0.000000,0.051337,2.150532,3.930916
2017-01-06,0.000000,0.010545,2.138499,3.928523
2017-01-07,0.000000,0.006207,2.109155,3.912422
2017-01-08,0.000000,0.038961,2.102249,3.922358
2017-01-09,0.000000,0.113800,2.086077,3.904439
2017-01-10,0.000000,0.581431,2.073292,3.892009
2017-01-11,0.000000,1.112147,2.055723,3.883542
2017-01-12,0.000000,0.653429,2.032319,3.893833
2017-01-13,0.000000,1.266781,2.022122,3.880908
2017-01-14,0.000000,1.470969,2.021424,3.910556
2017-01-15,0.000000,1.531502,2.013371,3.970611
2017-01-16,0.000000,1.041308,1.963246,3.841684
2017-01-17,0.000000,0.009485,1.955927,6.786586
2017-01-18,0.000000,0.004442,1.931047,3.822602
2017-01-19,0.000000,0.358207,1.931941,3.824026
2017-01-20,0.000000,1.253570,1.907522,3.895746
2017-01-21,0.000000,1.569618,1.888432,3.802609
2017-01-22,0.000000,1.640010,1.894434,3.794741
2017-01-23,0.000000,1.684313,3.529130,3.806646
2017-01-24,0.000000,1.696425,8.448084,3.820280
2017-01-25,0.000000,1.689526,1.876598,3.777014
2017-01-26,0.000000,1.693218,1.803859,3.895244
2017-01-27,0.000000,1.715919,1.780500,3.767749
2017-01-28,0.000000,1.718053,1.807379,3.802367
2017-01-29,0.000000,1.858495,2.737747,3.798350
2017-01-30,0.000000,1.814897,2.764828,3.830614
2017-01-31,0.000000,0.235854,1.901410,3.787245
2017-02-01,0.000000,0.543757,1.718412,3.746813
2017-02-02,0.000000,1.615393,1.696277,3.727633
2017-02-03,0.000000,2.198917,1.680019,3.711226
2017-02-04,0.000000,2.470551,1.866584,3.737846
2017-02-05,0.000000,2.611782,3.862557,3.708029
2017-02-06,0.000000,2.721174,1.715761,3.730371
2017-02-07,0.000000,2.728127,2.972531,3.764475
2017-02-08,0.000000,2.801526,1.871651,3.710260
2017-02-09,0.000000,2.859949,1.614891,3.691420
2017-02-10,0.000000,2.833973,1.716917,3.674554
2017-02-11,0.000000,2.842560,1.910804,3.663168
2017-02-12,0.000000,2.878884,1.970558,4.098875
2017-02-13,0.000000,2.928611,1.627024,3.641888
2017-02-14,0.000000,2.879473,1.620131,3.634425
2017-02-15,0.000000,2.804641,1.534800,3.638893
2017-02-16,0.000000,2.742342,1.517683,3.729332
2017-02-17,0.000000,2.692462,1.556238,3.606221
2017-02-18,0.000000,2.729416,1.504604,3.814884
2017-02-19,0.000000,2.795034,1.498300,3.606602
2017-02-20,0.000000,2.885575,1.480861,3.746410
2017-02-21,0.000000,2.914730,1.472194,3.566816
2017-02-22,0.000000,1.705438,1.467109,3.735852
2017-02-23,0.000000,1.306352,1.456015,3.702957
2017-02-24,0.000000,1.404287,1.431983,3.715750
2017-02-25,0.000000,1.987814,1.466553,3.640340
2017-02-26,0.000000,1.730994,1.413442,3.675456
2017-02-27,0.000000,2.112295,1.563240,3.583975
2017-02-28,0.000000,2.385151,2.315067,3.676895
2017-03-01,0.000000,2.653380,1.981629,3.541019
2017-03-02,0.000000,2.790440,1.408701,3.538477
2017-03-03,0.000000,2.977647,1.379305,3.535767
2017-03-04,0.000000,3.261682,1.355445,3.545089
2017-03-05,0.000000,3.394789,1.345739,3.521265
2017-03-06,0.000000,3.442989,1.334858,3.511484
2017-03-07,0.000000,3.499445,1.340214,3.501163
2017-03-08,0.000000,3.541403,1.311564,3.507403
2017-03-09,0.000000,3.587140,1.304955,3.539742
2017-03-10,0.000000,3.601271,1.301361,3.485026
2017-03-11,0.000000,3.601647,1.709469,3.497379
2017-03-12,0.000000,3.625222,1.706345,3.484887
2017-03-13,0.000000,3.681987,1.460640,3.483914
2017-03-14,0.000000,3.718575,1.263896,3.478322
2017-03-15,0.000000,3.719396,1.253109,3.488629
2017-03-16,0.000000,3.710058,1.249282,3.468662
2017-03-17,0.000000,3.665460,1.230758,3.456443
2017-03-18,0.000000,3.559151,1.219372,3.453195
2017-03-19,0.000000,2.661996,1.226140,3.434675
2017-03-20,0.000000,2.566045,1.207178,3.457188
2017-03-21,0.000000,2.570761,1.199312,3.436521
2017-03-22,0.000000,2.581719,1.863622,6.212222
2017-03-23,0.000000,2.559922,3.190067,3.432561
2017-03-24,0.000000,2.560260,1.169474,3.414711
2017-03-25,0.000000,2.579361,1.171860,11.425099
2017-03-26,0.000000,2.584661,1.145880,4.675491
2017-03-27,0.000000,2.600234,1.148234,3.414197
2017-03-28,0.000000,2.739439,1.147785,3.398433
2017-03-29,0.000000,3.111219,1.128871,3.394512
2017-03-30,0.000000,3.317365,1.126668,3.393038
2017-03-31,0.000000,3.454756,1.110247,3.378295
2017-04-01,0.000000,3.531433,1.141072,3.378317
2017-04-02,0.000000,3.591123,1.097259,3.366834
2017-04-03,0.000000,3.635092,1.091582,3.351142
2017-04-04,0.000000,3.696568,1.092807,3.407955
2017-04-05,0.000000,3.724543,1.093532,3.333255
2017-04-06,0.000000,3.752460,1.069906,3.331501
2017-04-07,0.000000,3.776460,1.058132,3.360476
2017-04-08,0.000000,3.810702,1.053351,3.324692
2017-04-09,0.000000,3.814454,1.067584,8.456415
2017-04-10,0.000000,3.800263,1.172048,4.678600
2017-04-11,0.000000,3.777960,1.850418,3.324699
2017-04-12,0.000000,3.792865,2.145857,3.333877
2017-04-13,0.000000,3.806859,1.154266,3.330826
2017-04-14,0.000000,3.816905,1.038437,3.323505
2017-04-15,0.000000,3.846103,1.011311,3.322759
2017-04-16,0.000000,3.873697,0.994591,3.330489
2017-04-17,0.000000,3.901011,1.102059,3.445346
2017-04-18,0.000000,3.908659,0.980980,3.425968
2017-04-19,0.000000,3.900209,0.964433,3.442003
2017-04-20,0.000000,3.872621,0.960435,3.426646
2017-04-21,0.000000,3.762769,0.970267,3.434952
2017-04-22,0.000000,3.788099,0.956726,3.417450
2017-04-23,0.000000,3.798418,0.949913,14.171079
2017-04-24,0.000000,3.827164,5.657725,10.710819
2017-04-25,0.000000,3.133008,24.110899,17.519624
2017-04-26,1.738558,2.844712,13.063056,14.513499
2017-04-27,0.030372,2.704453,1.166499,3.408344
2017-04-28,0.026576,1.359200,1.150238,3.408397
2017-04-29,0.812161,1.129481,3.208507,20.667427
2017-04-30,4.581611,1.126358,17.418291,14.140123
2017-05-01,7.322832,1.128033,23.119966,17.842659
2017-05-02,22.657604,1.482110,31.936517,20.135683
2017-05-03,122.849203,3.428820,105.053545,14.758172
2017-05-04,259.270120,21.120156,110.207714,13.250980
2017-05-05,420.256597,57.867163,118.460622,11.173129
2017-05-06,259.176362,49.247570,98.190747,24.209697
2017-05-07,240.962247,51.267359,71.010512,29.088190
2017-05-08,258.314197,58.593880,91.887923,31.926363
2017-05-09,565.653752,150.746250,182.012260,45.538843
2017-05-10,247.040310,133.523582,72.613591,35.737706
2017-05-11,161.583053,59.002807,63.175015,21.380994
2017-05-12,25.045461,27.102304,11.742541,18.299230
2017-05-13,50.772697,4.196128,31.191746,17.211616
2017-05-14,165.060666,10.604861,47.872868,20.353316
2017-05-15,304.813839,42.740633,82.032677,12.992901
2017-05-16,267.170766,79.907428,86.999324,18.869789
2017-05-17,257.145706,101.983283,98.024762,27.562518
2017-05-18,220.282152,91.475811,116.815424,24.247595
2017-05-19,316.095638,113.823660,58.899059,88.541411
2017-05-20,457.028079,198.848357,86.092737,92.633719
2017-05-21,491.313191,282.371174,114.821536,81.179992
2017-05-22,340.024143,295.207452,100.578265,88.664015
2017-05-23,346.643530,235.707674,112.432085,83.163368
2017-05-24,288.180347,215.661689,90.829931,78.427315
2017-05-25,270.437898,187.194760,80.032187,84.046341
2017-05-26,264.167848,141.110171,100.826588,122.839146
2017-05-27,175.435082,89.405120,82.574464,118.551714
2017-05-28,196.578542,68.302025,85.998489,77.478849
2017-05-29,308.911474,107.877802,94.083018,104.683715
2017-05-30,227.217074,118.932814,112.862064,101.000502
2017-05-31,91.168322,73.802200,89.002280,98.261240
2017-06-01,272.436311,87.557389,108.307310,129.881488
2017-06-02,229.419609,117.653705,98.396712,73.330490
2017-06-03,327.328937,177.961504,131.429062,141.587048
2017-06-04,300.381636,215.691146,132.536208,138.226118
2017-06-05,269.596531,224.897125,155.617260,161.783191
2017-06-06,266.663981,231.747044,187.848613,206.612435
2017-06-07,276.576564,265.613650,207.723682,243.479982
2017-06-08,234.835541,278.031630,177.204508,228.970889
2017-06-09,225.111061,263.364563,178.112040,228.719481
2017-06-10,208.202711,238.064947,188.345168,236.780060
2017-06-11,192.467541,239.284381,204.743659,301.640068
2017-06-12,205.094403,286.028253,206.522117,316.580487
2017-06-13,202.233195,308.293783,178.696722,250.219948
2017-06-14,276.021477,379.407149,216.957386,313.697944
2017-06-15,251.251933,387.764560,194.304312,316.162934
2017-06-16,224.203140,406.944499,229.413039,429.869468
2017-06-17,164.543118,372.287030,234.518927,428.431899
2017-06-18,160.044830,365.537232,240.080046,426.660467
2017-06-19,153.654725,306.916263,193.992511,379.784902
2017-06-20,193.872916,267.753656,194.773116,407.794190
2017-06-21,147.803031,311.189030,197.463640,399.255584
2017-06-22,165.997327,387.776689,229.073361,509.499464
2017-06-23,152.449410,443.405429,221.497407,503.908059
2017-06-24,155.305285,459.898294,223.224537,535.433027
2017-06-25,160.085664,499.715855,217.797106,546.761428
2017-06-26,131.846439,422.663902,236.433873,557.787548
2017-06-27,152.470668,368.630646,212.897292,490.331662
2017-06-28,122.998188,420.662864,219.054853,615.095492
2017-06-29,104.119918,450.812109,199.075555,550.699563
2017-06-30,103.246805,457.356602,192.896168,542.506043
2017-07-01,92.632782,446.302234,200.611874,577.555427
2017-07-02,119.797184,493.658446,211.805477,663.232705
2017-07-03,83.776678,461.925130,198.873349,584.882206
2017-07-04,282.570505,293.851476,140.918272,262.441957
2017-07-05,338.591347,223.582036,134.854590,371.873445
2017-07-06,559.725494,478.602291,122.540250,483.663770
2017-07-07,168.387778,540.701053,120.788499,513.009834
2017-07-08,91.736377,410.011529,136.937960,623.324224
2017-07-09,100.602901,471.713667,113.958077,668.126887
2017-07-10,81.717226,481.374944,111.160174,601.074346
2017-07-11,67.298614,391.020408,114.261397,492.410819
2017-07-12,89.515595,411.849613,119.104698,670.925793
2017-07-13,118.360225,355.043356,137.407151,337.729762
2017-07-14,323.923786,400.331267,149.387390,551.681485
2017-07-15,149.903599,540.218221,79.264925,643.110599
2017-07-16,151.376930,456.794628,96.993007,585.004631
2017-07-17,51.260539,336.858502,80.206785,483.486478
2017-07-18,58.174802,335.594233,91.334690,582.755810
2017-07-19,212.601669,381.855334,115.788840,547.739823
2017-07-20,112.045675,497.824148,79.739744,762.424341
2017-07-21,32.097261,431.444888,105.392224,669.675827
2017-07-22,38.653752,415.458904,81.403884,618.117406
2017-07-23,38.669552,474.945375,107.467203,669.869846
2017-07-24,821.929357,794.469537,200.119198,573.046099
2017-07-25,189.276936,1220.448597,97.308673,764.123677
2017-07-26,504.738088,1375.965938,297.322006,922.440362
2017-07-27,83.834907,1238.063324,99.144212,833.868884
2017-07-28,42.265391,827.567777,87.343237,711.356788
2017-07-29,41.730911,685.486048,96.777566,710.815933
2017-07-30,46.259216,740.840602,104.376787,700.503898
2017-07-31,39.990419,682.904427,92.153947,656.564650
2017-08-01,37.108547,654.649959,93.805376,663.344835
2017-08-02,37.981060,636.615670,96.039921,629.953477
2017-08-03,44.646571,681.513948,97.276864,626.194222
2017-08-04,31.348792,672.440108,91.817869,571.373688
2017-08-05,19.936114,551.287442,88.048116,535.898881
2017-08-06,20.794154,514.463338,107.068745,533.088480
2017-08-07,147.963206,433.196332,122.580888,572.342007
2017-08-08,28.287074,392.332484,113.714629,659.762469
2017-08-09,20.083120,437.155805,86.667810,511.688213
2017-08-10,16.525203,393.146181,90.774245,627.923980
2017-08-11,14.436389,483.191989,83.911861,588.127446
2017-08-12,11.601994,467.059765,65.092784,469.413873
2017-08-13,15.930405,497.314815,71.873808,513.284288
2017-08-14,16.073120,569.402717,77.982117,546.025833
2017-08-15,12.809865,511.694927,74.908766,473.635339
2017-08-16,11.664297,487.309101,74.268660,480.791079
2017-08-17,10.069483,495.491195,76.616224,433.863428
2017-08-18,21.259554,333.369834,76.319495,313.682381
2017-08-19,8.679671,218.809938,77.899893,436.481110
2017-08-20,8.797970,225.956976,81.092378,428.905214
2017-08-21,81.259886,187.845224,93.648831,336.785633
2017-08-22,339.734872,212.698016,141.003966,320.285236
2017-08-23,127.369583,284.547698,100.234287,413.650950
2017-08-24,12.313548,299.210589,61.715247,447.134931
2017-08-25,7.520397,314.298027,75.701473,297.573608
2017-08-26,26.203275,265.934534,66.518514,416.880208
2017-08-27,113.944851,306.356591,99.019251,457.148804
2017-08-28,4.962862,259.756663,50.765429,359.503448
2017-08-29,17.033790,447.478033,67.841872,456.498147
2017-08-30,22.999861,872.618270,93.021897,608.027224
2017-08-31,22.058260,871.385998,71.294303,495.099278
2017-09-01,14.767054,777.394127,78.566044,476.027005
2017-09-02,6.975445,435.725050,77.252912,353.935687
2017-09-03,0.087680,303.832505,41.398977,238.094061
2017-09-04,0.038691,218.305165,33.568237,175.237315
2017-09-05,0.066171,163.824414,47.839627,186.788100
2017-09-06,0.405951,160.904613,61.925820,210.419117
2017-09-07,2.154215,206.909840,53.049147,235.871994
2017-09-08,1.420898,200.699728,64.732603,216.003420
2017-09-09,99.842678,125.448150,48.629538,149.469970
2017-09-10,0.628156,101.359463,43.412323,111.122269
2017-09-11,326.091605,125.170936,63.152953,156.430123
2017-09-12,49.970712,170.212853,49.568699,212.035337
2017-09-13,3.570422,96.017902,27.152671,178.222729
2017-09-14,346.687620,218.625172,96.096802,195.935905
2017-09-15,503.143868,658.945770,116.194121,316.445392
2017-09-16,21.848549,239.540165,65.769710,281.063127
2017-09-17,69.683094,161.811766,54.863915,186.832809
2017-09-18,14.300032,132.507790,19.145357,171.282470
2017-09-19,0.050775,92.717752,7.257651,123.408676
2017-09-20,0.243901,81.005848,10.784528,138.422183
2017-09-21,1.457963,59.688521,9.389094,102.442405
2017-09-22,28.548015,84.320332,11.137288,109.340809
2017-09-23,74.205317,60.856445,11.072582,29.119462
2017-09-24,4.628191,23.997469,7.058670,27.712534
2017-09-25,509.491595,24.816168,77.752171,31.182315
2017-09-26,758.918342,245.866199,165.990659,90.123046
2017-09-27,33.933308,87.732984,11.473544,9.246663
2017-09-28,32.247672,15.587759,8.571985,9.247812
2017-09-29,2.630972,7.388010,5.222663,8.874977
2017-09-30,1.539744,4.749021,5.336520,4.681944
2017-10-01,0.411910,3.947200,5.178251,4.673266
2017-10-02,17.423114,3.998356,6.443044,7.245898
2017-10-03,9.703107,4.444762,5.166536,7.360833
2017-10-04,1.731783,4.420325,5.190411,19.866322
2017-10-05,1.579004,4.770618,11.900929,9.206666
2017-10-06,48.524211,5.332478,28.940513,6.827224
2017-10-07,36.425466,8.086774,15.410776,8.706760
2017-10-08,30.339927,4.807923,8.907502,6.370084
2017-10-09,3.826477,3.983504,6.450452,7.299233
2017-10-10,35.473847,3.969971,7.541257,5.110296
2017-10-11,33.876584,7.502860,7.047411,4.549436
2017-10-12,70.927776,9.218708,18.894627,4.951033
2017-10-13,14.445381,5.990219,5.219388,4.586262
2017-10-14,0.432381,4.310335,4.923040,4.505035
2017-10-15,0.012962,3.172882,5.065089,4.515882
2017-10-16,76.753637,3.979338,16.107346,7.064748
2017-10-17,189.124717,24.980634,27.004079,5.963028
2017-10-18,9.061755,7.614915,6.133066,5.600923
2017-10-19,2.460890,3.175029,5.197570,5.497054
2017-10-20,0.503125,2.983255,4.896634,5.637828
2017-10-21,0.021450,2.959641,5.321560,4.659097
2017-10-22,4.248673,2.944420,5.187380,4.483773
2017-10-23,7.619746,2.987257,5.644922,5.690612
2017-10-24,7.209074,3.454324,5.571089,6.170198
2017-10-25,0.979608,3.101342,4.853830,4.418354
2017-10-26,101.540873,27.347905,17.835129,6.754216
2017-10-27,140.854456,131.432939,24.248779,7.255289
2017-10-28,23.388657,54.920070,5.459659,4.444275
2017-10-29,0.775830,7.311783,4.996923,6.400916
2017-10-30,0.698403,3.820836,4.951778,4.356224
2017-10-31,0.637784,3.369391,6.910931,4.331416
2017-11-01,3.005304,3.317236,13.905987,4.406708
2017-11-02,10.141659,3.291620,4.743203,4.374928
2017-11-03,0.113204,3.289714,4.699088,4.303683
2017-11-04,0.034300,2.758025,4.682886,4.275640
2017-11-05,0.003472,2.687824,5.049312,4.301929
2017-11-06,0.000001,2.685089,4.724401,4.286031
2017-11-07,0.000000,2.686639,4.723341,4.293738
2017-11-08,0.000001,2.686794,4.605739,4.300926
2017-11-09,0.000002,2.686156,4.597178,4.270517
2017-11-10,0.000005,2.686004,4.552417,4.341870
2017-11-11,0.000005,2.683575,4.548569,4.260050
2017-11-12,0.001664,2.682753,4.544248,4.268169
2017-11-13,0.000000,2.682337,4.499553,4.240243
2017-11-14,0.000001,2.662486,4.469926,4.213149
2017-11-15,0.000029,2.024542,4.440357,4.199203
2017-11-16,0.000036,2.019922,4.419086,4.215695
2017-11-17,0.000003,2.020318,4.393778,4.194983
2017-11-18,0.000000,2.019653,4.369781,4.166836
2017-11-19,0.001220,2.015542,4.351362,4.196960
2017-11-20,0.001329,2.013107,4.325436,4.147034
2017-11-21,0.000000,2.011261,4.301996,4.141321
2017-11-22,0.000000,2.011507,4.259205,4.140743
2017-11-23,0.000000,2.011642,4.232208,4.139536
2017-11-24,0.000000,2.011340,4.198063,4.104406
2017-11-25,0.000000,2.011394,13.499186,4.138830
2017-11-26,0.000000,2.011041,8.170887,4.123319
2017-11-27,0.000000,2.015687,4.776577,4.098744
2017-11-28,1.103520,2.011891,22.576654,4.440170
2017-11-29,50.324867,4.305773,38.849784,4.302283
2017-11-30,15.163358,3.540061,15.982967,14.969549
2017-12-01,0.279682,2.008990,4.331138,4.062466
2017-12-02,0.183119,1.974612,4.010479,4.045755
2017-12-03,0.090317,1.972785,3.991369,4.040314
2017-12-04,0.025952,1.972611,4.000470,4.013192
2017-12-05,0.006127,1.971997,3.994805,4.018995
2017-12-06,0.002382,1.970642,3.987278,4.016413
2017-12-07,0.000190,1.971173,3.983586,3.996765
2017-12-08,0.000000,1.971213,4.167232,4.026301
2017-12-09,0.000000,1.970925,8.655076,3.949443
2017-12-10,0.000000,1.969911,5.333589,3.940214
2017-12-11,0.004167,1.967476,4.169271,3.938099
2017-12-12,0.002787,1.964550,4.150966,3.919676
2017-12-13,0.002502,1.956950,3.920948,3.913912
2017-12-14,0.002704,1.950484,3.913390,3.915015
2017-12-15,0.002704,1.950219,3.939776,3.872977
2017-12-16,0.000260,1.945634,3.910010,3.917728
2017-12-17,0.000000,2.006156,3.898704,3.875329
2017-12-18,0.000000,2.019428,3.891887,3.850916
2017-12-19,0.000000,1.970842,3.868329,3.860820
2017-12-20,0.000000,1.967532,3.859330,3.855457
2017-12-21,0.000000,1.954997,3.838104,3.849897
2017-12-22,0.000000,1.948736,3.824840,3.855823
2017-12-23,0.000000,1.931145,3.806167,3.838196
2017-12-24,0.000000,1.889134,3.791235,3.858850
2017-12-25,0.000000,1.096070,3.760520,3.821364
2017-12-26,0.000000,1.095483,3.751956,3.849085
2017-12-27,0.000000,1.096103,3.732729,3.862365
2017-12-28,0.000000,1.097141,3.701754,3.847696
2017-12-29,0.000000,1.096408,3.689189,3.873109
2017-12-30,0.000000,0.774698,3.655074,3.822573
2017-12-31,0.000000,0.767488,3.632355,3.825355
2018-01-01,0.000000,1.251215,3.620097,3.822811
2018-01-02,0.000032,1.222371,3.590805,3.809772
2018-01-03,0.000142,1.222473,3.564804,3.859157
2018-01-04,0.000153,1.222572,3.548523,3.835297
2018-01-05,0.000013,1.220294,3.525979,3.784106
2018-01-06,0.000019,1.219191,3.505674,3.793226
2018-01-07,0.000134,1.222390,3.467677,3.811443
2018-01-08,0.000153,1.430654,3.457142,3.767737
2018-01-09,0.000119,1.955927,3.422694,3.771804
2018-01-10,0.000008,2.086699,6.851868,3.809642
2018-01-11,0.000095,2.272285,3.471294,3.775651
2018-01-12,0.000132,2.008343,3.356990,3.756031
2018-01-13,0.000152,1.223872,3.326700,3.744458
2018-01-14,0.000012,1.221586,3.310650,3.734571
2018-01-15,0.000004,1.223698,3.287166,3.714494
2018-01-16,0.000104,1.223439,3.255407,3.731911
2018-01-17,0.000185,1.224096,3.237641,3.715671
2018-01-18,0.000075,1.226530,3.205851,3.708554
2018-01-19,0.000000,1.228966,3.191665,3.708855
2018-01-20,0.000005,1.228869,3.172139,3.735878
2018-01-21,0.000166,1.421574,3.143073,3.679703
2018-01-22,0.000114,2.128094,3.105873,3.713709
2018-01-23,0.000000,2.310217,3.091165,3.692376
2018-01-24,0.000016,2.466575,3.060424,3.668946
2018-01-25,0.000135,2.662594,3.040265,3.710909
2018-01-26,0.000180,3.304691,3.083377,3.696665
2018-01-27,0.000025,3.855256,2.993294,3.643895
2018-01-28,0.000006,2.897922,2.972476,3.691985
2018-01-29,0.000117,2.848656,2.939942,3.660881
2018-01-30,0.000175,2.938201,2.925954,3.647037
2018-01-31,0.000081,3.222751,2.908900,3.642095
2018-02-01,0.000013,3.410414,3.354929,3.630896
2018-02-02,0.000054,3.510870,2.853654,3.615083
2018-02-03,0.000200,3.551637,2.882808,3.622790
2018-02-04,0.000018,3.040408,2.818507,3.605637
2018-02-05,0.000043,1.769427,2.791223,3.611929
2018-02-06,0.000109,1.708413,2.769301,3.614018
2018-02-07,0.000142,1.952910,2.731098,3.606267
2018-02-08,0.000089,1.856678,2.721129,3.585162
2018-02-09,0.000034,1.817800,2.703142,3.605851
2018-02-10,0.000000,1.451996,2.684817,3.594046
2018-02-11,0.000000,1.406198,2.653392,4.817012
2018-02-12,0.000179,1.403326,2.628471,3.580952
2018-02-13,0.000104,1.412311,2.610378,3.551895
2018-02-14,0.000062,1.413180,2.592526,3.594287
2018-02-15,0.000033,1.421357,2.582780,3.585883
2018-02-16,0.000000,1.366470,2.541663,3.555368
2018-02-17,0.000000,1.294001,2.516838,3.565586
2018-02-18,0.000000,1.431529,2.503219,3.555710
2018-02-19,0.000100,2.050743,2.474213,3.561932
2018-02-20,0.000089,1.910535,2.442181,3.531360
2018-02-21,0.000000,1.453740,2.415530,3.563355
2018-02-22,0.000000,1.688937,2.401649,3.525617
2018-02-23,0.000082,1.539879,2.374308,3.552787
2018-02-24,0.000047,1.618630,2.463051,3.520737
2018-02-25,0.000069,1.815718,2.411828,3.565405
2018-02-26,0.000199,1.814671,2.306670,3.502144
2018-02-27,0.000000,1.497172,2.289952,3.516288
2018-02-28,0.000000,1.341380,2.271339,5.961493
2018-03-01,0.000000,1.455732,2.249904,3.510670
2018-03-02,0.000000,1.582316,2.217593,3.509855
2018-03-03,0.000000,1.768281,2.207504,3.474346
2018-03-04,0.000000,2.641773,2.174718,3.513331
2018-03-05,0.000000,3.114663,2.140220,3.448975
2018-03-06,0.000000,3.178488,2.154437,3.474507
2018-03-07,0.000000,1.858174,2.111587,3.478500
2018-03-08,0.000000,1.621080,2.097366,3.585451
2018-03-09,0.000000,1.621271,2.074687,3.498613
2018-03-10,0.000000,1.717635,2.052740,3.475689
2018-03-11,0.000000,1.784407,2.033234,3.498761
2018-03-12,0.000000,1.934427,2.014057,3.438456
2018-03-13,0.000000,1.972309,1.986184,3.499491
2018-03-14,0.000000,1.878169,1.972290,3.469315
2018-03-15,0.000000,1.793142,1.955680,3.547050
2018-03-16,0.000000,1.736849,1.938770,3.419568
2018-03-17,0.000000,1.536377,25.298472,3.571829
2018-03-18,9.384831,2.312797,47.183318,5.707486
2018-03-19,17.926882,2.576787,51.449347,7.431871
2018-03-20,30.761536,4.056565,10.353878,6.643645
2018-03-21,2.420894,2.293417,2.657690,3.518284
2018-03-22,0.956845,2.098995,1.814106,3.375219
2018-03-23,0.102077,2.156749,1.799661,3.384870
2018-03-24,0.071438,2.077689,1.789407,3.439251
2018-03-25,0.045840,1.940956,1.784753,3.469099
2018-03-26,0.288381,1.851659,1.760264,3.371483
2018-03-27,0.436498,1.914302,1.746905,3.428757
2018-03-28,1.423182,2.036780,2.121826,3.480105
2018-03-29,0.575191,2.040757,2.219037,3.464172
2018-03-30,0.077830,2.035170,2.083167,3.471190
2018-03-31,0.079427,2.162796,3.448638,3.459437
2018-04-01,0.070407,2.146063,3.173767,3.369108
2018-04-02,0.298490,1.973577,2.349950,3.461378
2018-04-03,0.000106,2.059933,1.802390,3.444473
2018-04-04,0.200811,2.021088,1.652668,3.431303
2018-04-05,0.000236,2.043705,1.654904,3.373208
2018-04-06,0.000022,2.009139,1.603635,3.560620
2018-04-07,0.000000,1.300673,1.655287,3.466485
2018-04-08,0.690265,1.258014,1.629205,3.373146
2018-04-09,1.259018,1.255588,1.562525,3.421929
2018-04-10,0.000000,1.258099,1.552175,3.401500
2018-04-11,0.589546,1.261174,2.411780,3.344997
2018-04-12,1.403765,1.280401,1.899773,5.152155
2018-04-13,0.000369,1.284210,1.560034,3.920041
2018-04-14,0.000214,1.294133,1.512739,5.147809
2018-04-15,0.000003,1.295463,1.487798,3.221366
2018-04-16,8.775437,1.665968,45.625011,13.425641
2018-04-17,113.342159,6.560880,134.185713,12.236929
2018-04-18,105.658192,6.578012,45.743697,13.114575
2018-04-19,130.139725,8.889419,40.635966,14.331859
2018-04-20,204.246526,18.761594,36.260083,12.090622
2018-04-21,114.708559,15.871903,34.546295,18.585187
2018-04-22,127.798252,9.758205,16.825119,15.164930
2018-04-23,36.299315,5.937837,9.338960,14.782120
2018-04-24,18.704370,2.947928,8.467823,12.611976
2018-04-25,17.230867,2.638205,8.316407,17.905300
2018-04-26,4.123970,2.627632,7.068998,12.845997
2018-04-27,3.730126,2.211271,19.792773,14.450886
2018-04-28,6.983805,1.834576,13.186029,16.477317
2018-04-29,3.475736,2.021550,5.768182,12.017495
2018-04-30,2.734779,2.205986,10.287900,15.481322
2018-05-01,2.534573,2.076291,5.774654,3.395790
2018-05-02,2.307101,1.825285,2.485651,3.233309
2018-05-03,1.969278,1.768295,7.162052,4.004915
2018-05-04,1.742533,1.905692,10.408503,3.478637
2018-05-05,1.627179,1.887051,39.542793,10.979821
2018-05-06,1.592489,2.327181,19.297573,15.377390
2018-05-07,1.581795,2.519532,28.520253,14.244036
2018-05-08,1.524825,2.257806,45.402770,4.815902
2018-05-09,2.108211,2.332127,39.175915,3.259078
2018-05-10,3.021301,2.480307,39.696034,22.106562
2018-05-11,2.471799,2.168293,44.409430,11.705794
2018-05-12,7.240794,1.821226,11.948709,10.545997
2018-05-13,32.067242,2.574996,21.317894,16.422737
2018-05-14,25.617054,3.636097,7.010596,16.042837
2018-05-15,32.131123,3.980516,7.133982,12.759845
2018-05-16,36.003515,2.998485,7.707447,12.876284
2018-05-17,131.792295,4.018748,8.087089,18.241052
2018-05-18,43.163874,2.817718,7.347718,16.840956
2018-05-19,31.319463,2.774425,8.091856,12.552813
2018-05-20,43.859468,2.574009,7.690130,16.387520
2018-05-21,12.613443,2.411442,9.546418,14.280056
2018-05-22,41.056334,2.539073,25.334579,11.761179
2018-05-23,109.418608,5.894553,19.836301,12.812128
2018-05-24,99.319893,7.416932,30.668381,18.008085
2018-05-25,8.711242,5.008022,13.969711,12.995826
2018-05-26,88.154569,5.591890,27.842167,19.988789
2018-05-27,122.316377,14.176841,31.178398,18.828349
2018-05-28,104.626686,14.908448,26.488897,17.818316
2018-05-29,203.364724,18.610204,40.759745,14.601758
2018-05-30,170.403434,24.950169,43.540083,15.483058
2018-05-31,220.877344,34.582783,76.107679,58.234635
2018-06-01,140.471923,39.207323,160.031024,65.152167
2018-06-02,263.677814,56.498321,220.743814,165.581950
2018-06-03,306.723165,83.876703,235.454969,99.106311
2018-06-04,436.482409,162.870682,156.260485,124.865335
2018-06-05,798.095627,230.183713,258.192938,160.551514
2018-06-06,1774.671958,980.458469,288.257879,253.576918
2018-06-07,436.136687,446.200319,103.813586,152.297290
2018-06-08,365.554284,268.955154,91.835671,107.482266
2018-06-09,404.056507,270.145738,136.769065,128.896797
2018-06-10,415.330035,259.575932,121.034692,99.949799
2018-06-11,443.380020,244.695817,133.614349,168.251988
2018-06-12,435.166457,250.981186,121.870963,190.609267
2018-06-13,355.463261,256.468778,131.209728,208.364827
2018-06-14,295.339345,226.115380,92.491063,38.741293
2018-06-15,385.586349,222.484412,127.359943,166.834661
2018-06-16,292.431768,200.589602,128.570513,215.003049
2018-06-17,283.931088,199.918366,140.493943,182.958525
2018-06-18,338.812590,258.910971,144.320078,222.489705
2018-06-19,325.215016,306.333725,160.485323,241.562442
2018-06-20,225.918194,210.722447,112.101043,143.219119
2018-06-21,430.055963,218.332312,148.713164,281.245308
2018-06-22,228.491483,205.331828,96.055072,159.594647
2018-06-23,379.382801,264.585161,104.748011,231.823115
2018-06-24,261.950877,232.527159,101.114458,169.688204
2018-06-25,276.774424,229.622291,120.492702,318.075916
2018-06-26,328.231768,325.714318,126.626956,295.824612
2018-06-27,231.979693,327.170885,141.056054,276.369377
2018-06-28,453.615623,318.549766,134.501486,327.776583
2018-06-29,346.375981,365.373262,127.614521,343.629191
2018-06-30,171.418774,241.812215,113.059274,197.277050
2018-07-01,288.270953,203.129458,142.666245,316.475901
2018-07-02,266.325582,252.354510,131.402001,363.835475
2018-07-03,167.339972,281.461777,123.599784,364.277010
2018-07-04,185.189170,236.389996,107.202957,127.149812
2018-07-05,316.507846,218.948728,125.715931,272.552074
2018-07-06,250.477505,385.572320,142.084746,396.170498
2018-07-07,172.453326,343.060483,156.087597,333.401019
2018-07-08,376.256196,292.912253,140.879020,383.286052
2018-07-09,174.367387,339.148627,140.389690,451.470237
2018-07-10,136.918741,387.767141,158.152584,483.954946
2018-07-11,172.232491,451.860704,174.728836,532.978264
2018-07-12,238.470961,593.031109,194.409431,648.434158
2018-07-13,181.900075,593.394752,181.930845,623.264819
2018-07-14,189.896325,653.254829,201.736421,674.011481
2018-07-15,271.428060,1155.576315,249.660199,766.855453
2018-07-16,132.342454,739.304274,229.301394,672.996320
2018-07-17,191.219373,816.549647,229.201161,766.685301
2018-07-18,157.601842,932.782253,236.615768,847.010024
2018-07-19,278.817159,677.253411,186.430099,423.264964
2018-07-20,125.983094,580.321426,194.442679,671.145254
2018-07-21,116.871379,634.064619,175.294911,532.934669
2018-07-22,104.841168,552.141878,182.638769,649.880020
2018-07-23,100.632183,559.190662,182.406137,675.857247
2018-07-24,98.146337,414.539709,152.245285,303.123941
2018-07-25,91.102880,436.519835,138.242791,588.469319
2018-07-26,52.724809,415.265609,108.988460,539.222423
2018-07-27,60.938970,368.410102,126.968342,646.372011
2018-07-28,169.830102,422.737735,151.713883,549.746785
2018-07-29,99.283558,444.375761,156.691867,682.144359
2018-07-30,180.795877,967.839001,196.221924,745.696942
2018-07-31,123.353262,796.807570,182.249145,657.098123
2018-08-01,130.173871,672.678836,171.328105,657.561595
2018-08-02,80.023700,610.333762,168.273024,623.305488
2018-08-03,41.795152,571.739519,127.790101,599.430118
2018-08-04,37.327180,542.325024,127.502570,599.332748
2018-08-05,37.284038,464.209498,127.143565,573.119989
2018-08-06,45.788689,502.547627,126.492630,599.029981
2018-08-07,31.838066,552.880803,129.151910,587.575638
2018-08-08,45.061371,571.282616,138.471412,680.307653
2018-08-09,43.457772,645.573099,141.045147,693.516630
2018-08-10,35.248511,605.481592,116.870003,556.847923
2018-08-11,26.151777,561.794020,131.463996,562.481609
2018-08-12,122.212018,646.296793,134.933211,408.841308
2018-08-13,296.920360,1027.077042,184.534816,578.853975
2018-08-14,381.887993,1254.159292,219.821638,687.247101
2018-08-15,20.731133,696.457140,113.277324,585.465585
2018-08-16,363.607865,496.270308,129.526579,281.970501
2018-08-17,28.261398,442.394465,68.361786,484.570645
2018-08-18,8.453187,370.609737,85.424419,452.041366
2018-08-19,5.741892,287.797139,69.213869,407.232928
2018-08-20,8.015227,293.418087,57.380481,332.711869
2018-08-21,26.836909,317.251822,67.929196,326.867080
2018-08-22,3.004387,242.041765,71.624795,329.495511
2018-08-23,4.984232,279.496988,64.841007,335.063277
2018-08-24,8.817475,214.288311,61.921655,165.673200
2018-08-25,172.216148,158.089770,54.842862,169.474041
2018-08-26,85.831424,136.657199,56.443494,183.418054
2018-08-27,6.481419,162.300152,37.378721,217.863579
2018-08-28,1.334191,149.252513,37.157049,200.866947
2018-08-29,91.712261,107.457817,69.896895,138.054409
2018-08-30,530.991085,148.218226,109.473394,285.829581
2018-08-31,61.774267,143.491316,34.039744,246.301319
2018-09-01,27.254050,130.542422,17.658737,185.798683
2018-09-02,7.088581,87.280352,38.367465,215.110770
2018-09-03,84.673018,65.005854,28.314545,157.203452
2018-09-04,3.709288,86.287299,24.301674,164.284476
2018-09-05,833.784508,184.242201,103.118663,134.457846
2018-09-06,377.179273,238.766805,139.052218,259.544565
2018-09-07,232.489533,256.598409,85.173594,239.122215
2018-09-08,87.595980,129.915096,62.491212,134.787751
2018-09-09,63.503095,93.851889,54.094786,179.211362
2018-09-10,17.274382,62.216690,23.505175,127.066483
2018-09-11,7.961044,41.532303,19.793495,132.413527
2018-09-12,10.337335,42.473917,18.521265,108.029878
2018-09-13,20.583271,69.314481,23.444103,142.826152
2018-09-14,201.728087,89.779461,41.485433,52.938564
2018-09-15,165.252973,90.701272,30.617112,91.233705
2018-09-16,132.788597,86.046353,27.989206,63.421321
2018-09-17,194.960861,54.185393,34.666773,77.435299
2018-09-18,136.320866,116.702157,38.956561,100.346433
2018-09-19,15.770283,57.640341,9.789866,21.982340
2018-09-20,9.330535,24.607714,9.564383,15.262571
2018-09-21,4.603655,11.386186,9.414992,13.434876
2018-09-22,2.936239,4.971460,9.269206,22.655118
2018-09-23,142.659786,4.918343,12.315533,8.236803
2018-09-24,51.901945,5.549343,9.565185,7.583768
2018-09-25,25.362259,2.688286,8.830026,5.066694
2018-09-26,7.899221,2.706433,8.697671,5.036376
2018-09-27,1.312587,2.482233,10.939273,5.912415
2018-09-28,36.600173,2.909889,12.357904,14.035167
2018-09-29,3.799402,3.079305,8.337774,8.724431
2018-09-30,30.457725,2.822896,18.209928,9.085982
2018-10-01,3.229670,2.859051,8.159642,4.933123
2018-10-02,2.279215,3.095850,7.971033,4.965222
2018-10-03,4.021951,3.045551,7.893782,4.909207
2018-10-04,1.941685,2.730431,7.757142,4.925324
2018-10-05,0.073772,2.495834,7.664571,8.148902
2018-10-06,0.360990,2.485256,11.823122,4.879769
2018-10-07,4.744828,2.485933,9.107814,4.859749
2018-10-08,7.002203,2.490671,7.538573,4.860996
2018-10-09,2.022404,2.492446,7.255626,4.880239
2018-10-10,0.004522,2.491136,7.130258,4.820133
2018-10-11,0.450329,2.507681,7.046952,4.779389
2018-10-12,12.489024,2.941326,37.320381,5.159570
2018-10-13,6.797344,3.894956,11.443794,4.794039
2018-10-14,0.000244,3.031808,6.784837,4.780384
2018-10-15,0.000133,2.585753,6.700378,4.758508
2018-10-16,0.000097,2.428514,6.629953,4.741194
2018-10-17,0.002156,2.049976,6.545200,4.724128
2018-10-18,0.001013,2.016542,6.510489,4.713158
2018-10-19,0.398147,2.051594,6.529955,4.698641
2018-10-20,0.001770,2.129139,6.337589,4.690114
2018-10-21,0.000247,2.140570,6.257575,11.018961
2018-10-22,0.000096,2.142971,6.186125,7.317765
2018-10-23,0.000554,2.142830,6.111887,4.640526
2018-10-24,0.000149,2.142549,6.051852,4.663002
2018-10-25,0.000035,2.142945,5.956348,4.628505
2018-10-26,0.000079,2.168141,6.310954,6.728656
2018-10-27,0.000049,2.145870,16.911725,4.612097
2018-10-28,0.000108,2.146590,5.760498,4.600149
2018-10-29,0.000091,2.175433,5.689045,4.577204
2018-10-30,0.000340,2.167503,5.609468,4.540833
2018-10-31,0.003386,2.166521,5.560562,4.565716
2018-11-01,0.011508,2.423219,5.630499,4.529159
2018-11-02,0.222482,2.792489,5.466993,4.507655
2018-11-03,0.000560,2.857123,5.366394,4.515020
2018-11-04,0.000081,2.863130,5.280539,4.526838
2018-11-05,0.000653,2.826342,5.215260,4.488341
2018-11-06,0.004783,2.629196,5.200667,4.503721
2018-11-07,0.044290,2.820331,5.845963,4.481111
2018-11-08,2.797327,2.862655,13.684277,4.467285
2018-11-09,30.547088,3.168863,26.452986,5.467026
2018-11-10,14.856643,3.144113,5.031832,4.432038
2018-11-11,14.009765,2.931613,6.146815,4.435506
2018-11-12,11.917970,2.734368,8.485949,4.419872
2018-11-13,0.028011,2.776552,5.435184,4.409461
2018-11-14,1.333674,2.585459,4.717039,4.387113
2018-11-15,1.116289,2.249716,4.657707,4.375118
2018-11-16,0.019831,2.492997,4.628248,4.368424
2018-11-17,0.381287,2.545950,24.791590,4.547451
2018-11-18,0.260235,3.264321,7.851497,4.366858
2018-11-19,9.477681,2.789094,35.647429,4.376502
2018-11-20,181.792618,22.252898,150.415880,4.854024
2018-11-21,0.465652,5.362146,4.634082,4.315330
2018-11-22,0.318923,2.090323,5.010455,4.322639
2018-11-23,0.241921,2.068836,5.142568,4.302204
2018-11-24,0.174834,2.079022,8.893142,4.345026
2018-11-25,0.144969,2.082043,6.687911,4.260868
2018-11-26,0.133915,2.079087,5.217744,4.253425
2018-11-27,0.124829,2.077209,5.261070,4.226555
2018-11-28,0.042531,2.067244,5.298186,4.245751
2018-11-29,0.021059,2.057602,5.313691,4.209020
2018-11-30,0.000723,2.056046,5.316199,4.228349
2018-12-01,0.000579,2.040565,5.308441,4.193544
2018-12-02,0.000317,2.035718,5.286046,4.175801
2018-12-03,0.000209,2.034394,5.270305,4.187473
2018-12-04,0.004622,2.034541,5.245972,4.177646
2018-12-05,0.006227,2.029976,5.208537,4.183875
2018-12-06,0.002443,2.028475,5.197258,4.155334
2018-12-07,0.000268,2.030167,5.150105,4.114919
2018-12-08,0.000602,2.027560,5.101127,4.159969
2018-12-09,0.006222,2.011231,5.071304,4.125226
2018-12-10,0.000000,1.992266,5.064174,4.137356
2018-12-11,0.337486,1.994213,5.382770,4.117749
2018-12-12,1.098815,2.014554,11.946124,4.099874
2018-12-13,7.783148,2.030366,15.413329,4.091033
2018-12-14,10.831950,2.173596,9.396182,4.060456
2018-12-15,6.100249,2.053118,10.015118,4.051354
2018-12-16,0.187742,2.019275,5.756703,4.077791
2018-12-17,0.004287,2.014948,4.815804,4.048399
2018-12-18,0.000087,2.017333,5.437415,4.048547
2018-12-19,0.006707,2.014120,4.671967,4.024234
2018-12-20,0.072932,1.888564,4.770623,4.016888
2018-12-21,0.000191,1.990020,4.596868,4.028097
2018-12-22,0.002420,2.088391,4.668093,4.015804
2018-12-23,0.242427,2.099417,6.144357,4.025433
2018-12-24,6.750754,2.270064,6.361203,4.082073
2018-12-25,0.969191,2.208948,4.817428,3.998647
2018-12-26,0.003711,1.991655,4.435739,3.969097
2018-12-27,0.001788,1.960989,4.591002,4.043764
2018-12-28,0.008966,1.954082,4.396254,3.987228
2018-12-29,0.000000,1.914890,4.288355,3.987325
2018-12-30,0.000000,1.790724,4.249639,3.957872
2018-12-31,0.000000,1.940068,4.207583,3.965132
2019-01-01,0.000000,0.703275,4.341815,4.001391
2019-01-02,1.217259,0.709627,4.508729,4.003537
2019-01-03,0.000000,0.715273,4.341103,3.997369
2019-01-04,0.000000,0.857645,5.032127,3.989566
2019-01-05,0.000000,1.267677,4.030132,3.946571
2019-01-06,0.000000,1.559926,3.986588,3.940885
2019-01-07,0.000000,1.962152,4.109161,3.912617
2019-01-08,0.000000,2.115686,10.942329,4.044996
2019-01-09,0.000000,2.219102,4.416753,3.913226
2019-01-10,0.000000,2.232513,3.848415,3.928527
2019-01-11,0.000000,2.401207,3.801079,3.928599
2019-01-12,0.000000,2.875493,3.770831,3.877876
2019-01-13,0.000000,3.035285,3.728166,3.940825
2019-01-14,0.000000,3.104850,3.707307,3.883534
2019-01-15,0.000000,3.138803,3.670409,3.886309
2019-01-16,0.000000,3.120750,3.710271,3.878849
2019-01-17,0.000000,2.866006,3.692676,3.861994
2019-01-18,0.000000,3.232927,3.567373,3.906046
2019-01-19,0.000000,3.500750,3.536281,3.801717
2019-01-20,0.000000,2.392096,3.511742,3.821311
2019-01-21,0.000000,1.590150,3.451054,3.821920
2019-01-22,0.000000,1.534873,3.450494,3.781219
2019-01-23,0.000000,1.501933,3.396881,3.784457
2019-01-24,0.000000,2.137509,3.383216,3.800923
2019-01-25,0.000000,2.904242,3.335018,3.796040
2019-01-26,0.000000,3.181530,3.305926,3.781461
2019-01-27,0.000000,3.272668,3.532371,3.799935
2019-01-28,0.000000,2.053059,3.273959,3.802833
2019-01-29,0.000000,1.797729,3.211283,3.795996
2019-01-30,0.000000,2.771179,3.178486,3.802501
2019-01-31,0.000000,2.482270,3.140632,3.790901
2019-02-01,0.000000,1.812235,3.122742,3.810175
2019-02-02,0.000000,2.874577,3.081411,3.792483
2019-02-03,0.000000,2.419719,3.050713,3.767037
2019-02-04,0.000000,3.075876,3.021596,3.777541
2019-02-05,0.000000,3.231363,3.000680,3.749182
2019-02-06,0.000000,3.262692,2.959162,3.752031
2019-02-07,0.000000,3.322192,2.928193,3.763702
2019-02-08,0.000000,3.321938,2.932207,3.754806
2019-02-09,0.000000,3.363115,2.871802,3.732336
2019-02-10,0.000000,3.346882,2.842315,3.739558
2019-02-11,0.000000,3.327431,2.808515,3.756187
2019-02-12,0.000000,3.335358,2.787654,3.713765
2019-02-13,0.000000,3.314278,2.762858,3.715635
2019-02-14,0.000000,3.342796,2.714392,3.711087
2019-02-15,0.000000,3.305215,2.727391,3.812768
2019-02-16,0.000000,2.563943,2.710859,3.709131
2019-02-17,0.000000,1.756099,2.648441,3.701074
2019-02-18,0.000000,2.802050,2.621606,3.727379
2019-02-19,0.000000,2.419623,2.597401,3.689679
2019-02-20,0.000000,2.312516,2.690936,3.712940
2019-02-21,0.000000,1.072929,12.312224,3.699764
2019-02-22,0.000000,0.659982,3.440456,3.693650
2019-02-23,0.000000,0.659732,2.555876,3.668157
2019-02-24,0.000000,0.664524,2.622637,3.682760
2019-02-25,0.000000,1.246158,2.773893,3.708405
2019-02-26,0.000000,2.230072,2.416371,3.675076
2019-02-27,0.000000,2.395454,2.831779,3.630190
2019-02-28,0.000000,2.490730,17.307449,3.671657
2019-03-01,0.000000,2.492432,4.342750,3.664911
2019-03-02,0.000000,2.580229,2.336943,3.664268
2019-03-03,0.000000,2.581841,2.301757,3.671259
2019-03-04,0.000000,2.279552,2.274116,3.651643
2019-03-05,0.000000,2.329694,2.269333,3.566174
2019-03-06,0.000000,2.291444,2.250067,3.653305
2019-03-07,0.000000,2.481621,2.223898,3.580645
2019-03-08,0.000000,2.489538,2.202929,3.597856
2019-03-09,0.000000,2.550966,2.183870,3.587885
2019-03-10,0.000000,2.538540,2.161266,3.561842
2019-03-11,0.000000,2.564181,2.147832,3.552341
2019-03-12,0.000000,2.363135,2.132704,3.560576
2019-03-13,0.000000,2.485208,2.101576,3.637851
2019-03-14,0.000000,2.053943,2.077207,3.530614
2019-03-15,0.000000,2.432067,2.087026,3.577311
2019-03-16,0.000000,2.582005,2.038505,3.545010
2019-03-17,0.000000,2.439317,2.022534,4.588928
2019-03-18,0.000000,2.230067,2.012909,3.547118
2019-03-19,0.000000,1.495733,1.983712,3.539995
2019-03-20,0.000000,0.611343,1.975494,3.536350
2019-03-21,0.000000,0.610874,1.945914,3.522931
2019-03-22,0.000000,0.633211,1.941782,3.556295
2019-03-23,0.000000,0.925463,1.916890,3.519893
2019-03-24,0.000000,1.874045,1.897575,3.499829
2019-03-25,0.000000,2.178041,1.944107,3.543406
2019-03-26,0.000000,2.130714,1.860282,3.499604
2019-03-27,0.000000,0.926033,1.834986,3.545219
2019-03-28,0.000000,0.705680,1.821787,3.484333
2019-03-29,0.000000,1.748336,1.802123,3.474037
2019-03-30,0.000000,2.074133,1.784973,3.527199
2019-03-31,0.000000,2.174384,1.760152,3.481598
2019-04-01,0.000000,1.995819,1.741495,3.478249
2019-04-02,0.000000,2.119176,2.158081,9.131009
2019-04-03,0.000000,2.213319,3.189851,3.472618
2019-04-04,0.000000,2.150140,1.690748,3.498077
2019-04-05,0.000000,2.183958,1.779234,3.469189
2019-04-06,0.000000,2.215180,3.283771,6.888026
2019-04-07,2.297679,2.217302,58.655260,10.860924
2019-04-08,1.353625,2.257309,35.569744,8.295305
2019-04-09,21.964331,3.917006,24.982556,8.980363
2019-04-10,108.474142,5.789234,83.781769,11.059696
2019-04-11,60.002061,6.021947,28.078110,14.405984
2019-04-12,61.297785,4.830566,83.764570,12.071640
2019-04-13,88.849462,5.699471,51.724837,13.308969
2019-04-14,252.713447,10.267770,123.693694,8.581661
2019-04-15,180.494125,15.854593,11.861199,11.272712
2019-04-16,78.320483,7.128549,12.857710,13.183317
2019-04-17,13.335546,3.247791,9.353726,15.616311
2019-04-18,8.598375,2.149945,4.782828,12.100159
2019-04-19,40.308859,2.568782,17.552439,18.692656
2019-04-20,19.992675,2.622685,5.187778,16.618651
2019-04-21,21.709772,2.694178,5.676204,15.418322
2019-04-22,4.415939,2.597564,7.010212,3.298842
2019-04-23,3.528526,2.194389,5.183285,3.335964
2019-04-24,3.565165,2.460002,5.642474,11.554641
2019-04-25,5.207367,2.364268,4.095978,7.171531
2019-04-26,4.237837,2.445515,19.542664,13.328607
2019-04-27,131.875896,5.191159,58.245920,13.354453
2019-04-28,263.435167,15.055611,78.886467,12.803998
2019-04-29,407.641068,33.453668,149.497488,10.993195
2019-04-30,388.760478,48.490661,69.403988,15.326185
2019-05-01,329.345563,36.437922,100.203780,14.427645
2019-05-02,500.404320,103.562451,116.385411,75.611264
2019-05-03,53.784192,36.104732,32.755353,47.944890
2019-05-04,747.790459,94.037216,146.384462,69.558162
2019-05-05,1069.604997,291.802161,185.489154,53.956140
2019-05-06,730.994143,260.648692,151.047717,52.961362
2019-05-07,286.636277,147.882494,70.570820,43.327689
2019-05-08,246.324791,117.846406,68.471745,41.654543
2019-05-09,182.373505,80.769867,46.233050,20.548816
2019-05-10,108.248617,33.294408,46.970488,14.961197
2019-05-11,106.491768,22.271170,45.014320,12.714369
2019-05-12,60.522203,16.710137,37.173275,15.938808
2019-05-13,16.741727,8.014516,32.689814,17.116797
2019-05-14,258.916498,22.469004,108.234791,17.167417
2019-05-15,592.482859,115.959442,116.509366,53.590402
2019-05-16,513.364597,238.518434,69.431486,57.238616
2019-05-17,372.082949,170.634365,76.493430,54.846193
2019-05-18,329.610796,166.486854,97.244161,65.803823
2019-05-19,303.450823,139.078902,80.035799,70.840057
2019-05-20,234.586237,115.761896,79.381412,56.332176
2019-05-21,275.794331,92.768068,87.965985,52.351129
2019-05-22,347.354357,106.038300,107.191222,70.448142
2019-05-23,371.477827,165.968527,125.635168,88.895879
2019-05-24,267.296215,160.497153,114.010817,74.061168
2019-05-25,297.645762,155.218468,95.323220,80.739722
2019-05-26,339.936255,185.047681,140.954677,108.888647
2019-05-27,277.920509,188.467055,125.429467,91.810444
2019-05-28,214.758971,155.818278,105.707633,51.406334
2019-05-29,251.104227,148.111157,131.802983,88.271377
2019-05-30,250.979625,165.277572,143.316104,114.036545
2019-05-31,218.514400,157.923334,129.704204,101.196928
2019-06-01,209.655569,143.863491,116.105325,47.260239
2019-06-02,225.786986,156.222971,149.550844,107.336005
2019-06-03,274.617635,189.936192,167.162938,119.533494
2019-06-04,298.365870,220.544210,174.668340,134.352786
2019-06-05,269.769869,208.067927,197.938663,119.739727
2019-06-06,292.778162,203.819585,145.251127,86.404228
2019-06-07,374.914482,254.231046,183.176425,180.502699
2019-06-08,312.694287,272.295234,194.804662,171.312006
2019-06-09,359.495195,297.220773,199.103943,245.276507
2019-06-10,227.618163,241.415942,194.146768,199.395447
2019-06-11,866.309045,299.543176,277.790119,307.112921
2019-06-12,506.392421,377.965307,240.278837,353.133866
2019-06-13,514.267426,459.805214,220.877676,397.646195
2019-06-14,408.210592,451.942788,191.051767,316.372822
2019-06-15,351.235345,504.498294,189.176249,333.737134
2019-06-16,394.499544,595.987134,214.137009,360.567208
2019-06-17,370.600929,695.488648,238.632727,395.889893
2019-06-18,260.693857,564.308698,212.247746,340.264719
2019-06-19,311.761082,579.973186,228.196977,387.808879
2019-06-20,216.566320,549.496799,222.003876,408.182955
2019-06-21,204.979065,504.885881,219.230847,385.784338
2019-06-22,196.625081,475.615205,218.749063,373.518390
2019-06-23,196.195693,444.652141,236.142676,372.226187
2019-06-24,263.356289,513.410123,223.553235,352.863795
2019-06-25,253.843442,492.502745,270.658168,538.489718
2019-06-26,220.644906,572.347481,299.267314,522.082321
2019-06-27,239.684944,559.031234,287.680712,601.001445
2019-06-28,185.129025,527.539053,258.220432,523.403166
2019-06-29,166.222169,447.631153,240.750122,454.132172
2019-06-30,145.850634,348.461514,219.892844,430.192945
2019-07-01,115.326510,308.575744,219.256659,481.843321
2019-07-02,326.413293,298.206144,180.028582,365.384115
2019-07-03,194.300257,524.255424,187.598363,530.409077
2019-07-04,119.601979,489.081103,191.250557,538.779737
2019-07-05,148.499873,507.862413,199.970481,542.628015
2019-07-06,128.148214,550.875530,212.231426,544.189131
2019-07-07,129.131923,514.293369,233.622118,589.649703
2019-07-08,135.904492,528.247897,192.910156,596.181800
2019-07-09,114.980048,532.189969,187.212423,559.180048
2019-07-10,122.187529,552.660960,188.453271,561.424491
2019-07-11,115.393122,576.008402,201.103026,583.284938
2019-07-12,106.529416,568.670616,199.560921,600.873983
2019-07-13,108.381620,558.724458,202.353347,615.228753
2019-07-14,117.243846,583.239320,229.511480,686.601680
2019-07-15,143.040183,557.782358,195.877292,611.662679
2019-07-16,120.627895,555.378549,202.220360,615.049539
2019-07-17,120.112091,600.369544,212.097875,568.910312
2019-07-18,114.821788,620.353445,209.510998,724.258676
2019-07-19,114.889405,691.285185,206.045510,734.502186
2019-07-20,119.291658,723.240576,216.643849,760.466040
2019-07-21,114.607667,713.197846,213.807196,783.275669
2019-07-22,104.328624,751.684787,202.042357,728.693990
2019-07-23,99.985736,763.580235,188.537099,667.040150
2019-07-24,83.777290,632.577705,189.415865,622.111030
2019-07-25,153.554389,585.113491,145.608268,345.398644
2019-07-26,126.338889,474.711300,163.003783,412.217941
2019-07-27,93.070729,448.104353,191.219852,695.028973
2019-07-28,70.102128,396.820352,145.490349,390.868362
2019-07-29,76.034659,473.419234,199.285194,676.385602
2019-07-30,746.876910,1099.851896,198.510554,695.902634
2019-07-31,475.333372,2143.534162,242.675875,857.214132
2019-08-01,73.966254,1346.039871,141.155892,719.345839
2019-08-02,47.670831,727.779627,175.160689,724.264895
2019-08-03,56.244316,711.010409,157.269428,702.220768
2019-08-04,50.683775,737.359489,148.860035,674.889945
2019-08-05,48.671579,708.906392,147.860101,664.965301
2019-08-06,30.084067,631.646590,140.908656,570.033062
2019-08-07,32.754420,605.492970,154.485494,608.474896
2019-08-08,27.838324,602.463568,139.415864,580.056642
2019-08-09,23.192920,526.087773,125.948591,448.636703
2019-08-10,27.582600,534.981989,125.185427,528.915007
2019-08-11,21.253015,496.231066,111.977621,384.082365
2019-08-12,27.438106,401.546847,124.610606,463.236321
2019-08-13,141.825975,449.786725,124.361805,468.538797
2019-08-14,17.189039,387.689685,110.157508,460.458494
2019-08-15,11.678011,369.586024,107.109996,419.402799
2019-08-16,19.947633,394.690832,106.033091,396.896514
2019-08-17,18.160026,425.338165,109.329905,410.804174
2019-08-18,18.114691,323.785251,92.735939,282.801141
2019-08-19,48.400467,325.349875,99.210398,321.799740
2019-08-20,11.321182,311.238985,100.578565,360.314120
2019-08-21,6.974592,292.522508,85.917132,255.277794
2019-08-22,6.181147,265.014728,78.994424,245.476449
2019-08-23,3.589701,245.965472,79.312074,270.380234
2019-08-24,7.126152,188.944793,77.369794,183.776707
2019-08-25,12.362691,222.632738,89.692286,322.836807
2019-08-26,11.277445,320.046350,75.761115,378.005760
2019-08-27,7.000451,321.580823,79.505813,291.238934
2019-08-28,4.307450,259.425861,59.628350,276.361749
2019-08-29,1.221187,214.675485,51.945221,227.351511
2019-08-30,0.655438,176.166101,65.627409,230.621556
2019-08-31,0.281140,152.962918,57.404340,206.587565
2019-09-01,17.112602,145.263504,0.000000,0.000000
2019-09-02,9.180779,120.329572,0.000000,0.000000
2019-09-03,5.240654,130.399553,0.000000,0.000000
2019-09-04,32.423680,202.350809,0.000000,0.000000
2019-09-05,3.653580,170.184342,0.000000,0.000000
2019-09-06,169.002296,149.660390,0.000000,0.000000
2019-09-07,55.586157,158.343985,0.000000,0.000000
2019-09-08,0.163931,192.677797,0.000000,0.000000
2019-09-09,14.989856,129.019612,0.000000,0.000000
2019-09-10,10.997282,136.415562,0.000000,0.000000
2019-09-11,0.124598,92.832466,0.000000,0.000000
2019-09-12,0.014754,50.111732,0.000000,0.000000
2019-09-13,0.005421,35.271716,0.000000,0.000000
2019-09-14,0.007036,30.590725,0.000000,0.000000
2019-09-15,0.006934,31.071187,0.000000,0.000000
2019-09-16,0.008919,23.527069,0.000000,0.000000
2019-09-17,0.007855,12.504493,0.000000,0.000000
2019-09-18,0.511854,7.638946,0.000000,0.000000
2019-09-19,1.970594,18.094336,0.000000,0.000000
2019-09-20,10.096192,75.417673,0.000000,0.000000
2019-09-21,19.724564,95.766031,0.000000,0.000000
2019-09-22,488.256637,348.584696,0.000000,0.000000
2019-09-23,334.596107,533.609947,0.000000,0.000000
2019-09-24,47.048491,309.078952,0.000000,0.000000
2019-09-25,3.138461,171.187693,0.000000,0.000000
2019-09-26,25.410761,119.788979,0.000000,0.000000
2019-09-27,164.626275,296.514875,0.000000,0.000000
2019-09-28,61.315255,418.772391,0.000000,0.000000
2019-09-29,0.018240,162.546142,0.000000,0.000000
2019-09-30,0.021680,73.160690,0.000000,0.000000
2019-10-01,19.321835,41.648122,0.000000,0.000000
2019-10-02,501.933758,68.649296,0.000000,0.000000
2019-10-03,278.296595,118.065802,0.000000,0.000000
2019-10-04,435.598132,128.346331,0.000000,0.000000
2019-10-05,865.213173,225.179591,0.000000,0.000000
2019-10-06,545.003669,344.349657,0.000000,0.000000
2019-10-07,41.847459,189.600775,0.000000,0.000000
2019-10-08,11.833693,32.001462,0.000000,0.000000
2019-10-09,107.998853,28.723415,0.000000,0.000000
2019-10-10,4.124445,22.253726,0.000000,0.000000
2019-10-11,1.720211,10.852688,0.000000,0.000000
2019-10-12,2.085732,6.801067,0.000000,0.000000
2019-10-13,0.702262,5.909333,0.000000,0.000000
2019-10-14,2.021668,5.970771,0.000000,0.000000
2019-10-15,0.252361,5.972791,0.000000,0.000000
2019-10-16,0.150675,5.621763,0.000000,0.000000
2019-10-17,0.070669,5.412298,0.000000,0.000000
2019-10-18,0.003941,5.305573,0.000000,0.000000
2019-10-19,4.132098,5.186597,0.000000,0.000000
2019-10-20,9.410090,4.918913,0.000000,0.000000
2019-10-21,0.004888,4.435856,0.000000,0.000000
2019-10-22,0.054806,4.382594,0.000000,0.000000
2019-10-23,0.002011,4.488280,0.000000,0.000000
2019-10-24,0.000248,4.466939,0.000000,0.000000
2019-10-25,0.000389,4.406374,0.000000,0.000000
2019-10-26,0.009784,4.376996,0.000000,0.000000
2019-10-27,0.015844,4.241691,0.000000,0.000000
2019-10-28,51.113135,3.966049,0.000000,0.000000
2019-10-29,4.096818,4.033803,0.000000,0.000000
2019-10-30,0.001385,3.827180,0.000000,0.000000
2019-10-31,0.000627,3.812838,0.000000,0.000000
2019-11-01,0.000064,3.812188,0.000000,0.000000
2019-11-02,0.000065,3.798825,0.000000,0.000000
2019-11-03,0.353426,3.778225,0.000000,0.000000
2019-11-04,0.001273,3.595819,0.000000,0.000000
2019-11-05,0.000219,3.578135,0.000000,0.000000
2019-11-06,0.301515,3.531846,0.000000,0.000000
2019-11-07,0.460266,3.530187,0.000000,0.000000
2019-11-08,7.911744,3.451077,0.000000,0.000000
2019-11-09,0.017623,3.398062,0.000000,0.000000
2019-11-10,16.983778,3.528303,0.000000,0.000000
2019-11-11,14.370396,3.652270,0.000000,0.000000
2019-11-12,0.904007,4.028331,0.000000,0.000000
2019-11-13,55.929196,4.824020,0.000000,0.000000
2019-11-14,4.754155,4.610838,0.000000,0.000000
2019-11-15,1.638099,3.834957,0.000000,0.000000
2019-11-16,1.370317,3.373272,0.000000,0.000000
2019-11-17,0.862214,2.977527,0.000000,0.000000
2019-11-18,0.733506,2.916041,0.000000,0.000000
2019-11-19,0.620356,2.903181,0.000000,0.000000
2019-11-20,0.490368,3.006721,0.000000,0.000000
2019-11-21,0.374761,3.049476,0.000000,0.000000
2019-11-22,0.332414,2.769063,0.000000,0.000000
2019-11-23,0.272499,2.696590,0.000000,0.000000
2019-11-24,0.240436,2.683804,0.000000,0.000000
2019-11-25,0.148149,2.679942,0.000000,0.000000
2019-11-26,0.092456,2.669510,0.000000,0.000000
2019-11-27,0.060649,2.667872,0.000000,0.000000
2019-11-28,0.000182,2.668950,0.000000,0.000000
2019-11-29,0.000422,2.252234,0.000000,0.000000
2019-11-30,0.000199,1.955488,0.000000,0.000000
2019-12-01,0.000037,1.950099,0.000000,0.000000
2019-12-02,0.000082,1.950655,0.000000,0.000000
2019-12-03,0.000063,1.761264,0.000000,0.000000
2019-12-04,0.000000,1.011424,0.000000,0.000000
2019-12-05,0.000218,1.005794,0.000000,0.000000
2019-12-06,0.000122,1.001106,0.000000,0.000000
2019-12-07,0.000101,1.000357,0.000000,0.000000
2019-12-08,0.000031,0.999865,0.000000,0.000000
2019-12-09,0.000064,0.998150,0.000000,0.000000
2019-12-10,0.000058,0.998269,0.000000,0.000000
2019-12-11,0.000076,0.997304,0.000000,0.000000
2019-12-12,0.000121,0.998960,0.000000,0.000000
2019-12-13,0.000596,0.998896,0.000000,0.000000
2019-12-14,0.000393,0.997504,0.000000,0.000000
2019-12-15,0.000021,0.993331,0.000000,0.000000
2019-12-16,0.000025,0.990218,0.000000,0.000000
2019-12-17,0.000016,0.988958,0.000000,0.000000
2019-12-18,0.000016,0.987502,0.000000,0.000000
2019-12-19,0.000022,0.986942,0.000000,0.000000
2019-12-20,0.000007,0.987006,0.000000,0.000000
2019-12-21,0.000103,0.985697,0.000000,0.000000
2019-12-22,0.000136,0.983907,0.000000,0.000000
2019-12-23,0.000072,0.983591,0.000000,0.000000
2019-12-24,0.000540,0.982156,0.000000,0.000000
2019-12-25,0.000578,0.981337,0.000000,0.000000
2019-12-26,0.000369,0.980337,0.000000,0.000000
2019-12-27,0.000079,0.981082,0.000000,0.000000
2019-12-28,0.000111,0.981432,0.000000,0.000000
2019-12-29,0.000113,0.981442,0.000000,0.000000
2019-12-30,0.000097,2.879424,0.000000,0.000000
2019-12-31,0.000208,1.313491,0.000000,0.000000

