time,MAR_land,MAR_ice,RACMO_land,RACMO_ice
2015-01-01,1.657007,0.001882,0.151190,1.751580
2015-01-02,1.644658,0.001686,0.146890,1.841302
2015-01-03,1.631434,0.001420,0.144399,1.745000
2015-01-04,1.618237,0.000406,0.142876,1.738466
2015-01-05,1.605081,0.000378,0.140125,1.736890
2015-01-06,1.590823,0.001121,0.139605,1.733739
2015-01-07,1.578955,0.001198,0.136854,1.727639
2015-01-08,1.566146,0.001514,0.135590,1.724105
2015-01-09,1.553388,0.001531,0.134587,1.725321
2015-01-10,1.540691,0.001388,0.132320,1.729162
2015-01-11,1.527131,0.000765,0.130312,1.716167
2015-01-12,1.515927,0.000653,0.128305,1.725436
2015-01-13,1.503779,0.000655,0.128305,1.725951
2015-01-14,1.491858,0.001523,0.125778,1.696272
2015-01-15,1.480038,0.001693,0.123771,1.705457
2015-01-16,1.467307,0.001374,0.123821,1.712978
2015-01-17,1.456694,0.001658,0.121763,1.704013
2015-01-18,1.445022,0.001773,0.292519,1.709131
2015-01-19,1.433397,0.001802,0.168406,1.694704
2015-01-20,1.421902,0.001644,0.117229,1.685682
2015-01-21,1.409682,0.001505,0.115482,1.696494
2015-01-22,1.399505,0.000882,0.114218,1.691526
2015-01-23,1.388222,0.000712,0.113214,1.681790
2015-01-24,1.376902,0.000715,0.110947,1.679817
2015-01-25,1.366319,0.000592,0.109944,1.672345
2015-01-26,1.355287,0.000349,0.109171,1.675480
2015-01-27,1.346236,0.000350,0.108730,1.683142
2015-01-28,1.336567,0.000352,0.106673,1.672646
2015-01-29,1.327063,0.000305,0.104406,1.672908
2015-01-30,1.317453,0.000311,0.104665,1.661522
2015-01-31,1.307954,0.000312,0.102139,1.667658
2015-02-01,1.297802,0.000313,0.102139,1.660001
2015-02-02,1.290002,0.000307,0.100506,1.656086
2015-02-03,1.281440,0.000309,0.098268,1.704402
2015-02-04,1.272984,0.000312,0.104100,2.244124
2015-02-05,1.264603,0.000297,0.098124,1.633963
2015-02-06,1.255479,0.000296,0.166222,1.653259
2015-02-07,1.248337,0.000293,1.912014,1.801332
2015-02-08,1.240359,0.000328,0.094109,1.647381
2015-02-09,1.232316,0.000332,0.093870,1.637355
2015-02-10,1.224354,0.000332,0.091582,1.627543
2015-02-11,1.215534,0.000331,0.089294,1.627385
2015-02-12,1.208464,0.000331,0.091063,1.623024
2015-02-13,1.200729,0.000333,0.087568,1.627086
2015-02-14,1.193317,0.000483,0.089336,1.628679
2015-02-15,1.186325,0.000814,0.087048,1.622857
2015-02-16,1.178666,0.000782,0.086044,1.618167
2015-02-17,1.172663,0.001358,0.084781,1.621025
2015-02-18,1.165863,0.001314,0.084037,1.617040
2015-02-19,1.159137,0.000376,0.082514,1.627134
2015-02-20,1.152576,0.000332,0.082774,1.616509
2015-02-21,1.145204,0.000331,0.081510,1.608828
2015-02-22,1.139436,0.000332,0.080506,1.608276
2015-02-23,1.132838,0.000332,0.079243,1.611726
2015-02-24,1.126273,0.000332,0.077958,1.608578
2015-02-25,1.119735,0.000332,0.078499,1.618676
2015-02-26,1.112445,0.000331,0.075972,1.603630
2015-02-27,1.106697,0.000332,0.075972,1.601268
2015-02-28,1.100180,0.000328,0.075972,1.602111
2015-03-01,1.092937,0.000296,0.074709,1.597222
2015-03-02,1.087209,0.000340,0.072701,1.588023
2015-03-03,1.080676,0.000830,0.073705,1.604125
2015-03-04,1.074136,0.000839,0.073705,1.595799
2015-03-05,1.067789,0.000638,0.070174,1.590233
2015-03-06,1.060932,0.000323,0.070434,1.583770
2015-03-07,1.055542,0.000333,0.070434,1.586091
2015-03-08,1.049366,0.000332,0.070174,1.580482
2015-03-09,1.043208,0.000330,0.066904,1.586422
2015-03-10,1.037117,0.000332,0.068167,1.564649
2015-03-11,1.030275,0.000331,0.067907,1.583174
2015-03-12,1.024801,0.000332,0.065900,1.563034
2015-03-13,1.018684,0.000327,0.065640,1.577867
2015-03-14,1.012756,0.000332,0.065900,1.566207
2015-03-15,1.007014,0.000332,0.063373,1.555857
2015-03-16,1.000688,0.000332,0.064896,1.574664
2015-03-17,0.995740,0.000331,0.062369,1.562568
2015-03-18,0.990164,0.000327,0.062369,1.570758
2015-03-19,0.984709,0.000331,0.088407,1.552078
2015-03-20,0.979223,0.000312,0.061366,1.552401
2015-03-21,0.973019,0.000316,0.060218,1.548824
2015-03-22,0.968219,0.000333,0.060102,1.542037
2015-03-23,0.962804,0.000325,0.059099,1.565811
2015-03-24,0.957500,0.000311,0.058839,1.527005
2015-03-25,0.952201,0.000331,0.059099,1.532980
2015-03-26,0.946367,0.000331,0.056831,1.516923
2015-03-27,0.942044,0.000330,0.057835,1.532899
2015-03-28,0.937113,0.000330,0.056572,1.524712
2015-03-29,0.932171,0.000331,0.054281,1.534361
2015-03-30,0.927159,0.000324,0.055828,1.516732
2015-03-31,0.922148,0.000333,0.055828,1.527244
2015-04-01,0.916627,0.000332,0.054564,1.519772
2015-04-02,0.912298,0.000323,0.053301,1.524270
2015-04-03,0.907268,0.000328,0.054564,1.517062
2015-04-04,0.902352,0.000327,0.052037,1.517888
2015-04-05,0.897634,0.000333,0.052557,1.507477
2015-04-06,0.892376,0.000308,0.052037,1.525740
2015-04-07,0.888414,0.000327,0.051294,1.516342
2015-04-08,0.883836,0.000332,0.051034,1.508449
2015-04-09,0.879430,0.000330,0.049770,1.504074
2015-04-10,0.875240,0.000330,0.051294,1.509474
2015-04-11,0.870413,0.000329,0.048767,1.484802
2015-04-12,0.866817,0.000304,0.048767,1.497610
2015-04-13,0.862721,0.000329,0.050733,1.497870
2015-04-14,0.858679,0.000320,0.329313,2.939806
2015-04-15,0.854610,0.000323,0.833060,2.734166
2015-04-16,0.849906,0.000311,0.090684,1.973151
2015-04-17,0.846474,0.000325,0.046759,1.488418
2015-04-18,0.842658,0.000314,0.046499,1.771485
2015-04-19,0.838843,0.000299,0.046614,2.262963
2015-04-20,0.835049,0.000330,0.045531,1.477280
2015-04-21,0.830741,0.000331,0.045236,1.478743
2015-04-22,0.827665,0.000332,0.252962,3.040110
2015-04-23,0.824133,0.005698,0.964654,3.670531
2015-04-24,0.820597,0.001931,0.140099,1.945321
2015-04-25,0.817064,0.000334,0.044232,1.843105
2015-04-26,0.813015,0.000323,0.043229,1.466862
2015-04-27,0.810131,0.000328,0.047243,1.481113
2015-04-28,0.806671,0.000322,0.189362,1.473043
2015-04-29,0.803225,0.000330,0.903847,1.474007
2015-04-30,0.799857,0.000462,0.491561,1.460283
2015-05-01,0.796116,0.000351,0.134358,1.460083
2015-05-02,0.793559,0.000329,0.040962,1.473955
2015-05-03,0.790463,0.000327,0.041357,1.466726
2015-05-04,0.787385,0.000337,0.728991,2.102184
2015-05-05,0.784288,0.000333,0.300941,2.182770
2015-05-06,0.780621,0.000335,0.449739,2.490269
2015-05-07,0.778020,0.000329,1.084336,3.216198
2015-05-08,0.774871,0.000335,0.831909,2.669719
2015-05-09,0.771799,0.000582,1.814083,2.538677
2015-05-10,0.768792,0.000452,2.735998,3.404987
2015-05-11,0.765331,0.000311,0.143021,1.855072
2015-05-12,0.762921,0.000306,0.081527,1.937043
2015-05-13,0.759958,0.000328,0.090186,1.938819
2015-05-14,0.757014,0.000334,0.046839,2.642120
2015-05-15,0.754100,0.000331,0.378694,2.667384
2015-05-16,0.750425,0.000335,1.434984,3.225265
2015-05-17,0.747699,0.010272,1.856388,2.298617
2015-05-18,0.751671,0.261920,4.289888,2.342574
2015-05-19,0.754083,0.120944,0.059211,1.937762
2015-05-20,0.738028,0.000860,0.190272,2.533351
2015-05-21,0.724906,0.000382,2.541055,2.393674
2015-05-22,0.716497,0.000317,0.221803,2.264442
2015-05-23,0.709020,0.256206,1.380574,2.595889
2015-05-24,0.707024,2.289759,0.727758,2.400336
2015-05-25,0.703274,1.766128,1.217410,3.354609
2015-05-26,0.686332,2.340493,2.017722,2.362848
2015-05-27,0.666359,2.072535,1.697052,2.093599
2015-05-28,0.644923,0.752887,2.450087,2.580353
2015-05-29,0.630444,0.081219,1.362541,3.243465
2015-05-30,0.627560,0.002046,0.713294,2.639882
2015-05-31,0.633584,0.032841,1.353469,2.733152
2015-06-01,0.645416,0.082850,0.501152,3.495598
2015-06-02,0.658956,2.149629,0.635424,2.644509
2015-06-03,0.671571,4.096191,0.942837,2.450782
2015-06-04,0.675628,5.578661,1.914341,2.265445
2015-06-05,0.690304,10.676793,2.788027,2.486117
2015-06-06,0.729751,16.541232,3.068902,2.358848
2015-06-07,0.785960,24.702036,5.463810,2.684587
2015-06-08,0.832685,10.830076,3.408489,2.173510
2015-06-09,0.937046,18.140428,4.494810,2.071264
2015-06-10,1.080330,22.209364,4.801273,2.189383
2015-06-11,1.303359,16.772905,5.867834,1.833773
2015-06-12,1.600135,35.001555,5.341255,2.597004
2015-06-13,1.876265,16.065907,5.855312,2.613708
2015-06-14,2.211389,18.241918,8.646391,2.465219
2015-06-15,3.047398,9.307156,9.546227,2.682417
2015-06-16,3.164545,40.464216,7.641812,2.379827
2015-06-17,3.932504,47.423113,7.700072,13.553453
2015-06-18,4.731868,65.073702,11.117348,26.570038
2015-06-19,5.585967,66.333278,11.654801,26.301208
2015-06-20,6.545474,59.847723,10.945486,20.969742
2015-06-21,7.666169,69.917933,12.205280,28.426345
2015-06-22,8.094189,79.442678,11.260364,26.010858
2015-06-23,8.726936,81.057811,11.765059,30.024674
2015-06-24,9.072584,65.666655,11.505434,25.784082
2015-06-25,9.230025,70.020174,12.100531,32.517402
2015-06-26,9.285793,69.704466,12.498790,33.826802
2015-06-27,9.317096,104.000179,13.772455,53.892470
2015-06-28,9.384871,114.538501,13.063246,46.171212
2015-06-29,9.657842,118.021670,12.223706,48.528042
2015-06-30,10.071814,96.088555,11.445941,46.235811
2015-07-01,10.577738,94.658504,10.836579,51.588671
2015-07-02,11.005777,96.145671,11.152767,58.137158
2015-07-03,11.915530,96.649959,10.340955,53.730334
2015-07-04,11.800320,107.939774,8.794279,42.175020
2015-07-05,12.906166,135.221843,12.266307,64.431655
2015-07-06,12.822359,142.108205,11.784567,70.378990
2015-07-07,13.186432,190.498289,9.428536,78.045550
2015-07-08,13.542122,129.251670,9.684700,102.592852
2015-07-09,14.265422,116.099545,9.448736,106.547178
2015-07-10,14.298115,95.130769,7.152264,61.869270
2015-07-11,14.516700,93.545179,7.820172,77.653139
2015-07-12,14.553767,88.355144,8.884363,109.037145
2015-07-13,14.509044,88.957022,9.264772,109.624529
2015-07-14,13.767111,100.913855,9.362559,108.849487
2015-07-15,13.390669,111.393567,9.544442,113.314335
2015-07-16,13.060144,141.340158,9.938085,121.140863
2015-07-17,12.843231,165.076170,9.587192,125.443902
2015-07-18,12.817651,134.554799,9.188202,122.425567
2015-07-19,13.694611,134.559259,9.695463,123.314633
2015-07-20,13.084944,122.847120,9.111540,122.962010
2015-07-21,13.498706,121.485049,8.826096,106.210765
2015-07-22,13.306228,114.993876,8.503044,123.147802
2015-07-23,12.759555,95.521954,8.889959,109.929918
2015-07-24,12.086990,96.855957,7.499521,94.706106
2015-07-25,11.444282,101.470461,7.165203,95.708596
2015-07-26,10.810919,111.438495,8.481312,116.008641
2015-07-27,11.251736,111.888572,8.127602,122.976496
2015-07-28,9.880157,107.048232,8.255778,101.551700
2015-07-29,9.327093,86.146315,7.214383,80.794107
2015-07-30,8.933829,79.524938,7.149153,90.970652
2015-07-31,8.583477,84.268925,7.097523,89.575810
2015-08-01,8.246515,77.830494,6.904582,79.708916
2015-08-02,7.942119,94.565081,8.337490,99.154741
2015-08-03,7.758816,129.659786,5.835819,91.966752
2015-08-04,7.459769,121.696902,7.470697,100.441133
2015-08-05,7.295159,120.188323,7.303923,98.335183
2015-08-06,7.073382,84.721832,7.646709,92.009458
2015-08-07,6.838654,95.944636,4.549632,73.205088
2015-08-08,6.598833,91.697103,6.413864,89.200931
2015-08-09,6.460255,297.312326,9.232653,159.301064
2015-08-10,6.201622,350.806944,9.971120,161.618298
2015-08-11,5.990801,220.141211,7.372392,136.019565
2015-08-12,5.858735,64.994068,7.554252,97.943273
2015-08-13,5.667291,79.482764,4.624583,61.051425
2015-08-14,5.525967,96.677268,4.745681,86.849653
2015-08-15,5.353590,94.589002,4.069080,71.446790
2015-08-16,5.180008,84.999027,4.691443,71.771503
2015-08-17,5.024853,74.456599,4.401546,66.153680
2015-08-18,4.887491,66.046700,4.411381,40.816114
2015-08-19,4.767794,76.197156,4.956596,61.437019
2015-08-20,4.651883,91.890950,4.354117,88.288061
2015-08-21,4.509487,69.364174,3.667548,39.393606
2015-08-22,4.399567,73.074659,3.568716,45.657230
2015-08-23,4.292325,70.181429,4.058694,83.427723
2015-08-24,4.193606,69.888625,3.896989,68.389833
2015-08-25,4.082605,56.454588,3.344499,39.949871
2015-08-26,3.991238,61.729171,3.611841,35.248533
2015-08-27,3.895909,53.218003,3.197375,28.089551
2015-08-28,3.820802,49.467867,3.620480,48.513552
2015-08-29,3.780975,138.577674,5.886100,122.284026
2015-08-30,3.705118,138.949417,8.704937,101.074171
2015-08-31,3.654662,112.993989,3.653118,73.250516
2015-09-01,3.646432,34.890646,5.455569,56.551325
2015-09-02,3.599293,172.011748,7.298413,89.691846
2015-09-03,3.274530,115.932055,6.723177,138.267778
2015-09-04,3.105036,205.341078,11.585044,115.169229
2015-09-05,2.980103,111.931867,8.640767,105.213111
2015-09-06,2.937986,198.310138,16.502386,86.080825
2015-09-07,2.823846,99.901615,15.888781,64.732170
2015-09-08,2.898123,31.384137,2.232206,45.920204
2015-09-09,3.230691,22.545461,1.253452,5.395307
2015-09-10,3.624806,20.008761,0.927218,6.655296
2015-09-11,4.084142,19.531844,0.943328,4.703042
2015-09-12,4.323868,25.448642,1.069394,4.323730
2015-09-13,4.578769,13.764993,1.451748,4.469455
2015-09-14,4.770413,11.239680,1.165892,4.323162
2015-09-15,4.904063,11.582510,1.200530,4.210338
2015-09-16,4.985331,8.575284,2.457437,3.008051
2015-09-17,5.331576,10.423528,4.114405,20.589077
2015-09-18,5.063044,2.881629,5.353304,16.613059
2015-09-19,5.357859,2.062435,1.905753,15.929618
2015-09-20,5.053747,2.618934,1.017650,5.170466
2015-09-21,5.368669,6.570215,2.991557,16.175827
2015-09-22,5.169968,5.130754,1.545579,20.981275
2015-09-23,4.907615,2.739308,1.390460,2.327960
2015-09-24,5.334379,4.350002,1.397935,3.745067
2015-09-25,4.796539,2.078630,0.989223,3.714322
2015-09-26,5.078613,0.751802,0.941665,2.106550
2015-09-27,4.799761,0.157052,0.904404,2.018600
2015-09-28,5.874034,0.294581,1.254975,1.845365
2015-09-29,4.503452,0.060960,0.985112,1.734223
2015-09-30,4.473270,0.002162,1.350814,1.801532
2015-10-01,4.334754,0.000020,0.743628,1.698892
2015-10-02,4.380165,0.000000,0.706777,1.699237
2015-10-03,4.184766,0.000000,0.671252,1.673382
2015-10-04,4.109632,0.000000,0.642536,1.690230
2015-10-05,4.039783,0.000000,0.611065,1.678558
2015-10-06,3.972199,0.000000,0.581487,1.843952
2015-10-07,3.914141,0.032070,0.592727,1.726559
2015-10-08,3.855780,0.006807,0.531123,1.727521
2015-10-09,3.799128,0.000046,0.871164,1.658268
2015-10-10,3.741762,0.000000,2.176511,1.648906
2015-10-11,3.698431,0.000000,4.211614,1.759296
2015-10-12,3.793452,2.613883,1.977338,1.862811
2015-10-13,3.553289,0.294098,0.445210,1.651244
2015-10-14,3.499336,0.007598,0.521710,1.783669
2015-10-15,3.749803,2.292427,4.379409,1.992887
2015-10-16,3.313897,0.465981,1.816153,1.694233
2015-10-17,3.262161,0.040784,0.711987,1.598400
2015-10-18,3.245421,0.000064,0.380924,1.616515
2015-10-19,3.251836,0.000000,0.374862,1.616424
2015-10-20,3.269495,0.000000,0.370671,1.613940
2015-10-21,3.284867,0.000000,0.364947,1.603355
2015-10-22,3.301545,0.000000,0.361642,1.613928
2015-10-23,3.368642,0.000000,0.357736,1.599033
2015-10-24,3.325181,0.000000,0.352453,1.596713
2015-10-25,3.331728,0.000000,0.349321,1.604294
2015-10-26,3.331430,0.000000,1.843179,1.593781
2015-10-27,3.329769,0.000000,0.713342,1.580971
2015-10-28,3.320858,0.000000,0.344013,1.577871
2015-10-29,3.307610,0.000000,2.244107,1.659728
2015-10-30,3.291205,0.000000,1.620461,1.625932
2015-10-31,3.270408,0.000000,0.994913,1.580113
2015-11-01,3.255994,0.000000,1.650982,1.577941
2015-11-02,3.242781,0.000000,0.375977,1.562504
2015-11-03,3.205074,0.000000,0.330276,1.572804
2015-11-04,3.161883,0.000000,0.328770,1.557585
2015-11-05,3.122323,0.000000,0.328111,1.557418
2015-11-06,3.084468,0.000000,0.596515,1.555798
2015-11-07,3.053755,0.000000,0.328764,1.541836
2015-11-08,3.023071,0.000000,0.376912,1.545513
2015-11-09,2.993767,0.000000,0.427122,1.540598
2015-11-10,2.966417,0.000000,0.364726,1.538289
2015-11-11,2.938694,0.000000,0.325851,1.536126
2015-11-12,2.915746,0.000000,0.323907,1.524764
2015-11-13,2.890363,0.000000,0.323584,1.528603
2015-11-14,2.864511,0.000000,0.320556,1.529464
2015-11-15,2.838309,0.000000,0.318791,1.520386
2015-11-16,2.810398,0.000000,0.315762,1.529534
2015-11-17,2.786422,0.000000,0.313542,1.523779
2015-11-18,2.760740,0.000000,0.309365,1.517247
2015-11-19,2.735490,0.000000,0.308148,1.505307
2015-11-20,3.396773,0.000000,0.982705,1.553651
2015-11-21,2.779430,0.087573,0.334767,1.539387
2015-11-22,2.667214,0.000264,0.316282,1.490527
2015-11-23,2.634311,0.000000,0.296450,1.509731
2015-11-24,3.912142,0.000000,0.450330,1.510611
2015-11-25,2.579954,0.000000,0.306144,1.524588
2015-11-26,2.549789,0.000000,0.287204,6.702593
2015-11-27,2.518190,0.000000,0.285502,1.489512
2015-11-28,2.487208,0.000000,0.282018,1.488038
2015-11-29,2.458560,0.000000,0.279313,1.489018
2015-11-30,2.432347,0.000000,0.276826,1.476129
2015-12-01,2.406780,0.000000,0.273383,1.479925
2015-12-02,2.386296,0.000000,0.270390,1.475323
2015-12-03,2.365396,0.000000,0.267909,1.472656
2015-12-04,2.345715,0.000000,0.264604,1.482677
2015-12-05,2.327470,0.000000,0.261495,1.469964
2015-12-06,2.308233,0.000000,0.259049,1.471123
2015-12-07,2.292441,0.000000,0.253413,1.469301
2015-12-08,2.275219,0.000000,0.253667,1.464453
2015-12-09,2.258876,0.000000,0.384455,1.456887
2015-12-10,2.242504,0.000000,0.245557,1.456030
2015-12-11,2.224564,0.000000,0.242996,1.456683
2015-12-12,2.209743,0.000000,0.240545,1.451837
2015-12-13,2.193273,0.000000,0.235693,1.452329
2015-12-14,2.176793,0.000000,0.233040,1.446247
2015-12-15,2.160925,0.000000,0.230513,1.444412
2015-12-16,2.143547,0.000000,0.228701,1.436503
2015-12-17,2.128841,0.000000,0.262440,1.435993
2015-12-18,2.112306,0.000000,0.221105,1.433261
2015-12-19,2.095809,0.000000,0.218204,2.343464
2015-12-20,2.079235,0.000000,0.233302,1.419239
2015-12-21,2.061356,0.000000,0.212452,1.432294
2015-12-22,2.046957,0.000000,0.210237,1.426901
2015-12-23,2.031573,0.000000,0.207792,1.425333
2015-12-24,2.015905,0.000000,0.201836,1.411101
2015-12-25,1.999986,0.000000,0.202791,1.437406
2015-12-26,1.982783,0.000000,0.202491,1.400168
2015-12-27,1.968432,0.000000,0.196860,1.418448
2015-12-28,1.952476,0.000000,0.201180,1.416040
2015-12-29,1.936556,0.000000,0.191404,1.404669
2015-12-30,1.920611,0.000000,0.188539,1.429125
2015-12-31,1.904808,0.000000,0.184332,1.390662
2016-01-01,1.895669,0.000836,0.185401,1.410309
2016-01-02,1.881248,0.000842,0.180882,1.390528
2016-01-03,1.865556,0.000835,0.178840,1.388331
2016-01-04,1.849823,0.000834,0.175766,1.361624
2016-01-05,1.834025,0.000834,0.172916,1.383565
2016-01-06,1.817094,0.000838,0.173349,1.382701
2016-01-07,1.803067,0.000835,0.733817,1.380828
2016-01-08,1.787966,0.000834,0.467904,1.361620
2016-01-09,1.772795,0.000841,0.164754,1.366717
2016-01-10,1.757731,0.000839,0.162395,1.361494
2016-01-11,1.741493,0.000833,0.160157,1.372097
2016-01-12,1.727750,0.000834,0.157827,1.359460
2016-01-13,1.712789,0.000834,0.156015,1.361650
2016-01-14,1.698248,0.000834,0.153829,1.353629
2016-01-15,1.683787,0.000832,0.152306,1.350893
2016-01-16,1.668225,0.000831,0.155101,1.369322
2016-01-17,1.655609,0.000832,0.147876,1.324722
2016-01-18,1.642168,0.000832,0.145119,1.366826
2016-01-19,1.628736,0.000831,0.979689,1.326227
2016-01-20,1.615558,0.000832,3.994094,1.342328
2016-01-21,1.602342,0.000832,3.892801,1.381123
2016-01-22,1.591520,0.000831,0.887068,1.347516
2016-01-23,1.579492,0.000831,0.137332,1.325371
2016-01-24,1.567459,0.000831,0.136553,1.330651
2016-01-25,1.555354,0.000831,0.134194,1.317109
2016-01-26,1.542434,0.000831,0.134626,1.331250
2016-01-27,1.532214,0.000831,0.132412,1.329116
2016-01-28,1.521010,0.000831,0.132296,1.320771
2016-01-29,1.509824,0.000831,0.129822,1.329575
2016-01-30,1.498633,0.000831,0.131308,1.316115
2016-01-31,1.487670,0.000831,0.129706,1.318754
2016-02-01,1.475886,0.000831,0.127491,1.321843
2016-02-02,1.466379,0.000831,0.127001,1.304400
2016-02-03,1.456004,0.000831,0.125395,1.302183
2016-02-04,1.445656,0.000831,0.126673,1.313536
2016-02-05,1.435360,0.000831,0.122859,2.185193
2016-02-06,1.424213,0.000831,0.122097,1.300024
2016-02-07,1.414929,0.000831,0.121192,1.288396
2016-02-08,1.404771,0.000831,0.119417,1.304426
2016-02-09,1.394615,0.000831,0.119606,1.285638
2016-02-10,1.384579,0.000831,0.117939,1.302828
2016-02-11,1.373705,0.000831,0.117016,1.286128
2016-02-12,1.364850,0.000831,0.115724,1.285437
2016-02-13,1.355262,0.000831,0.115233,1.287707
2016-02-14,1.345971,0.000831,0.113134,1.280092
2016-02-15,1.336801,0.000831,0.113755,1.269668
2016-02-16,1.326985,0.000831,0.110832,1.252295
2016-02-17,1.319092,0.000831,0.111351,1.263144
2016-02-18,1.310372,0.000831,0.109736,1.274824
2016-02-19,1.301728,0.000831,0.111121,1.251009
2016-02-20,1.293031,0.000831,0.107498,1.252489
2016-02-21,1.283532,0.000831,0.106171,1.233842
2016-02-22,1.275838,0.000831,0.107267,1.272186
2016-02-23,1.267412,0.000831,0.105434,1.261039
2016-02-24,1.259252,0.000831,0.115639,1.245780
2016-02-25,1.251111,0.000831,0.103385,1.249151
2016-02-26,1.242032,0.000831,0.103805,1.252779
2016-02-27,1.234656,0.000831,0.102897,1.260220
2016-02-28,1.226579,0.000831,0.386897,1.245817
2016-02-29,1.218620,0.000831,0.175332,1.243997
2016-03-01,1.209894,0.000166,0.098869,1.255685
2016-03-02,1.202772,0.000082,0.098090,1.247610
2016-03-03,1.194826,0.000082,0.145683,1.240185
2016-03-04,1.186841,0.000082,0.114321,1.423607
2016-03-05,1.178962,0.000082,0.097547,1.404655
2016-03-06,1.170334,0.000082,0.095400,1.239926
2016-03-07,1.163396,0.000082,0.092704,1.262030
2016-03-08,1.155941,0.000082,0.092829,1.239916
2016-03-09,1.148663,0.000082,0.094505,1.240572
2016-03-10,1.141417,0.000082,0.092085,1.246913
2016-03-11,1.133340,0.000082,0.090239,1.224318
2016-03-12,1.127016,0.000082,0.091335,1.231783
2016-03-13,1.120467,0.000082,0.086555,1.217019
2016-03-14,1.114078,0.000082,0.088116,1.225779
2016-03-15,1.107697,0.000082,0.087309,1.226691
2016-03-16,1.100674,0.000082,0.086305,1.233495
2016-03-17,1.095252,0.000082,2.353810,1.260403
2016-03-18,1.089147,0.000082,1.440734,1.505478
2016-03-19,1.083108,0.000082,0.092516,1.215111
2016-03-20,1.077050,0.000082,0.084148,1.245333
2016-03-21,1.070289,0.000082,0.190912,1.211711
2016-03-22,1.065013,0.000082,0.101498,1.217165
2016-03-23,1.058942,0.000082,0.083963,1.234043
2016-03-24,1.052953,0.000082,0.081346,1.211902
2016-03-25,1.047135,0.000082,0.080245,1.214865
2016-03-26,1.040576,0.000082,0.079891,1.212147
2016-03-27,1.035490,0.000082,0.078454,1.199417
2016-03-28,1.029793,0.000082,0.078772,1.210844
2016-03-29,1.024132,0.000082,0.077335,1.203960
2016-03-30,1.018380,0.000082,0.080379,1.200920
2016-03-31,1.012600,0.000082,0.075293,1.204178
2016-04-01,1.006290,0.000082,0.076297,1.199994
2016-04-02,1.001455,0.000082,0.075553,1.199650
2016-04-03,0.995988,0.000082,0.139487,1.291289
2016-04-04,0.990526,0.000082,0.149335,1.202142
2016-04-05,0.985057,0.000082,0.159045,1.177574
2016-04-06,0.979051,0.000082,0.124789,1.196204
2016-04-07,0.974497,0.000082,0.386087,1.177468
2016-04-08,0.969199,0.000084,0.504853,1.490729
2016-04-09,0.963940,0.000089,0.107627,2.064062
2016-04-10,0.958740,0.000085,1.198634,1.920393
2016-04-11,0.952948,0.000506,0.903877,1.887958
2016-04-12,0.948541,0.000139,1.829588,1.819046
2016-04-13,0.943468,0.000290,1.656203,1.758657
2016-04-14,0.938440,0.000396,1.551055,1.748865
2016-04-15,0.933416,0.000294,2.200028,1.628208
2016-04-16,0.927028,0.000115,1.114953,2.301209
2016-04-17,0.926265,0.000083,0.126212,1.465125
2016-04-18,0.936514,0.000083,0.069917,1.168293
2016-04-19,0.931928,0.000083,0.106201,1.648548
2016-04-20,0.924166,0.000083,0.069917,1.170548
2016-04-21,0.943769,0.000086,0.583578,2.592166
2016-04-22,1.102868,0.000140,1.613315,2.153029
2016-04-23,1.249218,0.147545,1.888426,1.902798
2016-04-24,1.202371,0.345900,1.560020,1.746109
2016-04-25,1.070961,0.578868,2.478291,1.857598
2016-04-26,1.025395,0.813773,2.714363,1.934842
2016-04-27,0.976118,1.370247,1.939872,2.368662
2016-04-28,0.822128,0.361482,0.116462,2.052005
2016-04-29,0.812484,0.019002,0.209129,1.160243
2016-04-30,0.804417,0.003303,0.092798,1.575076
2016-05-01,0.895948,0.028948,0.367964,2.526591
2016-05-02,0.938917,0.528989,0.345709,2.667922
2016-05-03,0.931411,0.683323,0.193499,2.356740
2016-05-04,0.929228,0.883077,0.249975,2.251460
2016-05-05,0.967372,0.972690,0.381119,1.899494
2016-05-06,0.968055,1.036854,0.763207,2.045585
2016-05-07,1.029512,2.508642,2.209214,2.037414
2016-05-08,1.094417,5.778780,2.737454,1.737665
2016-05-09,1.113636,3.551467,2.056217,2.139973
2016-05-10,1.093631,7.838929,2.921927,1.617885
2016-05-11,1.225421,16.673005,2.709080,1.710380
2016-05-12,1.292873,23.096827,3.693554,1.702121
2016-05-13,1.261293,26.248590,3.627831,1.517834
2016-05-14,1.370166,39.341557,4.281975,1.566053
2016-05-15,1.507310,45.761306,3.280824,1.595650
2016-05-16,1.444680,28.951972,1.537860,4.350618
2016-05-17,1.971478,17.981130,3.247276,2.850721
2016-05-18,2.166528,7.514622,4.718723,2.609849
2016-05-19,2.567093,20.296986,4.325455,2.871675
2016-05-20,2.717942,15.099424,2.224471,2.073816
2016-05-21,3.237987,9.503176,3.191905,3.007515
2016-05-22,3.622342,9.796088,3.070095,2.812233
2016-05-23,4.096224,10.331763,3.313489,3.440430
2016-05-24,4.558915,10.008159,2.962064,2.709233
2016-05-25,5.378596,46.036918,4.685445,2.385566
2016-05-26,5.437329,26.625221,4.878660,2.081655
2016-05-27,5.974244,8.735609,4.092258,2.385085
2016-05-28,6.814396,6.858717,3.992746,2.015481
2016-05-29,7.571611,6.337039,4.968816,2.009507
2016-05-30,8.004661,2.006131,4.313164,2.679626
2016-05-31,8.568060,1.841886,3.179916,3.631589
2016-06-01,8.911063,3.595776,5.126509,2.726978
2016-06-02,9.566646,28.484933,12.511638,7.333937
2016-06-03,9.957637,172.135468,21.267552,26.880783
2016-06-04,11.384564,96.124595,8.908656,29.522577
2016-06-05,14.502589,73.613057,7.377774,22.833437
2016-06-06,16.978328,63.036931,7.722318,22.106630
2016-06-07,18.413988,66.133327,9.112941,22.402081
2016-06-08,19.370710,69.380135,16.176844,26.359859
2016-06-09,22.808726,255.025842,52.394496,64.437913
2016-06-10,31.503995,352.171664,53.705840,100.452769
2016-06-11,44.701509,116.690015,17.207557,47.940091
2016-06-12,49.403273,128.245168,26.578040,67.752815
2016-06-13,48.208275,123.442274,13.241423,58.867699
2016-06-14,46.721701,130.128787,10.676797,53.744282
2016-06-15,42.912302,120.026591,9.582622,52.901706
2016-06-16,39.999118,61.867667,10.564839,46.219445
2016-06-17,36.718511,25.049329,9.253257,45.937123
2016-06-18,33.586061,77.527132,15.213414,55.116213
2016-06-19,30.482492,119.967199,23.152393,71.186441
2016-06-20,28.924850,115.853987,9.729378,72.253178
2016-06-21,28.704642,104.440430,7.861537,59.576203
2016-06-22,28.651081,140.975973,12.226882,78.825302
2016-06-23,28.356161,207.106938,11.351904,78.194534
2016-06-24,28.049239,167.085865,7.346328,76.121253
2016-06-25,28.038686,131.039619,8.601872,66.595567
2016-06-26,27.847840,136.161770,6.923834,80.759290
2016-06-27,27.506387,111.392259,6.996638,71.276463
2016-06-28,27.292501,94.174580,9.079723,66.663250
2016-06-29,26.816774,80.001234,8.860741,85.457514
2016-06-30,26.313860,94.533185,8.311654,83.159440
2016-07-01,25.746560,111.718488,8.362880,90.982185
2016-07-02,25.124282,123.769332,9.478013,99.261100
2016-07-03,24.589619,118.565674,9.401177,102.941144
2016-07-04,24.297421,108.707447,8.804486,91.626450
2016-07-05,23.930298,74.914761,11.189736,58.136070
2016-07-06,24.209525,106.015637,15.491124,100.601922
2016-07-07,23.829366,108.694736,12.400544,115.135009
2016-07-08,24.241032,106.208296,11.400651,105.692157
2016-07-09,23.686607,96.149969,10.530085,67.932701
2016-07-10,22.808046,79.894264,12.503610,87.190510
2016-07-11,22.370097,109.647403,10.798202,95.208464
2016-07-12,21.081340,97.346195,10.549753,81.589392
2016-07-13,20.575797,90.933997,8.757634,94.339458
2016-07-14,19.792688,85.085942,8.721769,84.191856
2016-07-15,19.258446,99.245036,7.784126,72.479983
2016-07-16,18.556608,125.131561,11.228496,126.126286
2016-07-17,18.008271,159.371937,12.368359,132.749966
2016-07-18,17.848106,160.783805,10.477280,121.395064
2016-07-19,17.507568,182.730384,10.475497,121.020548
2016-07-20,17.681288,164.378087,10.180732,123.421538
2016-07-21,17.578827,141.013477,10.003972,115.340919
2016-07-22,17.244349,139.291902,10.141763,141.350508
2016-07-23,17.140540,179.931690,11.679356,138.338637
2016-07-24,16.439677,181.128866,10.840055,152.464317
2016-07-25,16.228256,229.164271,10.865624,138.887060
2016-07-26,15.443400,161.334122,9.547884,121.362790
2016-07-27,14.934047,150.673602,8.957010,119.784994
2016-07-28,15.421609,148.814775,8.703219,117.782311
2016-07-29,13.946504,153.570881,8.731784,111.675487
2016-07-30,13.641538,154.247615,8.123220,100.125668
2016-07-31,13.068271,139.239652,8.499637,86.997339
2016-08-01,12.229246,99.062846,8.902995,93.488681
2016-08-02,11.621844,106.250738,8.650735,106.372536
2016-08-03,10.921458,109.018666,8.552074,94.100378
2016-08-04,10.294396,103.061304,7.685729,85.292253
2016-08-05,9.710134,90.396646,7.194716,67.264015
2016-08-06,9.352485,97.217570,7.196850,75.691611
2016-08-07,9.210063,148.018516,7.830014,97.803012
2016-08-08,8.851270,143.814160,9.326758,95.480349
2016-08-09,8.713790,215.376275,9.129840,120.819451
2016-08-10,8.430715,211.407235,6.575925,99.374691
2016-08-11,7.674408,165.121067,6.014858,119.958318
2016-08-12,7.173188,100.325014,5.402598,78.073562
2016-08-13,7.056941,134.810265,8.331951,98.181040
2016-08-14,6.653693,128.150661,19.863707,143.778988
2016-08-15,6.546764,162.761465,12.974173,125.580366
2016-08-16,6.322523,92.997943,6.300182,80.377157
2016-08-17,6.133134,101.561174,7.228261,101.458235
2016-08-18,5.997920,98.506481,5.960832,76.132600
2016-08-19,5.831454,95.581641,5.709126,79.467895
2016-08-20,5.560424,78.319201,5.820186,92.581464
2016-08-21,5.418107,65.253828,3.908330,50.876438
2016-08-22,5.429897,83.992780,4.282534,59.557754
2016-08-23,5.384324,97.803924,4.932731,82.659058
2016-08-24,5.208387,90.712893,4.670332,70.213605
2016-08-25,5.123378,88.737162,3.136090,36.671767
2016-08-26,5.065686,102.876159,7.438945,95.985043
2016-08-27,4.880374,75.798154,4.238756,58.064936
2016-08-28,4.700074,64.915921,3.779098,38.194797
2016-08-29,4.589040,58.880335,3.758056,36.984155
2016-08-30,4.591458,30.932722,4.978239,25.615243
2016-08-31,4.294120,37.291521,3.752025,37.382658
2016-09-01,4.203728,41.389836,3.515746,19.932482
2016-09-02,4.121401,42.264648,3.513790,19.685390
2016-09-03,4.039029,28.254010,3.682101,19.289847
2016-09-04,3.959350,23.148221,4.577175,32.018634
2016-09-05,4.195572,12.331689,3.784545,27.265531
2016-09-06,3.850058,34.548038,3.660313,23.967089
2016-09-07,3.848059,25.417263,3.494138,28.563458
2016-09-08,3.801244,19.636098,3.440778,35.401797
2016-09-09,3.610236,25.421070,4.034818,18.430553
2016-09-10,3.535571,37.663621,3.637343,27.688853
2016-09-11,3.461468,36.665368,2.925020,14.637318
2016-09-12,3.400914,19.938222,2.978627,4.000221
2016-09-13,3.337466,30.813043,14.009600,32.135959
2016-09-14,3.410472,84.331804,21.174974,59.422643
2016-09-15,3.311466,33.941337,2.634376,39.005894
2016-09-16,3.114904,18.730658,1.086879,16.697866
2016-09-17,3.299652,12.283493,2.448609,16.005342
2016-09-18,3.106312,9.818459,1.939699,12.180436
2016-09-19,2.968065,4.722666,1.370294,7.585354
2016-09-20,2.879262,1.582006,1.128429,3.076895
2016-09-21,3.028910,0.537111,1.194275,2.574373
2016-09-22,2.833653,0.032427,0.675178,3.547641
2016-09-23,2.821332,0.032493,0.656422,3.607991
2016-09-24,2.817877,0.173332,0.639118,3.133015
2016-09-25,2.826906,0.081299,0.615861,3.254065
2016-09-26,2.841454,0.052605,0.592973,2.797285
2016-09-27,2.862498,0.050580,0.571557,2.482975
2016-09-28,2.880979,0.023367,0.549639,1.951216
2016-09-29,2.898440,0.059155,0.533112,1.843956
2016-09-30,2.913423,0.271665,0.507935,2.588323
2016-10-01,3.268982,0.066841,0.605195,1.757730
2016-10-02,3.622966,0.028369,1.852206,1.756307
2016-10-03,3.098210,2.152338,14.015797,5.903931
2016-10-04,2.968459,20.374021,16.300398,23.826784
2016-10-05,2.960056,6.467766,10.605481,25.142514
2016-10-06,3.017697,6.104008,1.761299,16.792785
2016-10-07,2.849120,23.803554,8.404465,19.528502
2016-10-08,2.801795,27.684496,6.689241,21.330133
2016-10-09,2.820889,2.270302,1.165006,7.682968
2016-10-10,2.732117,1.613472,2.268885,7.848557
2016-10-11,2.702981,0.218657,0.639397,1.895071
2016-10-12,2.715421,0.010042,0.636542,1.845054
2016-10-13,2.762317,0.033645,0.659275,1.730479
2016-10-14,2.823699,0.110173,0.657430,1.850094
2016-10-15,2.884508,0.189347,2.081180,3.379016
2016-10-16,3.078215,0.159105,1.538417,6.248170
2016-10-17,3.010426,0.050314,0.678837,1.958340
2016-10-18,3.054507,0.021143,0.762207,1.752349
2016-10-19,3.089724,0.030788,0.704012,1.822435
2016-10-20,3.119125,0.022452,0.608185,1.716969
2016-10-21,3.140745,0.009017,0.816247,1.770210
2016-10-22,3.162471,0.005723,0.657069,1.695435
2016-10-23,3.180699,0.018926,0.580951,1.704362
2016-10-24,3.191528,0.018695,0.569662,1.707392
2016-10-25,3.778745,0.009353,0.589629,1.696274
2016-10-26,3.193037,0.000128,0.542323,1.696171
2016-10-27,3.191062,0.000091,0.528786,1.687303
2016-10-28,3.182057,0.000091,0.515226,1.689502
2016-10-29,3.170691,0.007731,0.502184,1.676579
2016-10-30,3.156848,0.021791,0.488226,1.669705
2016-10-31,3.139048,0.018331,1.840818,1.750583
2016-11-01,3.129526,0.013601,1.191161,1.741269
2016-11-02,3.117689,0.018016,0.449316,1.666652
2016-11-03,3.087956,0.007779,0.564845,1.669631
2016-11-04,3.055545,0.014652,1.099804,1.647074
2016-11-05,3.023552,0.004217,2.664203,1.706976
2016-11-06,2.991415,0.011375,1.192833,1.712978
2016-11-07,2.964717,0.000970,0.406552,1.693488
2016-11-08,2.936737,0.007436,0.401610,1.638159
2016-11-09,2.909489,0.000756,0.401512,1.634749
2016-11-10,2.882953,0.003228,0.397897,1.628614
2016-11-11,2.854619,0.000305,0.395237,1.637695
2016-11-12,2.831119,0.000093,0.393211,1.635466
2016-11-13,2.805931,0.000124,0.398256,1.615361
2016-11-14,2.780564,0.000529,0.391140,1.614624
2016-11-15,2.755022,0.010187,0.381827,1.604459
2016-11-16,2.727441,0.017908,0.377928,1.616812
2016-11-17,2.703795,0.016153,0.372477,1.601303
2016-11-18,2.678286,0.014317,0.399302,1.605027
2016-11-19,2.652606,0.012366,0.363479,1.614383
2016-11-20,2.627518,0.011722,0.358235,1.591621
2016-11-21,2.600648,0.006736,0.459230,1.603467
2016-11-22,2.577823,0.012879,0.602231,1.599819
2016-11-23,2.554431,0.002669,1.401147,1.615911
2016-11-24,2.531355,0.000216,0.352968,1.592337
2016-11-25,2.508033,0.000213,0.335850,1.588474
2016-11-26,2.482925,0.000213,1.021422,1.585139
2016-11-27,2.461830,0.000212,1.502270,1.585169
2016-11-28,2.439380,0.000211,0.324645,1.559710
2016-11-29,2.417000,0.000215,0.321094,1.564872
2016-11-30,2.394615,0.000210,0.314196,1.572485
2016-12-01,2.370484,0.000209,0.312662,1.564258
2016-12-02,2.349835,0.000210,0.308232,1.564176
2016-12-03,2.327696,0.000211,0.307043,1.534555
2016-12-04,2.305834,0.000210,0.310383,1.564583
2016-12-05,2.283962,0.000209,1.973761,1.574236
2016-12-06,2.268757,3.365622,7.405380,1.569457
2016-12-07,2.279624,2.955687,3.514261,1.550406
2016-12-08,2.127004,0.026253,0.969915,1.537639
2016-12-09,2.055587,0.000182,0.340023,1.544379
2016-12-10,2.031814,0.000100,0.670809,1.527769
2016-12-11,2.027388,0.000119,0.474839,1.539717
2016-12-12,2.038956,0.000111,0.454298,1.525421
2016-12-13,2.055332,0.000083,0.383030,1.518132
2016-12-14,2.073784,0.000082,0.387115,1.515530
2016-12-15,2.091346,0.000082,0.395413,1.514687
2016-12-16,2.106309,0.000082,0.396716,1.516827
2016-12-17,2.122339,0.000082,0.399132,1.504910
2016-12-18,2.134929,0.000082,0.397946,1.509079
2016-12-19,2.145607,0.000082,0.393624,1.501854
2016-12-20,2.153882,0.000082,0.391438,1.498391
2016-12-21,2.158602,0.000082,0.390227,1.496176
2016-12-22,2.164356,0.000082,0.387441,1.502030
2016-12-23,2.166586,0.000082,0.383559,1.492240
2016-12-24,2.166720,0.000082,0.381632,1.487685
2016-12-25,2.165406,0.000082,0.377842,1.498469
2016-12-26,2.161463,0.000082,0.375368,1.479614
2016-12-27,2.159173,0.000082,0.372034,1.491989
2016-12-28,2.154495,0.000082,0.367436,1.487696
2016-12-29,2.149183,0.000082,0.364766,1.488020
2016-12-30,2.142729,0.000082,0.360168,1.483698
2016-12-31,2.135560,0.000082,0.357498,1.484006
2017-01-01,2.127169,0.000000,0.766027,1.473842
2017-01-02,2.119266,0.000000,0.349530,1.487560
2017-01-03,2.109304,0.000000,0.344203,1.468062
2017-01-04,2.098554,0.000000,0.340521,1.486714
2017-01-05,2.086957,0.000000,0.335498,1.482355
2017-01-06,2.073189,0.000000,0.350975,1.459902
2017-01-07,2.061783,0.000000,0.328194,1.474249
2017-01-08,2.048456,0.000000,0.324359,1.447720
2017-01-09,2.034708,0.000000,0.315835,1.452038
2017-01-10,2.020997,0.000000,0.312898,1.454314
2017-01-11,2.005533,0.000000,0.310602,1.455421
2017-01-12,1.992512,0.000000,0.304545,1.446045
2017-01-13,1.978055,0.000000,0.300756,1.454756
2017-01-14,1.963430,0.000000,0.298765,1.433892
2017-01-15,1.948419,0.000000,0.290592,1.447041
2017-01-16,1.931801,0.000000,0.287258,1.441703
2017-01-17,1.917668,0.000000,0.284500,1.422884
2017-01-18,1.902082,0.000000,0.277902,1.442710
2017-01-19,1.886828,0.000000,0.275859,1.432438
2017-01-20,1.871452,0.000000,0.269803,1.432097
2017-01-21,1.854752,0.000000,0.266585,1.425442
2017-01-22,1.840737,0.000000,0.264421,1.440472
2017-01-23,1.825112,0.000000,0.511837,1.424791
2017-01-24,1.809465,0.000000,0.254068,1.421613
2017-01-25,1.794057,0.000000,0.249390,1.432471
2017-01-26,1.777423,0.000000,0.246344,2.141982
2017-01-27,1.763309,0.000000,0.240718,1.421718
2017-01-28,1.747975,0.000000,0.238563,1.428699
2017-01-29,1.732756,0.000000,0.233567,1.418763
2017-01-30,1.717834,0.000000,0.233180,1.414299
2017-01-31,1.703262,0.000000,0.226449,1.390789
2017-02-01,1.688011,0.000000,0.226581,1.391917
2017-02-02,1.675394,0.000000,0.219989,1.399661
2017-02-03,1.661377,0.000000,0.215542,1.378203
2017-02-04,1.647300,0.000000,0.213384,1.385843
2017-02-05,1.633472,0.000000,0.233211,1.371059
2017-02-06,1.618499,0.000000,0.206830,1.377020
2017-02-07,1.606078,0.000000,0.203423,1.403954
2017-02-08,1.592714,0.000000,0.203568,1.383729
2017-02-09,1.579675,0.000000,0.196420,1.367285
2017-02-10,1.567585,0.000000,0.193553,1.383190
2017-02-11,1.554932,0.000000,0.245883,1.396065
2017-02-12,1.544481,0.000000,0.186948,1.383963
2017-02-13,1.533143,0.000000,0.184941,1.356653
2017-02-14,1.522006,0.000000,0.182934,1.350697
2017-02-15,1.511147,0.000000,0.179080,1.337455
2017-02-16,1.499672,0.000000,0.177593,1.371140
2017-02-17,1.490369,0.000000,0.199304,1.340545
2017-02-18,1.480152,0.000000,0.174655,1.358738
2017-02-19,1.470065,0.000000,0.168721,1.359079
2017-02-20,1.459988,0.000000,0.167861,1.343769
2017-02-21,1.448848,0.000000,0.163927,1.339645
2017-02-22,1.439571,0.000000,0.161257,1.347671
2017-02-23,1.429270,0.000000,0.160253,1.344974
2017-02-24,1.419070,0.000000,0.158130,1.330243
2017-02-25,1.408997,0.000000,0.153764,1.336070
2017-02-26,1.398026,0.000000,0.153193,1.338452
2017-02-27,1.389041,0.000000,0.151122,1.333956
2017-02-28,1.379222,0.000000,0.150677,1.351065
2017-03-01,1.368485,0.000000,0.146415,1.319996
2017-03-02,1.359631,0.000000,0.143802,1.318427
2017-03-03,1.349873,0.000000,0.144422,1.330696
2017-03-04,1.340146,0.000000,0.139384,1.314622
2017-03-05,1.330407,0.000000,0.138316,1.322031
2017-03-06,1.319800,0.000000,0.135450,1.321661
2017-03-07,1.311217,0.000000,0.133955,1.303796
2017-03-08,1.302086,0.000000,0.132231,1.320930
2017-03-09,1.293143,0.000000,0.129849,1.311275
2017-03-10,1.284204,0.000000,0.127178,1.318295
2017-03-11,1.274355,0.000000,0.126722,1.314047
2017-03-12,1.266186,0.000000,0.131089,1.320999
2017-03-13,1.257213,0.000000,0.122500,1.317506
2017-03-14,1.248567,0.000000,0.121121,1.431278
2017-03-15,1.240103,0.000000,0.119434,1.299122
2017-03-16,1.230816,0.000000,0.118110,1.317925
2017-03-17,1.223195,0.000000,0.116784,1.317111
2017-03-18,1.214638,0.000000,0.113337,1.303331
2017-03-19,1.206234,0.000000,0.112509,1.306669
2017-03-20,1.198040,0.000000,0.111102,1.308543
2017-03-21,1.189192,0.000000,0.109723,1.294574
2017-03-22,1.182026,0.000000,0.108719,1.407766
2017-03-23,1.174007,0.000000,0.116668,1.302761
2017-03-24,1.165919,0.000000,0.106049,1.307037
2017-03-25,1.157907,0.000000,0.103234,1.295199
2017-03-26,1.149427,0.000000,0.103962,1.309767
2017-03-27,1.142686,0.000000,0.100996,1.296653
2017-03-28,1.135185,0.000000,0.106687,1.417648
2017-03-29,1.127733,0.000000,0.098440,1.294937
2017-03-30,1.120343,0.000000,0.095885,1.293567
2017-03-31,1.112866,0.000000,0.097321,1.260821
2017-04-01,1.104769,0.000000,0.094218,1.274401
2017-04-02,1.098832,0.000000,0.095083,1.291517
2017-04-03,1.092582,0.000000,0.090572,1.288551
2017-04-04,1.086479,0.000000,0.092564,1.297951
2017-04-05,1.080477,0.000000,0.133796,1.284359
2017-04-06,1.073851,0.000000,0.089108,1.309147
2017-04-07,1.068949,0.000000,0.086667,1.291983
2017-04-08,1.063470,0.000000,0.087931,1.305704
2017-04-09,1.057914,0.000000,0.085375,1.523167
2017-04-10,1.052349,0.000000,0.088657,1.311843
2017-04-11,1.046047,0.000000,0.167678,1.831698
2017-04-12,1.041171,0.000000,0.291330,1.291009
2017-04-13,1.035585,0.000000,0.079867,1.284900
2017-04-14,1.030099,0.000000,0.078771,1.308069
2017-04-15,1.024597,0.000000,0.081161,1.297641
2017-04-16,1.018364,0.000000,0.077196,1.300378
2017-04-17,1.013590,0.000000,0.096006,1.289991
2017-04-18,1.008096,0.000000,0.075385,1.287485
2017-04-19,1.002500,0.000000,0.075529,1.292795
2017-04-20,0.996946,0.000000,0.074381,1.284083
2017-04-21,0.990983,0.000000,0.201565,1.289821
2017-04-22,0.986547,0.000000,0.076729,1.847258
2017-04-23,0.981471,0.000000,0.085865,2.219268
2017-04-24,0.976437,0.000000,0.145514,1.520603
2017-04-25,0.971359,0.000000,0.676447,2.078362
2017-04-26,0.965616,0.000000,0.308020,1.923827
2017-04-27,0.961230,0.000000,0.071240,1.345859
2017-04-28,0.956160,0.000000,0.073227,1.275136
2017-04-29,0.951089,0.000000,0.413203,2.170542
2017-04-30,0.946113,0.000000,0.300212,1.554874
2017-05-01,0.940484,0.000000,1.014223,2.212091
2017-05-02,0.936266,0.000000,2.075671,2.614128
2017-05-03,0.931430,0.000000,5.901327,1.779256
2017-05-04,0.925664,0.000000,8.045249,1.827084
2017-05-05,0.945813,1.308467,7.593028,1.824301
2017-05-06,0.910682,2.512177,3.125848,2.023065
2017-05-07,0.839153,1.970245,2.104806,1.641558
2017-05-08,0.799732,3.324941,2.909403,1.560234
2017-05-09,0.776453,7.629976,6.916500,1.614637
2017-05-10,0.748470,5.140988,2.592492,2.122894
2017-05-11,0.752363,2.694245,2.661813,1.699174
2017-05-12,0.818049,0.578327,1.275788,1.852789
2017-05-13,0.908718,0.003282,1.062086,1.693531
2017-05-14,1.010883,0.037506,2.318558,2.070655
2017-05-15,1.125927,4.233733,4.830755,1.999323
2017-05-16,1.177421,7.943437,2.561977,1.747689
2017-05-17,1.250519,13.522977,3.594694,1.961740
2017-05-18,1.360924,11.889028,3.200231,2.364301
2017-05-19,1.505603,28.931720,4.572107,3.234208
2017-05-20,1.652282,32.585573,4.285440,2.720672
2017-05-21,1.948765,49.068752,4.638292,2.529466
2017-05-22,2.364195,56.838881,3.990458,2.929302
2017-05-23,2.783308,44.960841,5.026153,2.426978
2017-05-24,3.358107,33.514858,4.903890,11.591969
2017-05-25,4.059215,34.384560,4.416700,10.806756
2017-05-26,4.684973,16.004528,3.105382,20.078578
2017-05-27,5.219577,3.476153,1.941526,17.592560
2017-05-28,6.446646,5.905943,2.331776,15.183295
2017-05-29,6.595263,15.764974,2.562561,12.958985
2017-05-30,7.461195,14.449308,2.874772,15.872191
2017-05-31,8.712531,4.048244,2.071258,3.246321
2017-06-01,9.048179,7.851215,2.901715,11.117407
2017-06-02,9.797330,11.911013,3.561854,12.521330
2017-06-03,10.217400,34.439124,3.965222,24.549048
2017-06-04,10.272506,45.109378,3.352221,22.013622
2017-06-05,10.804965,47.378223,4.726957,26.811962
2017-06-06,10.149770,57.725414,5.244744,24.126559
2017-06-07,10.385306,57.612850,5.943389,29.831076
2017-06-08,10.284067,55.808740,5.497038,39.590900
2017-06-09,10.300239,50.910735,6.238163,37.868165
2017-06-10,10.192826,34.699819,6.419542,34.126346
2017-06-11,10.020353,44.217636,6.289386,33.327153
2017-06-12,9.802443,50.680482,7.495855,42.603039
2017-06-13,9.615671,51.008007,6.700729,34.053807
2017-06-14,9.499454,54.776833,7.477886,29.655148
2017-06-15,9.446976,81.487827,8.248305,36.576238
2017-06-16,9.386539,93.114962,8.926167,36.123980
2017-06-17,9.625100,69.039476,9.838293,46.705004
2017-06-18,10.192067,93.670935,10.960486,45.173843
2017-06-19,10.771179,91.101154,9.797931,42.543350
2017-06-20,11.133075,69.784259,10.390242,48.226274
2017-06-21,11.562357,76.520721,10.516610,43.760822
2017-06-22,12.000144,80.678734,10.806795,44.128303
2017-06-23,12.425776,89.016065,11.089381,48.684338
2017-06-24,12.822942,104.833232,11.547733,50.921678
2017-06-25,13.106674,104.494062,11.627224,53.934980
2017-06-26,13.132330,62.641869,9.504570,43.903551
2017-06-27,14.135073,81.770406,10.825304,70.293709
2017-06-28,14.653545,107.977548,11.046255,64.745150
2017-06-29,15.581385,99.015150,10.086560,64.199453
2017-06-30,15.891085,83.070139,9.490572,60.022844
2017-07-01,16.171329,90.666056,9.765774,62.585353
2017-07-02,16.267260,210.554058,13.755559,86.341699
2017-07-03,15.657304,122.273024,9.488445,85.448674
2017-07-04,15.901551,55.367454,9.244141,52.565155
2017-07-05,16.320742,57.900701,6.505664,82.343385
2017-07-06,16.085584,77.526171,5.354569,65.052330
2017-07-07,15.647099,91.485118,6.096085,67.968432
2017-07-08,14.968789,111.877858,7.799501,91.890162
2017-07-09,14.697231,123.957595,7.121245,108.278901
2017-07-10,14.426954,114.629731,7.102746,95.968638
2017-07-11,14.153074,91.269166,5.334266,60.677346
2017-07-12,14.114505,124.122816,7.688754,119.623211
2017-07-13,13.365129,84.036002,13.080634,77.511272
2017-07-14,13.256171,63.681331,8.126978,78.642718
2017-07-15,13.238260,86.108331,5.431731,109.556286
2017-07-16,12.534570,66.263470,6.492679,99.641921
2017-07-17,12.242673,55.761567,5.358300,79.797946
2017-07-18,12.082263,66.876418,5.968581,92.188930
2017-07-19,12.163015,143.130838,6.763192,107.178930
2017-07-20,12.084365,161.799693,6.982228,146.051573
2017-07-21,11.855533,114.619950,7.520255,117.277395
2017-07-22,11.898325,111.070035,6.356753,105.705879
2017-07-23,11.835027,96.192949,6.833839,94.864177
2017-07-24,11.475059,151.265595,14.589236,61.737457
2017-07-25,11.150612,126.389404,4.841600,93.002863
2017-07-26,11.197249,249.006599,26.774992,160.294713
2017-07-27,10.833123,299.400251,6.312277,163.613218
2017-07-28,10.250433,167.942812,4.539488,108.219597
2017-07-29,10.194863,154.952741,4.967583,113.806098
2017-07-30,9.953072,147.642283,6.369127,107.892276
2017-07-31,9.755910,152.715821,5.967026,105.852849
2017-08-01,9.399756,131.621344,6.161525,105.866881
2017-08-02,9.138255,119.517561,6.202911,102.382781
2017-08-03,8.854357,139.736858,6.611127,100.183342
2017-08-04,8.551195,133.725420,6.437637,92.829259
2017-08-05,8.532464,128.520038,6.360634,96.053439
2017-08-06,8.135810,112.497585,7.458367,98.545054
2017-08-07,8.393646,208.608950,6.709060,143.709077
2017-08-08,8.601045,313.357456,7.518464,186.275727
2017-08-09,7.554974,129.722677,7.007032,79.675575
2017-08-10,7.348904,122.911677,6.190522,105.684452
2017-08-11,7.089006,164.592400,6.539433,99.750072
2017-08-12,6.663121,112.582352,6.310206,94.621931
2017-08-13,6.430320,121.674922,6.493139,85.049319
2017-08-14,6.171178,111.006097,6.045416,82.394548
2017-08-15,5.899752,84.620674,5.469455,71.735999
2017-08-16,5.779531,92.299182,5.682459,71.966400
2017-08-17,5.624968,104.937994,6.402848,75.619928
2017-08-18,5.360929,71.949826,6.287854,45.793867
2017-08-19,5.285638,97.666843,6.156483,74.100491
2017-08-20,5.318756,136.357871,6.204202,90.342585
2017-08-21,5.071802,105.864285,5.400236,64.336541
2017-08-22,4.844805,73.720378,10.285737,66.022203
2017-08-23,4.840860,72.119207,5.870005,68.634718
2017-08-24,4.777369,107.932408,4.647710,88.406532
2017-08-25,4.660614,110.535082,5.615167,91.208294
2017-08-26,4.488769,102.282392,3.391968,84.204188
2017-08-27,4.266566,91.055888,3.910954,63.706080
2017-08-28,4.090869,72.304041,3.434584,63.190200
2017-08-29,4.272849,130.325485,3.858548,70.563267
2017-08-30,4.907545,330.770862,5.684808,154.759245
2017-08-31,4.706490,351.088105,5.232723,146.134865
2017-09-01,4.282665,192.595523,4.395251,84.279341
2017-09-02,4.022134,113.323423,3.713053,62.513468
2017-09-03,3.756063,57.729628,2.809798,27.073452
2017-09-04,3.683267,39.710224,2.818869,6.178651
2017-09-05,3.730204,43.416557,3.775029,24.567660
2017-09-06,3.725431,43.993105,3.245651,45.446539
2017-09-07,3.879186,108.199390,3.982038,58.742067
2017-09-08,3.645827,42.869469,5.392944,30.204331
2017-09-09,3.683602,17.258966,4.427027,30.411321
2017-09-10,3.830699,15.941449,2.946957,15.611391
2017-09-11,3.465963,9.610928,2.200874,5.312598
2017-09-12,3.441264,19.266090,2.937937,10.417684
2017-09-13,3.318332,18.304027,2.439880,11.234179
2017-09-14,3.998093,162.282690,15.761665,93.602115
2017-09-15,3.909433,279.761418,8.791154,77.626585
2017-09-16,2.914208,32.397161,1.268603,19.218822
2017-09-17,3.167538,13.356932,1.169505,3.100827
2017-09-18,3.005323,10.989054,1.635105,17.778556
2017-09-19,3.009810,7.962581,0.796827,3.991554
2017-09-20,3.101580,6.501706,0.919977,3.759758
2017-09-21,3.185680,6.050519,1.233225,3.824214
2017-09-22,3.265487,7.992852,1.187150,6.496669
2017-09-23,3.467364,3.358854,1.151903,2.215164
2017-09-24,5.376994,0.680982,0.753918,2.054103
2017-09-25,3.736123,0.093600,0.702231,1.841691
2017-09-26,3.507227,21.669950,3.845031,2.508981
2017-09-27,3.561033,2.345661,1.506689,1.991729
2017-09-28,3.518740,0.158531,1.036014,2.085571
2017-09-29,3.372607,0.071880,0.569841,1.961954
2017-09-30,3.372415,0.006296,0.568267,1.888221
2017-10-01,3.389182,0.003388,0.545478,1.825758
2017-10-02,3.449595,2.648692,3.032452,2.007565
2017-10-03,3.445029,0.483212,0.906663,1.849006
2017-10-04,3.423554,0.023257,0.512072,1.974512
2017-10-05,3.443016,0.004792,1.372530,2.183173
2017-10-06,3.526603,0.180247,2.879402,2.037279
2017-10-07,3.709406,0.612695,1.181922,2.003129
2017-10-08,3.761832,0.052295,0.973210,1.786906
2017-10-09,3.570563,0.003498,0.613672,1.943263
2017-10-10,3.593594,0.003493,0.463785,1.769530
2017-10-11,3.678742,0.003406,0.705495,1.871630
2017-10-12,3.683782,0.003371,3.021149,1.756151
2017-10-13,3.891927,0.003529,0.474690,1.759152
2017-10-14,3.692338,0.003421,0.430517,1.756423
2017-10-15,3.697860,0.003433,0.500946,1.749220
2017-10-16,3.697898,0.003462,0.709491,1.796549
2017-10-17,4.037705,0.066682,0.460538,2.314641
2017-10-18,3.699339,0.006853,0.451194,1.783834
2017-10-19,3.691216,0.003401,0.410317,1.811197
2017-10-20,3.676542,0.003385,0.406095,1.785508
2017-10-21,3.655986,0.003446,0.840294,1.727158
2017-10-22,3.638185,0.003426,1.236334,1.733078
2017-10-23,3.615867,0.003414,0.391987,1.707972
2017-10-24,3.591698,0.003415,0.782186,1.823678
2017-10-25,3.566423,0.003444,0.383082,1.705144
2017-10-26,3.536666,17.148885,1.867048,2.119024
2017-10-27,5.367912,146.131972,3.117149,5.726343
2017-10-28,3.504483,32.110627,0.504400,1.909074
2017-10-29,3.343529,0.570696,0.370825,1.709214
2017-10-30,3.484371,4.339983,0.406628,1.699367
2017-10-31,3.287204,0.911711,0.363603,1.741091
2017-11-01,3.283419,0.015527,0.536456,1.696405
2017-11-02,4.235117,0.003478,0.356959,1.691323
2017-11-03,3.292914,0.003396,0.351040,1.681240
2017-11-04,3.295248,0.003411,0.346346,1.685253
2017-11-05,3.295657,0.003475,0.464663,1.681143
2017-11-06,3.290646,0.003363,0.339828,1.670272
2017-11-07,3.286248,0.003407,0.339282,1.675089
2017-11-08,3.275817,0.003510,0.333282,1.679318
2017-11-09,3.263232,0.003417,0.328904,1.670107
2017-11-10,3.248577,0.003415,0.325934,1.668530
2017-11-11,3.228775,0.003460,0.322675,1.671730
2017-11-12,3.210793,0.003524,0.320942,1.665846
2017-11-13,3.187695,0.003416,0.314467,1.652956
2017-11-14,3.162288,0.003428,0.313879,1.638541
2017-11-15,3.135889,0.003428,0.308468,1.652933
2017-11-16,3.105636,0.003426,0.306160,1.638095
2017-11-17,3.078189,0.003429,0.302865,1.651196
2017-11-18,3.047615,0.003429,0.299706,1.643675
2017-11-19,3.016103,0.003428,0.296367,1.636499
2017-11-20,2.983660,0.003428,0.292912,1.640865
2017-11-21,2.949448,0.003426,0.290431,1.646353
2017-11-22,2.918588,0.003428,0.287815,1.629744
2017-11-23,2.885297,0.003428,0.301507,1.626710
2017-11-24,2.853096,0.003428,0.284076,1.628374
2017-11-25,2.822204,0.003429,1.517919,1.608424
2017-11-26,2.789093,0.003427,0.608430,1.611404
2017-11-27,2.759780,0.003431,0.419245,1.620370
2017-11-28,2.728631,0.003427,3.131148,1.621207
2017-11-29,2.695335,0.089865,3.427443,1.638783
2017-11-30,2.678524,0.033009,0.915979,1.620424
2017-12-01,2.654426,0.003710,0.280864,1.597458
2017-12-02,2.614237,0.003426,0.261856,1.599696
2017-12-03,2.570691,0.003418,0.272231,1.579558
2017-12-04,2.529907,0.003427,0.264163,1.593437
2017-12-05,2.492183,0.003427,0.264296,1.586306
2017-12-06,2.455154,0.003414,0.262680,1.593488
2017-12-07,2.424094,0.003417,0.262738,1.572837
2017-12-08,2.393661,0.003418,0.361686,1.585021
2017-12-09,2.365710,0.003420,1.958510,1.580033
2017-12-10,2.339987,0.003421,0.920403,1.591361
2017-12-11,2.314300,0.003418,0.457549,1.558290
2017-12-12,2.292983,0.003424,0.313625,1.541702
2017-12-13,2.271008,0.003416,0.264324,1.562011
2017-12-14,2.249842,0.003454,0.265633,1.536235
2017-12-15,2.229484,0.003415,0.266978,1.536780
2017-12-16,2.208429,0.003415,0.275605,1.529455
2017-12-17,2.191203,0.003421,0.267623,1.531001
2017-12-18,2.172408,0.003433,0.268968,1.533141
2017-12-19,2.153751,0.003426,0.267266,1.524511
2017-12-20,2.135633,0.003425,0.267491,1.517069
2017-12-21,2.116370,0.003420,0.265824,1.530040
2017-12-22,2.100312,0.003445,0.264237,1.525439
2017-12-23,2.083114,0.003422,0.263747,1.520273
2017-12-24,2.066321,0.003416,0.261129,1.523582
2017-12-25,2.049803,0.003416,0.260473,1.506825
2017-12-26,2.031793,0.003414,0.259086,1.520378
2017-12-27,2.016478,0.003417,0.270130,1.522031
2017-12-28,1.999653,0.003418,0.257385,1.514064
2017-12-29,1.982923,0.003417,0.253820,1.515143
2017-12-30,1.966319,0.003427,0.250197,1.507270
2017-12-31,1.949782,0.003427,0.250197,1.510181
2018-01-01,1.932793,0.005877,0.248300,1.510502
2018-01-02,1.918491,0.009658,0.247261,1.502766
2018-01-03,1.902825,0.000925,0.245709,1.505095
2018-01-04,1.887086,0.000919,0.242664,1.498756
2018-01-05,1.871868,0.000922,0.241597,1.515998
2018-01-06,1.855654,0.000921,0.240218,1.495346
2018-01-07,1.842295,0.000922,0.236740,1.514201
2018-01-08,1.827755,0.000922,0.236509,1.481914
2018-01-09,1.813277,0.000922,0.233175,1.493975
2018-01-10,1.799167,0.000922,0.404256,1.492927
2018-01-11,1.783866,0.000921,0.232400,1.474162
2018-01-12,1.770993,0.000922,0.228203,1.483731
2018-01-13,1.756875,0.000922,0.225532,1.484302
2018-01-14,1.742802,0.000922,0.224413,1.482373
2018-01-15,1.728975,0.000922,0.221938,1.476415
2018-01-16,1.713974,0.000921,0.220819,1.477038
2018-01-17,1.701911,0.000922,0.218229,1.478393
2018-01-18,1.688891,0.000922,0.216106,1.476552
2018-01-19,1.676075,0.000919,0.213436,1.498459
2018-01-20,1.663537,0.000922,0.214594,1.450388
2018-01-21,1.650021,0.000921,0.211314,1.468754
2018-01-22,1.639240,0.000922,0.207171,1.442408
2018-01-23,1.627374,0.000922,0.206248,1.444754
2018-01-24,1.615592,0.000922,0.203750,1.445057
2018-01-25,1.603804,0.000922,0.201455,1.445291
2018-01-26,1.590898,0.000921,0.199153,1.442061
2018-01-27,1.580205,0.000922,0.197861,1.441729
2018-01-28,1.568385,0.000922,0.194815,1.436608
2018-01-29,1.556494,0.000922,0.193812,2.165701
2018-01-30,1.544646,0.000922,0.190766,1.432620
2018-01-31,1.532884,0.000919,0.189762,1.448969
2018-02-01,1.520297,0.000918,0.188095,1.439425
2018-02-02,1.509774,0.000918,0.184242,1.433063
2018-02-03,1.498207,0.000922,0.186286,1.463700
2018-02-04,1.486855,0.000922,0.180568,1.427919
2018-02-05,1.475692,0.000922,0.181884,1.429953
2018-02-06,1.463578,0.000921,0.175774,1.428604
2018-02-07,1.453510,0.000922,0.177262,1.420235
2018-02-08,1.442607,0.000922,0.173478,1.419210
2018-02-09,1.431791,0.000922,0.170917,1.419032
2018-02-10,1.421010,0.000917,0.170946,1.415195
2018-02-11,1.409572,0.000919,0.167012,1.416167
2018-02-12,1.400272,0.000921,0.166204,1.406541
2018-02-13,1.390280,0.000917,0.163418,1.407668
2018-02-14,1.380474,0.000916,0.162415,1.408521
2018-02-15,1.370774,0.000917,0.158821,1.405275
2018-02-16,1.360231,0.000916,0.158706,1.405343
2018-02-17,1.351573,0.000919,0.155319,1.408465
2018-02-18,1.341896,0.000919,0.154108,1.395308
2018-02-19,1.332538,0.000919,0.152499,1.389120
2018-02-20,1.323607,0.000919,0.151062,1.407919
2018-02-21,1.313839,0.000921,0.148824,1.385595
2018-02-22,1.305883,0.000917,0.146066,1.412140
2018-02-23,1.297030,0.000921,0.144342,1.393519
2018-02-24,1.288334,0.000922,0.142300,1.399617
2018-02-25,1.279845,0.000922,0.139480,1.417426
2018-02-26,1.270474,0.000919,0.139110,1.387646
2018-02-27,1.262912,0.000916,0.137392,1.377776
2018-02-28,1.255023,0.000921,0.133538,1.462067
2018-03-01,1.246596,0.000921,0.143856,1.384468
2018-03-02,1.239896,0.000922,0.131611,1.375906
2018-03-03,1.232416,0.000922,0.129829,1.382035
2018-03-04,1.225052,0.000922,0.128233,1.378796
2018-03-05,1.217684,0.000922,0.124343,1.380286
2018-03-06,1.209515,0.000921,0.125045,1.371150
2018-03-07,1.203080,0.000922,0.122446,1.381467
2018-03-08,1.196029,0.000922,0.121067,1.370227
2018-03-09,1.189233,0.000922,0.119255,1.374397
2018-03-10,1.182522,0.000922,0.117473,1.371974
2018-03-11,1.175059,0.000919,0.115350,1.372370
2018-03-12,1.169397,0.000919,0.114802,1.372706
2018-03-13,1.162903,0.000921,0.112760,1.368755
2018-03-14,1.156350,0.000922,0.111641,1.365503
2018-03-15,1.149855,0.000922,0.108637,1.364737
2018-03-16,1.142608,0.000921,0.108596,1.374337
2018-03-17,1.136962,0.000922,0.143235,1.450653
2018-03-18,1.130586,0.000919,0.195623,1.497910
2018-03-19,1.124303,0.000919,1.007105,1.528985
2018-03-20,1.118144,0.000920,0.108283,1.474528
2018-03-21,1.111183,0.000921,0.106232,1.367689
2018-03-22,1.105764,0.000922,0.100497,1.355100
2018-03-23,1.099484,0.000922,0.096067,1.349300
2018-03-24,1.093206,0.000922,0.098381,1.346413
2018-03-25,1.087033,0.000922,0.095236,1.353810
2018-03-26,1.080185,0.000921,0.093684,1.343660
2018-03-27,1.074882,0.000922,0.094117,1.349220
2018-03-28,1.068778,0.000922,0.092369,1.355550
2018-03-29,1.062651,0.000919,0.091071,1.343381
2018-03-30,1.056508,0.000922,0.089520,1.346895
2018-03-31,1.050341,0.000922,0.094441,1.341236
2018-04-01,1.043409,0.000921,0.093129,1.340906
2018-04-02,1.037928,0.000922,0.086474,1.338883
2018-04-03,1.031834,0.000922,0.084351,1.341414
2018-04-04,1.025909,0.000922,0.083803,1.335585
2018-04-05,1.020064,0.000922,0.082498,1.334670
2018-04-06,1.013675,0.000921,0.082972,1.345242
2018-04-07,1.008665,0.000922,0.087781,1.319494
2018-04-08,1.002890,0.000922,0.079638,1.327850
2018-04-09,0.997044,0.000922,0.078490,1.331114
2018-04-10,0.991311,0.000922,0.078259,1.316719
2018-04-11,0.984954,0.000921,0.140554,1.633878
2018-04-12,0.980002,0.000922,0.077111,1.454483
2018-04-13,0.974397,0.000922,0.074873,1.315086
2018-04-14,0.968823,0.000922,0.073777,1.433304
2018-04-15,0.963222,0.000922,0.073791,1.314685
2018-04-16,0.957131,0.000921,3.044771,1.757602
2018-04-17,0.952644,0.000922,9.479453,1.817518
2018-04-18,0.946879,0.102491,2.206267,2.244718
2018-04-19,0.941819,0.250042,2.383798,2.254051
2018-04-20,0.949399,1.455904,3.036229,2.355493
2018-04-21,0.954556,1.110966,3.219256,2.431872
2018-04-22,0.933922,1.066780,1.171336,1.897372
2018-04-23,0.891251,0.222512,0.129960,2.079078
2018-04-24,0.852080,0.314523,0.183145,2.310789
2018-04-25,0.832235,0.180338,0.135208,2.251111
2018-04-26,0.821165,0.032442,0.165773,2.344499
2018-04-27,0.819590,0.132569,1.047497,2.364969
2018-04-28,0.823046,0.381386,0.781865,3.285136
2018-04-29,0.828849,0.290502,0.362882,2.656299
2018-04-30,0.836809,0.128801,0.437773,2.672628
2018-05-01,0.849199,0.012019,0.091866,1.278988
2018-05-02,0.864968,0.001023,0.096509,1.311186
2018-05-03,0.885456,0.000923,0.101528,1.532314
2018-05-04,0.908132,0.000922,0.385837,2.553321
2018-05-05,0.930528,0.000922,0.701465,1.762524
2018-05-06,0.951374,0.000921,1.069999,2.398792
2018-05-07,0.972461,0.000922,1.420116,2.336929
2018-05-08,0.991531,0.000922,1.214770,1.269688
2018-05-09,1.011035,0.000922,0.747977,1.271119
2018-05-10,1.029327,0.000922,1.960471,2.002333
2018-05-11,1.048074,0.000921,2.536382,2.070508
2018-05-12,1.067073,0.000922,0.554211,1.969454
2018-05-13,1.083573,0.000922,1.455931,2.697226
2018-05-14,1.101232,0.000922,0.248691,2.715087
2018-05-15,1.115865,0.000922,0.281870,2.067182
2018-05-16,1.124371,0.000921,0.619756,1.932526
2018-05-17,1.132969,0.000922,0.395890,1.816884
2018-05-18,1.143226,0.000922,0.312811,1.589312
2018-05-19,1.147435,0.000922,0.392409,1.768010
2018-05-20,1.149397,0.000922,0.384830,2.429718
2018-05-21,1.152047,0.000921,0.346463,1.658060
2018-05-22,1.156887,0.000922,2.264186,2.770561
2018-05-23,1.161923,0.000922,1.176534,2.491729
2018-05-24,1.172871,0.000922,1.067731,2.278286
2018-05-25,1.165982,0.000922,0.458278,1.536661
2018-05-26,1.165436,0.000921,1.267472,2.533870
2018-05-27,1.272430,0.000926,1.013106,2.557363
2018-05-28,1.224140,0.050870,1.696047,2.485457
2018-05-29,1.127811,0.378505,2.291020,2.220870
2018-05-30,1.120852,1.739606,1.463365,2.478295
2018-05-31,1.129987,3.683645,3.685235,2.214893
2018-06-01,1.147062,3.975558,7.175850,1.671764
2018-06-02,1.198385,12.257831,8.003909,1.600250
2018-06-03,2.254598,35.532971,10.107926,2.257954
2018-06-04,2.514604,66.948630,8.288856,2.986732
2018-06-05,4.960756,202.602599,20.304974,4.234420
2018-06-06,3.960456,107.658995,13.543862,9.578797
2018-06-07,6.589743,41.821266,5.874100,21.168856
2018-06-08,9.271997,47.716509,5.923166,14.301015
2018-06-09,11.237885,62.499444,7.264834,18.599635
2018-06-10,12.449698,56.413642,6.861799,19.457088
2018-06-11,13.000797,20.140989,9.236150,29.712489
2018-06-12,14.160739,22.526417,5.985640,23.607138
2018-06-13,15.607330,50.306923,5.067064,28.797898
2018-06-14,16.517564,27.188810,4.029910,17.545647
2018-06-15,17.165750,15.440381,4.388526,24.105604
2018-06-16,17.827137,24.071352,4.396898,28.856716
2018-06-17,18.844410,35.266890,4.253474,21.429525
2018-06-18,20.104364,60.911151,5.288328,25.553010
2018-06-19,20.572610,65.525539,5.487174,25.331173
2018-06-20,19.534887,16.478387,6.017328,25.531393
2018-06-21,19.824371,32.490519,7.227586,34.119971
2018-06-22,19.992957,32.894787,5.034806,24.091891
2018-06-23,20.910087,58.149014,4.725114,47.265532
2018-06-24,19.988052,37.147848,3.774391,28.717753
2018-06-25,20.900656,57.549295,4.638015,47.631165
2018-06-26,21.649530,80.939069,5.175258,41.874913
2018-06-27,19.958475,57.072536,6.518731,40.900587
2018-06-28,19.687259,33.988299,8.737621,45.989251
2018-06-29,19.615098,76.491317,5.465393,51.146174
2018-06-30,17.904000,28.341190,4.678449,29.809525
2018-07-01,17.552417,35.831592,4.375677,40.538682
2018-07-02,17.232862,53.631144,4.643333,41.612194
2018-07-03,16.847648,58.147516,4.836909,45.435356
2018-07-04,16.178003,18.988628,4.165232,29.678208
2018-07-05,16.593063,27.171611,9.840233,45.209098
2018-07-06,16.896812,86.879300,6.119385,53.172140
2018-07-07,16.100236,62.072369,5.336787,47.676134
2018-07-08,15.765780,40.304839,5.481096,42.333927
2018-07-09,16.291429,88.208490,4.271300,46.502911
2018-07-10,16.141411,84.526679,5.359110,31.887089
2018-07-11,16.838631,155.062615,11.216282,56.770151
2018-07-12,17.044849,212.681929,8.813954,56.760197
2018-07-13,17.175032,132.553991,7.076598,51.168746
2018-07-14,18.211628,133.757875,8.105190,52.097670
2018-07-15,19.525135,223.049689,11.382519,61.935970
2018-07-16,19.490628,146.506246,9.428037,58.758728
2018-07-17,23.982457,414.825441,15.351635,126.292895
2018-07-18,25.111412,404.075515,19.293933,153.614466
2018-07-19,28.309231,296.568728,12.292730,101.666847
2018-07-20,29.542077,248.789335,11.485677,129.153632
2018-07-21,28.302816,218.754390,9.895129,108.020174
2018-07-22,27.414097,136.488175,10.334737,107.296915
2018-07-23,26.090882,112.628125,9.774637,101.051899
2018-07-24,24.654396,115.524302,11.398391,110.175284
2018-07-25,22.975789,81.963657,15.944926,106.326392
2018-07-26,21.576958,79.720361,8.039126,96.655336
2018-07-27,20.456649,93.794280,10.012170,109.143723
2018-07-28,19.589692,96.660094,8.622777,112.937426
2018-07-29,18.865000,125.866570,9.577756,118.734440
2018-07-30,19.633935,275.978124,12.780816,145.421638
2018-07-31,19.214134,173.267624,10.368245,133.063531
2018-08-01,17.558577,165.804763,10.703412,179.096821
2018-08-02,17.694247,152.016627,9.271511,132.990987
2018-08-03,17.258699,115.414915,9.225455,105.266037
2018-08-04,17.081216,130.435979,9.204109,118.051494
2018-08-05,16.328124,123.236160,10.918417,99.559758
2018-08-06,15.469739,117.948615,9.728890,102.741820
2018-08-07,14.828959,130.070615,8.978820,107.606799
2018-08-08,14.287222,189.744228,9.902420,160.019651
2018-08-09,13.660022,207.362003,9.091901,145.913547
2018-08-10,13.812801,154.027894,8.110181,112.135601
2018-08-11,13.079709,135.965611,8.982531,105.666872
2018-08-12,13.096141,161.508653,13.027491,111.314000
2018-08-13,12.629296,231.112294,13.305438,122.010414
2018-08-14,11.904812,205.172282,22.769860,120.037680
2018-08-15,10.936465,163.136510,6.916096,106.805223
2018-08-16,9.964663,106.229684,9.912510,53.451882
2018-08-17,9.609979,83.129643,2.937690,63.802605
2018-08-18,9.196111,124.169742,3.715850,90.875073
2018-08-19,8.682490,68.118862,3.917243,56.206066
2018-08-20,8.395252,76.748563,3.709365,64.563016
2018-08-21,8.192053,91.215730,4.378178,89.801553
2018-08-22,7.696048,83.708322,5.484795,49.542572
2018-08-23,7.525700,59.350300,5.617627,43.451820
2018-08-24,7.243493,49.884360,5.263919,29.807847
2018-08-25,7.326803,40.607064,4.234569,47.360872
2018-08-26,6.962856,15.168195,4.804601,18.850910
2018-08-27,6.466572,17.281634,1.863568,29.707364
2018-08-28,6.178151,16.570541,2.676391,20.615723
2018-08-29,6.209046,12.992902,6.113354,22.323273
2018-08-30,6.423530,25.138426,7.197760,53.229933
2018-08-31,5.563646,14.004020,1.750023,24.213637
2018-09-01,5.389005,11.369977,1.199278,11.819001
2018-09-02,5.433767,9.306760,2.688789,16.915926
2018-09-03,5.397498,18.236476,2.588745,33.718442
2018-09-04,5.224693,13.790405,3.568212,29.155079
2018-09-05,5.240032,33.974666,10.628078,30.569442
2018-09-06,5.239769,18.949001,14.202968,40.058715
2018-09-07,5.053365,24.191421,4.733506,30.858849
2018-09-08,5.319833,13.126706,1.309154,24.992028
2018-09-09,5.429312,15.482788,1.949493,24.647232
2018-09-10,5.530578,7.236937,1.153800,2.648277
2018-09-11,5.702146,9.142559,1.731821,6.718791
2018-09-12,5.857533,8.141664,1.235360,4.280421
2018-09-13,6.000133,7.851321,1.388102,4.186989
2018-09-14,6.277381,10.340600,2.225761,3.210719
2018-09-15,6.181252,7.775697,3.939598,16.857919
2018-09-16,6.504299,7.643287,2.736470,11.636578
2018-09-17,6.216122,5.851957,4.879833,3.242374
2018-09-18,6.174488,10.063158,6.765164,7.387986
2018-09-19,6.138324,2.500399,0.880297,2.415057
2018-09-20,5.920829,0.993386,0.647438,1.961169
2018-09-21,5.941451,0.679997,0.644964,1.959816
2018-09-22,5.892345,0.287699,0.771716,1.950576
2018-09-23,5.949573,12.039958,6.611404,2.504521
2018-09-24,5.648518,1.068059,0.653658,2.279107
2018-09-25,5.714170,0.128738,0.598863,1.932425
2018-09-26,5.925658,0.053836,0.604169,1.935508
2018-09-27,6.152921,0.801634,3.628897,2.310285
2018-09-28,7.538717,1.314169,1.826395,2.541764
2018-09-29,6.397107,0.502116,0.824807,2.635363
2018-09-30,6.723288,0.168995,1.712394,2.338999
2018-10-01,6.646906,0.044467,0.648106,1.903215
2018-10-02,6.493223,0.001619,0.638821,1.912038
2018-10-03,6.484613,0.001833,0.631126,1.896168
2018-10-04,6.473848,0.001829,0.630190,1.888809
2018-10-05,6.448564,0.001949,1.316301,2.016348
2018-10-06,6.403259,0.003883,0.853061,1.904077
2018-10-07,6.351880,0.001662,0.710253,1.873024
2018-10-08,6.280448,0.001827,0.613870,1.887999
2018-10-09,6.195957,0.001914,0.609814,1.874363
2018-10-10,6.102469,0.005744,0.602992,1.882008
2018-10-11,5.996851,0.002079,0.596237,1.868072
2018-10-12,5.893902,0.000965,3.089517,1.986189
2018-10-13,5.785058,0.001081,1.303401,1.862864
2018-10-14,5.677444,0.000949,0.576994,1.862686
2018-10-15,5.559522,0.001777,0.567732,1.851983
2018-10-16,5.436987,0.002351,0.561756,1.853873
2018-10-17,5.324786,0.001529,0.551303,1.827852
2018-10-18,5.212862,0.000940,0.543709,1.851573
2018-10-19,5.106121,0.001493,0.584475,1.832094
2018-10-20,5.003343,0.002798,0.572824,1.840632
2018-10-21,4.901000,0.002360,0.518242,1.827419
2018-10-22,4.810573,0.001668,0.576261,1.889404
2018-10-23,4.721398,0.002192,0.508567,1.861104
2018-10-24,4.633740,0.001722,0.491810,1.808706
2018-10-25,4.550353,0.001759,0.486679,1.806067
2018-10-26,4.465921,0.001010,0.684656,1.859194
2018-10-27,4.388449,0.001261,1.368881,1.797023
2018-10-28,4.308622,0.001917,0.450917,1.799575
2018-10-29,4.230525,0.002041,0.442933,1.789126
2018-10-30,4.155142,0.002439,0.431685,1.783466
2018-10-31,4.080118,0.002600,0.424451,1.806505
2018-11-01,4.005913,0.002004,0.414921,1.798114
2018-11-02,3.939429,0.002422,0.466930,1.782793
2018-11-03,3.874946,0.001355,0.401227,1.790429
2018-11-04,3.811723,0.001024,0.388736,1.767851
2018-11-05,3.749235,0.001167,0.382215,1.786457
2018-11-06,3.685383,0.002012,0.383472,1.772696
2018-11-07,3.628909,0.002680,0.391698,1.760695
2018-11-08,3.572364,0.002050,1.353756,1.773758
2018-11-09,3.515717,0.000985,2.633629,1.807124
2018-11-10,3.461236,0.000982,0.568621,1.758586
2018-11-11,3.408075,0.000942,0.407735,1.752466
2018-11-12,3.357211,0.000941,0.420027,1.760022
2018-11-13,3.305740,0.000988,0.357743,1.754749
2018-11-14,3.255376,0.000977,0.336807,1.735681
2018-11-15,3.206198,0.001066,0.313949,1.747495
2018-11-16,3.156075,0.000952,0.348162,1.740391
2018-11-17,3.111113,0.001186,2.656843,2.321583
2018-11-18,3.065741,0.001542,0.881752,1.739627
2018-11-19,3.021218,0.002005,1.389710,1.755635
2018-11-20,2.975759,0.004841,5.608650,1.770362
2018-11-21,2.934503,0.001578,0.284860,1.722702
2018-11-22,2.897830,0.001140,0.387781,1.715469
2018-11-23,2.856719,0.001788,1.324561,1.687130
2018-11-24,2.815886,0.000994,2.334193,1.749037
2018-11-25,2.776164,0.000915,1.490176,1.680145
2018-11-26,2.736357,0.000974,0.326696,1.678358
2018-11-27,2.703748,0.000921,0.273790,1.677809
2018-11-28,2.670348,0.000922,0.275278,1.669447
2018-11-29,2.637975,0.000922,0.276021,1.673925
2018-11-30,2.606274,0.000981,0.274758,1.674797
2018-12-01,2.574162,0.001155,0.274498,1.651412
2018-12-02,2.546511,0.001144,0.273979,1.651190
2018-12-03,2.517337,0.000938,0.272715,1.656631
2018-12-04,2.488697,0.000922,0.272715,1.695104
2018-12-05,2.461012,0.000908,0.270672,1.650667
2018-12-06,2.432187,0.000912,0.268925,1.648938
2018-12-07,2.406961,0.000910,0.268145,1.643373
2018-12-08,2.380273,0.000948,0.265878,1.639793
2018-12-09,2.354925,0.000943,0.266882,1.648161
2018-12-10,2.330624,0.000906,0.274878,1.636563
2018-12-11,2.305164,0.000912,0.284124,1.631433
2018-12-12,2.283318,0.000920,0.368567,1.635917
2018-12-13,2.259962,0.000920,1.192795,1.630620
2018-12-14,2.236733,0.001263,0.797507,1.628717
2018-12-15,2.213916,0.001398,0.683476,1.615057
2018-12-16,2.189690,0.001445,0.335404,1.627106
2018-12-17,2.168502,0.001424,0.250067,1.626606
2018-12-18,2.146282,0.000922,0.248225,1.611364
2018-12-19,2.124238,0.000921,0.246702,1.616925
2018-12-20,2.102426,0.000921,1.045964,1.596250
2018-12-21,2.079666,0.000921,0.245158,1.596116
2018-12-22,2.060087,0.000921,0.241349,1.588639
2018-12-23,2.039152,0.000921,1.939839,1.591934
2018-12-24,2.018772,0.000920,2.664135,1.602132
2018-12-25,1.998750,0.001209,0.479328,1.597581
2018-12-26,1.978162,0.001620,0.232096,1.566510
2018-12-27,1.960506,0.001632,0.238225,1.589093
2018-12-28,1.941753,0.001445,0.229569,1.587403
2018-12-29,1.923279,0.001624,0.227561,1.571042
2018-12-30,1.904784,0.001547,0.227561,1.577447
2018-12-31,1.886739,0.000922,0.227042,1.576494
2019-01-01,1.866775,0.000000,0.225150,1.571947
2019-01-02,1.850822,0.000000,0.228321,1.566279
2019-01-03,1.834289,0.000000,0.221244,1.560490
2019-01-04,1.818361,0.000003,0.268692,1.569499
2019-01-05,1.803276,0.000000,0.220125,1.570168
2019-01-06,1.787080,0.000000,0.215966,1.553055
2019-01-07,1.773286,0.000002,0.219792,1.539966
2019-01-08,1.758342,0.000004,0.427168,1.549727
2019-01-09,1.743716,0.000012,0.240206,1.549272
2019-01-10,1.729390,0.000018,0.212435,1.549700
2019-01-11,1.713911,0.000024,0.210168,1.566873
2019-01-12,1.700901,0.000018,0.207901,1.539946
2019-01-13,1.686871,0.000038,0.206897,1.538953
2019-01-14,1.672888,0.009217,0.205634,1.542723
2019-01-15,1.659477,0.076306,0.203367,1.536460
2019-01-16,1.645430,0.153239,0.201382,1.541282
2019-01-17,1.633706,0.049917,0.200356,1.664408
2019-01-18,1.620750,0.073602,0.199099,1.519785
2019-01-19,1.607874,0.043520,0.195822,1.539775
2019-01-20,1.595279,0.069465,0.195822,1.508318
2019-01-21,1.581869,0.027607,0.191807,1.532880
2019-01-22,1.570707,0.016951,0.191287,1.507603
2019-01-23,1.558635,0.072513,0.189280,1.527809
2019-01-24,1.546647,0.060522,0.189280,1.514155
2019-01-25,1.534621,0.021267,0.185265,1.518233
2019-01-26,1.521546,0.013647,0.184746,1.517573
2019-01-27,1.510603,0.062682,0.180731,1.500585
2019-01-28,1.498846,0.046099,0.180211,1.493867
2019-01-29,1.487172,0.029725,0.178724,1.496177
2019-01-30,1.475630,0.012625,0.176197,1.489380
2019-01-31,1.464332,0.039622,0.175677,1.502496
2019-02-01,1.452024,0.009844,0.172926,1.496248
2019-02-02,1.442000,0.035921,0.170659,1.494435
2019-02-03,1.431218,0.038799,0.169773,1.499939
2019-02-04,1.420608,0.065571,0.168536,1.491050
2019-02-05,1.410052,0.024653,0.165381,1.487131
2019-02-06,1.398505,0.032123,0.162485,1.526275
2019-02-07,1.389033,0.076783,0.160587,1.483810
2019-02-08,1.378843,0.072935,0.161995,1.479886
2019-02-09,1.368700,0.014363,0.159633,1.461510
2019-02-10,1.358739,0.031146,0.161656,1.478362
2019-02-11,1.347840,0.020587,0.158189,1.457268
2019-02-12,1.338908,0.001405,0.152557,1.485319
2019-02-13,1.329191,0.000025,0.149222,1.488944
2019-02-14,1.319622,0.000001,0.152516,1.496590
2019-02-15,1.310096,0.011463,0.148543,1.479556
2019-02-16,1.299936,0.004439,0.144528,1.505435
2019-02-17,1.291857,0.007397,0.145083,1.491718
2019-02-18,1.283069,0.012317,0.143524,1.485550
2019-02-19,1.274282,0.009643,0.141748,1.494746
2019-02-20,1.265470,0.081719,0.140513,1.477420
2019-02-21,1.255994,0.048573,1.017546,1.480097
2019-02-22,1.248641,0.028139,0.142033,1.488882
2019-02-23,1.240604,0.008154,0.135384,1.481912
2019-02-24,1.232527,0.037217,0.134491,1.467052
2019-02-25,1.224782,0.062990,0.145626,1.489801
2019-02-26,1.216631,0.006360,0.132468,1.462220
2019-02-27,1.210184,0.018530,0.131520,1.473191
2019-02-28,1.202906,0.029959,0.281165,1.481919
2019-03-01,1.194855,0.047592,0.142254,1.502035
2019-03-02,1.188392,0.024388,0.126009,1.448149
2019-03-03,1.181061,0.075574,0.123904,1.458856
2019-03-04,1.173881,0.059723,0.122998,1.448103
2019-03-05,1.166753,0.000400,0.122447,1.446592
2019-03-06,1.158852,0.000008,0.118886,1.456312
2019-03-07,1.152940,0.011854,0.119436,1.440061
2019-03-08,1.146391,0.035683,0.117429,1.452572
2019-03-09,1.139851,0.038005,0.116425,1.431003
2019-03-10,1.133385,0.035355,0.115422,1.435589
2019-03-11,1.126109,0.007735,0.114418,1.429273
2019-03-12,1.120462,0.008730,0.112961,1.424793
2019-03-13,1.114186,0.041303,0.112411,1.433001
2019-03-14,1.107903,0.046161,0.110403,1.435546
2019-03-15,1.101593,0.047138,0.108396,1.419810
2019-03-16,1.094593,0.044944,0.108396,1.435013
2019-03-17,1.089251,0.042551,0.108396,1.414378
2019-03-18,1.083141,0.037782,0.106908,1.432227
2019-03-19,1.077043,0.048357,0.104381,1.422535
2019-03-20,1.070897,0.075225,0.104381,1.413186
2019-03-21,1.063966,0.033369,0.102567,1.414288
2019-03-22,1.058529,0.094166,0.101370,1.402631
2019-03-23,1.052419,0.091017,0.101370,1.413879
2019-03-24,1.046231,0.090462,0.099363,1.559308
2019-03-25,1.040081,0.085401,0.099623,1.401358
2019-03-26,1.033428,0.103682,0.098359,1.404219
2019-03-27,1.028318,0.030666,0.096352,1.392660
2019-03-28,1.022560,0.040117,0.096352,1.384092
2019-03-29,1.016871,0.020622,0.095348,1.388820
2019-03-30,1.011154,0.024420,0.094319,1.386501
2019-03-31,1.005442,0.024531,0.093341,1.380718
2019-04-01,0.999029,0.051339,0.092337,1.390369
2019-04-02,0.993981,0.058439,0.120808,1.525680
2019-04-03,0.988258,0.050258,0.096380,1.382735
2019-04-04,0.982563,0.019055,0.090330,1.377133
2019-04-05,0.976889,0.031548,0.090225,1.384225
2019-04-06,0.970660,0.005065,0.088842,1.581663
2019-04-07,0.965979,0.045027,0.684848,1.943734
2019-04-08,0.960746,0.077644,1.907670,1.564160
2019-04-09,0.955584,0.055588,0.964711,1.534197
2019-04-10,0.950404,0.035346,0.776583,1.580591
2019-04-11,0.944530,0.002405,1.552587,1.874040
2019-04-12,0.940028,0.001183,5.077297,1.730713
2019-04-13,0.934944,0.003991,1.894031,1.899211
2019-04-14,0.929575,0.004322,6.860560,1.641683
2019-04-15,0.926520,0.005052,1.345148,1.627669
2019-04-16,0.927071,0.003459,0.359124,1.819810
2019-04-17,0.926283,0.005188,0.084308,2.071139
2019-04-18,0.916209,0.004228,0.362721,1.602696
2019-04-19,0.904459,0.009608,1.029402,2.776820
2019-04-20,0.895029,0.004232,0.651784,2.388487
2019-04-21,0.888240,0.003875,0.091672,2.268432
2019-04-22,0.880207,0.003745,0.095348,1.403566
2019-04-23,0.866549,0.005159,0.097356,1.345026
2019-04-24,0.854036,0.002595,0.101350,1.548910
2019-04-25,0.844911,0.003424,0.106826,1.369993
2019-04-26,0.837365,0.005001,0.388794,2.017315
2019-04-27,0.832870,0.003943,2.098684,2.612036
2019-04-28,0.837080,0.003003,4.272559,2.126189
2019-04-29,0.822571,0.157571,9.572993,1.949600
2019-04-30,0.759419,0.868619,5.999567,2.084438
2019-05-01,0.736822,2.172863,6.703612,1.956174
2019-05-02,0.760428,5.001560,3.717897,1.688621
2019-05-03,0.866397,0.225519,0.479268,1.325966
2019-05-04,1.065420,4.633139,6.726221,1.404507
2019-05-05,1.206342,7.533813,8.109493,1.537645
2019-05-06,1.512900,11.339644,13.213277,1.550895
2019-05-07,2.351142,5.041682,2.787693,1.450364
2019-05-08,3.447479,3.390773,2.388027,1.538437
2019-05-09,4.358561,2.672808,3.130293,2.251298
2019-05-10,5.000541,0.701052,2.136370,1.899595
2019-05-11,5.568124,0.600916,2.372067,1.613575
2019-05-12,6.050839,0.167399,1.090323,1.301716
2019-05-13,6.375807,0.012861,1.170758,1.468102
2019-05-14,6.661507,2.877992,8.086001,1.404801
2019-05-15,6.686674,4.817262,5.457921,2.224810
2019-05-16,6.617095,7.781827,3.645790,2.094168
2019-05-17,7.011951,5.355461,3.181640,1.869633
2019-05-18,7.815134,10.375017,4.857579,1.943072
2019-05-19,8.606043,13.404074,5.586486,2.254784
2019-05-20,9.396024,12.794930,5.288115,2.086452
2019-05-21,10.421688,9.684156,4.652139,2.064672
2019-05-22,11.104351,11.076239,8.778298,2.445150
2019-05-23,11.651544,18.342548,13.021502,2.430342
2019-05-24,13.129759,16.580615,7.461779,10.612580
2019-05-25,15.579832,15.407458,7.921747,13.654257
2019-05-26,18.061376,23.713343,12.793370,26.921682
2019-05-27,20.643627,20.620083,4.759788,27.050356
2019-05-28,22.662115,15.787181,4.401876,17.017097
2019-05-29,22.833357,13.801512,4.821227,17.238863
2019-05-30,22.417094,12.105785,5.011775,18.697017
2019-05-31,22.022359,16.164286,5.392487,18.303249
2019-06-01,21.469294,16.606703,4.888216,16.560042
2019-06-02,21.079899,17.737185,5.616762,13.078474
2019-06-03,20.528576,23.095854,6.117209,20.029329
2019-06-04,19.951797,31.076335,6.518182,21.706225
2019-06-05,19.439390,27.564571,8.124722,21.089611
2019-06-06,20.150543,21.311175,6.955188,33.914441
2019-06-07,19.962214,35.560695,6.443272,33.736948
2019-06-08,19.821449,23.958140,6.470529,28.692730
2019-06-09,20.128081,32.058505,5.940725,39.514235
2019-06-10,19.625053,18.557202,10.728181,27.691791
2019-06-11,19.562845,32.382745,18.696615,39.935103
2019-06-12,19.158742,71.069008,23.930481,49.078418
2019-06-13,19.119882,94.251311,8.927115,40.960312
2019-06-14,20.265256,73.069134,7.333056,48.972964
2019-06-15,21.271147,77.138038,6.705861,45.723098
2019-06-16,22.054629,85.484145,7.747022,45.671284
2019-06-17,22.070100,105.407694,8.735661,49.183444
2019-06-18,22.351032,87.256268,7.970280,45.226789
2019-06-19,22.568300,84.745537,8.579634,47.228002
2019-06-20,22.861090,77.120880,8.425364,45.607553
2019-06-21,22.319707,76.702116,8.607352,46.509630
2019-06-22,22.355404,72.712159,8.729021,45.373874
2019-06-23,21.558840,68.458693,8.755538,42.944808
2019-06-24,20.930988,85.556011,11.946024,53.267693
2019-06-25,20.457430,144.965158,11.804843,55.884909
2019-06-26,19.841162,162.556005,14.499082,51.862740
2019-06-27,20.171221,204.756606,11.986900,53.633686
2019-06-28,20.339852,139.994103,10.799345,50.671800
2019-06-29,20.928986,104.444503,9.918403,45.878799
2019-06-30,21.063108,83.624127,10.966054,48.626234
2019-07-01,20.622536,62.242152,12.432880,50.329963
2019-07-02,20.234142,60.243123,12.572329,55.476865
2019-07-03,19.962739,84.175768,9.317858,52.189023
2019-07-04,19.587514,101.847958,10.389668,49.210400
2019-07-05,19.277609,137.147389,10.748874,51.936796
2019-07-06,19.040040,145.603062,10.547516,42.350866
2019-07-07,18.993799,115.064749,12.502845,51.797672
2019-07-08,19.337893,127.646103,10.343465,54.875624
2019-07-09,19.581739,93.436038,12.398970,73.050838
2019-07-10,20.362679,110.332179,12.558800,71.156554
2019-07-11,20.661061,130.739103,12.016587,74.407955
2019-07-12,20.539034,141.264886,11.338449,65.864642
2019-07-13,20.318388,120.101647,12.422194,68.526842
2019-07-14,20.528528,127.219253,12.932416,78.099867
2019-07-15,20.544561,127.957280,10.655167,69.654688
2019-07-16,20.473443,126.968587,12.502559,97.716858
2019-07-17,20.424556,191.834412,12.862572,108.290865
2019-07-18,20.276535,171.500261,13.070615,119.813070
2019-07-19,21.371362,154.914834,12.403583,107.483066
2019-07-20,21.776339,152.074766,12.965195,113.321122
2019-07-21,22.445593,150.145831,13.118112,115.738309
2019-07-22,22.165071,143.868329,12.400585,116.371404
2019-07-23,21.584771,140.900842,11.488403,118.475772
2019-07-24,20.908941,128.862482,11.146995,101.270180
2019-07-25,20.301249,121.324830,10.494913,81.757967
2019-07-26,19.560977,77.738158,10.558868,80.648948
2019-07-27,18.960088,94.487228,11.771338,79.492336
2019-07-28,18.073241,49.642674,12.980489,63.009248
2019-07-29,17.843584,88.814239,13.498677,110.808138
2019-07-30,17.563532,140.027838,9.222564,86.521374
2019-07-31,17.625305,302.505879,17.549233,178.137783
2019-08-01,17.608976,235.094411,11.839055,144.984750
2019-08-02,18.582170,142.174851,10.329308,120.958987
2019-08-03,19.190784,169.996100,8.802719,130.548875
2019-08-04,18.728808,152.023604,8.219458,119.052120
2019-08-05,18.519051,190.455510,7.901416,124.701258
2019-08-06,18.310915,116.483600,7.250121,109.382323
2019-08-07,17.773978,120.098704,7.067715,111.676302
2019-08-08,17.395073,123.005754,6.911570,104.247309
2019-08-09,16.606322,93.216517,6.899613,77.983215
2019-08-10,16.017145,117.212762,7.059397,106.295847
2019-08-11,14.972503,57.877044,5.285549,53.769921
2019-08-12,14.396810,66.634981,12.138135,67.549495
2019-08-13,13.852731,155.888039,21.391838,100.802824
2019-08-14,13.281638,72.698310,6.414137,96.295333
2019-08-15,13.336937,55.570958,5.052549,63.219074
2019-08-16,13.213314,60.788570,4.945552,57.218657
2019-08-17,12.922563,87.846093,5.384365,61.441083
2019-08-18,12.403483,82.436657,4.840538,59.511236
2019-08-19,11.802650,48.402948,4.380282,63.327252
2019-08-20,11.557622,47.275747,5.090484,61.636338
2019-08-21,11.165504,38.961879,4.356009,33.716903
2019-08-22,10.710902,33.254816,4.178742,40.353339
2019-08-23,10.362685,36.287335,5.199192,31.704135
2019-08-24,9.876664,24.615957,7.896988,20.924276
2019-08-25,9.538829,37.458371,10.058094,47.939248
2019-08-26,9.193410,41.111438,3.944627,32.904385
2019-08-27,8.928586,42.156475,5.062904,35.480540
2019-08-28,8.456117,36.629579,3.970986,59.301162
2019-08-29,8.085874,23.745922,3.018555,16.240441
2019-08-30,7.842624,18.206220,4.546681,23.007435
2019-08-31,7.704619,27.489223,4.010259,28.416200
2019-09-01,7.564090,28.110471,4.210631,33.622184
2019-09-02,7.535108,31.943338,4.182320,31.428193
2019-09-03,8.098610,68.855526,4.380585,32.686658
2019-09-04,7.781954,91.872430,4.680100,63.831947
2019-09-05,6.954588,37.167296,3.350297,24.274081
2019-09-06,7.411456,65.412227,9.246898,46.376922
2019-09-07,7.614083,53.474994,5.527163,57.833935
2019-09-08,6.698142,46.345259,2.532352,13.984197
2019-09-09,6.399913,10.383038,3.933432,6.631112
2019-09-10,7.106893,18.545768,2.343772,18.595052
2019-09-11,6.532431,10.967948,2.158704,4.901457
2019-09-12,6.460199,7.307184,1.510564,4.518312
2019-09-13,6.309529,6.606010,1.488723,4.098323
2019-09-14,6.593194,19.786058,2.240414,3.544640
2019-09-15,6.212475,8.404195,1.461207,4.309779
2019-09-16,6.051405,3.701077,2.560256,4.415524
2019-09-17,5.607166,0.694174,1.951728,2.848011
2019-09-18,5.446352,0.079717,4.131054,2.901473
2019-09-19,5.859529,5.252750,1.362973,4.068205
2019-09-20,5.716656,14.220360,2.735617,4.649653
2019-09-21,5.948773,12.178207,2.679095,7.329300
2019-09-22,6.480134,25.194396,9.456924,30.182159
2019-09-23,6.065723,47.126851,8.939217,29.199124
2019-09-24,7.171300,32.851375,9.317444,40.825680
2019-09-25,6.477449,27.946468,3.544549,34.303533
2019-09-26,4.425139,13.446011,1.241921,4.822021
2019-09-27,4.419550,49.309998,3.120319,2.967695
2019-09-28,4.518031,104.506962,19.596126,71.922435
2019-09-29,4.119813,20.859060,1.261184,5.137075
2019-09-30,4.016869,7.216384,6.418674,12.950165
2019-10-01,3.910727,2.974225,9.666090,11.526213
2019-10-02,3.880527,7.253417,13.187253,14.872289
2019-10-03,3.732055,6.995754,10.690212,16.604946
2019-10-04,3.498934,12.462366,18.253825,30.367540
2019-10-05,3.363361,40.279359,22.867240,41.682209
2019-10-06,3.304794,35.563244,8.489557,23.612953
2019-10-07,3.366970,9.287316,2.082246,17.121805
2019-10-08,3.506647,0.387271,0.547996,4.067979
2019-10-09,3.839638,2.895946,1.382132,2.590282
2019-10-10,3.929589,1.125624,0.187205,2.326903
2019-10-11,4.102144,0.083664,0.581487,2.951625
2019-10-12,4.249299,0.004688,0.206408,2.286390
2019-10-13,4.373484,0.033786,0.796332,2.303055
2019-10-14,4.468300,0.012630,0.286192,2.300917
2019-10-15,4.541602,0.012804,0.216145,2.295406
2019-10-16,4.585096,0.020548,0.219439,2.297646
2019-10-17,4.615933,0.020914,0.971250,2.404699
2019-10-18,4.627160,0.004229,0.394748,2.402010
2019-10-19,4.622645,0.589838,1.941506,2.447034
2019-10-20,4.780336,0.739797,0.320203,2.429676
2019-10-21,4.606574,0.026944,0.229251,2.257756
2019-10-22,4.555359,0.190251,0.235553,2.261949
2019-10-23,4.542058,0.214858,0.230999,2.246173
2019-10-24,4.445643,0.106159,0.243623,2.244345
2019-10-25,4.397218,0.109107,0.230999,2.237543
2019-10-26,4.346680,0.107947,0.232002,2.242715
2019-10-27,4.301888,0.056352,0.283066,2.229794
2019-10-28,4.609586,0.108268,2.254212,2.232275
2019-10-29,4.326662,0.297490,0.894240,2.222799
2019-10-30,4.175825,0.117155,0.234577,2.219583
2019-10-31,4.097270,0.120338,0.230479,2.225275
2019-11-01,4.018547,0.013475,0.273895,2.223593
2019-11-02,3.954361,0.001574,0.360155,2.207020
2019-11-03,3.895594,0.004795,0.229215,2.205351
2019-11-04,3.842860,0.024005,0.237228,2.204169
2019-11-05,3.794647,0.030754,0.578830,2.196027
2019-11-06,3.747049,1.168683,0.344422,2.179364
2019-11-07,3.705550,1.090144,0.713185,2.186625
2019-11-08,3.661884,1.127038,2.095173,2.159858
2019-11-09,3.619963,1.236707,0.778102,2.166787
2019-11-10,3.579913,1.706451,2.612492,2.170217
2019-11-11,3.536416,2.807442,0.311936,2.167387
2019-11-12,3.498856,2.938724,0.232697,2.157212
2019-11-13,3.459373,2.885814,0.283346,2.125931
2019-11-14,3.419308,2.968879,0.549551,2.163613
2019-11-15,3.379919,2.941767,0.247210,2.137147
2019-11-16,3.339417,2.975846,0.251225,2.121118
2019-11-17,3.303186,2.744809,0.787629,2.128224
2019-11-18,3.264236,2.594262,3.321450,2.105081
2019-11-19,3.225075,1.965690,0.872831,2.100170
2019-11-20,3.186086,1.383065,0.307899,2.111403
2019-11-21,3.145045,1.075687,0.421087,2.083470
2019-11-22,3.108082,1.086555,0.284570,2.098959
2019-11-23,3.068687,2.821593,0.297937,2.092834
2019-11-24,3.029323,3.435329,0.294087,2.095583
2019-11-25,2.991160,3.173151,0.296398,2.082695
2019-11-26,2.952487,3.397771,0.296839,2.083398
2019-11-27,2.919054,3.881820,0.297583,2.084289
2019-11-28,2.883890,3.358196,0.296579,2.068781
2019-11-29,2.850167,3.022398,0.298757,2.080200
2019-11-30,2.817494,2.380599,0.643894,2.073173
2019-12-01,2.783319,2.482998,1.399926,2.110438
2019-12-02,2.753003,2.401962,1.295494,2.082293
2019-12-03,2.721830,2.557551,0.293072,2.069683
2019-12-04,2.691136,2.472300,0.291525,2.058349
2019-12-05,2.660407,1.990263,0.289258,2.058692
2019-12-06,2.628067,1.547332,0.288998,2.053293
2019-12-07,2.599683,1.212946,0.308714,2.046778
2019-12-08,2.569203,1.226504,0.286802,2.067480
2019-12-09,2.538665,1.353154,0.283460,2.053117
2019-12-10,2.509143,1.204054,0.283460,2.062786
2019-12-11,2.478007,1.303082,0.283460,2.052383
2019-12-12,2.451205,1.096852,0.283130,2.047549
2019-12-13,2.425082,1.145300,0.281965,2.033645
2019-12-14,2.399369,1.199102,0.275655,2.043647
2019-12-15,2.373697,1.283870,0.275655,2.038492
2019-12-16,2.346661,1.412128,0.272384,2.032892
2019-12-17,2.322921,1.758411,0.270117,2.039874
2019-12-18,2.297954,1.663049,0.269113,2.019322
2019-12-19,2.273512,1.317730,0.265843,2.029941
2019-12-20,2.249011,1.458392,0.263576,2.026815
2019-12-21,2.223317,2.318427,0.261568,2.012372
2019-12-22,2.201174,2.791977,0.259301,2.010727
2019-12-23,2.177795,2.772694,0.256030,2.011725
2019-12-24,2.154379,2.938717,0.253763,1.990090
2019-12-25,2.131100,3.588248,0.251756,2.004654
2019-12-26,2.106378,3.853112,0.246614,1.995816
2019-12-27,2.085051,3.761389,0.246738,1.998397
2019-12-28,2.062644,3.394161,0.244211,2.004233
2019-12-29,2.040445,3.557186,0.239907,1.995493
2019-12-30,2.019051,3.421911,0.245947,1.981895
2019-12-31,1.998022,3.042773,0.235662,2.002356

