time,MAR_land,MAR_ice,RACMO_land,RACMO_ice
2015-01-01,1.688111,0.000000,0.802432,0.022675
2015-01-02,1.674691,0.000000,0.786695,0.026411
2015-01-03,1.659811,0.000000,0.772510,0.035454
2015-01-04,1.644633,0.000000,0.757009,0.033481
2015-01-05,1.629841,0.000000,0.739814,0.033266
2015-01-06,1.614051,0.000000,0.728053,0.032966
2015-01-07,1.600045,0.000000,0.716852,0.031264
2015-01-08,1.584593,0.000000,0.700803,0.031622
2015-01-09,1.569036,0.000000,0.683996,0.033961
2015-01-10,1.554754,0.000000,0.673451,0.031377
2015-01-11,1.539805,0.000000,0.659260,0.020920
2015-01-12,1.527467,0.000000,0.644315,0.032035
2015-01-13,1.513982,0.000000,0.636295,0.022496
2015-01-14,1.500242,0.000000,0.621216,0.021254
2015-01-15,1.486366,0.000000,0.612415,0.033586
2015-01-16,1.471762,0.000000,0.597436,0.019744
2015-01-17,1.459402,0.000000,0.590771,0.037343
2015-01-18,1.446199,0.000000,0.576407,0.031657
2015-01-19,1.433287,0.000000,0.566991,0.035905
2015-01-20,1.420183,0.000000,0.611398,0.036924
2015-01-21,1.405832,0.000000,0.546541,0.020932
2015-01-22,1.393410,0.000000,0.536717,0.032699
2015-01-23,1.380051,0.000000,0.525188,0.036114
2015-01-24,1.366526,0.000000,0.516267,0.032251
2015-01-25,1.353414,0.000000,0.507092,0.032051
2015-01-26,1.339674,0.000000,0.499460,0.018777
2015-01-27,1.327728,0.000000,0.488098,0.036106
2015-01-28,1.315792,0.000000,0.481835,0.030353
2015-01-29,1.304303,0.000000,0.472108,0.036972
2015-01-30,1.292799,0.000000,0.464150,0.033088
2015-01-31,1.281662,0.000000,0.456107,0.020099
2015-02-01,1.269919,0.000000,0.448327,0.021572
2015-02-02,1.259972,0.000000,0.440349,0.031776
2015-02-03,1.249269,0.000000,0.458355,0.021595
2015-02-04,1.238448,0.000000,0.424788,0.015301
2015-02-05,1.227720,0.000000,0.417144,0.020371
2015-02-06,1.216392,0.000000,0.414878,0.018651
2015-02-07,1.206753,0.000000,0.400245,0.028939
2015-02-08,1.196114,0.000000,0.542909,0.018246
2015-02-09,1.185578,0.000000,0.389605,0.029757
2015-02-10,1.175153,0.000000,0.380507,0.041266
2015-02-11,1.164060,0.000000,0.374731,0.019381
2015-02-12,1.154947,0.000000,0.368746,0.034793
2015-02-13,1.145129,0.000000,0.361087,0.019205
2015-02-14,1.135686,0.000000,0.434987,0.043405
2015-02-15,1.127023,0.000000,0.407066,0.033867
2015-02-16,1.117777,0.000000,0.345013,0.036500
2015-02-17,1.110031,0.000000,0.336886,0.030319
2015-02-18,1.101513,0.000000,0.333483,0.017825
2015-02-19,1.093007,0.000000,0.324384,0.029670
2015-02-20,1.084702,0.000000,0.320805,0.037613
2015-02-21,1.075827,0.000000,0.315527,0.031305
2015-02-22,1.068551,0.000000,0.307317,0.039270
2015-02-23,1.060753,0.000000,0.305214,0.018220
2015-02-24,1.052979,0.000000,0.295046,0.030709
2015-02-25,1.045140,0.000000,0.294491,0.018161
2015-02-26,1.036534,0.000000,0.285051,0.018405
2015-02-27,1.029264,0.000000,0.279686,0.032350
2015-02-28,1.021434,0.000000,0.274977,0.023680
2015-03-01,1.013345,0.000000,0.268643,0.036888
2015-03-02,1.006737,0.000000,0.261480,0.036888
2015-03-03,0.999481,0.000000,0.258330,0.020437
2015-03-04,0.992108,0.000000,0.256463,0.018803
2015-03-05,0.984769,0.000000,0.243525,0.018285
2015-03-06,0.976852,0.000000,0.239066,0.029895
2015-03-07,0.970475,0.000000,0.235076,0.035333
2015-03-08,0.963499,0.000000,0.230616,0.019422
2015-03-09,0.956531,0.000000,0.223922,0.016844
2015-03-10,0.949507,0.000000,0.218987,0.019175
2015-03-11,0.941922,0.000000,0.218058,0.044382
2015-03-12,0.935820,0.000000,0.211184,0.028776
2015-03-13,0.929087,0.000000,0.205092,0.019139
2015-03-14,0.922281,0.000000,0.422572,0.030330
2015-03-15,0.915289,0.000000,0.199293,0.034700
2015-03-16,0.907713,0.000000,0.543813,0.032169
2015-03-17,0.901691,0.000000,0.191105,0.033497
2015-03-18,0.895006,0.000000,0.185827,0.020764
2015-03-19,0.888579,0.000000,0.183792,0.033784
2015-03-20,0.882740,0.000000,0.178195,0.039314
2015-03-21,0.876402,0.000000,0.234924,0.032582
2015-03-22,0.871308,0.000000,0.172750,0.033337
2015-03-23,0.865754,0.000000,0.170384,0.033661
2015-03-24,0.860352,0.000000,0.165585,0.031533
2015-03-25,0.855165,0.000000,0.163630,0.034238
2015-03-26,0.849407,0.000000,0.166905,0.020577
2015-03-27,0.844806,0.000000,0.158184,0.037434
2015-03-28,0.839651,0.000000,0.155181,0.021100
2015-03-29,0.834444,0.000000,0.152438,0.019550
2015-03-30,0.829202,0.000000,0.149505,0.025960
2015-03-31,0.823919,0.000000,0.146573,0.021397
2015-04-01,0.818070,0.000000,0.143149,0.033910
2015-04-02,0.813337,0.000000,0.141865,0.032479
2015-04-03,0.808012,0.000000,0.135509,0.020545
2015-04-04,0.802712,0.000000,0.137382,0.031940
2015-04-05,0.797694,0.000000,0.132017,0.023559
2015-04-06,0.792444,0.000000,0.132106,0.030868
2015-04-07,0.788498,0.000000,0.127706,0.038232
2015-04-08,0.784285,0.000000,0.124703,0.020977
2015-04-09,0.780110,0.000000,0.121938,0.031029
2015-04-10,0.776041,0.000000,0.124626,0.021270
2015-04-11,0.771445,0.000000,0.121532,0.026454
2015-04-12,0.767898,0.000000,0.114366,0.033868
2015-04-13,0.763801,0.000000,0.212528,0.020899
2015-04-14,0.759714,0.000000,0.215712,0.221115
2015-04-15,0.755581,0.000000,0.112420,0.161291
2015-04-16,0.750942,0.000000,1.113296,0.192859
2015-04-17,0.747340,0.000000,1.795317,0.178057
2015-04-18,0.743176,0.000000,1.669497,0.082106
2015-04-19,0.738998,0.000000,4.407644,0.166661
2015-04-20,0.736445,0.109463,6.976052,0.089132
2015-04-21,0.740328,0.006217,0.101705,0.032097
2015-04-22,0.734030,0.000004,0.103160,0.194819
2015-04-23,0.724665,0.000000,0.100398,0.040455
2015-04-24,0.715910,0.000000,0.097633,0.299380
2015-04-25,0.708159,0.000000,0.098940,0.037512
2015-04-26,0.700778,0.000000,0.097632,0.032341
2015-04-27,0.695186,0.000000,0.096177,0.033623
2015-04-28,0.689775,0.000000,0.094869,0.021084
2015-04-29,0.685024,0.000000,0.096616,0.019245
2015-04-30,0.680785,0.000000,0.094867,0.024934
2015-05-01,0.676483,0.000000,0.092104,0.033497
2015-05-02,0.673361,0.000000,0.090648,0.031463
2015-05-03,0.669996,0.000000,0.087883,0.019841
2015-05-04,0.666874,0.000000,0.090647,0.031108
2015-05-05,0.663936,0.000000,0.089339,0.237573
2015-05-06,0.660687,0.000000,0.085119,0.032946
2015-05-07,0.658497,0.000000,0.086576,1.789928
2015-05-08,0.656079,0.000000,0.085118,0.158737
2015-05-09,0.653838,0.000000,0.082355,0.192860
2015-05-10,0.651900,0.000000,0.275690,0.024264
2015-05-11,0.649613,0.000000,0.125122,0.183388
2015-05-12,0.648234,0.000000,0.716461,0.213576
2015-05-13,0.646404,0.000000,1.651615,0.207802
2015-05-14,0.644599,0.000000,3.057223,0.189498
2015-05-15,0.695288,0.000000,5.635573,0.189714
2015-05-16,2.245049,0.069335,6.836973,0.112329
2015-05-17,2.130905,0.045159,4.166520,0.256588
2015-05-18,1.538511,0.020890,3.879936,0.168130
2015-05-19,0.968009,0.002393,3.303476,0.128695
2015-05-20,1.313302,0.000000,1.236601,0.168801
2015-05-21,2.406445,0.021967,1.938672,0.268283
2015-05-22,0.818487,0.002730,1.268812,0.210391
2015-05-23,1.764236,0.027345,2.021621,0.263976
2015-05-24,5.666310,0.086066,2.345101,0.173144
2015-05-25,4.475157,0.027287,2.283185,0.301306
2015-05-26,5.992636,0.080852,2.837758,0.261859
2015-05-27,6.614013,0.174255,3.996720,0.188508
2015-05-28,7.876194,0.198077,3.684206,0.270850
2015-05-29,6.433548,0.062962,4.406142,0.244097
2015-05-30,7.759130,0.086806,4.527645,0.219867
2015-05-31,4.707845,0.098559,3.508825,0.250872
2015-06-01,1.182913,0.096476,4.177191,0.485649
2015-06-02,1.492010,0.207706,6.658288,0.319438
2015-06-03,1.733396,0.373061,6.523551,0.146923
2015-06-04,1.985282,0.448662,8.069530,1.298147
2015-06-05,1.837157,1.145358,8.502695,1.377061
2015-06-06,1.610251,1.332016,7.449239,0.495114
2015-06-07,1.269981,1.091585,8.462939,0.757382
2015-06-08,2.211818,2.605122,6.764172,2.787590
2015-06-09,4.026962,5.380869,9.504357,3.114815
2015-06-10,3.636389,3.666804,8.290307,2.769144
2015-06-11,1.816281,6.607086,10.000471,3.095796
2015-06-12,0.963289,4.995609,6.955094,2.561064
2015-06-13,0.971078,5.713161,11.850280,2.928295
2015-06-14,0.962007,4.244520,11.224509,2.045757
2015-06-15,1.025688,4.795201,14.158011,2.131523
2015-06-16,1.378525,11.463955,17.311596,8.647803
2015-06-17,1.549512,21.684665,16.859221,11.305021
2015-06-18,2.759462,22.321063,17.427117,10.354746
2015-06-19,1.587074,14.937546,16.909142,8.711152
2015-06-20,1.899203,15.610702,16.328164,15.741055
2015-06-21,2.130690,13.971234,17.929137,13.970287
2015-06-22,2.695655,15.993748,21.319833,16.119539
2015-06-23,3.658524,14.126788,31.060039,15.297258
2015-06-24,2.009756,14.652461,22.928552,22.189988
2015-06-25,2.114802,17.409472,20.587409,16.761761
2015-06-26,2.202500,24.887605,19.553833,16.994736
2015-06-27,2.283356,27.079156,18.383457,23.382689
2015-06-28,2.365700,23.468769,16.153531,16.390804
2015-06-29,2.451526,19.831804,14.258690,13.768769
2015-06-30,2.543376,18.482824,13.995967,13.463917
2015-07-01,2.630771,16.428681,13.869545,12.885452
2015-07-02,2.712579,17.318470,12.912646,14.502330
2015-07-03,2.786741,19.565449,11.972439,14.818483
2015-07-04,2.848618,21.415621,11.268847,22.215648
2015-07-05,3.378297,30.544270,10.650348,24.830914
2015-07-06,3.123787,24.326391,10.441880,23.482172
2015-07-07,3.333927,21.893763,9.598707,23.965514
2015-07-08,3.454190,28.336333,10.378187,25.001541
2015-07-09,4.184340,19.080780,7.197090,19.224525
2015-07-10,3.551303,21.397098,6.951284,25.248134
2015-07-11,3.962821,10.143822,3.967957,21.004683
2015-07-12,3.648846,27.911605,4.711446,19.246709
2015-07-13,3.559249,29.849319,5.148942,24.214468
2015-07-14,3.527572,22.880994,5.249140,32.172297
2015-07-15,3.491502,24.439397,6.032070,25.219308
2015-07-16,3.466559,25.694896,6.514937,37.877393
2015-07-17,3.452150,27.605833,7.624083,27.495041
2015-07-18,3.685416,24.671907,7.818184,27.748228
2015-07-19,3.590336,30.483812,8.713567,28.370603
2015-07-20,3.676179,21.098006,3.981983,28.647858
2015-07-21,3.638581,16.111773,4.724720,21.007983
2015-07-22,3.540399,14.258264,4.709883,20.669561
2015-07-23,3.416584,22.586901,4.323550,19.031445
2015-07-24,3.524937,13.636238,4.416336,15.486830
2015-07-25,3.172659,16.837385,4.288786,16.887877
2015-07-26,3.050403,14.773618,4.183992,15.350733
2015-07-27,2.936311,18.903483,4.228764,16.244484
2015-07-28,2.835258,17.764543,4.394348,15.310989
2015-07-29,2.741404,15.141163,4.570512,16.460058
2015-07-30,2.654635,14.829541,4.668303,15.492614
2015-07-31,2.578022,24.142816,4.875799,22.989630
2015-08-01,2.507096,50.399168,6.022175,30.947963
2015-08-02,2.443247,19.561594,3.757466,23.170057
2015-08-03,2.380773,15.819711,5.394152,24.566108
2015-08-04,2.315514,21.520320,4.247939,19.724089
2015-08-05,2.256121,17.864057,4.004920,18.288068
2015-08-06,2.195821,16.225348,3.918761,16.122694
2015-08-07,2.144737,19.169977,4.842863,20.069788
2015-08-08,2.094888,15.207907,4.112372,15.493640
2015-08-09,2.049488,16.362635,3.474606,11.824527
2015-08-10,2.000951,18.724539,4.990998,18.689501
2015-08-11,1.969258,24.202011,4.090099,16.751858
2015-08-12,1.928362,19.291044,3.956306,14.736682
2015-08-13,1.885764,29.421868,4.412529,18.911692
2015-08-14,1.845647,42.064337,5.610741,22.195104
2015-08-15,1.810048,48.201672,7.013446,29.358721
2015-08-16,1.775503,22.873892,5.214603,15.600632
2015-08-17,1.759136,22.740656,3.471441,17.716853
2015-08-18,1.723242,19.243085,3.047000,18.232107
2015-08-19,1.694763,12.070978,1.771711,9.612080
2015-08-20,1.660663,12.776918,2.336583,10.919707
2015-08-21,1.625220,35.148135,2.587553,15.836476
2015-08-22,1.594106,36.714738,4.317784,32.232632
2015-08-23,1.565211,16.154373,2.341922,19.491024
2015-08-24,1.539702,13.749014,5.879428,28.479296
2015-08-25,1.515249,36.955240,6.840932,26.953223
2015-08-26,1.493967,22.420049,2.989187,22.765271
2015-08-27,1.473047,19.120561,1.789467,20.312303
2015-08-28,1.452473,10.810071,0.728905,18.635504
2015-08-29,1.432853,7.613314,0.800059,23.251804
2015-08-30,1.413833,9.067200,1.806816,18.476972
2015-08-31,1.395380,22.397611,2.520130,20.111631
2015-09-01,1.376612,23.546106,1.519148,16.314704
2015-09-02,1.360143,17.642797,3.702536,15.869720
2015-09-03,1.340114,11.130202,1.313196,9.273059
2015-09-04,1.326779,9.248273,1.568418,10.106803
2015-09-05,1.312402,21.141194,1.348661,15.096658
2015-09-06,1.296035,19.769132,2.195767,14.941685
2015-09-07,1.280031,16.214353,7.320368,16.448623
2015-09-08,1.268980,43.863469,14.584826,35.728618
2015-09-09,1.311171,83.301743,21.464552,50.538888
2015-09-10,1.149077,55.021456,15.587911,39.939541
2015-09-11,1.039746,12.133617,1.673895,13.328477
2015-09-12,0.997844,4.256812,0.687594,9.339765
2015-09-13,1.040552,4.884553,0.662038,15.553122
2015-09-14,1.111129,2.605490,0.798805,11.244062
2015-09-15,1.183433,1.084283,0.788498,14.042721
2015-09-16,1.248329,1.445255,0.955514,12.444835
2015-09-17,1.308578,0.622368,1.285690,12.466264
2015-09-18,1.366048,0.918524,1.849398,10.672903
2015-09-19,1.460161,7.026331,4.834310,10.049478
2015-09-20,1.477329,49.803670,17.654286,32.917158
2015-09-21,1.513116,4.803693,5.060395,8.323960
2015-09-22,1.502184,2.654364,4.327803,12.625219
2015-09-23,1.531961,1.459558,7.429023,13.201361
2015-09-24,1.533566,2.850739,2.864191,6.497043
2015-09-25,1.562500,0.690810,2.433570,8.941736
2015-09-26,1.594438,0.255520,2.984642,3.705403
2015-09-27,1.831032,5.845984,3.494930,7.016560
2015-09-28,1.896453,0.010051,2.032630,0.123344
2015-09-29,1.679614,0.000000,1.762009,0.058156
2015-09-30,1.685230,0.000000,1.688596,0.046533
2015-10-01,1.690922,0.000000,1.563415,0.045661
2015-10-02,1.700437,0.000000,1.480953,0.047639
2015-10-03,1.709509,0.000000,1.410882,0.045748
2015-10-04,1.718035,0.000000,1.365233,0.055268
2015-10-05,1.725287,0.000000,1.694916,0.044757
2015-10-06,3.745088,2.740640,13.852879,17.825706
2015-10-07,1.935892,5.232749,3.180036,6.066917
2015-10-08,1.753067,0.912732,2.516434,0.660867
2015-10-09,1.748305,0.041245,1.363241,0.045294
2015-10-10,1.740506,0.000000,1.381601,0.046779
2015-10-11,1.732524,0.000000,1.413329,0.046764
2015-10-12,1.727938,0.000000,1.442033,0.051290
2015-10-13,1.722707,0.000000,1.441990,0.046425
2015-10-14,1.717110,0.000000,1.438142,0.052982
2015-10-15,1.712297,0.000000,1.441624,0.057184
2015-10-16,1.800203,0.000000,1.443681,0.045869
2015-10-17,1.701659,14.149980,4.938598,1.611789
2015-10-18,1.739476,1.452038,1.628639,0.194291
2015-10-19,1.694866,0.000586,1.385526,0.044116
2015-10-20,1.652033,0.000000,1.376551,0.047293
2015-10-21,1.624136,0.000000,1.364704,0.045039
2015-10-22,1.610041,0.000000,1.350999,0.045719
2015-10-23,1.602382,0.000000,1.336387,0.046306
2015-10-24,1.601611,0.000000,1.321293,0.043672
2015-10-25,1.604845,0.000000,1.303586,0.044951
2015-10-26,1.608537,0.000000,1.284912,0.039908
2015-10-27,1.615461,0.000000,1.266926,0.041370
2015-10-28,2.658522,0.058073,5.474049,2.213932
2015-10-29,1.876448,6.682447,12.627331,15.479902
2015-10-30,1.643432,5.838200,3.325722,4.233825
2015-10-31,1.646161,0.012412,1.237640,0.048545
2015-11-01,1.633768,0.000007,1.236985,0.038029
2015-11-02,1.625835,0.000000,1.245079,0.049309
2015-11-03,1.620975,0.000000,1.251986,0.040007
2015-11-04,1.619259,0.000000,1.251662,0.039458
2015-11-05,1.619702,0.000000,1.340440,0.041094
2015-11-06,1.620580,0.000000,1.834963,0.036389
2015-11-07,2.947639,0.012010,2.373474,0.080604
2015-11-08,1.626064,0.001040,1.224093,0.037563
2015-11-09,1.627841,0.000000,1.213871,0.036543
2015-11-10,1.629384,0.000000,1.201368,0.126410
2015-11-11,1.629129,0.000000,1.186230,0.033461
2015-11-12,1.631297,0.000000,1.173173,0.050784
2015-11-13,1.631333,0.000000,1.162572,0.037294
2015-11-14,1.630170,0.000000,1.147289,0.034592
2015-11-15,1.627944,0.000000,1.129223,0.041130
2015-11-16,1.624078,0.000000,1.113699,0.036460
2015-11-17,1.621546,0.000000,1.095871,0.035161
2015-11-18,1.616899,0.000000,1.077006,0.043929
2015-11-19,1.611487,0.000000,1.056663,0.034652
2015-11-20,1.605497,0.000000,1.032268,0.036498
2015-11-21,1.597761,0.000000,1.006978,0.041739
2015-11-22,1.592051,0.000000,0.985547,0.044511
2015-11-23,1.584692,0.000000,1.786733,0.043794
2015-11-24,1.576520,0.000000,0.931239,0.041611
2015-11-25,1.568022,0.000000,0.907490,0.041363
2015-11-26,1.558485,0.000000,0.887646,0.046190
2015-11-27,1.551550,0.000000,0.863319,0.041055
2015-11-28,1.543428,0.000000,0.843561,0.042438
2015-11-29,1.534963,0.000000,0.820952,0.043270
2015-11-30,1.526136,0.000000,0.800845,0.032724
2015-12-01,1.515959,0.000000,0.777106,0.040934
2015-12-02,1.507471,0.000000,0.755721,0.038742
2015-12-03,1.497559,0.000000,0.734077,0.039742
2015-12-04,1.487664,0.000000,0.712950,0.039838
2015-12-05,1.477883,0.000000,0.691306,0.040306
2015-12-06,1.466601,0.000000,0.669581,0.042488
2015-12-07,1.457033,0.000000,0.647160,0.038515
2015-12-08,1.446514,0.000000,0.627886,0.039825
2015-12-09,1.436175,0.000000,0.604286,0.039842
2015-12-10,1.425616,0.000000,0.587131,0.038164
2015-12-11,1.413808,0.000000,0.566244,0.039920
2015-12-12,1.403761,0.000000,0.545738,0.037944
2015-12-13,1.392674,0.000000,0.531988,0.035593
2015-12-14,1.381466,0.000000,0.506795,0.035601
2015-12-15,1.370500,0.000000,0.490357,0.038663
2015-12-16,1.358673,0.000000,0.472949,0.211533
2015-12-17,1.348649,0.000000,0.457580,0.036956
2015-12-18,1.337731,0.000000,0.440343,0.038222
2015-12-19,1.326703,0.000000,0.423915,0.036977
2015-12-20,1.315573,0.000000,0.411546,0.035124
2015-12-21,1.303472,0.000000,0.398301,0.035234
2015-12-22,1.293271,0.000000,0.383168,0.037499
2015-12-23,1.282448,0.000000,0.369015,0.032600
2015-12-24,1.271605,0.000000,0.355188,0.036426
2015-12-25,1.261221,0.000000,0.348679,0.035261
2015-12-26,1.250963,0.000000,0.330478,0.035883
2015-12-27,1.242324,0.000000,0.387686,0.035617
2015-12-28,1.232653,0.000000,1.993509,0.033055
2015-12-29,1.222909,0.000000,0.295569,0.034785
2015-12-30,1.213285,0.000000,0.289280,0.031220
2015-12-31,1.203976,0.000000,0.387251,0.048483
2016-01-01,1.196963,0.000000,0.353741,0.032796
2016-01-02,1.188882,0.000000,0.253526,0.034536
2016-01-03,1.179975,0.000000,0.247591,0.034355
2016-01-04,1.171181,0.000000,0.238646,0.031148
2016-01-05,1.162461,0.000000,0.232299,0.032040
2016-01-06,1.152955,0.000000,0.219048,0.037716
2016-01-07,1.145031,0.000000,0.318433,0.032721
2016-01-08,1.136271,0.000000,0.211243,0.030595
2016-01-09,1.127525,0.000000,0.201799,0.032852
2016-01-10,1.118784,0.000000,0.196274,0.030473
2016-01-11,1.109453,0.000000,0.187244,0.032805
2016-01-12,1.101651,0.000000,0.181550,0.032742
2016-01-13,1.093089,0.000000,0.174398,0.033243
2016-01-14,1.084916,0.000000,0.167723,0.029380
2016-01-15,1.076786,0.000000,0.156265,0.036046
2016-01-16,1.067968,0.000000,0.152992,0.026556
2016-01-17,1.060689,0.000000,0.142779,0.032392
2016-01-18,1.052670,0.000000,0.133161,0.029923
2016-01-19,1.044634,0.000000,0.124405,0.027422
2016-01-20,1.036529,0.000000,0.113331,0.028944
2016-01-21,1.027869,0.000000,0.125676,0.033030
2016-01-22,1.020832,0.000000,0.815180,0.035502
2016-01-23,1.013034,0.000000,1.310072,0.026205
2016-01-24,1.005269,0.000000,0.293833,0.026360
2016-01-25,0.997614,0.000000,0.176898,0.028724
2016-01-26,0.989160,0.000000,0.069668,0.026212
2016-01-27,0.982378,0.000000,0.077855,0.029114
2016-01-28,0.975493,0.000000,0.060005,0.026437
2016-01-29,0.968810,0.000000,0.054469,0.027364
2016-01-30,0.962173,0.000000,0.051631,0.029549
2016-01-31,0.955570,0.000000,0.046114,0.026661
2016-02-01,0.948312,0.000000,0.042208,0.034225
2016-02-02,0.942514,0.000000,0.039455,0.027396
2016-02-03,0.936261,0.000000,0.034670,0.027806
2016-02-04,0.930036,0.000000,0.031810,0.025077
2016-02-05,0.923845,0.000000,0.028889,0.029338
2016-02-06,0.917008,0.000000,0.026546,0.025508
2016-02-07,0.911618,0.000000,0.021990,0.028672
2016-02-08,0.905643,0.000000,0.019947,0.024266
2016-02-09,0.899531,0.000000,0.018654,0.032598
2016-02-10,0.893412,0.000000,0.017018,0.035208
2016-02-11,0.886571,0.000000,0.014496,0.027261
2016-02-12,0.880998,0.000000,0.013442,0.024940
2016-02-13,0.874832,0.000000,0.011399,0.034898
2016-02-14,0.868537,0.000000,0.010102,0.026265
2016-02-15,0.862659,0.000000,0.007652,0.027368
2016-02-16,0.856790,0.000000,0.032322,0.025367
2016-02-17,0.852224,0.000000,0.010261,0.034004
2016-02-18,0.847152,0.000000,0.003258,0.025412
2016-02-19,0.842302,0.000000,0.003258,0.025440
2016-02-20,0.837484,0.000000,0.002444,0.025076
2016-02-21,0.832159,0.000000,0.002444,0.025709
2016-02-22,0.828257,0.000000,0.001629,0.031921
2016-02-23,0.823872,0.000000,0.000991,0.028169
2016-02-24,0.819503,0.000000,0.001222,0.033159
2016-02-25,0.815083,0.000000,0.001222,0.025882
2016-02-26,0.810098,0.000000,0.000815,0.031932
2016-02-27,0.806286,0.000000,0.000407,0.032627
2016-02-28,0.801762,0.000000,0.000407,0.025559
2016-02-29,0.797217,0.000000,0.000000,0.024962
2016-03-01,0.792202,0.000000,0.000000,0.026320
2016-03-02,0.788195,0.000000,0.000000,0.025062
2016-03-03,0.783461,0.000000,0.000000,0.025653
2016-03-04,0.778689,0.000000,0.000000,0.022988
2016-03-05,0.774005,0.000000,0.000000,0.058215
2016-03-06,0.768991,0.000000,0.006700,0.023500
2016-03-07,0.765094,0.000000,0.000113,0.026249
2016-03-08,0.760693,0.000000,0.079604,0.024745
2016-03-09,0.756391,0.000000,0.159746,0.022225
2016-03-10,0.752138,0.000000,0.082899,0.027734
2016-03-11,0.747526,0.000000,0.000000,0.023408
2016-03-12,0.744093,0.000000,0.033740,0.025297
2016-03-13,0.740178,0.000000,0.476478,0.020946
2016-03-14,0.735919,0.000000,1.139108,0.020780
2016-03-15,0.731877,0.000000,0.001308,0.025409
2016-03-16,0.727677,0.000000,0.013075,0.022882
2016-03-17,0.724400,0.000000,0.000818,0.068706
2016-03-18,0.720515,0.000000,0.023491,0.039280
2016-03-19,0.716622,0.000000,0.297962,0.013919
2016-03-20,0.712808,0.000000,0.000000,0.023539
2016-03-21,0.708512,0.000000,0.000000,0.023635
2016-03-22,0.705185,0.000000,0.000000,0.029466
2016-03-23,0.701300,0.000000,0.000000,0.014337
2016-03-24,0.697373,0.000000,0.003079,0.023327
2016-03-25,0.693419,0.000000,0.000000,0.023981
2016-03-26,0.688950,0.000000,0.000000,0.022612
2016-03-27,0.685684,0.000000,0.000000,0.023626
2016-03-28,0.682090,0.000000,0.000000,0.022262
2016-03-29,0.678510,0.000000,0.000000,0.024699
2016-03-30,0.674871,0.000000,0.000000,0.021999
2016-03-31,0.671205,0.000000,0.000000,0.024838
2016-04-01,0.667109,0.000000,0.000000,0.022863
2016-04-02,0.663893,0.000000,0.000000,0.023714
2016-04-03,0.660149,0.000000,0.000000,0.023041
2016-04-04,0.656394,0.000000,0.029967,0.023396
2016-04-05,0.652668,0.000000,0.000000,0.023469
2016-04-06,0.648630,0.000000,0.003171,0.020259
2016-04-07,0.645570,0.000000,0.000000,0.023778
2016-04-08,0.642071,0.000000,0.000000,0.118305
2016-04-09,0.638649,0.000000,0.000000,0.091470
2016-04-10,0.635264,0.000000,0.763810,0.128803
2016-04-11,0.631470,0.000000,1.967461,0.415133
2016-04-12,0.628415,0.000000,3.296433,0.190415
2016-04-13,0.624452,0.009896,4.233849,3.533258
2016-04-14,0.625299,0.001410,0.315357,0.022546
2016-04-15,0.884269,0.000001,1.544315,0.086570
2016-04-16,0.623652,0.000000,0.005667,0.121658
2016-04-17,0.616267,0.000000,0.093645,0.098546
2016-04-18,0.609149,0.000000,0.143473,0.021451
2016-04-19,0.603280,0.000000,2.012247,0.127433
2016-04-20,0.598273,0.000000,1.804841,0.021836
2016-04-21,0.593380,0.000000,0.998171,0.025802
2016-04-22,0.589777,0.000000,0.532485,0.022517
2016-04-23,0.714016,0.005094,8.313795,0.317787
2016-04-24,0.585223,0.002390,2.772575,0.022035
2016-04-25,0.758627,0.000001,4.522907,0.147022
2016-04-26,0.958891,0.000000,5.491725,0.187052
2016-04-27,1.054053,0.000000,1.222261,0.016189
2016-04-28,0.569364,0.000000,8.967554,0.323160
2016-04-29,0.562254,0.002031,5.727500,0.058683
2016-04-30,0.568321,0.059103,5.677049,0.165311
2016-05-01,0.599983,0.140941,8.043046,0.146686
2016-05-02,0.600206,0.026461,7.899984,0.129650
2016-05-03,0.670248,0.050191,10.477396,0.197617
2016-05-04,0.544021,0.824608,8.917034,0.272168
2016-05-05,0.542185,0.223909,8.882698,0.159100
2016-05-06,0.540319,0.561729,9.769273,0.239082
2016-05-07,0.539480,0.145912,6.869288,0.258689
2016-05-08,0.538473,0.113020,5.401502,0.129730
2016-05-09,0.537584,1.672235,7.471490,0.294518
2016-05-10,0.536618,11.668508,7.990921,0.124301
2016-05-11,0.536689,4.057438,4.719340,0.332870
2016-05-12,0.537943,6.157695,5.500351,0.157372
2016-05-13,0.579440,8.565237,5.752219,0.117962
2016-05-14,0.533906,10.419158,6.304176,0.090861
2016-05-15,0.529638,13.564264,5.844300,0.061983
2016-05-16,0.527226,4.830266,1.677585,0.145792
2016-05-17,0.525744,3.804028,2.108343,0.161332
2016-05-18,0.655666,0.918630,2.234003,0.156900
2016-05-19,0.649500,2.497324,2.625784,0.196344
2016-05-20,0.523827,5.705354,2.958776,0.253765
2016-05-21,0.523587,3.391673,2.096290,0.167548
2016-05-22,0.524295,4.191690,3.117897,0.148666
2016-05-23,0.524697,5.911867,3.292125,0.165050
2016-05-24,0.827581,11.193387,2.424719,0.116414
2016-05-25,0.575316,20.315910,1.325183,0.412221
2016-05-26,0.984636,2.422931,0.291356,2.376870
2016-05-27,0.505007,3.642316,0.518658,0.259311
2016-05-28,0.487012,21.528392,2.118259,0.694619
2016-05-29,0.870840,26.912481,9.204302,5.439615
2016-05-30,0.770634,7.731933,0.837775,3.238052
2016-05-31,0.758292,7.783433,1.077806,2.112941
2016-06-01,0.521132,31.003944,1.723600,8.337126
2016-06-02,0.787911,23.153282,2.335637,5.173395
2016-06-03,4.269777,56.332284,3.706970,10.475484
2016-06-04,3.214974,49.300409,3.206783,8.880224
2016-06-05,1.783527,14.869920,1.076189,3.578726
2016-06-06,2.063414,15.929941,3.372627,8.507921
2016-06-07,2.863238,22.595452,2.320122,6.711278
2016-06-08,1.534325,21.505057,2.817035,6.832791
2016-06-09,0.622333,22.306941,3.518596,10.986991
2016-06-10,0.656024,30.738725,5.036987,15.209686
2016-06-11,0.661879,18.755283,5.318458,10.048081
2016-06-12,0.736205,22.859901,4.887325,17.137897
2016-06-13,0.781654,28.542346,4.746942,13.996278
2016-06-14,0.760069,18.882042,4.067483,12.732900
2016-06-15,1.300680,14.556528,4.054537,11.376210
2016-06-16,1.369684,13.723762,2.789267,15.304962
2016-06-17,0.773440,20.993007,2.819383,16.408875
2016-06-18,0.847921,23.288814,2.870934,13.602081
2016-06-19,0.948622,26.511350,3.443608,14.865235
2016-06-20,0.918519,36.547411,4.435115,23.538924
2016-06-21,0.818832,27.891596,4.510925,16.187492
2016-06-22,0.834316,32.307600,4.696881,14.389237
2016-06-23,0.854862,31.781871,6.560781,27.661474
2016-06-24,0.929556,58.179288,8.083502,31.179168
2016-06-25,0.874152,33.993000,3.023268,37.598826
2016-06-26,0.876507,36.972690,4.385643,45.755387
2016-06-27,0.937262,77.974968,13.168749,40.647998
2016-06-28,0.918584,46.930543,6.095641,48.312265
2016-06-29,0.895429,25.588085,5.125993,28.782209
2016-06-30,0.865615,29.089708,4.775591,33.883855
2016-07-01,0.881286,32.306423,6.621890,48.499507
2016-07-02,0.891870,34.475668,7.573585,51.232101
2016-07-03,0.892289,29.336330,6.293664,46.732118
2016-07-04,0.896603,27.884223,6.199961,44.781642
2016-07-05,0.898008,27.044381,6.411548,44.987708
2016-07-06,0.888319,24.417665,6.913392,46.580806
2016-07-07,0.898364,25.432895,6.916852,42.714541
2016-07-08,0.880014,20.965360,6.132814,33.225701
2016-07-09,0.915174,27.435883,7.377052,44.527366
2016-07-10,0.925528,27.472648,5.856261,26.100197
2016-07-11,0.904360,27.634124,7.241078,36.621815
2016-07-12,0.919407,28.092311,7.476661,47.408308
2016-07-13,0.919808,27.881591,7.006421,44.380015
2016-07-14,0.906994,22.001116,7.000280,42.404935
2016-07-15,0.915979,35.238923,6.694108,42.069490
2016-07-16,0.910684,29.734192,6.561523,40.828554
2016-07-17,0.927449,31.211972,6.547362,40.153253
2016-07-18,0.958425,24.399361,6.419778,40.122221
2016-07-19,0.907774,22.318591,6.359587,39.369150
2016-07-20,0.823729,23.606639,6.500610,40.224135
2016-07-21,0.820745,26.537302,6.676499,40.629335
2016-07-22,0.818832,26.304833,7.260804,41.841283
2016-07-23,0.816180,32.620106,6.686328,35.756117
2016-07-24,0.813431,31.610306,7.152609,24.867849
2016-07-25,0.810474,23.752680,6.250987,32.008577
2016-07-26,0.806831,29.006798,6.755253,40.944025
2016-07-27,0.804332,28.682146,6.164447,38.280849
2016-07-28,0.801189,28.057076,5.687591,36.654306
2016-07-29,0.797960,26.254900,5.495887,32.655431
2016-07-30,1.429805,18.142776,5.026495,21.048883
2016-07-31,1.832138,14.147268,4.814798,21.957459
2016-08-01,1.870516,15.758361,4.603011,29.416095
2016-08-02,0.784835,16.417824,4.831055,22.534208
2016-08-03,0.855853,16.999151,3.907629,22.981227
2016-08-04,0.772200,26.274195,3.650048,34.086915
2016-08-05,0.768183,28.327125,3.121031,31.064118
2016-08-06,0.764070,18.360076,4.336027,32.826061
2016-08-07,0.766563,15.971509,4.043238,31.521606
2016-08-08,0.757675,18.175528,3.744256,19.960010
2016-08-09,0.754083,18.347313,3.088598,27.111886
2016-08-10,0.750348,18.310215,3.692805,24.754916
2016-08-11,0.745973,30.360573,3.666586,24.701392
2016-08-12,0.742647,17.279828,3.576449,26.604600
2016-08-13,0.739072,25.207387,4.606474,27.712573
2016-08-14,0.738770,25.583471,3.321856,24.731830
2016-08-15,0.729568,48.321233,15.995192,45.860852
2016-08-16,0.795684,40.662268,7.689233,27.949512
2016-08-17,0.721031,29.179427,3.960507,28.438525
2016-08-18,0.721721,21.562109,3.501694,26.233970
2016-08-19,0.720115,36.420176,2.191470,24.987999
2016-08-20,0.717144,19.402303,2.390102,24.174916
2016-08-21,0.712840,19.946360,3.360103,28.275943
2016-08-22,0.709047,14.353584,2.236732,22.141132
2016-08-23,0.704501,14.037306,2.227565,19.778995
2016-08-24,0.699782,12.560542,2.660565,21.372907
2016-08-25,0.694917,15.675088,2.997841,22.910011
2016-08-26,1.946780,15.340863,2.710594,21.602073
2016-08-27,1.500612,10.524470,2.516649,17.537906
2016-08-28,0.679956,8.814217,1.589616,12.184218
2016-08-29,0.675512,8.189154,2.363627,13.319855
2016-08-30,0.709868,15.712028,3.382638,12.538525
2016-08-31,0.666706,7.820452,1.657237,17.028635
2016-09-01,0.662091,11.961990,2.488038,11.767845
2016-09-02,0.658330,6.554756,1.484356,19.345729
2016-09-03,0.654143,5.505139,1.378530,14.721053
2016-09-04,0.650131,4.040474,1.607843,6.342260
2016-09-05,0.646143,6.397353,2.065794,11.698972
2016-09-06,0.641698,7.700916,1.312887,11.708794
2016-09-07,0.741026,4.633516,1.396234,13.162037
2016-09-08,0.635093,22.273683,3.235385,22.988507
2016-09-09,0.630137,16.447123,2.018216,11.678652
2016-09-10,0.626143,26.230307,2.598651,11.912733
2016-09-11,0.621689,24.865311,3.911656,13.448529
2016-09-12,0.618176,36.218350,2.326473,8.505274
2016-09-13,0.614242,11.477630,1.396533,8.161978
2016-09-14,0.610349,6.946970,1.647961,5.764590
2016-09-15,0.610320,10.860879,2.441753,2.532803
2016-09-16,0.699247,12.461227,3.011758,7.528539
2016-09-17,0.614606,6.084821,3.863804,11.772423
2016-09-18,0.596502,3.243278,1.225826,7.830302
2016-09-19,0.592500,0.349204,0.425621,12.692794
2016-09-20,0.589812,0.010495,0.426450,2.236442
2016-09-21,0.586278,0.000017,0.402817,0.182701
2016-09-22,0.583277,1.479316,0.757720,0.888802
2016-09-23,0.579891,7.468586,4.313146,8.664930
2016-09-24,0.576634,3.063511,0.459870,2.762519
2016-09-25,0.573272,2.222682,0.379717,1.224847
2016-09-26,0.569548,5.035491,0.617537,1.658840
2016-09-27,0.566643,0.243998,0.366562,1.246067
2016-09-28,0.563424,0.007365,0.362088,0.488091
2016-09-29,0.560340,0.013299,0.357464,0.372061
2016-09-30,0.725857,0.001494,0.371940,0.046811
2016-10-01,0.553758,0.000001,0.343876,0.037415
2016-10-02,0.551133,0.000000,0.668056,0.039703
2016-10-03,1.761583,4.348793,5.442809,4.139936
2016-10-04,0.544161,7.001392,3.270850,6.142637
2016-10-05,0.915168,16.194400,5.479489,10.147021
2016-10-06,0.553873,29.014307,5.658010,11.057051
2016-10-07,0.558191,9.586984,1.152082,1.638346
2016-10-08,0.547561,8.270245,1.265853,0.575087
2016-10-09,0.535541,1.124135,1.259667,0.831391
2016-10-10,0.525175,1.188855,0.730963,0.103432
2016-10-11,0.515900,0.949170,1.249401,0.585860
2016-10-12,0.521928,46.024206,8.547998,16.744208
2016-10-13,0.512584,35.986550,7.945476,17.828901
2016-10-14,0.424650,0.266671,0.528834,0.858433
2016-10-15,0.394557,0.000000,0.494469,0.039268
2016-10-16,0.386760,0.000000,1.003524,0.038934
2016-10-17,0.478416,0.003105,0.705549,0.201039
2016-10-18,0.426047,0.030368,0.703115,0.075686
2016-10-19,0.630603,6.967447,6.481077,5.307787
2016-10-20,0.807739,23.700654,3.897234,3.142535
2016-10-21,0.733158,1.285109,2.098081,1.778633
2016-10-22,0.413979,8.206308,6.875401,12.432799
2016-10-23,0.420225,0.730706,1.693625,0.768817
2016-10-24,0.445087,0.009015,1.594197,0.307230
2016-10-25,0.480524,0.000007,1.655719,0.035484
2016-10-26,0.574112,0.004741,1.856279,0.037725
2016-10-27,0.567830,0.000440,1.944397,0.038584
2016-10-28,0.617801,0.000000,2.045163,0.037414
2016-10-29,0.663728,0.000000,2.188506,0.037617
2016-10-30,0.705158,0.000000,2.157808,0.035727
2016-10-31,0.742141,0.000000,2.069511,0.044124
2016-11-01,0.776238,0.000000,2.061889,0.039869
2016-11-02,0.947901,0.025296,2.453336,0.034575
2016-11-03,0.845201,0.010172,2.163615,0.036315
2016-11-04,0.879924,0.000005,2.018063,0.036008
2016-11-05,0.910131,0.000000,2.000024,0.033836
2016-11-06,4.766964,0.903138,3.249240,0.039521
2016-11-07,2.216171,1.534132,2.146754,0.035595
2016-11-08,1.405872,4.442931,3.352473,0.157359
2016-11-09,1.006200,0.035328,1.993042,0.091130
2016-11-10,0.999860,0.000903,2.042734,0.031478
2016-11-11,1.002543,0.000014,2.360099,0.035497
2016-11-12,1.012995,0.000000,2.673657,0.063669
2016-11-13,1.026409,0.000000,1.918409,0.035944
2016-11-14,1.041506,0.000000,1.920313,0.035676
2016-11-15,1.057278,0.000000,1.929015,0.037763
2016-11-16,1.072166,0.000000,1.922560,0.037208
2016-11-17,1.088373,0.000000,1.916381,0.035032
2016-11-18,1.103347,0.000000,1.903610,0.038333
2016-11-19,1.117600,0.000000,1.892312,0.035919
2016-11-20,1.132840,0.000000,1.876618,0.035538
2016-11-21,1.146891,0.000000,1.862814,0.035464
2016-11-22,1.161408,0.000000,1.842377,0.038800
2016-11-23,1.173700,0.000000,1.825283,0.032167
2016-11-24,1.184552,0.000000,1.845805,0.044999
2016-11-25,1.194198,0.000000,1.786442,0.035259
2016-11-26,1.201810,0.000000,1.761241,0.034498
2016-11-27,1.210017,0.000000,1.803886,0.044723
2016-11-28,1.216450,0.000000,1.720344,0.038012
2016-11-29,1.221657,0.000000,1.688296,0.036368
2016-11-30,1.225644,0.000000,1.662464,0.035400
2016-12-01,1.227954,0.000000,1.635263,0.034719
2016-12-02,1.231013,0.000000,1.610079,0.034797
2016-12-03,1.232603,0.000000,1.583042,0.037252
2016-12-04,1.233564,0.000000,1.555089,0.033363
2016-12-05,1.233795,0.000000,1.584303,0.034887
2016-12-06,1.232619,0.000000,1.498132,0.036796
2016-12-07,1.232660,0.000000,1.475481,0.035745
2016-12-08,1.231257,0.000000,1.447074,0.032870
2016-12-09,1.229588,0.000000,1.420318,0.035296
2016-12-10,1.227454,0.000000,1.390505,0.034277
2016-12-11,1.224161,0.000000,1.519052,0.032528
2016-12-12,1.222243,0.000000,1.342831,0.033325
2016-12-13,1.218953,0.000000,1.313912,0.038939
2016-12-14,1.215498,0.000000,1.453593,0.032761
2016-12-15,1.211622,0.000000,1.346355,0.031674
2016-12-16,1.206603,0.000000,1.587922,0.032136
2016-12-17,1.202939,0.000000,1.227594,0.038028
2016-12-18,1.198075,0.000000,1.239440,0.035407
2016-12-19,1.192990,0.000000,1.165201,0.033540
2016-12-20,1.187890,0.000000,1.143681,0.028761
2016-12-21,1.181850,0.000000,1.121968,0.033406
2016-12-22,1.177084,0.000000,1.100835,0.033116
2016-12-23,1.171209,0.000000,1.082462,0.029430
2016-12-24,1.165256,0.000000,1.060366,0.032412
2016-12-25,1.159299,0.000000,1.041596,0.032531
2016-12-26,1.152408,0.000000,1.023725,0.029024
2016-12-27,1.146973,0.000000,1.007628,0.035117
2016-12-28,1.140619,0.000000,0.993263,0.033039
2016-12-29,1.134140,0.000000,0.967723,0.030393
2016-12-30,1.127776,0.000000,0.953005,0.029793
2016-12-31,1.121418,0.000000,0.932277,0.032253
2017-01-01,1.099205,0.000000,0.917727,0.030348
2017-01-02,1.093872,0.000000,0.903185,0.030334
2017-01-03,1.087794,0.000000,0.882687,0.030335
2017-01-04,1.081572,0.000000,0.871489,0.029396
2017-01-05,1.075229,0.000000,0.861249,0.031988
2017-01-06,1.068064,0.000000,0.838964,0.029687
2017-01-07,1.062321,0.000000,0.826924,0.029079
2017-01-08,1.055766,0.000000,0.809781,0.028849
2017-01-09,1.049176,0.000000,0.798248,0.028555
2017-01-10,1.042744,0.000000,0.782381,0.028050
2017-01-11,1.035540,0.000000,0.770680,0.028322
2017-01-12,1.029568,0.000000,0.757915,0.027457
2017-01-13,1.022812,0.000000,0.745555,0.029995
2017-01-14,1.015985,0.000000,0.731245,0.026349
2017-01-15,1.009211,0.000000,0.719392,0.023702
2017-01-16,1.001857,0.000000,0.708801,0.030254
2017-01-17,0.995859,0.000000,0.696134,0.027477
2017-01-18,0.989083,0.000000,0.681329,0.021200
2017-01-19,0.982326,0.000000,0.676694,0.027746
2017-01-20,0.975546,0.000000,0.663366,0.024354
2017-01-21,0.968215,0.000000,0.651736,0.029932
2017-01-22,0.962338,0.000000,0.639697,0.026747
2017-01-23,0.955870,0.000000,0.708617,0.027655
2017-01-24,0.949680,0.000000,0.670168,0.026915
2017-01-25,0.943595,0.000000,0.610920,0.024902
2017-01-26,0.936886,0.000000,0.601006,0.026639
2017-01-27,0.931413,0.000000,0.592376,0.028026
2017-01-28,0.925336,0.000000,0.580687,0.025653
2017-01-29,0.919259,0.000000,0.573986,0.022267
2017-01-30,0.913414,0.000000,0.561154,0.027835
2017-01-31,0.907812,0.000000,0.556608,0.022808
2017-02-01,0.901629,0.000000,0.549048,0.023902
2017-02-02,0.896606,0.000000,0.549470,0.024850
2017-02-03,0.890981,0.000000,0.587290,0.024945
2017-02-04,0.885333,0.000000,0.544637,0.023621
2017-02-05,0.879687,0.000000,0.523804,0.025723
2017-02-06,0.873681,0.000000,0.513030,0.023403
2017-02-07,0.869370,0.000000,0.703190,0.022571
2017-02-08,0.864473,0.000000,1.131603,0.022972
2017-02-09,0.859573,0.000000,0.555213,0.024914
2017-02-10,0.854762,0.000000,0.478785,0.022617
2017-02-11,0.849335,0.000000,0.507779,0.020413
2017-02-12,0.845074,0.000000,0.781409,0.025965
2017-02-13,0.840319,0.000000,0.466198,0.021405
2017-02-14,0.835663,0.000000,0.478275,0.023999
2017-02-15,0.830984,0.000000,0.446665,0.016922
2017-02-16,0.825805,0.000000,0.446502,0.022065
2017-02-17,0.821924,0.000000,0.437642,0.022177
2017-02-18,0.817389,0.000000,0.432589,0.022888
2017-02-19,0.812806,0.000000,0.428358,0.020538
2017-02-20,0.808353,0.000000,0.423144,0.022534
2017-02-21,0.803346,0.000000,0.418593,0.021972
2017-02-22,0.799476,0.000000,0.414853,0.021837
2017-02-23,0.795186,0.000000,0.408908,0.020522
2017-02-24,0.790860,0.000000,0.409861,0.024278
2017-02-25,0.786525,0.000000,0.405077,0.021461
2017-02-26,0.781781,0.000000,0.396388,0.019931
2017-02-27,0.778263,0.000000,0.393707,0.023014
2017-02-28,0.774179,0.000000,0.389625,0.192166
2017-03-01,0.769560,0.000000,0.385396,0.021198
2017-03-02,0.766009,0.000000,0.381836,0.021449
2017-03-03,0.761899,0.000000,0.377345,0.022436
2017-03-04,0.757738,0.000000,0.373784,0.020170
2017-03-05,0.753664,0.000000,0.370584,0.022624
2017-03-06,0.749135,0.000000,0.366783,0.021529
2017-03-07,0.745685,0.000000,0.363599,0.021915
2017-03-08,0.741639,0.000000,0.356850,0.019609
2017-03-09,0.737573,0.000000,0.355559,0.022910
2017-03-10,0.733496,0.000000,0.353277,0.020793
2017-03-11,0.728892,0.000000,0.348557,0.022226
2017-03-12,0.725313,0.000000,0.344158,0.020175
2017-03-13,0.721163,0.000000,0.342863,0.023073
2017-03-14,0.717076,0.000000,0.337973,0.021941
2017-03-15,0.713119,0.000000,0.335061,0.022021
2017-03-16,0.708720,0.000000,0.331808,0.020358
2017-03-17,0.705284,0.000000,0.329835,0.022531
2017-03-18,0.701347,0.000000,0.323997,0.019502
2017-03-19,0.697413,0.000000,0.321873,0.022320
2017-03-20,0.693480,0.000000,0.318542,0.019562
2017-03-21,0.689190,0.000000,0.317234,0.021744
2017-03-22,0.685894,0.000000,0.312447,0.036572
2017-03-23,0.682156,0.000000,0.316279,0.023646
2017-03-24,0.678425,0.000000,0.308536,0.020668
2017-03-25,0.674656,0.000000,0.303088,0.020080
2017-03-26,0.670466,0.000000,0.300556,0.022121
2017-03-27,0.667279,0.000000,0.296905,0.020452
2017-03-28,0.663759,0.000000,0.294629,0.021275
2017-03-29,0.660293,0.000000,0.290809,0.021656
2017-03-30,0.656895,0.000000,0.290140,0.019257
2017-03-31,0.653520,0.000000,0.282350,0.023613
2017-04-01,0.649756,0.000000,0.282350,0.023701
2017-04-02,0.647058,0.000000,0.278918,0.019370
2017-04-03,0.643909,0.000000,0.283796,0.020334
2017-04-04,0.640807,0.000000,0.274047,0.020795
2017-04-05,0.637762,0.000000,0.272583,0.023322
2017-04-06,0.634286,0.000000,0.269980,0.020086
2017-04-07,0.631630,0.000000,0.265672,0.021855
2017-04-08,0.628513,0.000000,0.262907,0.022202
2017-04-09,0.625409,0.000000,0.262668,0.020336
2017-04-10,0.622301,0.000000,0.261521,0.022878
2017-04-11,0.618767,0.000000,0.252261,0.066987
2017-04-12,0.616087,0.000000,0.254356,0.020860
2017-04-13,0.613008,0.000000,0.250629,0.019756
2017-04-14,0.609923,0.000000,0.252721,0.024343
2017-04-15,0.606810,0.000000,0.245261,0.021381
2017-04-16,0.603360,0.000000,0.244203,0.020005
2017-04-17,0.600883,0.000000,0.242167,0.022597
2017-04-18,0.597979,0.000000,0.254744,0.020354
2017-04-19,0.595047,0.000000,0.246956,0.021999
2017-04-20,0.592273,0.000000,0.234676,0.020262
2017-04-21,0.589123,0.000000,0.233708,0.022274
2017-04-22,0.586856,0.000000,0.230853,0.055951
2017-04-23,0.584195,0.000000,0.228750,0.068479
2017-04-24,0.581508,0.000000,0.226068,0.048650
2017-04-25,0.578968,0.000000,0.333170,0.109071
2017-04-26,0.576167,0.000000,0.237977,0.061500
2017-04-27,0.574188,0.000000,0.621172,0.077610
2017-04-28,0.571895,0.000000,0.320971,0.022416
2017-04-29,0.569623,0.000000,0.950018,0.102615
2017-04-30,0.567359,0.000000,1.735207,0.082024
2017-05-01,0.564467,0.000000,1.715327,0.129293
2017-05-02,0.563474,0.151044,7.646810,0.064306
2017-05-03,0.572901,0.436876,6.261710,0.063980
2017-05-04,0.563097,2.383018,4.258474,0.039547
2017-05-05,0.545832,8.022403,2.918376,0.091514
2017-05-06,0.533002,12.103913,3.707344,0.157209
2017-05-07,0.512949,9.173228,3.792803,0.113638
2017-05-08,0.492955,6.413662,2.093942,0.087274
2017-05-09,0.466132,5.020838,1.110616,0.145809
2017-05-10,0.443800,0.159356,0.967253,0.117525
2017-05-11,0.441164,0.000072,0.579335,0.076872
2017-05-12,0.450708,0.000000,0.523512,0.060192
2017-05-13,0.466146,0.000000,0.460013,0.079643
2017-05-14,0.486641,0.000000,1.467426,0.106804
2017-05-15,1.340040,0.296183,2.367299,0.154308
2017-05-16,1.515324,5.354951,2.560341,0.184677
2017-05-17,1.349044,4.372109,2.111856,0.356410
2017-05-18,3.215182,4.442910,2.153270,0.894328
2017-05-19,4.063316,11.780505,4.686804,0.471931
2017-05-20,5.580340,21.111969,5.477360,2.800485
2017-05-21,6.222423,24.104139,5.933206,2.005745
2017-05-22,4.936882,9.604768,2.658192,1.768865
2017-05-23,5.513038,8.232824,4.190411,1.550846
2017-05-24,7.714127,7.448583,4.150223,0.804726
2017-05-25,6.971210,2.155035,4.055250,1.090283
2017-05-26,3.379881,4.306924,5.463489,1.870215
2017-05-27,1.008901,3.107078,6.879605,3.136075
2017-05-28,1.100379,0.787362,5.292925,1.770398
2017-05-29,1.203621,2.010502,7.038374,3.383205
2017-05-30,1.299195,0.192727,5.575915,3.152789
2017-05-31,1.380229,0.110564,5.322657,3.885380
2017-06-01,1.467190,0.099427,6.175587,2.375888
2017-06-02,1.561092,0.764570,7.023092,4.734733
2017-06-03,1.886859,5.952420,8.415217,5.555180
2017-06-04,1.777639,12.767469,10.176054,17.162021
2017-06-05,1.729249,9.908887,9.720893,11.280067
2017-06-06,4.492353,14.309855,14.462133,18.961394
2017-06-07,1.850897,14.082833,11.805811,14.944631
2017-06-08,2.065187,12.149651,12.442258,14.512416
2017-06-09,2.312449,18.448525,12.866809,15.149481
2017-06-10,2.530243,14.698888,12.766037,10.565598
2017-06-11,2.723447,15.569538,13.594559,17.426424
2017-06-12,2.887266,16.131457,13.391450,12.661145
2017-06-13,3.016465,17.669186,13.849439,19.141725
2017-06-14,3.129973,19.629732,14.723553,13.727700
2017-06-15,3.240565,20.434039,14.214882,13.935932
2017-06-16,3.334009,15.254689,14.528465,12.432326
2017-06-17,3.447308,16.831300,11.374090,10.974630
2017-06-18,3.757744,24.874117,11.533661,16.349325
2017-06-19,3.624023,26.066677,11.399198,14.342908
2017-06-20,3.789640,18.417595,11.890555,12.537463
2017-06-21,3.924733,22.364211,13.288778,18.676213
2017-06-22,4.001737,35.038936,13.563683,20.082366
2017-06-23,4.019734,30.614692,9.913327,11.871228
2017-06-24,4.012146,28.977574,10.019448,18.197218
2017-06-25,3.991302,25.906060,10.504683,22.360281
2017-06-26,3.961678,27.915920,9.791768,21.862244
2017-06-27,3.944817,22.225936,10.108068,23.920088
2017-06-28,3.932646,26.180899,9.712632,19.083841
2017-06-29,4.035537,28.567857,9.845687,18.873039
2017-06-30,3.949896,15.697668,9.436884,14.492330
2017-07-01,4.072282,27.285641,9.349913,20.935407
2017-07-02,4.511337,15.192224,9.430900,14.310466
2017-07-03,5.327782,7.600846,5.709438,4.712731
2017-07-04,4.009923,10.472555,5.302883,11.104282
2017-07-05,3.811889,12.369657,5.121851,14.417081
2017-07-06,3.711032,29.901159,5.648940,19.802445
2017-07-07,3.610616,22.837851,5.627663,19.408315
2017-07-08,3.505887,22.689997,5.665306,19.850264
2017-07-09,3.402371,23.894547,6.088597,24.613334
2017-07-10,3.307214,21.802041,6.089347,25.277251
2017-07-11,3.221590,24.654120,5.793631,20.710607
2017-07-12,3.174770,19.653463,5.701742,20.424965
2017-07-13,3.087515,23.092864,6.065527,22.200527
2017-07-14,2.956268,26.127833,6.311470,22.476341
2017-07-15,2.889422,24.092946,7.532599,22.022776
2017-07-16,2.824167,32.764812,7.790248,24.010160
2017-07-17,2.763774,33.448837,6.954085,18.767818
2017-07-18,2.703072,38.256091,8.421442,25.384116
2017-07-19,2.643276,60.859011,10.401449,28.959878
2017-07-20,2.580855,35.842203,10.143065,26.841671
2017-07-21,2.533971,32.621665,4.744455,32.950766
2017-07-22,2.490860,51.946263,18.987388,51.019418
2017-07-23,2.483054,58.592475,11.334359,32.686330
2017-07-24,2.397627,28.256441,5.439674,26.955850
2017-07-25,2.303490,36.053842,6.204606,27.851093
2017-07-26,2.239427,35.007014,6.119399,27.580009
2017-07-27,2.201228,26.454490,5.921770,24.236375
2017-07-28,2.173834,29.773806,7.126140,33.725022
2017-07-29,2.151875,29.792673,6.724001,26.916056
2017-07-30,2.132968,22.639985,6.065923,23.852299
2017-07-31,2.116016,22.601734,6.164700,21.426726
2017-08-01,2.097093,22.077798,5.844176,27.584472
2017-08-02,2.080945,21.931762,6.350413,21.913629
2017-08-03,2.063752,21.819251,5.914709,19.794572
2017-08-04,2.046743,15.176259,5.571754,24.026692
2017-08-05,2.038286,10.469688,5.472079,13.261535
2017-08-06,2.009380,15.300783,4.720202,10.928071
2017-08-07,1.991152,21.259187,3.913399,10.350381
2017-08-08,2.002681,12.702462,3.649466,4.852797
2017-08-09,1.948654,16.169659,3.680061,14.831028
2017-08-10,1.927898,11.771885,3.769153,10.827393
2017-08-11,1.903867,17.540466,3.908097,15.432234
2017-08-12,1.881546,19.442983,3.797728,16.556956
2017-08-13,1.857647,13.272834,4.171618,10.937339
2017-08-14,1.833368,15.454600,3.414531,9.974568
2017-08-15,1.810581,18.262731,3.736785,12.562764
2017-08-16,1.787197,14.807301,3.846835,9.636984
2017-08-17,1.769867,9.960454,3.552711,6.490693
2017-08-18,1.745312,16.409952,3.293561,8.562228
2017-08-19,1.725404,10.989672,3.963443,7.790968
2017-08-20,1.706013,14.025705,4.063319,19.134901
2017-08-21,1.686151,19.915570,3.948289,24.507223
2017-08-22,1.667170,14.315965,4.278458,20.885524
2017-08-23,1.647663,21.249229,3.488690,22.118346
2017-08-24,1.627920,15.527145,3.368647,20.037372
2017-08-25,1.608517,15.869881,11.170743,15.198189
2017-08-26,1.583056,34.557338,15.053804,36.073291
2017-08-27,1.576755,24.380289,4.435798,17.710931
2017-08-28,1.560985,14.652569,1.844404,17.572077
2017-08-29,1.538673,10.642499,1.468430,15.004872
2017-08-30,1.515947,10.277695,2.095247,14.506807
2017-08-31,1.494493,10.214360,1.873223,15.913689
2017-09-01,1.473407,17.394292,2.178568,16.726292
2017-09-02,1.455452,11.638272,1.337097,16.249509
2017-09-03,1.453402,11.852019,4.103315,16.152226
2017-09-04,1.416764,44.450087,4.948781,22.084316
2017-09-05,1.402661,41.636095,3.361835,15.693556
2017-09-06,1.385891,12.728737,1.583286,15.487495
2017-09-07,1.369895,8.348899,0.930563,17.720877
2017-09-08,1.353257,3.950358,1.070322,11.853789
2017-09-09,1.337750,5.077791,1.143348,9.164414
2017-09-10,1.322588,3.251709,0.827687,10.886651
2017-09-11,1.306539,1.977941,0.828344,10.587760
2017-09-12,1.292717,1.636367,0.768602,4.107203
2017-09-13,1.279205,1.089999,0.853809,9.533539
2017-09-14,1.266760,1.038971,1.085756,9.963316
2017-09-15,1.257203,34.007635,4.118731,10.161122
2017-09-16,1.238063,48.237908,9.509642,14.883683
2017-09-17,1.273625,54.517667,18.981377,38.750302
2017-09-18,1.239471,7.952960,0.673145,11.048438
2017-09-19,1.197512,19.424032,4.034392,10.311715
2017-09-20,1.117647,9.967506,3.595163,6.858815
2017-09-21,1.074375,18.737159,10.159248,18.354787
2017-09-22,1.056711,11.257315,2.491981,5.286859
2017-09-23,1.048546,6.908972,3.403424,8.534069
2017-09-24,1.120865,34.285628,14.097117,36.630278
2017-09-25,1.365876,4.801524,0.903694,0.772546
2017-09-26,1.067710,9.985358,3.796388,10.259246
2017-09-27,1.086537,61.324561,18.760057,48.865002
2017-09-28,1.103168,7.483849,0.777798,9.093593
2017-09-29,1.093824,0.501532,0.815498,4.623504
2017-09-30,1.088092,16.276724,4.619477,6.023032
2017-10-01,1.093553,18.327610,2.895001,7.657516
2017-10-02,1.106794,1.649971,1.483003,4.135706
2017-10-03,1.122284,0.092565,0.768650,3.344799
2017-10-04,1.138695,0.003982,0.771184,1.640651
2017-10-05,1.156462,0.000000,0.800788,0.111632
2017-10-06,1.174100,0.000000,0.825578,0.091591
2017-10-07,1.193256,0.259033,1.037203,0.085729
2017-10-08,1.210662,2.328601,1.445256,0.968288
2017-10-09,1.501933,2.361980,2.713853,1.489921
2017-10-10,1.244873,10.873297,4.347802,6.062286
2017-10-11,1.292772,7.970228,5.745980,6.991976
2017-10-12,1.281048,0.164067,0.880953,0.120992
2017-10-13,1.285451,0.044458,0.941235,0.175423
2017-10-14,1.290758,0.023949,1.710450,0.116064
2017-10-15,1.296953,0.000893,1.102121,0.061899
2017-10-16,1.302544,0.000000,0.958942,0.057872
2017-10-17,1.310420,0.000000,0.956695,0.057616
2017-10-18,1.317316,0.000000,1.282546,0.140711
2017-10-19,1.323760,0.000181,1.033793,0.144030
2017-10-20,1.328562,8.370745,5.802567,8.732925
2017-10-21,1.367415,2.355599,1.170286,0.689538
2017-10-22,1.524321,0.003384,1.001303,0.140942
2017-10-23,2.768309,0.331463,1.008956,0.053614
2017-10-24,1.339958,0.021749,0.927756,0.064320
2017-10-25,1.336213,0.000004,0.924832,0.054641
2017-10-26,1.333373,0.463088,0.936707,0.063394
2017-10-27,1.333480,2.004359,0.910002,0.061825
2017-10-28,1.333238,0.001911,0.902823,0.069135
2017-10-29,1.333073,0.000000,0.887027,0.067711
2017-10-30,1.332885,0.000000,0.885733,0.063111
2017-10-31,1.332682,0.000000,0.869475,0.054451
2017-11-01,1.331513,0.000000,0.861818,0.061651
2017-11-02,1.331644,0.000000,0.854512,0.061498
2017-11-03,1.330515,0.000000,0.843602,0.053101
2017-11-04,1.329187,0.000000,0.832624,0.048087
2017-11-05,1.327750,0.000000,0.823110,0.059317
2017-11-06,1.324956,0.000000,0.811311,0.058631
2017-11-07,1.323401,0.000000,0.803620,0.057392
2017-11-08,1.320332,0.000000,0.793192,0.052182
2017-11-09,1.316943,0.000000,0.785150,0.053855
2017-11-10,1.313251,0.000000,0.774898,0.049763
2017-11-11,1.308284,0.000000,0.765326,0.053025
2017-11-12,1.304803,0.000000,0.759304,0.052224
2017-11-13,1.300048,0.000000,0.747350,0.049261
2017-11-14,1.295187,0.000000,0.738098,0.059056
2017-11-15,1.289959,0.000000,0.728976,0.046973
2017-11-16,1.283486,0.000000,0.721016,0.051359
2017-11-17,1.278670,0.000000,0.713699,0.056788
2017-11-18,1.272567,0.000000,0.705347,0.043725
2017-11-19,1.265988,0.000000,0.693131,0.053401
2017-11-20,1.259185,0.000000,0.688168,0.044751
2017-11-21,1.251277,0.000000,0.677029,0.057810
2017-11-22,1.245051,0.000000,0.668251,0.044539
2017-11-23,1.238051,0.000000,0.662151,0.051404
2017-11-24,1.231157,0.000000,0.652965,0.046502
2017-11-25,1.224160,0.000000,0.642872,0.058702
2017-11-26,1.216252,0.000000,0.636535,0.047862
2017-11-27,1.209879,0.000000,0.626533,0.047117
2017-11-28,1.202464,0.000000,0.618561,0.047614
2017-11-29,1.194862,0.000000,0.607251,0.057935
2017-11-30,1.188466,0.000000,0.996735,0.052028
2017-12-01,1.178899,0.000000,0.630138,0.054190
2017-12-02,1.172339,0.000000,0.576498,0.038622
2017-12-03,1.164861,0.000000,0.568927,0.048729
2017-12-04,1.157479,0.000000,0.556995,0.048985
2017-12-05,1.150037,0.000000,0.551045,0.046261
2017-12-06,1.141698,0.000000,0.536728,0.047857
2017-12-07,1.135150,0.000000,0.528252,0.055787
2017-12-08,1.127765,0.000000,0.514981,0.055024
2017-12-09,1.120583,0.000000,0.506788,0.054870
2017-12-10,1.113397,0.000000,0.494992,0.041490
2017-12-11,1.105370,0.000000,0.484664,0.052110
2017-12-12,1.098869,0.000000,0.470503,0.048843
2017-12-13,1.091580,0.000000,0.463356,0.051204
2017-12-14,1.084174,0.000000,0.449434,0.039017
2017-12-15,1.076732,0.000000,0.440979,0.053588
2017-12-16,1.068398,0.000000,0.429182,0.039931
2017-12-17,1.061345,0.000000,0.417554,0.050177
2017-12-18,1.053571,0.000000,0.409336,0.047271
2017-12-19,1.045924,0.000000,0.398358,0.051920
2017-12-20,1.038291,0.000000,0.390142,0.039394
2017-12-21,1.029976,0.000000,0.380218,0.049555
2017-12-22,1.023293,0.000000,0.371512,0.050240
2017-12-23,1.016163,0.000000,0.365898,0.048140
2017-12-24,1.009260,0.000000,0.357192,0.048067
2017-12-25,1.002422,0.000000,0.349802,0.043689
2017-12-26,0.994986,0.000000,0.340109,0.050122
2017-12-27,0.988956,0.000000,0.337546,0.038673
2017-12-28,0.982154,0.000000,0.321980,0.046072
2017-12-29,0.975363,0.000000,0.319046,0.045722
2017-12-30,0.968602,0.000000,0.307493,0.046583
2017-12-31,0.961903,0.000000,0.304247,0.043625
2018-01-01,0.955519,0.000000,0.293026,0.048148
2018-01-02,0.949372,0.000000,0.285205,0.046364
2018-01-03,0.942572,0.000000,0.277963,0.050085
2018-01-04,0.935879,0.000000,0.269368,0.044422
2018-01-05,0.929991,0.000000,0.261766,0.044819
2018-01-06,0.924035,0.000000,0.257719,0.044790
2018-01-07,0.919454,0.000000,0.249091,0.045622
2018-01-08,0.914222,0.000000,0.242508,0.043068
2018-01-09,0.909059,0.000000,0.351721,0.045677
2018-01-10,0.903875,0.000000,0.805914,0.042283
2018-01-11,0.898040,0.000000,0.260966,0.048665
2018-01-12,0.893447,0.000000,1.387377,0.042068
2018-01-13,0.888235,0.000000,0.234589,0.040385
2018-01-14,0.882955,0.000000,0.421710,0.043961
2018-01-15,0.877705,0.000000,0.202571,0.041895
2018-01-16,0.871940,0.000000,0.198173,0.040912
2018-01-17,0.867311,0.000000,0.194104,0.041429
2018-01-18,0.862093,0.000000,0.191421,0.041598
2018-01-19,0.856971,0.000000,0.186545,0.039710
2018-01-20,0.851917,0.000000,0.184179,0.041060
2018-01-21,0.846264,0.000000,0.177436,0.039434
2018-01-22,0.841801,0.000000,0.177027,0.038524
2018-01-23,0.836859,0.000000,0.173198,0.038108
2018-01-24,0.832041,0.000000,0.168330,0.036684
2018-01-25,0.827416,0.000000,0.166045,0.037378
2018-01-26,0.822413,0.000000,0.163514,0.038845
2018-01-27,0.818622,0.000000,0.274754,0.037649
2018-01-28,0.814242,0.000000,0.307440,0.040110
2018-01-29,0.809903,0.000000,0.196559,0.037403
2018-01-30,0.805532,0.000000,0.151654,0.040049
2018-01-31,0.801163,0.000000,0.145298,0.037129
2018-02-01,0.796348,0.000000,0.144651,0.038382
2018-02-02,0.792636,0.000000,0.208218,0.038384
2018-02-03,0.788372,0.000000,0.140181,0.041469
2018-02-04,0.784035,0.000000,0.430213,0.037381
2018-02-05,0.779669,0.000000,0.132140,0.038727
2018-02-06,0.774694,0.000000,0.128860,0.036449
2018-02-07,0.770735,0.000000,0.130498,0.041241
2018-02-08,0.766292,0.000000,0.127744,0.039297
2018-02-09,0.761844,0.000000,0.122207,0.036244
2018-02-10,0.757411,0.000000,0.122935,0.038820
2018-02-11,0.752496,0.000000,0.119434,0.036293
2018-02-12,0.748714,0.000000,0.118467,0.039161
2018-02-13,0.744406,0.000000,0.113830,0.036011
2018-02-14,0.740072,0.000000,0.112690,0.038382
2018-02-15,0.735725,0.000000,0.257148,0.039709
2018-02-16,0.730930,0.000000,0.158120,0.035909
2018-02-17,0.727349,0.000000,0.107235,0.039493
2018-02-18,0.723406,0.000000,0.105539,0.036097
2018-02-19,0.719461,0.000000,0.375098,0.037567
2018-02-20,0.715516,0.000000,0.200004,0.039944
2018-02-21,0.711002,0.000000,0.100890,0.040328
2018-02-22,0.707415,0.000000,0.110589,0.037484
2018-02-23,0.703265,0.000000,0.130874,0.035728
2018-02-24,0.699124,0.000000,2.465650,0.034924
2018-02-25,0.694997,0.000000,0.276073,0.035268
2018-02-26,0.689698,0.063018,3.152556,0.040286
2018-02-27,0.694791,0.018396,0.133372,0.034352
2018-02-28,0.691587,0.000011,0.095046,0.037609
2018-03-01,0.684033,0.000000,0.091145,0.035732
2018-03-02,0.677223,0.000000,0.089920,0.036963
2018-03-03,0.670303,0.000000,0.088372,0.034795
2018-03-04,0.663866,0.000000,0.087147,0.035369
2018-03-05,0.658027,0.000000,0.088225,0.034177
2018-03-06,0.652199,0.000000,0.083903,0.031853
2018-03-07,0.647774,0.000000,0.083326,0.034174
2018-03-08,0.643338,0.000000,0.082678,0.033489
2018-03-09,0.639271,0.000000,0.081221,0.034245
2018-03-10,0.635436,0.000000,0.080163,0.033316
2018-03-11,0.631299,0.000000,0.078449,0.031389
2018-03-12,0.628265,0.000000,0.076753,0.033610
2018-03-13,0.625034,0.000000,0.075934,0.033794
2018-03-14,0.622206,0.000000,0.073401,0.033942
2018-03-15,0.619591,0.000000,0.077835,0.032404
2018-03-16,0.616796,0.000000,0.071125,0.032932
2018-03-17,0.615044,0.000000,0.069190,0.030789
2018-03-18,0.612874,0.000000,0.071288,0.053526
2018-03-19,0.610729,0.000000,0.065281,0.062862
2018-03-20,0.608629,0.000000,0.064125,0.047232
2018-03-21,0.606201,0.000000,0.067896,0.030240
2018-03-22,0.604594,0.000000,0.059916,0.031006
2018-03-23,0.602587,0.000000,0.063166,0.032821
2018-03-24,0.600788,0.000000,0.057700,0.031757
2018-03-25,0.599125,0.000000,0.059677,0.033362
2018-03-26,0.597014,0.000000,0.058767,0.032189
2018-03-27,0.595760,0.000000,0.055187,0.029744
2018-03-28,0.594110,0.000000,0.056664,0.032185
2018-03-29,0.592478,0.000000,0.053322,0.032224
2018-03-30,0.590774,0.000000,0.053480,0.032490
2018-03-31,0.588996,0.000000,0.052675,0.033098
2018-04-01,0.587011,0.000000,0.051617,0.032283
2018-04-02,0.585872,0.000000,0.050309,0.032823
2018-04-03,0.584301,0.000000,0.050069,0.032067
2018-04-04,0.582661,0.000000,0.047388,0.032550
2018-04-05,0.581060,0.000000,0.048265,0.032511
2018-04-06,0.579006,0.000000,0.046246,0.030240
2018-04-07,0.577729,0.000000,0.045043,0.029218
2018-04-08,0.575988,0.000000,0.043975,0.031939
2018-04-09,0.574286,0.000000,0.440848,0.031934
2018-04-10,0.572684,0.000000,0.170096,0.032477
2018-04-11,0.570675,0.000000,2.609082,0.118512
2018-04-12,0.569476,0.000000,0.483930,0.159529
2018-04-13,0.567869,0.000000,2.894927,0.139054
2018-04-14,0.566239,0.000000,4.625476,0.126022
2018-04-15,0.564592,0.000000,0.635400,0.145868
2018-04-16,0.562509,0.000000,1.966763,0.179498
2018-04-17,0.560973,0.126742,3.257874,0.152384
2018-04-18,0.562698,0.149356,10.732752,0.144745
2018-04-19,0.568596,0.252555,2.173820,0.188481
2018-04-20,0.560215,0.010363,1.174654,0.193772
2018-04-21,0.547064,0.000006,0.881186,0.133767
2018-04-22,0.538568,0.000000,0.295639,0.030336
2018-04-23,0.532813,0.000000,0.488655,0.031572
2018-04-24,0.529215,0.000000,1.170607,0.110369
2018-04-25,0.527012,0.000000,0.821845,0.030740
2018-04-26,0.525448,0.000000,1.751542,0.126556
2018-04-27,0.525294,0.000000,1.246264,0.069362
2018-04-28,0.525227,0.000000,1.980284,0.073373
2018-04-29,0.525382,0.000000,1.279900,0.111418
2018-04-30,0.525714,0.000000,0.510632,0.148991
2018-05-01,0.525863,0.000000,1.220036,0.030041
2018-05-02,0.526875,0.000000,0.349397,0.061106
2018-05-03,0.527592,0.000000,0.042325,0.085847
2018-05-04,0.528416,0.000000,0.054403,0.030196
2018-05-05,0.529329,0.000000,0.026170,0.145755
2018-05-06,0.529878,0.000000,0.027645,0.159890
2018-05-07,0.531123,0.000000,0.024454,0.150852
2018-05-08,0.531840,0.000000,0.141192,0.025920
2018-05-09,0.532415,0.000000,0.973267,0.030205
2018-05-10,0.532986,0.000000,0.533843,0.171258
2018-05-11,0.533287,0.000000,1.297760,0.166394
2018-05-12,0.534640,0.000000,2.319268,0.374632
2018-05-13,0.535674,0.000000,2.777946,0.273905
2018-05-14,0.537028,0.002764,3.090362,0.248877
2018-05-15,0.554987,0.000547,0.927734,0.128108
2018-05-16,0.538611,0.000000,1.032894,0.150764
2018-05-17,0.995451,0.000000,4.023400,0.275464
2018-05-18,3.499149,0.050355,2.340343,0.151543
2018-05-19,0.541634,0.001171,0.271064,0.167523
2018-05-20,1.006008,0.000000,1.172258,0.155740
2018-05-21,3.146907,0.024417,1.387753,0.128663
2018-05-22,3.961448,0.043937,3.073239,0.176141
2018-05-23,10.027573,0.210038,3.126573,0.225611
2018-05-24,0.676911,0.009986,0.449947,0.180117
2018-05-25,0.535074,0.000005,0.399411,0.159043
2018-05-26,6.294239,0.106705,2.883190,0.594960
2018-05-27,0.983143,0.013037,2.166112,0.997238
2018-05-28,2.430918,0.050082,1.849952,0.510769
2018-05-29,5.353281,0.086332,3.275762,0.306958
2018-05-30,12.032652,2.218226,7.885414,1.333179
2018-05-31,5.017074,2.731366,6.183704,1.295557
2018-06-01,4.583233,2.012476,6.704393,1.335373
2018-06-02,9.735623,8.951966,7.085786,3.052220
2018-06-03,12.325750,10.756278,7.217771,3.086741
2018-06-04,5.580293,11.093163,9.332573,3.487867
2018-06-05,1.536550,12.706767,7.314208,3.174303
2018-06-06,2.718519,14.526771,10.233665,7.969258
2018-06-07,4.784118,25.841442,12.940546,8.199134
2018-06-08,0.445977,18.819760,6.356494,10.199906
2018-06-09,0.443963,9.999658,8.045751,5.988652
2018-06-10,0.605811,6.469235,6.091989,9.935406
2018-06-11,0.642516,7.168115,8.136418,12.940132
2018-06-12,0.743719,11.385948,8.137812,10.181084
2018-06-13,0.896177,9.196361,8.621795,9.116570
2018-06-14,1.122104,8.996934,8.795990,12.877199
2018-06-15,1.601787,8.811489,8.095184,7.597591
2018-06-16,1.336648,6.821626,8.063449,9.486966
2018-06-17,2.136308,6.636799,7.476925,8.370707
2018-06-18,2.312026,8.157810,8.256043,11.506274
2018-06-19,2.737932,10.162737,9.114711,10.678171
2018-06-20,3.194117,13.270502,10.009896,11.607545
2018-06-21,3.599923,15.288728,15.940736,9.359643
2018-06-22,4.619239,30.299019,18.425419,13.813225
2018-06-23,4.650475,22.316449,13.504745,23.359607
2018-06-24,5.951801,29.642286,10.310682,17.126904
2018-06-25,5.035061,14.771208,9.266770,10.579836
2018-06-26,5.176359,22.549916,11.478743,14.237956
2018-06-27,2.231560,24.703605,10.822994,21.781148
2018-06-28,2.304478,18.568307,11.680477,12.630339
2018-06-29,2.411240,26.648040,11.164648,15.628452
2018-06-30,2.445150,31.672624,9.353398,11.877147
2018-07-01,2.489143,23.033629,9.846194,10.170115
2018-07-02,2.595851,29.782797,11.251843,22.907058
2018-07-03,2.649467,30.490585,7.490198,21.236919
2018-07-04,2.765174,23.681170,5.448953,17.849349
2018-07-05,2.869951,20.466427,5.699543,20.831842
2018-07-06,2.916131,24.273298,6.472457,20.400644
2018-07-07,2.901339,30.058905,6.430194,23.613782
2018-07-08,2.890872,31.491687,7.932841,21.062108
2018-07-09,2.856332,32.712770,7.308843,21.221539
2018-07-10,2.802298,32.884739,6.580805,24.306580
2018-07-11,2.744343,32.252002,6.136066,29.394831
2018-07-12,2.708244,24.929862,7.003988,34.719279
2018-07-13,2.673819,21.721184,7.966579,25.573244
2018-07-14,2.718639,27.910683,6.931885,26.939291
2018-07-15,2.657030,27.106340,7.023416,33.924202
2018-07-16,2.484628,28.504734,7.161493,23.874529
2018-07-17,2.463220,25.935618,6.510496,29.173597
2018-07-18,2.393345,23.895819,7.719676,24.185100
2018-07-19,2.356771,25.967070,7.199420,25.589176
2018-07-20,2.312801,17.096533,7.634606,23.372742
2018-07-21,2.285424,21.970723,7.020317,24.221402
2018-07-22,2.233543,21.480262,6.665537,21.059358
2018-07-23,2.204790,21.605274,7.384367,20.505958
2018-07-24,2.170347,23.051054,7.764948,21.309651
2018-07-25,2.125440,19.478275,7.810523,18.622115
2018-07-26,2.088477,17.767850,7.372479,16.535665
2018-07-27,2.063951,23.278202,8.185630,18.087214
2018-07-28,2.079979,29.040857,8.846650,29.342585
2018-07-29,2.273425,155.642163,16.215434,83.056829
2018-07-30,2.151098,136.945756,11.948830,45.111558
2018-07-31,2.016745,72.368889,14.340861,41.633932
2018-08-01,1.931130,18.493839,5.209311,19.161863
2018-08-02,1.909866,22.391538,5.411849,27.387842
2018-08-03,1.890703,32.973024,4.625209,29.248369
2018-08-04,1.846217,23.153194,4.584246,32.338246
2018-08-05,1.822068,17.057220,4.774650,32.730059
2018-08-06,1.768305,9.790858,4.327945,24.409538
2018-08-07,1.759849,18.426219,4.493420,25.178932
2018-08-08,1.735529,19.618456,4.855025,31.655744
2018-08-09,1.719493,20.733680,6.308358,32.531834
2018-08-10,1.700844,20.176857,4.947858,29.416089
2018-08-11,1.676036,14.770891,5.245403,30.276989
2018-08-12,1.641315,16.075271,5.805394,33.934065
2018-08-13,1.621735,13.097262,5.542663,31.892975
2018-08-14,1.626384,20.155423,4.421034,28.043091
2018-08-15,1.586762,14.508555,4.630294,24.738919
2018-08-16,1.565745,22.212345,4.376189,29.376769
2018-08-17,1.540044,17.506215,3.889073,23.482245
2018-08-18,1.521811,18.433373,3.755333,22.965805
2018-08-19,1.489118,12.128085,3.688274,20.517659
2018-08-20,1.469629,11.501823,3.946513,14.452908
2018-08-21,1.428847,20.613296,4.593302,14.545780
2018-08-22,1.410182,14.359895,3.050824,21.120116
2018-08-23,2.184609,7.389809,2.932783,16.584157
2018-08-24,1.390237,8.619236,1.733774,9.840196
2018-08-25,1.371622,6.545954,1.105409,15.062892
2018-08-26,1.350857,4.492764,1.514328,3.202135
2018-08-27,1.331154,4.880168,1.925617,4.992840
2018-08-28,1.310720,3.693803,0.953967,5.444226
2018-08-29,1.291318,3.901960,1.157226,5.698166
2018-08-30,1.566909,3.243877,2.452390,6.367334
2018-08-31,1.292027,48.030202,8.313965,17.167861
2018-09-01,1.284603,27.252445,3.593290,15.162876
2018-09-02,1.210955,5.483518,1.571712,13.659482
2018-09-03,1.153636,4.956962,0.821825,15.497907
2018-09-04,1.118124,3.578602,0.965732,10.613243
2018-09-05,1.097633,2.699586,1.085957,15.067661
2018-09-06,1.085854,5.041895,1.419476,15.530821
2018-09-07,1.081235,6.641240,4.016770,8.650727
2018-09-08,1.079396,15.923688,1.690457,12.741752
2018-09-09,1.413600,48.475045,6.310838,17.592910
2018-09-10,1.122570,20.090281,9.069100,21.846116
2018-09-11,1.106953,12.378567,2.556982,13.493340
2018-09-12,1.096586,13.042769,3.504687,14.491645
2018-09-13,1.106125,5.597030,1.966529,11.426504
2018-09-14,1.156805,5.410395,0.921303,12.175011
2018-09-15,1.544781,1.912263,0.758061,0.054576
2018-09-16,1.058632,2.585794,1.097877,0.130676
2018-09-17,1.057660,5.787505,1.621409,8.899184
2018-09-18,1.057967,0.747405,0.651295,7.885646
2018-09-19,1.063308,0.063511,0.653891,0.121564
2018-09-20,1.201371,0.002382,0.639088,0.070792
2018-09-21,1.082954,0.000027,0.629633,0.055367
2018-09-22,1.095068,0.000000,0.617612,0.058019
2018-09-23,1.106088,0.000000,0.604892,0.087208
2018-09-24,1.116745,0.000000,0.651424,0.190569
2018-09-25,1.126847,0.000000,0.586442,0.062359
2018-09-26,1.135149,0.000000,0.583591,0.053320
2018-09-27,1.144021,0.000000,0.563981,0.137288
2018-09-28,1.312860,0.000000,0.580695,0.048529
2018-09-29,1.161208,0.000000,0.546004,0.115730
2018-09-30,1.719338,0.000000,0.531934,0.115348
2018-10-01,1.167338,0.000000,0.524356,0.052048
2018-10-02,1.171476,0.000000,0.513720,0.057028
2018-10-03,1.173490,0.000000,0.524382,0.048212
2018-10-04,1.174663,0.000000,0.493942,0.059980
2018-10-05,1.174918,0.000000,0.485155,0.083568
2018-10-06,1.173449,0.000000,0.477596,0.050672
2018-10-07,1.172849,0.000000,0.467736,0.048353
2018-10-08,1.170299,0.000000,0.457425,0.045926
2018-10-09,1.167385,0.000000,0.450919,0.047404
2018-10-10,1.164408,0.000000,0.440655,0.057009
2018-10-11,1.160329,0.000066,1.147373,0.046194
2018-10-12,1.157754,0.351037,2.917121,0.757889
2018-10-13,1.154940,0.003589,0.507006,0.055376
2018-10-14,1.151841,0.000003,0.424219,0.053990
2018-10-15,1.148060,0.000000,0.406967,0.048526
2018-10-16,1.142974,0.000000,0.473680,0.048714
2018-10-17,1.423387,0.000000,0.680822,0.052711
2018-10-18,1.599219,0.000000,0.693981,0.054186
2018-10-19,1.219998,0.000000,0.697836,0.053183
2018-10-20,1.122818,0.000000,0.368367,0.045541
2018-10-21,1.116323,0.000000,0.364781,0.049816
2018-10-22,1.111477,0.000000,0.355907,0.057968
2018-10-23,1.105621,0.000000,0.352341,0.051821
2018-10-24,1.099599,0.000000,0.347695,0.052040
2018-10-25,1.093331,0.000000,0.342118,0.051514
2018-10-26,1.086919,0.000000,0.334045,0.056038
2018-10-27,1.081955,0.000000,0.330294,0.050873
2018-10-28,1.076076,0.000000,0.349036,0.048491
2018-10-29,1.069927,0.000000,0.317112,0.043887
2018-10-30,1.063563,0.000000,0.318096,0.047613
2018-10-31,1.057156,0.000000,0.325751,0.049656
2018-11-01,1.050114,0.000000,0.307528,0.050088
2018-11-02,1.044713,0.000000,0.302799,0.049089
2018-11-03,1.038453,0.000000,0.297841,0.050428
2018-11-04,1.032075,0.000000,0.293109,0.049034
2018-11-05,1.025844,0.000000,0.291262,0.051081
2018-11-06,1.018829,0.000000,0.285397,0.049474
2018-11-07,1.013075,0.000000,0.472293,0.051550
2018-11-08,1.006548,0.410163,3.241629,0.045110
2018-11-09,0.999902,0.488481,0.457802,0.051803
2018-11-10,0.993191,0.000802,0.278121,0.048522
2018-11-11,0.985973,0.000000,0.280451,0.047286
2018-11-12,0.980168,0.000000,0.264085,0.047290
2018-11-13,0.973552,0.000000,0.258160,0.047645
2018-11-14,0.966932,0.000000,0.256268,0.036890
2018-11-15,0.960355,0.000000,0.252700,0.048753
2018-11-16,0.953314,0.000000,0.248303,0.044462
2018-11-17,2.402796,5.281618,34.929545,2.484085
2018-11-18,0.960958,16.342714,12.348593,1.497200
2018-11-19,0.970911,0.187581,1.016925,0.048723
2018-11-20,0.933543,0.000000,1.254855,0.048743
2018-11-21,0.901506,0.000000,0.364054,0.045103
2018-11-22,0.878658,0.000000,0.228621,0.045976
2018-11-23,0.861631,0.000000,0.225698,0.047437
2018-11-24,0.849229,0.000000,0.221533,0.044377
2018-11-25,0.840422,0.000000,0.219597,0.047864
2018-11-26,0.833548,0.000000,0.216416,0.042368
2018-11-27,0.830188,0.000000,0.214294,0.047306
2018-11-28,0.827898,0.000000,0.208858,0.040852
2018-11-29,0.826367,0.000000,0.206473,0.042307
2018-11-30,0.825427,0.000000,0.202267,0.045845
2018-12-01,0.824863,0.000000,0.198916,0.041873
2018-12-02,0.825203,0.000000,0.197622,0.041873
2018-12-03,0.825342,0.000000,0.190456,0.044415
2018-12-04,0.826106,0.000000,0.189162,0.040358
2018-12-05,0.827508,0.000000,0.183949,0.043483
2018-12-06,0.828630,0.000000,0.180536,0.043170
2018-12-07,0.831040,0.000000,0.175489,0.042859
2018-12-08,0.832627,0.000000,0.169628,0.046598
2018-12-09,0.833974,0.000000,0.166144,0.038551
2018-12-10,0.835146,0.000000,0.162714,0.043428
2018-12-11,0.835460,0.000000,2.530962,0.043058
2018-12-12,0.836663,0.000000,1.461186,0.044823
2018-12-13,0.836884,0.000000,0.484908,0.040918
2018-12-14,1.757143,0.000000,2.613763,0.042323
2018-12-15,1.085667,0.000000,0.515580,0.040732
2018-12-16,0.836115,0.000000,0.299953,0.046159
2018-12-17,0.836571,0.000000,0.804331,0.041982
2018-12-18,0.836462,0.000000,0.830602,0.041159
2018-12-19,0.836199,0.000000,3.663251,0.043972
2018-12-20,0.835601,0.000000,0.148074,0.039701
2018-12-21,0.834206,0.000000,0.121399,0.042968
2018-12-22,0.833851,0.000000,0.121892,0.038972
2018-12-23,0.832907,0.000000,0.118195,0.036756
2018-12-24,0.831760,0.000000,0.119797,0.045867
2018-12-25,0.830488,0.000000,0.110840,0.037827
2018-12-26,0.828223,0.000000,0.112117,0.040240
2018-12-27,0.827072,0.000000,0.108390,0.033403
2018-12-28,0.825335,0.000000,0.107909,0.037462
2018-12-29,0.823405,0.000000,0.107909,0.042934
2018-12-30,0.821292,0.000000,0.099931,0.034543
2018-12-31,0.819069,0.000000,0.104979,0.039881
2019-01-01,0.829746,0.000000,0.121569,0.038834
2019-01-02,0.827697,0.000000,0.767880,0.040762
2019-01-03,0.881338,0.610101,7.817761,0.040864
2019-01-04,2.653424,0.171750,5.778244,0.040148
2019-01-05,1.168243,0.191906,2.051830,0.039310
2019-01-06,0.825341,0.000115,0.090178,0.038771
2019-01-07,0.818902,0.000000,0.091797,0.044034
2019-01-08,0.811457,0.000000,0.208350,0.038544
2019-01-09,0.804073,0.000000,1.418964,0.041689
2019-01-10,0.797058,0.000000,0.083429,0.041107
2019-01-11,0.790034,0.000000,0.083429,0.040387
2019-01-12,0.784699,0.000000,0.081881,0.040121
2019-01-13,0.779292,0.000000,0.080918,0.036337
2019-01-14,0.774956,0.000000,0.077245,0.040756
2019-01-15,0.771304,0.000000,0.078144,0.039509
2019-01-16,0.767380,0.000000,0.075321,0.041913
2019-01-17,0.764817,0.000000,0.075865,0.039986
2019-01-18,0.761894,0.000000,0.069037,0.035324
2019-01-19,0.759071,0.000000,0.070335,0.041335
2019-01-20,0.756533,0.000000,0.069858,0.041243
2019-01-21,0.753705,0.000000,0.067741,0.038101
2019-01-22,0.752045,0.000000,0.079056,0.035655
2019-01-23,0.749929,0.000000,0.072752,0.038857
2019-01-24,0.747865,0.000000,0.064312,0.044240
2019-01-25,0.745870,0.000000,0.058470,0.039502
2019-01-26,0.743465,0.000000,0.060582,0.033873
2019-01-27,0.742134,0.000000,0.057655,0.038032
2019-01-28,0.740291,0.000000,0.058468,0.042973
2019-01-29,0.738370,0.000000,0.051647,0.036707
2019-01-30,0.736457,0.000000,0.057653,0.036322
2019-01-31,0.734559,0.000000,0.050832,0.033116
2019-02-01,0.732171,0.000000,0.050013,0.036804
2019-02-02,0.730748,0.000000,0.051230,0.040051
2019-02-03,0.728805,0.000000,0.046684,0.040152
2019-02-04,0.726868,0.000000,0.046594,0.037590
2019-02-05,0.724999,0.000000,0.044079,0.032756
2019-02-06,0.722657,0.000000,0.041956,0.038032
2019-02-07,0.721292,0.000000,0.041079,0.034928
2019-02-08,0.719423,0.000000,0.039275,0.040810
2019-02-09,0.717630,0.000000,0.037338,0.037230
2019-02-10,0.715817,0.000000,0.036433,0.035918
2019-02-11,0.713568,0.000000,0.032703,0.029221
2019-02-12,0.712258,0.000000,0.032444,0.035689
2019-02-13,0.710420,0.000000,0.028875,0.036620
2019-02-14,0.708534,0.000000,0.029689,0.034272
2019-02-15,0.706591,0.000000,0.025962,0.031115
2019-02-16,0.704161,0.000000,0.025445,0.035673
2019-02-17,0.702680,0.000000,0.022543,0.031712
2019-02-18,0.700689,0.000000,0.022542,0.031288
2019-02-19,0.698701,0.000000,0.020587,0.033650
2019-02-20,0.696701,0.000000,0.027312,0.035883
2019-02-21,0.694193,0.000000,1.082289,0.035675
2019-02-22,0.692558,0.000000,0.172866,0.029183
2019-02-23,0.690443,0.000000,0.661153,0.037076
2019-02-24,0.688321,0.000000,0.018066,0.034406
2019-02-25,0.686289,0.000000,0.131414,0.035601
2019-02-26,0.683737,0.000000,0.344246,0.033651
2019-02-27,0.682112,0.000000,0.013199,0.034479
2019-02-28,0.679994,0.000000,0.011485,0.034893
2019-03-01,0.677331,0.000000,0.011245,0.034227
2019-03-02,0.675590,0.000000,0.008330,0.034682
2019-03-03,0.673401,0.000000,0.012385,0.036730
2019-03-04,0.671203,0.000000,0.009291,0.034296
2019-03-05,0.668988,0.000000,0.009890,0.036257
2019-03-06,0.666286,0.000000,0.007833,0.032710
2019-03-07,0.664474,0.000000,0.006870,0.029570
2019-03-08,0.662109,0.000000,0.008493,0.035422
2019-03-09,0.659643,0.000000,0.006629,0.031650
2019-03-10,0.657193,0.000000,0.006629,0.033055
2019-03-11,0.654231,0.000000,0.005982,0.034632
2019-03-12,0.652127,0.000000,0.007528,0.036185
2019-03-13,0.649702,0.000000,0.003069,0.031841
2019-03-14,0.647345,0.000000,0.004688,0.035641
2019-03-15,0.644957,0.000000,0.005981,0.036103
2019-03-16,0.642106,0.000000,0.001775,0.035005
2019-03-17,0.640069,0.000000,0.004688,0.032494
2019-03-18,0.637573,0.000000,0.001773,0.030005
2019-03-19,0.635084,0.000000,0.000960,0.029881
2019-03-20,0.632515,0.000000,0.004685,0.037078
2019-03-21,0.629508,0.000000,-0.000179,0.031438
2019-03-22,0.627388,0.000000,0.001127,0.032208
2019-03-23,0.624817,0.000000,0.001126,0.036818
2019-03-24,0.622357,0.000000,0.000720,0.086677
2019-03-25,0.619945,0.000000,0.005858,0.033032
2019-03-26,0.617046,0.000000,0.000480,0.033792
2019-03-27,0.614953,0.000000,0.004614,0.033242
2019-03-28,0.612451,0.000000,0.000479,0.035718
2019-03-29,0.610015,0.000000,0.000479,0.031638
2019-03-30,0.607559,0.000000,0.000240,0.036658
2019-03-31,0.604989,0.000000,0.000240,0.031371
2019-04-01,0.601975,0.000000,0.000240,0.031300
2019-04-02,0.599840,0.000000,0.000240,0.122110
2019-04-03,0.597355,0.000000,0.061782,0.035163
2019-04-04,0.594912,0.000000,0.014622,0.034620
2019-04-05,0.592457,0.000000,0.001696,0.034993
2019-04-06,0.589564,0.000000,0.000000,0.124908
2019-04-07,0.587599,0.000000,-0.001696,0.094617
2019-04-08,0.585360,0.000000,0.000000,0.109461
2019-04-09,0.583089,0.000000,0.000000,0.110214
2019-04-10,0.580818,0.000000,0.000000,0.116524
2019-04-11,0.578248,0.000000,0.001696,0.035358
2019-04-12,0.576544,0.000000,5.001966,0.146078
2019-04-13,0.574478,0.000000,13.310643,0.107207
2019-04-14,0.625512,0.041678,8.910061,0.175084
2019-04-15,0.659500,0.019315,5.774438,0.213290
2019-04-16,2.208448,0.151746,7.503657,0.240080
2019-04-17,8.493598,3.116812,8.699217,0.120410
2019-04-18,3.117837,0.086319,5.256874,0.231254
2019-04-19,16.575393,2.475231,10.798893,0.197131
2019-04-20,8.073140,2.410805,4.373061,0.143708
2019-04-21,0.590141,0.008825,-0.001309,0.082869
2019-04-22,0.671315,0.000005,0.000000,0.030661
2019-04-23,0.704743,0.000000,0.000000,0.031034
2019-04-24,1.054528,0.015077,3.583608,0.276416
2019-04-25,10.903609,1.015753,17.049754,1.030279
2019-04-26,20.760426,6.724717,10.269141,1.841185
2019-04-27,27.215665,18.661997,19.245104,16.425390
2019-04-28,8.500716,8.410750,14.794460,10.545411
2019-04-29,13.473788,16.540463,7.518845,9.632999
2019-04-30,8.037401,9.556374,9.448565,9.758661
2019-05-01,6.361193,5.412562,5.873362,2.607066
2019-05-02,0.475550,0.319546,1.678900,0.031326
2019-05-03,0.486329,0.038457,1.581745,0.029354
2019-05-04,5.518731,0.099275,6.604407,0.385589
2019-05-05,3.640013,0.066944,4.284112,0.147218
2019-05-06,9.150361,0.085302,6.738110,0.171555
2019-05-07,12.846071,0.191305,6.432489,0.345383
2019-05-08,3.221156,0.024804,1.489175,0.032041
2019-05-09,1.501483,0.022211,0.814376,0.128872
2019-05-10,1.039438,0.001775,1.405798,0.133518
2019-05-11,1.821914,0.000001,2.225363,0.145185
2019-05-12,1.157495,0.000000,3.603943,0.195454
2019-05-13,0.590098,0.000000,4.156630,0.192308
2019-05-14,0.599307,0.107903,6.765611,0.162122
2019-05-15,0.678128,0.368116,13.675188,0.111536
2019-05-16,0.881773,4.387365,17.857134,1.781028
2019-05-17,1.028528,8.006338,13.031303,6.107005
2019-05-18,2.500704,14.469869,7.776006,6.596685
2019-05-19,1.947358,11.283141,11.605859,9.009284
2019-05-20,1.449063,8.139034,8.760010,2.587353
2019-05-21,1.650044,10.314420,6.959029,3.783403
2019-05-22,1.394259,7.696147,10.700891,11.241407
2019-05-23,1.911381,5.808343,8.508410,3.196197
2019-05-24,2.015964,9.833391,9.099996,8.606624
2019-05-25,3.798187,9.401493,10.778897,11.526629
2019-05-26,4.923095,8.294729,6.180506,4.666681
2019-05-27,1.489038,6.742380,3.019655,0.700846
2019-05-28,1.923902,4.465565,6.148664,0.638702
2019-05-29,0.762357,6.613791,9.686651,4.937107
2019-05-30,0.958526,4.425648,9.121292,7.476934
2019-05-31,0.880390,0.651161,4.340849,0.319209
2019-06-01,1.464610,6.787088,8.086314,4.769232
2019-06-02,2.274701,8.600057,8.135051,7.002726
2019-06-03,1.096641,10.602434,8.585403,5.822956
2019-06-04,1.474133,15.579685,9.146981,6.725777
2019-06-05,1.473211,16.566934,8.005343,10.167991
2019-06-06,1.298881,15.625949,7.185576,10.602114
2019-06-07,1.635206,16.648283,6.576962,14.268511
2019-06-08,1.920797,18.060028,6.053902,13.816567
2019-06-09,1.979734,18.920062,6.252239,12.754204
2019-06-10,2.189953,21.777584,6.370954,19.711206
2019-06-11,3.264079,37.812335,9.093438,13.157761
2019-06-12,5.061864,41.391935,10.096495,19.134061
2019-06-13,6.123907,45.085465,9.324953,22.996083
2019-06-14,0.933631,25.377394,7.728021,25.648199
2019-06-15,1.011672,24.511492,8.526784,26.715424
2019-06-16,1.024826,25.326688,6.921415,24.756250
2019-06-17,0.828132,25.153566,5.982840,23.629019
2019-06-18,0.829562,32.108841,5.418293,28.049315
2019-06-19,0.816906,23.872808,5.401135,25.226226
2019-06-20,0.824670,25.224129,5.433554,28.065014
2019-06-21,0.819097,24.698624,4.834163,31.420136
2019-06-22,0.828676,33.576822,5.820741,37.022642
2019-06-23,0.844935,36.728085,5.637110,39.826093
2019-06-24,0.823691,25.672800,6.845769,39.695504
2019-06-25,0.853163,35.859949,6.039548,47.510474
2019-06-26,0.835557,36.869780,6.107338,47.064428
2019-06-27,0.831438,22.973435,3.754001,29.657152
2019-06-28,0.830756,32.089103,2.495025,30.348888
2019-06-29,0.812198,20.289338,3.400912,31.200248
2019-06-30,1.366158,18.048885,2.856239,32.425448
2019-07-01,0.802360,29.480714,2.894310,28.883265
2019-07-02,0.804204,22.695370,3.012755,26.312523
2019-07-03,0.814531,25.578004,5.303383,30.971317
2019-07-04,0.818905,26.969524,3.442795,29.803785
2019-07-05,0.812741,32.635488,3.681381,32.173178
2019-07-06,0.800534,26.207143,4.211522,33.289304
2019-07-07,0.798739,30.803468,3.924432,27.535275
2019-07-08,0.815253,24.479862,4.498509,21.383416
2019-07-09,0.759185,19.861193,3.689121,26.350450
2019-07-10,0.772373,20.913882,3.857680,37.564860
2019-07-11,0.779804,25.498165,3.856874,43.781301
2019-07-12,0.795444,19.348010,5.455285,45.415052
2019-07-13,0.783827,26.788817,10.374139,42.113001
2019-07-14,0.778990,23.172321,1.760961,45.659107
2019-07-15,0.780838,25.934618,4.413424,44.100375
2019-07-16,0.782427,28.594935,3.686883,38.153788
2019-07-17,0.776325,32.496009,3.194842,41.477946
2019-07-18,0.760607,25.837859,2.743160,42.006543
2019-07-19,0.767397,22.466149,3.066980,41.613203
2019-07-20,0.791365,22.245248,3.355960,41.026723
2019-07-21,0.786682,30.657436,4.012104,44.255938
2019-07-22,0.787068,27.284121,3.996862,42.801159
2019-07-23,0.751882,22.480970,3.177817,30.395569
2019-07-24,0.975473,19.814772,3.974506,35.255144
2019-07-25,0.740316,13.661656,6.574378,23.484424
2019-07-26,0.735389,30.170174,4.984385,22.545690
2019-07-27,0.803281,29.251908,8.826840,26.960095
2019-07-28,0.900211,76.998069,17.909625,60.324553
2019-07-29,1.012290,101.133937,12.417666,81.003143
2019-07-30,0.702492,106.649707,4.865003,74.536059
2019-07-31,0.665337,50.382380,2.461470,41.369357
2019-08-01,0.661793,29.481307,2.386719,38.877130
2019-08-02,0.658613,26.113304,2.777059,38.590709
2019-08-03,0.654754,27.827903,3.207838,38.633175
2019-08-04,0.650674,28.372192,3.142356,34.829545
2019-08-05,0.646446,21.118834,2.926197,34.907694
2019-08-06,0.641744,17.065676,3.457311,33.067769
2019-08-07,0.637961,15.813233,3.371200,29.304368
2019-08-08,0.633731,17.374472,2.921594,30.791324
2019-08-09,0.629582,17.424535,2.854101,20.865893
2019-08-10,0.824100,11.153090,3.448332,31.778584
2019-08-11,0.621082,24.550019,3.872655,31.797795
2019-08-12,0.617644,23.728417,2.717610,26.651899
2019-08-13,0.613849,15.780797,2.534080,23.567145
2019-08-14,0.610070,11.995030,3.879669,26.819938
2019-08-15,0.606258,13.560290,2.809005,26.269968
2019-08-16,0.602277,14.287986,2.789748,24.035887
2019-08-17,0.599442,11.859636,2.447144,19.451850
2019-08-18,0.596277,11.157736,2.396753,21.295605
2019-08-19,0.593090,13.959658,2.109786,19.573779
2019-08-20,0.589919,8.870286,1.847475,22.337909
2019-08-21,0.586340,9.336494,2.041072,21.389239
2019-08-22,0.583574,10.869675,2.731113,18.386526
2019-08-23,0.580370,18.222675,10.931311,33.633873
2019-08-24,0.577164,36.108651,7.472907,27.551246
2019-08-25,0.573992,13.955568,1.370593,25.493404
2019-08-26,0.570476,25.899946,3.206523,21.098532
2019-08-27,0.567708,13.781450,1.427113,14.636035
2019-08-28,0.575803,8.522455,0.958315,19.100877
2019-08-29,0.561664,9.404629,1.029500,13.816871
2019-08-30,0.558650,9.520190,0.875116,14.745131
2019-08-31,0.555676,7.458852,1.478247,13.110805
2019-09-01,0.552330,7.100322,1.165756,14.953828
2019-09-02,0.549739,5.643874,0.905887,17.139786
2019-09-03,0.546785,5.118908,0.855743,14.525798
2019-09-04,0.543917,4.367320,0.583091,9.625324
2019-09-05,0.541155,3.677987,0.666574,15.692679
2019-09-06,0.538049,3.383608,1.443830,16.162385
2019-09-07,0.541435,24.082789,4.071360,10.153808
2019-09-08,0.576759,15.401185,1.505533,8.956112
2019-09-09,0.531641,4.302394,0.331945,11.405226
2019-09-10,0.531439,1.040967,0.324548,13.694528
2019-09-11,0.529183,0.683339,0.340150,1.130212
2019-09-12,0.526842,0.191857,0.338840,0.233499
2019-09-13,0.523766,0.022039,0.343729,0.150357
2019-09-14,0.520490,0.002116,0.395646,0.634197
2019-09-15,1.376776,0.000101,0.335518,0.099265
2019-09-16,1.614630,0.000000,0.329634,0.098355
2019-09-17,0.626520,0.000000,0.434779,0.057302
2019-09-18,0.507319,0.000000,0.371655,0.729251
2019-09-19,0.505162,0.000000,0.336060,1.195991
2019-09-20,0.502364,0.022007,0.331106,1.252952
2019-09-21,0.499596,1.987930,3.813603,5.324038
2019-09-22,0.499319,40.663018,16.073110,11.799803
2019-09-23,0.496253,40.924332,10.870994,21.545267
2019-09-24,0.498791,33.636702,7.946813,14.662346
2019-09-25,0.494566,19.706190,4.269630,14.659340
2019-09-26,0.921040,13.475713,1.844492,3.860443
2019-09-27,0.480858,3.622024,0.421161,6.778915
2019-09-28,0.473775,0.627120,0.363847,6.780096
2019-09-29,0.467543,3.997791,0.375707,6.864628
2019-09-30,0.462078,0.335375,0.385137,4.198698
2019-10-01,0.456835,0.000158,0.382558,0.063753
2019-10-02,0.452792,0.000000,0.391026,0.039150
2019-10-03,0.448933,0.032542,0.475613,0.036777
2019-10-04,0.514816,4.558312,2.162420,2.858826
2019-10-05,0.442256,4.667764,2.787604,7.208998
2019-10-06,0.440797,18.854829,5.014371,11.362654
2019-10-07,0.438880,3.582875,0.998591,2.275092
2019-10-08,0.437035,6.252988,1.198894,3.366242
2019-10-09,0.434306,0.299159,0.453013,0.171688
2019-10-10,0.431778,0.000090,0.457281,0.035583
2019-10-11,0.429314,0.000000,0.472151,0.036977
2019-10-12,0.427687,0.000000,0.479895,0.037810
2019-10-13,0.425992,0.000000,0.492089,0.035611
2019-10-14,0.424473,0.000000,0.500391,0.033747
2019-10-15,0.423073,0.000000,0.524285,0.035041
2019-10-16,0.421389,0.000000,0.516011,0.034715
2019-10-17,0.420311,0.000000,0.521063,0.043232
2019-10-18,0.418981,0.000000,0.523921,0.036983
2019-10-19,0.417729,0.000000,0.528968,0.034017
2019-10-20,0.416575,0.000000,0.529139,0.034063
2019-10-21,0.415251,0.000000,0.531395,0.031590
2019-10-22,0.414724,0.000000,0.529731,0.033612
2019-10-23,0.413989,0.000000,0.528115,0.031311
2019-10-24,0.413256,0.000000,0.526653,0.034215
2019-10-25,0.412577,0.000000,0.522676,0.030736
2019-10-26,0.411614,0.000000,0.519599,0.030144
2019-10-27,0.411248,0.000000,0.514975,0.030312
2019-10-28,0.410582,0.000000,0.511898,0.030681
2019-10-29,0.409911,0.000000,0.505560,0.039524
2019-10-30,0.409227,0.000000,0.504346,0.028383
2019-10-31,0.408499,0.000000,0.498109,0.029200
2019-11-01,0.407476,0.000000,0.495348,0.028353
2019-11-02,0.407131,0.000000,0.486568,0.029359
2019-11-03,0.406538,0.000000,0.482601,0.026924
2019-11-04,0.405964,0.000000,0.474793,0.029370
2019-11-05,0.405364,0.000000,0.471477,0.027140
2019-11-06,0.404440,0.000000,0.467899,0.029481
2019-11-07,0.404057,0.000000,0.459703,0.026654
2019-11-08,0.403359,0.000000,0.452805,0.027691
2019-11-09,0.402679,0.000000,0.476457,0.027728
2019-11-10,0.401999,0.000000,0.781172,0.027450
2019-11-11,0.401053,0.000000,0.458844,0.029231
2019-11-12,0.400649,0.000000,0.446464,0.025961
2019-11-13,0.399958,0.000000,0.417563,0.028646
2019-11-14,0.399267,0.000000,0.412531,0.028881
2019-11-15,0.398558,0.000000,0.410824,0.026468
2019-11-16,0.397570,0.000000,0.415819,0.027764
2019-11-17,0.397132,0.000000,0.396051,0.027869
2019-11-18,0.396406,0.000000,0.387025,0.026411
2019-11-19,0.395649,0.000000,0.383234,0.024367
2019-11-20,0.394847,0.000000,0.377036,0.026751
2019-11-21,0.393764,0.000000,0.386962,0.027589
2019-11-22,0.393239,0.000000,0.518168,0.023409
2019-11-23,0.392434,0.000000,0.362339,0.023135
2019-11-24,0.391617,0.000000,0.355543,0.028545
2019-11-25,0.390778,0.000000,0.350145,0.026513
2019-11-26,0.389617,0.000000,0.346510,0.026500
2019-11-27,0.389004,0.000000,0.340341,0.024643
2019-11-28,0.388140,0.000000,0.336850,0.024712
2019-11-29,0.387297,0.000000,0.329613,0.028099
2019-11-30,0.386460,0.000000,0.325240,0.024620
2019-12-01,0.385326,0.000000,0.318002,0.025688
2019-12-02,0.384709,0.039175,5.827029,0.028861
2019-12-03,0.482419,2.093285,1.906929,0.022310
2019-12-04,0.390869,0.007242,0.307141,0.026337
2019-12-05,0.389654,0.000000,0.302005,0.025257
2019-12-06,0.386504,0.000000,0.295429,0.026350
2019-12-07,0.383510,0.000000,0.291195,0.023372
2019-12-08,0.380272,0.000000,0.285751,0.024047
2019-12-09,0.377212,0.000000,0.282074,0.026198
2019-12-10,0.374397,0.000000,0.278372,0.025855
2019-12-11,0.371622,0.000000,0.269917,0.025582
2019-12-12,0.369583,0.000000,0.271532,0.021194
2019-12-13,0.367489,0.000000,0.265477,0.026406
2019-12-14,0.365479,0.000000,0.258706,0.024773
2019-12-15,0.363630,0.000000,0.273042,0.024578
2019-12-16,0.361717,0.000000,0.249847,0.021954
2019-12-17,0.360470,0.000000,0.243506,0.025240
2019-12-18,0.359070,0.000000,0.239291,0.024467
2019-12-19,0.357774,0.000000,0.235962,0.022310
2019-12-20,0.356580,0.000000,0.229123,0.025790
2019-12-21,0.355233,0.000000,0.225148,0.023073
2019-12-22,0.354447,0.000000,0.220761,0.023474
2019-12-23,0.353467,0.000000,0.214979,0.025116
2019-12-24,0.352555,0.000000,0.211263,0.023782
2019-12-25,0.351712,0.000000,0.203035,0.023931
2019-12-26,0.350692,0.000000,0.198728,0.025576
2019-12-27,0.350235,0.000000,0.249712,0.021622
2019-12-28,0.349597,0.000000,0.191914,0.026247
2019-12-29,0.348993,0.000000,0.179548,0.024361
2019-12-30,0.348422,0.000000,0.182164,0.021184
2019-12-31,0.347864,0.000000,0.176138,0.024100

