time,MAR_land,MAR_ice,RACMO_land,RACMO_ice
2015-01-01,0.000000,0.068707,0.225892,0.837079
2015-01-02,0.000000,0.068672,0.209970,0.845882
2015-01-03,0.000000,0.068797,0.225008,0.853761
2015-01-04,0.000000,0.068802,0.212016,0.856549
2015-01-05,0.000000,0.068769,0.194708,0.824075
2015-01-06,0.000000,0.068796,0.193935,0.843225
2015-01-07,0.000000,0.068706,0.190371,0.840014
2015-01-08,0.000000,0.068668,0.185944,0.834303
2015-01-09,0.000000,0.068654,0.187504,0.842434
2015-01-10,0.000000,0.068189,0.179729,0.830844
2015-01-11,0.000000,0.067991,0.176828,0.840635
2015-01-12,0.000000,0.068022,0.174225,0.822463
2015-01-13,0.000000,0.068004,0.185077,0.824211
2015-01-14,0.000000,0.068001,0.166234,0.842036
2015-01-15,0.000000,0.067972,0.163012,0.817969
2015-01-16,0.000000,0.067933,0.159860,0.821235
2015-01-17,0.000000,0.067961,0.156686,0.805425
2015-01-18,0.000000,0.068445,0.154107,0.812308
2015-01-19,0.000000,0.069131,0.150744,0.803856
2015-01-20,0.000000,0.069182,0.148171,0.807862
2015-01-21,0.000000,0.069181,0.144231,0.808438
2015-01-22,0.000000,0.069209,0.142229,0.805840
2015-01-23,0.000000,0.069195,0.138617,0.799137
2015-01-24,0.000000,0.069188,0.137577,0.799061
2015-01-25,0.000000,0.069183,0.132026,0.796595
2015-01-26,0.000000,0.069152,0.131064,0.800307
2015-01-27,0.000000,0.069165,0.141903,0.790025
2015-01-28,0.000000,0.075124,0.123839,0.783620
2015-01-29,0.000000,0.269085,0.122799,0.786697
2015-01-30,0.000000,0.429254,0.120470,0.790130
2015-01-31,0.000000,0.521827,0.115574,0.784834
2015-02-01,0.000000,0.564137,0.116145,0.782065
2015-02-02,0.000000,0.588908,0.111384,0.804500
2015-02-03,0.000000,0.602380,0.127852,0.805419
2015-02-04,0.000000,0.621392,0.103119,0.783503
2015-02-05,0.000000,0.669796,0.106341,0.776923
2015-02-06,0.000000,0.683406,0.101695,0.778912
2015-02-07,0.000000,0.687645,0.101039,0.777926
2015-02-08,0.000000,0.679909,0.093862,0.765352
2015-02-09,0.000000,0.635959,0.096465,0.774614
2015-02-10,0.000000,0.088857,0.092853,0.766682
2015-02-11,0.000000,0.068001,0.089952,0.770969
2015-02-12,0.000000,0.158549,0.088372,0.775119
2015-02-13,0.000000,0.429113,0.087888,0.766148
2015-02-14,0.000000,0.264175,0.082619,0.766213
2015-02-15,0.000000,0.068233,0.080726,0.766920
2015-02-16,0.000000,0.067656,0.079686,0.763995
2015-02-17,0.000000,0.068630,0.076073,0.764797
2015-02-18,0.000000,0.068881,0.074784,0.761819
2015-02-19,0.000000,0.068881,0.072133,0.758274
2015-02-20,0.000000,0.237688,0.067559,0.756254
2015-02-21,0.000000,0.469657,0.066519,0.756529
2015-02-22,0.000000,0.516748,0.063946,0.758960
2015-02-23,0.000000,0.536266,0.062579,0.754584
2015-02-24,0.000000,0.549350,0.061076,0.761963
2015-02-25,0.000000,0.553822,0.057676,0.750127
2015-02-26,0.000000,0.571248,0.054455,0.757274
2015-02-27,0.000000,0.606073,0.054329,0.743559
2015-02-28,0.000000,0.626482,0.050452,0.774175
2015-03-01,0.000000,0.614473,0.049739,0.745558
2015-03-02,0.000000,0.067697,0.044595,0.745558
2015-03-03,0.000000,0.067701,0.047660,0.748172
2015-03-04,0.000000,0.067701,0.043227,0.746431
2015-03-05,0.000000,0.067700,0.041475,0.744603
2015-03-06,0.000000,0.067655,0.064528,0.737491
2015-03-07,0.000000,0.068008,0.040226,0.731881
2015-03-08,0.000000,0.068325,0.036002,0.744875
2015-03-09,0.000000,0.068322,0.033922,0.724203
2015-03-10,0.000000,0.068327,0.043879,0.735907
2015-03-11,0.000000,0.068242,0.090116,0.731045
2015-03-12,0.000000,0.068280,0.031927,0.731657
2015-03-13,0.000000,0.068286,0.032943,0.737560
2015-03-14,0.000000,0.068284,0.028644,0.752575
2015-03-15,0.000000,0.068284,0.035854,0.737196
2015-03-16,0.000000,0.068263,0.029276,0.715651
2015-03-17,0.000000,0.068306,0.027931,0.725904
2015-03-18,0.000000,0.068530,0.036415,0.719982
2015-03-19,0.000000,0.068491,0.026625,0.719042
2015-03-20,0.000000,0.067911,0.026625,0.714924
2015-03-21,0.000000,0.067592,0.025015,0.716861
2015-03-22,0.000000,0.067656,0.023975,0.716542
2015-03-23,0.000000,0.067706,0.025015,0.713027
2015-03-24,0.000000,0.067738,0.054037,0.722463
2015-03-25,0.000000,0.067758,0.021652,0.711107
2015-03-26,0.000000,0.067726,0.026270,0.717526
2015-03-27,0.000000,0.067779,0.022692,0.704101
2015-03-28,0.000000,0.067790,0.021652,0.704328
2015-03-29,0.000000,0.067793,0.021652,0.698566
2015-03-30,0.000000,0.067794,0.020041,0.707741
2015-03-31,0.000000,0.067767,0.020041,0.696058
2015-04-01,0.000000,0.067753,0.020041,0.697000
2015-04-02,0.000000,0.067726,0.022889,0.705633
2015-04-03,0.000000,0.067620,0.016107,0.703593
2015-04-04,0.000000,0.067517,0.020041,0.696401
2015-04-05,0.000000,0.067521,0.029051,0.689245
2015-04-06,0.000000,0.067475,0.018805,0.701240
2015-04-07,0.000000,0.067517,0.016107,0.703873
2015-04-08,0.000000,0.067520,0.016107,0.690092
2015-04-09,0.000000,0.067520,0.016631,0.716268
2015-04-10,0.000000,0.067521,0.016107,0.695853
2015-04-11,0.000000,0.067475,0.016107,0.684031
2015-04-12,0.000000,0.067517,0.016107,0.694173
2015-04-13,0.000000,0.067520,0.012362,0.693097
2015-04-14,0.000000,0.067520,0.014497,0.683799
2015-04-15,0.000000,0.067521,0.067245,0.839388
2015-04-16,0.000000,0.067477,0.424331,0.779098
2015-04-17,0.000000,0.067517,0.100792,0.745510
2015-04-18,0.000000,0.067520,5.571662,1.005239
2015-04-19,0.000000,0.067513,14.736958,1.129703
2015-04-20,0.000000,0.067481,0.055663,0.957400
2015-04-21,0.000000,0.067435,0.012886,0.680979
2015-04-22,0.000000,0.067476,0.011275,0.684570
2015-04-23,0.000000,0.067480,0.017548,1.151069
2015-04-24,0.000000,0.067480,0.011275,0.678794
2015-04-25,0.000000,0.067480,0.011275,0.917211
2015-04-26,0.000000,0.067437,0.011275,0.686126
2015-04-27,0.000000,0.067476,0.011275,0.675163
2015-04-28,0.000000,0.067480,0.011847,0.682578
2015-04-29,0.000000,0.067480,0.032616,1.016750
2015-04-30,0.000000,0.067480,0.012886,0.671918
2015-05-01,0.000000,0.067435,0.009664,0.675687
2015-05-02,0.000000,0.067478,0.011275,0.704404
2015-05-03,0.000000,0.067480,0.008054,0.714590
2015-05-04,0.000000,0.067480,0.011275,0.700511
2015-05-05,0.000000,0.067480,0.008054,0.895233
2015-05-06,0.000000,0.067435,0.064017,1.384427
2015-05-07,0.000000,0.067477,0.078650,1.530021
2015-05-08,0.000000,0.067480,0.008054,0.646763
2015-05-09,0.000000,0.067480,0.486844,0.647740
2015-05-10,0.000000,0.067480,1.684731,0.656364
2015-05-11,0.000000,0.067435,0.584394,0.984774
2015-05-12,0.000000,0.067476,3.948806,0.942916
2015-05-13,0.000000,0.067480,1.175881,1.097441
2015-05-14,0.000000,0.067480,1.638023,1.032996
2015-05-15,0.000000,0.067480,3.944056,1.515547
2015-05-16,0.000000,0.067435,4.644274,1.002577
2015-05-17,2.591804,0.079679,6.379954,0.948586
2015-05-18,9.313395,3.587013,7.942212,0.958698
2015-05-19,5.667261,4.211272,4.619780,0.673780
2015-05-20,12.577846,2.111888,2.496337,1.510634
2015-05-21,20.157897,3.111841,1.002583,1.374417
2015-05-22,11.493161,2.946045,0.925349,0.679255
2015-05-23,30.477374,4.474970,10.150777,0.984661
2015-05-24,21.712377,7.170527,3.541871,1.032949
2015-05-25,13.569166,5.307824,3.303120,1.428158
2015-05-26,15.967491,3.724787,0.991416,1.067089
2015-05-27,18.512426,4.609127,3.307049,0.951412
2015-05-28,24.752816,7.705347,2.237131,1.259440
2015-05-29,1.421372,3.202133,0.682967,1.073137
2015-05-30,23.773107,1.890893,15.769695,0.979854
2015-05-31,52.739139,16.453331,11.722158,1.291005
2015-06-01,25.059252,8.605891,3.681165,1.362640
2015-06-02,21.866857,7.128583,3.269928,0.984928
2015-06-03,28.431781,8.021559,7.781454,0.956157
2015-06-04,27.458439,8.808268,6.563121,0.919671
2015-06-05,22.894973,9.115080,8.499256,0.911199
2015-06-06,26.074560,10.955518,9.067325,0.902247
2015-06-07,11.587652,9.243153,3.306928,1.581207
2015-06-08,43.178087,11.584001,7.747676,0.940451
2015-06-09,59.799706,22.298822,14.330419,0.952284
2015-06-10,52.213376,21.889891,9.185281,0.938362
2015-06-11,33.804569,17.793554,8.913092,0.883904
2015-06-12,33.788442,14.627476,9.026809,0.929373
2015-06-13,34.792045,14.960354,10.566666,0.888936
2015-06-14,31.289187,14.893743,11.672661,0.883513
2015-06-15,31.187351,13.591981,16.509179,0.861300
2015-06-16,80.659603,23.622927,28.778308,7.409475
2015-06-17,48.892479,26.113244,11.354187,9.255261
2015-06-18,32.462717,28.268622,8.963434,6.159306
2015-06-19,35.471992,32.813667,15.507570,8.743817
2015-06-20,47.038093,44.773277,14.707499,9.025931
2015-06-21,45.951733,49.991109,17.143546,23.703658
2015-06-22,43.384349,46.603821,18.196971,26.779899
2015-06-23,44.471667,47.235662,17.375168,29.083707
2015-06-24,44.189034,52.742736,18.299779,27.919602
2015-06-25,46.256069,63.974870,19.991183,29.699740
2015-06-26,49.545914,67.831258,20.253612,30.281191
2015-06-27,54.557352,71.725456,22.866713,37.873584
2015-06-28,48.288481,74.693703,24.181725,50.174088
2015-06-29,33.396495,71.291505,21.040361,51.684442
2015-06-30,28.678972,64.257723,20.183537,51.247308
2015-07-01,28.520671,71.705244,21.494146,56.201084
2015-07-02,31.636736,74.484162,22.660225,58.905742
2015-07-03,32.064984,78.311238,23.932861,58.631443
2015-07-04,30.784339,80.296630,15.278016,45.322834
2015-07-05,39.574780,100.149028,27.115277,82.423273
2015-07-06,36.182252,96.350748,26.915618,75.285715
2015-07-07,35.440914,93.737252,26.062867,97.697674
2015-07-08,28.450564,94.656653,23.721265,81.016780
2015-07-09,28.960894,92.560678,23.048305,86.609732
2015-07-10,23.175870,68.215893,13.018402,51.871213
2015-07-11,29.172875,66.115144,23.124299,89.316630
2015-07-12,28.220818,64.597733,13.350494,61.581344
2015-07-13,42.609214,79.995378,13.100196,78.339692
2015-07-14,42.660687,79.031105,22.742637,106.130304
2015-07-15,28.762504,101.173501,22.795529,107.993625
2015-07-16,26.263054,134.811999,23.714690,134.951049
2015-07-17,13.967841,142.012550,21.808673,116.052034
2015-07-18,16.315995,119.141948,24.292208,107.653381
2015-07-19,11.975626,115.620477,21.275942,108.132348
2015-07-20,5.974462,119.777556,21.487051,108.781681
2015-07-21,4.350294,102.860675,15.412402,58.259799
2015-07-22,4.092336,83.886348,15.423479,68.538169
2015-07-23,3.819419,75.426243,14.629309,73.550438
2015-07-24,3.340741,66.433779,10.580661,45.072890
2015-07-25,3.470573,60.936961,18.343232,74.319410
2015-07-26,2.876005,57.469361,18.128399,70.128496
2015-07-27,3.079075,52.186905,13.368613,37.316955
2015-07-28,3.498771,56.152906,17.401195,77.974155
2015-07-29,3.264181,57.648901,16.342304,73.549800
2015-07-30,2.889536,55.321033,16.337039,60.456789
2015-07-31,3.426437,56.763613,17.757748,64.743593
2015-08-01,5.844692,75.512764,20.397994,79.650471
2015-08-02,7.121661,108.050107,21.560137,103.076857
2015-08-03,5.899693,95.048335,18.965116,83.410462
2015-08-04,6.679495,83.084830,15.898078,82.567213
2015-08-05,1.507220,63.881848,12.595984,65.404149
2015-08-06,1.112292,59.320318,11.990802,66.463935
2015-08-07,0.923756,59.990632,11.979916,50.936593
2015-08-08,0.971496,66.539705,11.864619,60.875659
2015-08-09,2.560296,112.830099,17.283004,128.977011
2015-08-10,2.453583,133.568488,12.796240,114.156893
2015-08-11,1.233606,106.719075,7.373446,54.695878
2015-08-12,7.920798,78.854157,17.266558,68.090173
2015-08-13,3.297679,97.405914,6.406027,84.001178
2015-08-14,1.074134,93.002207,5.516015,65.510142
2015-08-15,1.004473,70.034526,5.113908,52.833132
2015-08-16,1.100949,65.033053,5.516505,54.680564
2015-08-17,0.684372,60.385505,5.040702,39.886071
2015-08-18,0.590350,40.216999,4.806763,28.984599
2015-08-19,0.719059,40.342149,5.457123,33.047755
2015-08-20,0.759210,46.364025,6.200579,48.056177
2015-08-21,0.570720,40.378152,6.507701,59.508064
2015-08-22,0.902342,42.928726,5.410989,54.348287
2015-08-23,0.672613,43.347206,4.573312,21.943516
2015-08-24,0.588998,36.767674,5.414178,59.408657
2015-08-25,4.179443,41.806066,4.945671,43.632150
2015-08-26,9.512974,92.292854,6.490697,72.297937
2015-08-27,0.953521,53.950218,4.870688,33.463918
2015-08-28,0.183876,25.122302,5.377894,12.954482
2015-08-29,1.013787,30.679678,5.853734,43.170641
2015-08-30,1.394587,75.770960,4.521778,40.549798
2015-08-31,2.201252,48.006560,4.977523,38.314284
2015-09-01,0.824178,27.637231,6.702521,37.249586
2015-09-02,31.332677,44.480917,6.603452,32.233330
2015-09-03,0.449727,29.705180,3.826147,37.884742
2015-09-04,17.754657,43.061053,5.780282,37.081537
2015-09-05,5.139194,33.946893,4.132306,47.981835
2015-09-06,41.094231,93.322980,14.577067,102.780574
2015-09-07,66.570452,162.479727,27.492885,127.385170
2015-09-08,27.326929,146.758991,6.652419,47.792999
2015-09-09,69.727327,160.022740,17.945946,74.822128
2015-09-10,2.481606,124.794479,2.025912,35.424848
2015-09-11,19.216969,105.262211,5.119382,18.637265
2015-09-12,0.049152,44.443846,1.612100,9.718123
2015-09-13,0.002479,15.517098,1.776037,2.696018
2015-09-14,0.000012,10.601366,1.994406,2.918674
2015-09-15,0.000000,10.764936,2.249465,2.655168
2015-09-16,0.000004,9.087161,2.587646,2.455992
2015-09-17,0.000006,6.117348,3.591191,2.378789
2015-09-18,0.545408,4.331781,4.288020,2.382616
2015-09-19,16.975291,5.534394,9.958500,9.852720
2015-09-20,34.677559,40.055403,17.462003,52.665788
2015-09-21,14.544878,18.076295,5.106880,7.843106
2015-09-22,31.755331,36.605051,9.468638,28.038811
2015-09-23,0.243760,20.912948,4.425136,1.265429
2015-09-24,24.540410,9.553047,6.201371,1.441838
2015-09-25,69.647494,12.973472,8.706385,2.999678
2015-09-26,35.708817,23.506932,13.605246,14.409073
2015-09-27,39.303537,16.233011,10.826538,7.818380
2015-09-28,13.010449,5.891029,6.180275,2.764024
2015-09-29,5.355927,2.120368,5.612498,1.177922
2015-09-30,3.382881,1.109396,5.501122,1.182581
2015-10-01,0.033955,0.968866,5.426566,1.542945
2015-10-02,0.445203,1.033171,5.306801,1.173768
2015-10-03,0.001345,1.074205,5.161382,1.180213
2015-10-04,0.004840,1.065850,4.996917,1.175261
2015-10-05,0.470553,1.066544,4.821545,1.177188
2015-10-06,2.709074,1.133769,4.650612,1.417295
2015-10-07,8.926610,4.817227,5.981066,1.289418
2015-10-08,0.336333,3.814876,4.249006,1.156515
2015-10-09,1.610836,1.441354,4.070772,1.173160
2015-10-10,2.320317,1.047568,4.104278,1.160305
2015-10-11,0.097640,0.967827,4.689396,1.275491
2015-10-12,0.010599,0.947123,3.822612,1.340550
2015-10-13,0.000832,0.945525,3.591950,1.134893
2015-10-14,0.000517,0.975982,3.206486,1.564877
2015-10-15,0.000258,1.014646,3.126660,1.430751
2015-10-16,0.000249,0.988609,3.701548,1.116637
2015-10-17,8.497244,2.020896,6.451218,1.481437
2015-10-18,0.274552,1.327974,2.681207,1.109205
2015-10-19,0.094454,0.937416,2.571948,1.110279
2015-10-20,0.001753,0.928343,2.472361,1.093580
2015-10-21,0.001536,0.917458,2.377872,1.087805
2015-10-22,0.000029,0.917257,2.291444,1.083930
2015-10-23,0.000931,0.911785,2.206376,1.088378
2015-10-24,0.000210,0.909289,2.126022,1.072767
2015-10-25,0.000023,0.835993,2.053371,1.079731
2015-10-26,0.000067,0.782034,1.979788,1.065413
2015-10-27,0.000040,0.780711,1.994546,1.073390
2015-10-28,0.000168,0.778693,3.568235,1.082776
2015-10-29,0.001222,0.778210,6.321352,1.359739
2015-10-30,26.896330,2.989178,7.780794,1.224295
2015-10-31,0.496928,1.340422,1.791114,1.057436
2015-11-01,0.167468,0.667880,1.641441,1.056667
2015-11-02,0.141495,0.668425,1.605403,1.053874
2015-11-03,0.154584,0.667984,1.566471,1.044150
2015-11-04,0.151434,0.665837,1.534854,1.051445
2015-11-05,0.144488,0.664611,1.523405,1.054152
2015-11-06,0.139238,0.664277,2.856206,1.039665
2015-11-07,0.144881,0.664533,1.642723,1.041466
2015-11-08,0.116673,0.664287,1.413795,1.045043
2015-11-09,0.082571,0.663545,1.383521,1.028756
2015-11-10,0.076397,0.663541,1.358512,1.036970
2015-11-11,0.067771,0.663187,1.330608,1.031019
2015-11-12,0.032086,0.663441,1.302272,1.031013
2015-11-13,0.031765,0.648541,1.280723,1.022688
2015-11-14,0.030348,0.648272,1.256134,1.020840
2015-11-15,0.028716,0.645981,1.231080,1.027796
2015-11-16,0.029026,0.643473,1.209780,1.019560
2015-11-17,0.014973,0.643349,1.183368,1.021904
2015-11-18,0.000498,0.641258,1.163586,1.021498
2015-11-19,0.000453,0.637965,1.140074,1.025926
2015-11-20,0.000449,0.637563,1.531897,1.021149
2015-11-21,0.000436,0.637249,1.881649,1.021447
2015-11-22,0.000424,0.637719,1.336579,1.026620
2015-11-23,0.000426,0.634430,1.088510,1.007236
2015-11-24,0.000425,0.631149,1.036214,1.011081
2015-11-25,0.000425,0.629887,1.017285,0.998699
2015-11-26,0.000414,0.629631,0.997447,1.013132
2015-11-27,0.000346,0.574000,0.977306,0.992894
2015-11-28,0.000000,0.521832,0.962742,1.006481
2015-11-29,0.000000,0.521168,0.944146,0.994036
2015-11-30,0.000000,0.520660,0.930949,0.996042
2015-12-01,0.000000,0.520010,0.907352,0.993835
2015-12-02,0.000000,0.519904,0.895403,1.001992
2015-12-03,0.000000,0.519658,0.877813,0.990048
2015-12-04,0.000000,0.518986,0.857867,0.988124
2015-12-05,0.000000,0.518505,0.843458,0.982834
2015-12-06,0.000000,0.517945,0.833852,0.981688
2015-12-07,0.000000,0.517503,0.823624,0.979285
2015-12-08,0.000000,0.516946,0.798063,0.970232
2015-12-09,0.000000,0.515852,0.848349,0.972082
2015-12-10,0.000000,0.514574,0.772685,0.962343
2015-12-11,0.000000,0.513906,0.758314,0.973656
2015-12-12,0.000000,0.513989,0.750245,0.954819
2015-12-13,0.000000,0.513383,0.730090,0.969361
2015-12-14,0.000000,0.513334,0.720114,0.976016
2015-12-15,0.000000,0.512567,0.707791,0.961044
2015-12-16,0.000000,0.512157,0.697893,0.965805
2015-12-17,0.000000,0.511804,0.682093,0.953178
2015-12-18,0.000000,0.511763,0.673150,0.951219
2015-12-19,0.000000,0.511683,0.659623,0.938571
2015-12-20,0.000000,0.511601,0.650858,0.952528
2015-12-21,0.000000,0.511350,0.637324,0.942996
2015-12-22,0.000000,0.510922,0.629343,0.953875
2015-12-23,0.000000,0.510797,0.617006,0.941615
2015-12-24,0.000000,0.510747,0.606746,0.948955
2015-12-25,0.000000,0.510771,0.596069,0.936290
2015-12-26,0.000000,0.510552,0.585496,0.962537
2015-12-27,0.000000,0.510102,0.575831,0.946143
2015-12-28,0.000000,0.510007,0.565951,0.926354
2015-12-29,0.000000,0.509929,0.558697,0.947913
2015-12-30,0.000000,0.413865,0.550048,0.915654
2015-12-31,0.000000,0.411426,0.536335,0.930976
2016-01-01,0.000000,0.338843,0.531411,0.914398
2016-01-02,0.000000,0.338110,0.517524,0.932797
2016-01-03,0.000000,0.337955,0.513952,0.921040
2016-01-04,0.000000,0.337736,0.502591,0.941062
2016-01-05,0.000000,0.337515,0.494326,0.904961
2016-01-06,0.000000,0.337852,0.486437,0.900753
2016-01-07,0.000000,0.338204,0.630379,0.896231
2016-01-08,0.000000,0.338245,0.509864,0.902520
2016-01-09,0.000000,0.338183,0.462897,0.890842
2016-01-10,0.000000,0.338208,0.457174,0.904734
2016-01-11,0.000000,0.338019,0.451067,0.893287
2016-01-12,0.000000,0.335836,0.441560,0.887942
2016-01-13,0.000000,0.335930,0.436814,0.897861
2016-01-14,0.000000,0.335957,0.425381,0.894282
2016-01-15,0.000000,0.335966,0.423907,0.888423
2016-01-16,0.000000,0.335727,0.411051,0.883737
2016-01-17,0.000000,0.335894,0.407473,0.887469
2016-01-18,0.000000,0.335920,0.402712,0.877825
2016-01-19,0.000000,0.335947,0.791744,0.877896
2016-01-20,0.000000,0.335967,11.782638,0.902938
2016-01-21,0.000000,0.335728,11.118258,0.838100
2016-01-22,5.656035,0.366763,3.647939,2.168635
2016-01-23,0.630178,0.353782,0.366323,0.834404
2016-01-24,0.624083,0.330817,0.567314,0.826805
2016-01-25,0.793370,0.330834,0.395865,0.825815
2016-01-26,0.817658,0.330484,0.351749,0.821513
2016-01-27,0.681608,0.330650,0.374811,0.822999
2016-01-28,0.605097,0.330731,0.338215,0.818076
2016-01-29,0.558364,0.330782,0.334494,0.823387
2016-01-30,0.495971,0.330834,0.329998,0.812310
2016-01-31,0.444012,0.330901,0.324931,0.817465
2016-02-01,0.394146,0.330616,0.320819,0.808340
2016-02-02,0.350632,0.330778,0.315752,0.809229
2016-02-03,0.300683,0.330602,0.310741,0.813255
2016-02-04,0.277876,0.330462,0.307207,0.798513
2016-02-05,0.256783,0.330420,0.301070,0.810738
2016-02-06,0.242699,0.330134,0.297457,0.801499
2016-02-07,0.246261,0.330271,0.292461,0.800502
2016-02-08,0.259203,0.330297,0.286168,0.807872
2016-02-09,0.248039,0.330333,0.283673,0.793217
2016-02-10,0.245504,0.330379,0.283198,0.803964
2016-02-11,0.251733,0.330117,0.274494,0.794776
2016-02-12,0.236458,0.330268,0.266989,0.801134
2016-02-13,0.242739,0.330290,0.265315,0.792817
2016-02-14,0.247601,0.328288,0.258522,0.797346
2016-02-15,0.242873,0.322406,0.255400,0.800743
2016-02-16,0.167448,0.322418,0.250882,0.784366
2016-02-17,0.106130,0.322711,0.246380,0.795455
2016-02-18,0.091161,0.403890,0.240092,0.787126
2016-02-19,0.091320,0.609187,0.237170,0.798123
2016-02-20,0.091599,0.625048,0.233948,0.789909
2016-02-21,0.091703,0.620700,0.230601,0.791754
2016-02-22,0.091589,0.618218,0.226679,0.778287
2016-02-23,0.091781,0.616222,0.223095,0.785628
2016-02-24,0.091647,0.611205,0.215590,0.782664
2016-02-25,0.044382,0.608878,0.215262,0.784553
2016-02-26,0.000000,0.604365,0.211282,0.788953
2016-02-27,0.000000,0.604033,0.207045,0.789068
2016-02-28,0.000000,0.607953,0.276400,0.797321
2016-02-29,0.000000,0.608655,0.234803,0.780153
2016-03-01,0.000000,0.608458,0.196904,0.784807
2016-03-02,0.000000,0.608559,0.195480,0.784679
2016-03-03,0.000000,0.610089,0.189790,0.767224
2016-03-04,0.000000,0.610468,0.185402,0.787430
2016-03-05,0.000000,0.611299,0.184568,0.784687
2016-03-06,0.000000,0.614207,0.186081,0.770180
2016-03-07,0.000000,0.617473,0.178874,0.771252
2016-03-08,0.000000,0.620555,0.174285,0.803509
2016-03-09,0.000000,0.620091,0.174113,0.800171
2016-03-10,0.000000,0.621076,0.208766,0.796074
2016-03-11,0.000000,0.620468,0.166395,0.799770
2016-03-12,0.000000,0.620842,0.173793,0.789168
2016-03-13,0.000000,0.619473,0.180075,0.788778
2016-03-14,0.000000,0.618678,0.157216,0.789320
2016-03-15,0.000000,0.619648,0.155927,0.795744
2016-03-16,0.000000,0.619580,0.201636,0.788101
2016-03-17,0.000000,0.618861,7.625271,1.042168
2016-03-18,0.000000,0.617452,19.965170,1.198667
2016-03-19,0.000000,0.617153,0.153325,0.781514
2016-03-20,0.000000,0.617868,0.382256,0.803057
2016-03-21,0.000000,0.617979,0.145654,0.777931
2016-03-22,0.000000,0.621551,0.141846,0.785345
2016-03-23,0.000000,0.623914,0.133635,0.775289
2016-03-24,0.000000,0.629472,0.137668,0.788769
2016-03-25,0.000000,0.630661,0.138090,0.771934
2016-03-26,0.000000,0.631733,0.132018,0.769803
2016-03-27,0.000000,0.633687,0.132760,0.770348
2016-03-28,0.000000,0.633826,0.130016,0.767573
2016-03-29,0.000000,0.632003,0.129304,0.772022
2016-03-30,0.000000,0.632835,0.126403,0.764138
2016-03-31,0.000000,0.633945,0.125691,0.764493
2016-04-01,0.000000,0.633107,0.125363,0.754498
2016-04-02,0.000000,0.564715,0.123168,0.761532
2016-04-03,0.000000,0.315852,0.130256,0.762436
2016-04-04,0.000000,0.315782,0.231234,1.302280
2016-04-05,0.000000,0.331303,0.118529,0.761689
2016-04-06,0.000000,0.533400,0.122363,0.774367
2016-04-07,0.000000,0.601931,0.122004,0.752741
2016-04-08,0.000000,0.614267,0.412556,1.506316
2016-04-09,0.000000,0.627658,0.114526,0.755720
2016-04-10,0.000000,0.784051,0.163834,3.509459
2016-04-11,0.000000,0.832787,0.367436,1.449322
2016-04-12,0.000000,0.843701,2.539512,0.979392
2016-04-13,2.502254,0.845686,1.422005,1.244800
2016-04-14,3.303677,2.924825,1.097480,1.494741
2016-04-15,3.012807,3.772333,4.307844,1.150418
2016-04-16,0.719769,2.951386,0.107950,0.746431
2016-04-17,0.596690,1.016488,0.118414,0.748794
2016-04-18,0.535882,0.942316,0.107238,0.744931
2016-04-19,0.466245,0.917026,0.105955,0.743643
2016-04-20,0.426806,0.908504,0.104666,0.747200
2016-04-21,0.408885,0.899604,0.104281,1.886766
2016-04-22,0.357583,0.897087,1.168175,2.545322
2016-04-23,8.829270,2.992080,2.109548,1.095515
2016-04-24,18.200613,8.641845,2.332573,1.105936
2016-04-25,6.022923,6.133899,0.816982,1.463611
2016-04-26,8.004285,4.845674,1.524061,1.381346
2016-04-27,4.129794,4.031240,0.851922,4.761189
2016-04-28,1.387363,2.304082,1.087772,3.325921
2016-04-29,4.243360,2.091897,1.016907,1.663499
2016-04-30,8.096022,3.671132,1.661650,3.258983
2016-05-01,11.997416,5.861962,1.660726,2.362169
2016-05-02,7.681623,5.199066,0.887766,2.149112
2016-05-03,3.431216,2.938615,0.960742,2.231955
2016-05-04,5.527045,1.943442,2.075041,1.859959
2016-05-05,6.205013,2.565214,2.256328,1.953148
2016-05-06,8.960762,3.711600,3.144036,1.697218
2016-05-07,5.569501,3.866353,2.988025,1.692136
2016-05-08,5.402816,3.133300,5.112277,1.585824
2016-05-09,11.987939,3.943878,7.426799,1.277078
2016-05-10,19.505153,5.578132,5.130559,1.914145
2016-05-11,29.664997,12.557091,4.435896,1.002695
2016-05-12,18.015720,13.511419,3.307316,1.208241
2016-05-13,16.886758,11.717510,4.268218,1.114399
2016-05-14,57.066337,30.488396,7.638599,0.915257
2016-05-15,76.023692,52.837279,11.594289,0.872732
2016-05-16,25.904046,38.294313,6.396146,1.554514
2016-05-17,21.148867,20.677523,6.311185,1.132401
2016-05-18,16.495764,15.675367,3.961180,2.441829
2016-05-19,15.347504,12.035257,5.718510,1.337925
2016-05-20,15.575973,11.713705,6.418139,1.362854
2016-05-21,25.844779,10.409958,2.240627,2.204116
2016-05-22,17.524271,6.376244,1.771033,1.956841
2016-05-23,17.813681,6.473359,1.249708,2.058478
2016-05-24,29.745760,6.499691,2.833805,2.020105
2016-05-25,21.442105,8.959701,1.705069,2.369618
2016-05-26,2.530254,5.570351,0.545595,1.233173
2016-05-27,9.788991,0.876140,1.523403,3.042735
2016-05-28,17.091650,2.243518,1.816878,1.743907
2016-05-29,16.484263,3.805164,2.490621,1.713059
2016-05-30,17.197388,4.541604,1.904595,1.735276
2016-05-31,21.252030,6.886524,3.009224,2.137475
2016-06-01,12.370171,6.345979,5.783459,1.895290
2016-06-02,44.529956,14.365291,9.057582,1.142428
2016-06-03,45.290333,42.609927,12.832746,1.027817
2016-06-04,46.286476,49.500429,12.304414,12.070324
2016-06-05,33.738953,43.853775,9.867862,8.742490
2016-06-06,35.073026,36.910513,10.553551,16.213018
2016-06-07,35.767011,37.764677,10.477082,24.295052
2016-06-08,42.324439,48.271499,11.441623,29.730701
2016-06-09,41.518079,64.242233,19.079212,30.178106
2016-06-10,77.953511,128.505644,31.858928,97.613866
2016-06-11,61.148277,150.349578,24.026211,76.431434
2016-06-12,43.088761,93.546871,17.287818,61.518908
2016-06-13,41.112026,70.386695,18.095431,67.655537
2016-06-14,46.466579,76.684553,18.136837,54.216022
2016-06-15,36.562320,72.881402,17.271751,52.796291
2016-06-16,27.667444,60.351602,18.923234,57.326115
2016-06-17,29.930750,46.920632,16.220182,40.868244
2016-06-18,137.058392,95.867526,51.875496,113.155582
2016-06-19,93.536644,195.824169,51.587141,116.666471
2016-06-20,44.802306,141.831787,30.169596,98.179059
2016-06-21,37.827741,109.226183,27.229433,73.710327
2016-06-22,37.260174,98.959340,23.519335,66.986354
2016-06-23,31.459331,118.933495,18.314486,63.542649
2016-06-24,36.012387,108.367777,20.590570,147.052533
2016-06-25,30.762665,116.550044,21.884525,134.395104
2016-06-26,60.825144,136.779420,22.068785,107.574667
2016-06-27,33.497121,136.439151,19.655170,110.225490
2016-06-28,32.704408,121.632767,20.153272,102.177590
2016-06-29,38.839507,111.162979,21.910251,88.691692
2016-06-30,24.006612,114.056436,21.901323,91.474393
2016-07-01,25.148656,99.766619,21.815240,116.463238
2016-07-02,24.973324,108.666760,24.584230,109.778938
2016-07-03,30.349222,107.307776,23.886050,107.018439
2016-07-04,17.368153,101.347215,23.497701,100.007900
2016-07-05,11.865409,93.291204,24.069666,83.064610
2016-07-06,1.565735,94.906639,27.547465,107.112361
2016-07-07,1.527662,91.729062,27.805289,115.456970
2016-07-08,1.594467,89.731377,28.917592,105.195632
2016-07-09,1.629247,92.313302,26.817990,91.470726
2016-07-10,1.675156,88.273869,27.500151,93.645513
2016-07-11,1.480730,92.768474,26.483294,96.855225
2016-07-12,2.316988,119.814140,27.713708,105.738491
2016-07-13,2.544863,115.499226,21.639144,80.426465
2016-07-14,12.903092,116.214346,37.101808,99.519339
2016-07-15,7.807502,149.300300,24.378066,105.852619
2016-07-16,1.635565,108.443961,24.219946,102.897234
2016-07-17,1.429790,96.188055,25.677341,98.466014
2016-07-18,1.820094,103.436550,24.244850,115.874378
2016-07-19,2.205701,133.845814,23.630580,100.548915
2016-07-20,2.292930,139.630617,24.400442,110.321783
2016-07-21,2.139382,152.674336,24.923336,105.594873
2016-07-22,2.161353,138.509967,28.194210,109.949990
2016-07-23,2.275875,146.438417,28.739536,121.931553
2016-07-24,1.915933,119.894302,26.575791,95.719459
2016-07-25,2.306439,125.060319,25.939568,104.280970
2016-07-26,1.927869,122.056356,24.918614,106.665149
2016-07-27,2.137166,120.995320,23.319110,101.844142
2016-07-28,2.382204,140.875206,23.863509,103.287340
2016-07-29,1.440909,109.118502,24.100295,81.138672
2016-07-30,1.111624,77.200874,21.963162,65.763416
2016-07-31,1.393578,66.182499,18.690639,53.086638
2016-08-01,1.172285,67.514847,20.399343,64.602523
2016-08-02,1.705529,88.492355,20.407018,77.060793
2016-08-03,1.276745,99.965152,18.938994,64.059837
2016-08-04,0.885610,69.808514,17.904156,58.865111
2016-08-05,1.200144,74.658971,17.709125,75.112109
2016-08-06,1.766461,109.622484,17.082599,96.595814
2016-08-07,1.943070,135.337199,17.237766,131.339896
2016-08-08,1.746156,133.005574,13.790635,69.660560
2016-08-09,3.380464,74.939999,10.412193,51.503764
2016-08-10,1.900541,76.531741,12.386774,78.411591
2016-08-11,0.962318,76.966300,12.125112,66.928385
2016-08-12,0.448127,86.669739,11.392306,60.944443
2016-08-13,0.232318,74.548227,9.483633,60.202426
2016-08-14,1.754517,59.029259,8.627851,62.259253
2016-08-15,46.275167,120.439551,15.084871,154.771530
2016-08-16,41.044340,149.321516,10.114549,146.960726
2016-08-17,39.725205,217.302634,16.859719,158.409200
2016-08-18,3.009211,129.176808,7.313777,74.368409
2016-08-19,0.627483,95.468222,7.945073,94.060212
2016-08-20,0.189921,62.726354,7.551105,67.650104
2016-08-21,0.310563,77.990114,6.462356,66.399226
2016-08-22,0.342773,103.234956,10.797227,73.627739
2016-08-23,0.260790,86.316873,18.675410,52.979336
2016-08-24,0.306993,85.671920,8.316556,56.391818
2016-08-25,0.301602,81.171366,8.381439,56.316943
2016-08-26,27.536495,83.621882,6.748318,41.746003
2016-08-27,5.642232,72.416144,7.118503,52.039266
2016-08-28,0.111954,43.077971,6.486273,25.905767
2016-08-29,0.077875,36.824384,6.300711,27.476091
2016-08-30,0.159864,39.978246,6.332315,30.579019
2016-08-31,0.130731,47.482507,6.153599,21.015048
2016-09-01,0.136778,50.159120,5.799705,12.695670
2016-09-02,0.096169,53.081893,5.821313,8.270546
2016-09-03,4.475898,38.514158,7.585056,14.830275
2016-09-04,0.492510,29.382592,6.567756,13.858890
2016-09-05,0.002762,22.468765,5.373535,2.578827
2016-09-06,0.001445,17.367584,5.878427,6.125807
2016-09-07,0.388237,18.814749,5.423788,14.667118
2016-09-08,8.444671,27.331604,7.594574,29.217169
2016-09-09,0.130584,49.476665,7.709748,34.790071
2016-09-10,4.480741,51.194927,5.698673,31.183401
2016-09-11,0.005146,33.129814,4.520179,3.169549
2016-09-12,0.088770,38.220486,4.779185,1.853139
2016-09-13,0.000279,27.353913,5.290532,7.003652
2016-09-14,0.653303,25.495360,6.851528,35.998248
2016-09-15,3.728052,42.308623,4.768810,17.394425
2016-09-16,22.812573,61.090252,5.701831,23.727252
2016-09-17,0.004545,23.218270,2.829774,1.495676
2016-09-18,12.369635,8.599530,7.141740,4.477023
2016-09-19,5.836633,23.044648,4.017338,9.778697
2016-09-20,12.397393,10.169025,2.003230,1.555235
2016-09-21,0.036948,3.717942,1.890173,1.470219
2016-09-22,0.002640,1.827305,1.832333,1.087835
2016-09-23,0.006744,3.088434,1.776838,1.079447
2016-09-24,0.183047,4.094406,1.720790,1.080782
2016-09-25,0.000222,5.314279,1.676842,1.152328
2016-09-26,0.000001,4.800857,1.605624,1.332558
2016-09-27,0.000005,6.926608,1.547753,1.149718
2016-09-28,0.000483,5.764011,1.491852,1.055100
2016-09-29,0.198758,3.085415,1.461886,1.546479
2016-09-30,0.000089,2.260625,1.388023,1.357419
2016-10-01,4.499829,1.588274,1.452572,0.984053
2016-10-02,15.966868,1.841941,2.867783,0.981523
2016-10-03,166.833966,53.569161,28.320268,5.748971
2016-10-04,87.439001,130.330687,21.431743,20.030328
2016-10-05,102.183720,76.411234,22.252400,31.028657
2016-10-06,71.578069,111.180922,26.696693,34.301657
2016-10-07,113.128732,116.558251,22.877544,58.039515
2016-10-08,73.651976,173.816643,25.886356,44.520812
2016-10-09,3.166390,54.594161,2.694415,6.904784
2016-10-10,10.775340,11.920479,5.092995,4.426905
2016-10-11,56.047505,12.480837,14.129044,6.896979
2016-10-12,10.442286,9.255338,6.163923,7.509033
2016-10-13,0.362740,2.691496,3.536130,1.386068
2016-10-14,7.217850,2.246860,5.107412,1.263555
2016-10-15,13.951874,2.179700,12.138977,2.062487
2016-10-16,117.116181,19.287447,20.123061,7.065370
2016-10-17,60.022887,31.578079,19.077507,7.311459
2016-10-18,8.872849,10.117939,7.818256,1.112591
2016-10-19,62.764406,8.686166,24.239573,9.406774
2016-10-20,17.672733,15.286004,10.336321,6.342975
2016-10-21,80.618815,17.211159,19.531277,2.515364
2016-10-22,4.977454,16.127003,10.260631,1.073672
2016-10-23,3.142021,2.805260,8.664266,0.948821
2016-10-24,0.694303,1.076643,8.126816,1.012205
2016-10-25,0.088130,1.412764,7.841439,0.959910
2016-10-26,0.084172,2.484918,7.569359,1.003813
2016-10-27,0.094949,2.509888,7.310639,0.940170
2016-10-28,0.063303,2.504605,7.046311,1.004712
2016-10-29,0.037354,2.602083,6.774802,0.936044
2016-10-30,0.002542,2.595553,6.492157,0.998487
2016-10-31,0.001296,2.591184,6.210209,0.994375
2016-11-01,2.621659,2.590442,7.805693,0.960843
2016-11-02,0.012487,2.601776,5.641122,1.000015
2016-11-03,0.316748,2.602512,5.295269,0.999267
2016-11-04,0.005209,2.599057,5.077005,0.929098
2016-11-05,0.002066,2.592576,5.192511,1.057087
2016-11-06,0.018597,2.588641,5.743516,0.943792
2016-11-07,0.001047,2.587352,4.212433,0.901338
2016-11-08,0.001130,2.580060,3.981549,0.922263
2016-11-09,0.005499,2.577770,3.769147,0.909136
2016-11-10,0.000931,2.576964,3.572148,0.916763
2016-11-11,0.000150,2.572422,3.389364,0.916938
2016-11-12,0.000222,2.475981,3.218199,0.919189
2016-11-13,0.001541,2.473271,3.062713,0.986714
2016-11-14,0.001784,2.472789,2.909905,0.925949
2016-11-15,0.000012,1.974740,2.776397,0.918921
2016-11-16,0.000715,1.515443,2.645399,0.915238
2016-11-17,0.000025,1.513768,2.528147,0.932000
2016-11-18,0.000356,1.513019,2.414844,0.935595
2016-11-19,0.001584,1.511628,2.311846,0.930586
2016-11-20,0.000013,1.510495,2.215433,0.933862
2016-11-21,0.000008,1.508667,2.124814,0.940063
2016-11-22,0.000088,1.508474,2.037116,0.938832
2016-11-23,0.000562,1.511412,1.969245,0.934621
2016-11-24,0.000000,1.397701,1.884257,0.939475
2016-11-25,0.000000,1.379953,1.817683,0.936763
2016-11-26,0.000000,1.379269,1.751030,0.929267
2016-11-27,0.023791,1.379128,2.172543,0.932926
2016-11-28,0.000000,1.350085,1.633313,0.919722
2016-11-29,0.000000,1.286150,1.575874,0.913174
2016-11-30,0.000000,1.283499,1.524851,0.905140
2016-12-01,0.000000,1.277518,1.471674,0.909561
2016-12-02,0.000000,1.275637,1.426865,0.901825
2016-12-03,0.000000,1.274170,1.382782,0.898527
2016-12-04,0.000000,1.273446,1.337900,0.931522
2016-12-05,0.000000,1.273369,2.321325,0.898215
2016-12-06,0.000000,1.272817,3.664563,0.897210
2016-12-07,0.000000,1.273476,2.464574,0.894741
2016-12-08,0.000000,1.275909,1.261018,0.893668
2016-12-09,0.000000,1.280501,1.153608,0.907068
2016-12-10,0.000000,1.281820,1.145314,0.879981
2016-12-11,0.000000,1.268720,2.459329,0.918260
2016-12-12,0.000000,1.240971,1.700305,0.886095
2016-12-13,0.000000,1.227019,1.050730,0.890218
2016-12-14,0.000000,1.231183,1.048781,0.888458
2016-12-15,0.000000,1.242576,1.015136,0.896466
2016-12-16,0.000000,1.242615,0.964684,0.883887
2016-12-17,0.000000,1.243212,0.945629,0.885455
2016-12-18,0.000000,1.242117,0.924487,1.073687
2016-12-19,0.000000,1.241817,0.905334,0.874137
2016-12-20,0.000000,1.215315,0.881308,0.884345
2016-12-21,0.000000,0.834716,0.861965,0.884311
2016-12-22,0.000000,0.835112,0.845591,0.865666
2016-12-23,0.000000,0.835000,0.822714,0.872892
2016-12-24,0.000000,0.835000,0.811924,0.867632
2016-12-25,0.000000,0.835000,0.792485,0.879373
2016-12-26,0.000000,0.834712,0.776550,0.855392
2016-12-27,0.000000,0.835110,0.758861,0.869743
2016-12-28,0.000000,0.834994,0.744211,0.867935
2016-12-29,0.000000,0.834994,0.731483,0.869688
2016-12-30,0.000000,0.681575,0.717823,0.866342
2016-12-31,0.000000,0.661267,0.701317,0.867310
2017-01-01,0.000000,0.475096,0.740322,0.866233
2017-01-02,0.000000,0.438390,0.685353,0.854611
2017-01-03,0.000000,0.438373,0.663621,0.869856
2017-01-04,0.000000,0.440479,0.652343,0.855871
2017-01-05,0.000000,0.473924,0.637274,0.856478
2017-01-06,0.000000,0.481322,0.627688,0.851319
2017-01-07,0.000000,0.439479,0.612119,0.850097
2017-01-08,0.000000,0.438171,0.605147,0.840199
2017-01-09,0.000000,0.438171,0.596688,0.835362
2017-01-10,0.000000,0.438171,0.582871,0.840945
2017-01-11,0.000000,0.437973,0.571690,0.835557
2017-01-12,0.000000,0.438198,0.564357,0.837735
2017-01-13,0.000000,0.438171,0.552855,0.836450
2017-01-14,0.000000,0.438171,0.542494,0.836939
2017-01-15,0.000000,0.438171,0.544877,0.832905
2017-01-16,0.000000,0.437973,0.523223,0.832315
2017-01-17,0.000000,0.438198,0.513432,0.848801
2017-01-18,0.000000,0.438172,0.507132,0.826033
2017-01-19,0.000000,0.438172,0.500219,0.826182
2017-01-20,0.000000,0.438184,0.489966,0.837537
2017-01-21,0.000000,0.438003,0.481227,0.826801
2017-01-22,0.000000,0.438227,0.473581,0.832933
2017-01-23,0.000000,0.438258,0.512146,0.826385
2017-01-24,0.000000,0.438302,4.694076,0.829429
2017-01-25,0.000000,0.438200,0.448202,0.833015
2017-01-26,0.000000,0.438002,0.441455,0.820061
2017-01-27,0.000000,0.438171,0.432013,0.833561
2017-01-28,0.000000,0.438099,0.426944,0.821874
2017-01-29,0.000000,0.438192,0.418295,0.844829
2017-01-30,0.000000,0.438416,0.411508,0.810047
2017-01-31,0.000000,0.438765,0.406774,0.802865
2017-02-01,0.000000,0.438875,0.400000,0.801302
2017-02-02,0.000000,0.438482,0.392666,0.804184
2017-02-03,0.000000,0.438208,0.386187,0.793258
2017-02-04,0.000000,0.438209,0.501211,0.814882
2017-02-05,0.000000,0.438241,0.383331,0.793093
2017-02-06,0.000000,0.439162,0.614349,0.790630
2017-02-07,0.000000,0.440111,2.614980,0.793607
2017-02-08,0.000000,0.440270,0.701970,0.789007
2017-02-09,0.000000,0.440332,0.382404,0.815587
2017-02-10,0.000000,0.440378,0.349859,0.792462
2017-02-11,0.000000,0.440201,0.353509,0.808731
2017-02-12,0.000000,0.440453,0.473343,0.815873
2017-02-13,0.000000,0.440423,0.332063,0.809198
2017-02-14,0.000000,0.440375,0.331023,0.794431
2017-02-15,0.000000,0.440301,0.324667,0.786277
2017-02-16,0.000000,0.440065,0.314413,0.784029
2017-02-17,0.000000,0.440210,0.318013,0.789274
2017-02-18,0.000000,0.440079,0.313306,0.797702
2017-02-19,0.000000,0.439998,0.306237,0.789743
2017-02-20,0.000000,0.439992,0.300436,0.789747
2017-02-21,0.000000,0.439824,0.298513,0.809334
2017-02-22,0.000000,0.440113,0.298356,0.805812
2017-02-23,0.000000,0.440093,0.287723,0.785185
2017-02-24,0.000000,0.440071,0.288222,0.797357
2017-02-25,0.000000,0.440049,0.287903,0.787458
2017-02-26,0.000000,0.439843,0.282078,0.781807
2017-02-27,0.000000,0.440094,0.273712,0.786682
2017-02-28,0.000000,0.440082,0.274595,0.803715
2017-03-01,0.000000,0.439889,0.890675,0.782379
2017-03-02,0.000000,0.440161,0.300466,0.789097
2017-03-03,0.000000,0.440177,0.260343,0.784281
2017-03-04,0.000000,0.440208,0.254895,0.785634
2017-03-05,0.000000,0.440209,0.253951,0.775156
2017-03-06,0.000000,0.440004,0.248841,0.778198
2017-03-07,0.000000,0.440219,0.245074,0.763040
2017-03-08,0.000000,0.440180,0.242983,0.776999
2017-03-09,0.000000,0.440156,0.241828,0.767179
2017-03-10,0.000000,0.438387,0.229786,0.787713
2017-03-11,0.000000,0.438008,0.274353,0.777127
2017-03-12,0.000000,0.438233,0.228544,0.773421
2017-03-13,0.000000,0.438206,0.224760,0.773141
2017-03-14,0.000000,0.438206,0.221538,0.766760
2017-03-15,0.000000,0.438206,0.218716,0.767827
2017-03-16,0.000000,0.438008,0.213258,0.775259
2017-03-17,0.000000,0.438233,0.214604,0.766342
2017-03-18,0.000000,0.438205,0.209459,0.760166
2017-03-19,0.000000,0.438205,0.203814,0.754594
2017-03-20,0.000000,0.438205,0.203814,0.763083
2017-03-21,0.000000,0.438007,0.197073,0.750475
2017-03-22,0.000000,0.438232,0.196637,0.949795
2017-03-23,0.000000,0.438205,0.538578,0.747146
2017-03-24,0.000000,0.438205,0.191023,0.753095
2017-03-25,0.000000,0.438205,0.186917,0.751352
2017-03-26,0.000000,0.438007,0.184230,0.750728
2017-03-27,0.000000,0.438232,0.180233,0.749339
2017-03-28,0.000000,0.438205,0.178450,0.744219
2017-03-29,0.000000,0.438205,0.175300,0.748220
2017-03-30,0.000000,0.438205,0.174510,0.747564
2017-03-31,0.000000,0.438210,0.167661,0.749685
2017-04-01,0.000000,0.438013,0.167441,0.751650
2017-04-02,0.000000,0.438238,0.163112,0.741418
2017-04-03,0.000000,0.438212,0.163549,0.746579
2017-04-04,0.000000,0.438214,0.156215,0.742873
2017-04-05,0.000000,0.438214,0.161797,0.741570
2017-04-06,0.000000,0.438017,0.155996,0.739811
2017-04-07,0.000000,0.438241,0.149038,0.749224
2017-04-08,0.000000,0.438214,0.152603,0.735032
2017-04-09,0.000000,0.438216,0.144863,1.099514
2017-04-10,0.000000,0.438219,0.147130,0.738065
2017-04-11,0.000000,0.438023,0.144863,0.738537
2017-04-12,0.000000,0.438249,0.141362,0.742801
2017-04-13,0.000000,0.438224,0.135674,0.752737
2017-04-14,0.000000,0.438225,0.135918,0.749367
2017-04-15,0.000000,0.438225,0.133917,0.749850
2017-04-16,0.000000,0.438027,0.131422,0.741146
2017-04-17,0.000000,0.438252,0.129811,0.762410
2017-04-18,0.000000,0.438225,0.248336,0.743160
2017-04-19,0.000000,0.438225,0.188948,0.746290
2017-04-20,0.000000,0.438225,0.124089,0.723376
2017-04-21,0.000000,0.438027,0.123127,0.731715
2017-04-22,0.000000,0.438251,0.122415,0.737766
2017-04-23,0.000000,0.438225,0.119343,1.147707
2017-04-24,0.000000,0.438225,0.118802,1.216741
2017-04-25,0.000000,0.438226,2.471140,1.322140
2017-04-26,0.000000,0.438028,7.575161,1.194017
2017-04-27,0.000000,0.438253,0.143466,0.718669
2017-04-28,0.000000,0.438226,0.111297,0.729103
2017-04-29,0.000000,0.438226,0.712791,0.933639
2017-04-30,0.000000,0.438226,0.582290,1.365471
2017-05-01,0.000000,0.438028,6.691057,1.251756
2017-05-02,0.422816,0.438161,5.728443,1.489968
2017-05-03,66.104177,4.842226,21.972977,0.979660
2017-05-04,51.497424,11.455427,13.664866,0.941905
2017-05-05,46.994734,12.621381,6.078762,0.867301
2017-05-06,31.762071,9.847577,4.356277,1.086631
2017-05-07,24.115523,8.288012,3.955350,1.045375
2017-05-08,48.585642,15.348851,6.890087,0.895789
2017-05-09,108.786549,53.711533,20.317761,0.799937
2017-05-10,21.596199,28.434614,4.211793,1.562979
2017-05-11,6.923046,8.373667,3.230642,1.335271
2017-05-12,2.244385,2.963377,0.562803,1.389507
2017-05-13,5.584690,1.150371,1.187787,1.753461
2017-05-14,24.679453,3.981513,5.591688,1.654321
2017-05-15,29.188818,11.160366,5.108648,0.997137
2017-05-16,33.267093,18.133806,6.781374,1.063763
2017-05-17,26.348849,18.250198,6.915343,1.036837
2017-05-18,20.366915,16.565407,8.851615,0.996196
2017-05-19,30.156019,21.325154,8.667542,1.141018
2017-05-20,40.753174,39.479676,4.741051,0.978889
2017-05-21,83.492045,91.028725,8.189716,39.898114
2017-05-22,28.269842,69.355434,4.661668,13.707736
2017-05-23,32.835188,43.267653,6.036478,23.216758
2017-05-24,35.298033,41.612227,4.928878,16.973968
2017-05-25,30.097515,36.983157,3.781708,15.701738
2017-05-26,26.016074,24.313020,4.611438,23.407313
2017-05-27,39.228675,23.621208,8.413177,29.779733
2017-05-28,31.948538,23.129525,4.972477,20.102128
2017-05-29,35.006792,25.262799,6.050762,22.704383
2017-05-30,28.114314,20.942500,5.582551,18.318602
2017-05-31,26.755099,17.611556,4.237697,29.082644
2017-06-01,21.030679,17.014612,3.572172,28.894557
2017-06-02,28.628945,23.484115,4.410622,25.873932
2017-06-03,31.592448,32.111426,6.696107,41.486901
2017-06-04,32.438349,32.807053,7.216233,34.764117
2017-06-05,33.756480,47.881824,8.569326,46.661512
2017-06-06,23.329099,48.231383,9.963177,52.890087
2017-06-07,25.881175,50.743133,11.591623,52.839763
2017-06-08,20.262739,48.153475,10.811839,36.472538
2017-06-09,22.342286,45.313680,12.023253,46.405031
2017-06-10,13.911138,43.055469,12.557527,45.439850
2017-06-11,16.318012,46.292381,14.855240,52.123991
2017-06-12,18.116261,52.048440,16.785686,51.617461
2017-06-13,26.430174,54.255430,17.563082,48.063160
2017-06-14,26.267906,58.517807,18.905618,73.127019
2017-06-15,28.637764,60.864887,20.207032,75.198079
2017-06-16,30.300861,61.782044,18.102466,59.654809
2017-06-17,31.172786,68.768513,22.056071,69.480732
2017-06-18,22.697000,73.286672,21.069773,74.209974
2017-06-19,23.060609,67.441576,15.467263,31.185886
2017-06-20,39.230002,80.615536,22.610189,73.086400
2017-06-21,60.342418,128.768043,17.573791,84.807705
2017-06-22,26.473417,95.373291,18.379863,86.320664
2017-06-23,5.461004,80.569976,19.312051,90.173842
2017-06-24,6.965955,97.619408,20.110537,114.337367
2017-06-25,5.449343,129.801169,20.410203,101.548801
2017-06-26,4.498993,98.786100,20.635874,93.173762
2017-06-27,4.534130,89.412806,20.881738,82.784932
2017-06-28,4.423235,85.663327,21.872071,88.461271
2017-06-29,4.114288,84.064398,21.103443,82.636576
2017-06-30,3.894100,80.527582,19.629245,76.901474
2017-07-01,4.024569,76.174183,22.869465,83.329064
2017-07-02,6.104514,72.873292,22.478030,79.383674
2017-07-03,4.661791,51.765248,23.102393,47.702220
2017-07-04,0.802570,40.862965,15.834032,12.135312
2017-07-05,28.217247,29.359608,24.321907,41.168688
2017-07-06,91.541861,153.339020,33.009865,91.910397
2017-07-07,1.817782,105.537825,18.500456,90.879529
2017-07-08,1.495762,90.226516,19.656903,84.899186
2017-07-09,2.535718,132.835170,21.475052,126.107760
2017-07-10,1.390135,101.937592,18.961410,78.336118
2017-07-11,1.386867,82.480357,18.375752,81.156051
2017-07-12,1.521793,84.552323,18.319700,88.329194
2017-07-13,1.540529,79.815855,18.909651,80.454555
2017-07-14,66.761182,106.962124,41.775630,92.392995
2017-07-15,43.916615,201.196522,19.325660,94.388423
2017-07-16,17.570117,86.686690,13.805981,40.751487
2017-07-17,2.268371,70.949458,11.155825,68.395191
2017-07-18,1.231955,72.720444,11.316856,75.434789
2017-07-19,1.963210,85.158914,14.810980,86.484505
2017-07-20,9.021512,124.029751,14.604262,107.848630
2017-07-21,1.495818,108.001485,14.996543,86.009662
2017-07-22,1.596159,93.663557,15.344296,100.686796
2017-07-23,1.726773,104.438730,16.685948,82.111438
2017-07-24,9.907007,102.134261,21.188628,121.135169
2017-07-25,97.213892,325.529362,71.633629,296.414584
2017-07-26,32.719846,314.109928,41.315200,257.194586
2017-07-27,2.539836,203.830267,20.366551,131.564503
2017-07-28,2.163365,148.914184,18.129295,103.585940
2017-07-29,2.216537,139.625534,17.795397,107.230200
2017-07-30,1.882921,133.259009,16.975976,106.699438
2017-07-31,1.835742,115.874025,15.915442,95.477464
2017-08-01,1.594334,106.638783,15.136191,84.744249
2017-08-02,1.845123,110.739476,14.823232,91.133444
2017-08-03,2.015829,124.596880,14.634449,84.770439
2017-08-04,2.138624,104.997271,15.426932,63.330996
2017-08-05,0.192464,70.427120,17.156634,50.966851
2017-08-06,0.192422,61.410306,18.097616,54.921127
2017-08-07,5.317079,43.468479,19.335401,52.585960
2017-08-08,0.477587,69.223005,16.993221,93.425213
2017-08-09,0.210984,89.276100,13.313928,65.236408
2017-08-10,0.237731,71.141923,10.210329,63.321088
2017-08-11,0.251813,82.127056,8.961047,59.090496
2017-08-12,0.210520,80.192786,8.866548,66.097777
2017-08-13,0.338750,102.067132,9.839879,125.136205
2017-08-14,0.295306,127.385561,9.965648,93.604752
2017-08-15,0.220796,85.814177,9.157749,57.303652
2017-08-16,0.206027,69.786818,8.538631,49.757979
2017-08-17,0.350414,69.544344,8.348565,37.125915
2017-08-18,7.898869,44.758347,8.469679,30.382116
2017-08-19,0.923506,29.133599,8.353911,38.001125
2017-08-20,44.669605,52.261553,9.304266,20.849617
2017-08-21,34.960630,39.864139,9.628176,29.838276
2017-08-22,26.677197,78.791767,17.975738,61.054841
2017-08-23,6.236261,72.706930,8.925377,63.913348
2017-08-24,0.212400,67.466851,6.425416,44.999655
2017-08-25,5.969736,62.868651,6.126807,26.591361
2017-08-26,11.579796,87.193367,6.381345,42.311037
2017-08-27,5.990441,64.901748,8.190365,57.487941
2017-08-28,0.138574,42.533486,6.214189,39.268857
2017-08-29,0.523091,91.253799,16.488588,175.222166
2017-08-30,0.582980,173.995477,17.291885,146.425475
2017-08-31,0.416363,130.380656,7.232662,97.829756
2017-09-01,0.461868,134.308489,10.571841,110.212829
2017-09-02,0.141203,80.107606,6.907379,39.216273
2017-09-03,0.001777,36.534088,5.953977,16.861762
2017-09-04,0.008570,18.004803,6.746807,19.763856
2017-09-05,0.037374,18.982988,5.109472,20.981641
2017-09-06,0.013628,20.398317,5.276041,23.605560
2017-09-07,0.000241,17.467500,4.658279,4.103140
2017-09-08,0.000953,17.369191,4.403075,2.496078
2017-09-09,0.452023,15.689387,4.765352,5.428034
2017-09-10,0.000435,15.725748,4.004455,1.957360
2017-09-11,30.007274,19.875438,10.437587,13.807004
2017-09-12,15.215525,39.147639,7.261371,18.664570
2017-09-13,0.000000,19.523372,2.018268,2.391787
2017-09-14,0.000936,18.662234,3.868709,12.452950
2017-09-15,31.269401,47.668978,7.351933,40.263889
2017-09-16,10.872787,97.775078,13.198174,101.744089
2017-09-17,6.452433,84.263465,10.538797,41.923339
2017-09-18,2.878620,33.730281,3.001167,16.664247
2017-09-19,6.844994,16.961702,2.076780,1.536870
2017-09-20,7.905564,13.279329,2.686651,7.655766
2017-09-21,0.098207,9.943805,2.471396,1.620850
2017-09-22,0.420336,11.173342,1.724809,1.747691
2017-09-23,26.306264,11.403577,3.631338,2.158129
2017-09-24,20.376509,17.688582,2.252625,1.866041
2017-09-25,34.038879,13.557496,23.069378,12.093215
2017-09-26,60.238183,81.492891,26.763176,33.062562
2017-09-27,0.726689,40.133760,2.790000,3.228345
2017-09-28,0.412521,6.203166,2.094395,1.831214
2017-09-29,0.000119,1.927190,1.690708,1.411797
2017-09-30,0.000009,1.038391,1.706810,1.068021
2017-10-01,0.000007,0.904670,1.720820,1.054807
2017-10-02,0.000094,0.887116,1.729435,1.168047
2017-10-03,0.000013,1.255703,1.725948,1.153749
2017-10-04,0.000001,1.441055,1.709099,1.301253
2017-10-05,0.000108,1.419874,1.703472,1.136131
2017-10-06,1.557923,1.201430,2.745357,1.077646
2017-10-07,10.869041,1.889395,3.885523,1.139887
2017-10-08,9.053101,3.599458,3.636587,1.251662
2017-10-09,2.299503,3.623055,3.395265,1.252710
2017-10-10,0.005261,2.374354,1.729420,1.043158
2017-10-11,21.092032,5.393210,3.747007,1.052039
2017-10-12,0.024039,8.523577,2.480637,1.032773
2017-10-13,0.000000,1.895570,1.453448,1.033841
2017-10-14,0.000000,0.992204,1.422986,1.041800
2017-10-15,0.075262,0.861276,1.399272,1.040037
2017-10-16,30.702568,2.427682,4.941926,1.080350
2017-10-17,108.662212,34.935876,9.319004,1.073338
2017-10-18,9.335138,14.781950,5.524523,1.126440
2017-10-19,32.421965,6.964693,4.464352,1.338769
2017-10-20,12.199312,11.988702,5.388871,1.868321
2017-10-21,1.017631,2.864967,2.474523,1.427785
2017-10-22,0.435959,0.820062,1.295935,1.018170
2017-10-23,0.252206,0.805542,1.303453,1.075384
2017-10-24,0.172254,0.809250,1.313213,1.018935
2017-10-25,0.052836,0.810501,1.317123,1.016006
2017-10-26,0.317776,0.808994,5.590366,1.096769
2017-10-27,14.698087,3.616091,6.836004,1.339166
2017-10-28,3.139765,3.452370,1.319406,1.177323
2017-10-29,0.257660,0.838820,1.316386,1.112334
2017-10-30,0.471533,0.806860,1.399553,1.216451
2017-10-31,0.093202,0.801598,1.313367,1.004532
2017-11-01,0.075033,0.800031,1.604149,0.991282
2017-11-02,0.064336,0.799914,1.301021,0.998589
2017-11-03,0.059585,0.799650,1.296902,1.002498
2017-11-04,0.049513,0.793087,1.287259,0.992665
2017-11-05,0.000000,0.782226,1.278894,0.991255
2017-11-06,0.000000,0.775544,1.270311,0.992708
2017-11-07,0.000000,0.775279,1.255677,0.995714
2017-11-08,0.000000,0.775334,1.244796,0.986312
2017-11-09,0.000000,0.775210,1.232725,0.995235
2017-11-10,0.000000,0.773316,1.215939,1.003786
2017-11-11,0.000000,0.770168,1.203104,0.978607
2017-11-12,0.000000,0.770280,1.195620,0.973304
2017-11-13,0.000000,0.768891,1.176289,0.982288
2017-11-14,0.000000,0.767908,1.162129,0.975594
2017-11-15,0.000000,0.767825,1.146289,0.975960
2017-11-16,0.000000,0.763483,1.131982,0.972070
2017-11-17,0.000000,0.574595,1.115893,0.969700
2017-11-18,0.000000,0.573087,1.102413,0.964227
2017-11-19,0.000000,0.572128,1.086748,0.970976
2017-11-20,0.000000,0.571482,1.076855,0.953807
2017-11-21,0.000000,0.569489,1.057028,0.953816
2017-11-22,0.000000,0.567654,1.043948,0.952333
2017-11-23,0.000000,0.512091,1.031174,0.945048
2017-11-24,0.000000,0.510735,1.013832,0.947210
2017-11-25,0.000000,0.510768,1.002128,0.944862
2017-11-26,0.000000,0.510497,0.993619,0.946871
2017-11-27,0.000000,0.510780,0.972755,0.945040
2017-11-28,0.000000,0.510790,1.060702,0.941641
2017-11-29,0.307627,0.510601,1.881055,0.936379
2017-11-30,3.235604,0.503344,1.863607,0.945991
2017-12-01,0.263648,0.509309,1.234517,0.930051
2017-12-02,0.000000,0.508034,0.904181,0.929472
2017-12-03,0.000000,0.505587,0.893932,0.928069
2017-12-04,0.000000,0.505647,0.879328,0.922458
2017-12-05,0.000000,0.505629,0.866756,0.923934
2017-12-06,0.000000,0.505334,0.856257,0.916904
2017-12-07,0.000000,0.505635,0.842551,0.917673
2017-12-08,0.000000,0.505706,0.829729,0.921979
2017-12-09,0.000000,0.505777,0.827951,0.920435
2017-12-10,0.000000,0.505701,0.806253,0.908236
2017-12-11,0.000000,0.505248,0.796901,0.915245
2017-12-12,0.000000,0.505449,0.783885,0.909281
2017-12-13,0.000000,0.505444,0.770623,0.903513
2017-12-14,0.000000,0.505433,0.762156,0.906521
2017-12-15,0.000000,0.505431,0.749256,0.904109
2017-12-16,0.000000,0.505137,0.777871,0.904559
2017-12-17,0.000000,0.505431,0.848138,0.896435
2017-12-18,0.000000,0.505464,0.843416,0.899096
2017-12-19,0.000000,0.505606,0.718120,0.914302
2017-12-20,0.000000,0.505490,0.697656,0.895680
2017-12-21,0.000000,0.505132,0.689625,0.887842
2017-12-22,0.000000,0.505398,0.678586,0.892712
2017-12-23,0.000000,0.505412,0.669626,0.889978
2017-12-24,0.000000,0.501390,0.659486,0.890200
2017-12-25,0.000000,0.501022,0.653129,0.887951
2017-12-26,0.000000,0.500778,0.642167,0.885483
2017-12-27,0.000000,0.501036,0.631128,0.883194
2017-12-28,0.000000,0.501047,0.627344,0.896260
2017-12-29,0.000000,0.501027,0.614772,0.880499
2017-12-30,0.000000,0.046943,0.607125,0.891982
2017-12-31,0.000000,0.027868,0.597204,0.895152
2018-01-01,0.000000,0.601413,0.590135,0.883665
2018-01-02,0.000000,0.601877,0.582037,0.880599
2018-01-03,0.000000,0.601894,0.574100,0.889240
2018-01-04,0.000000,0.601354,0.563310,0.891770
2018-01-05,0.000000,0.600438,0.557073,0.876119
2018-01-06,0.000000,0.599392,0.549120,0.886025
2018-01-07,0.000000,0.599744,0.540873,0.886345
2018-01-08,0.000000,0.599741,0.537876,0.873886
2018-01-09,0.000000,0.599735,1.356175,0.876562
2018-01-10,0.000000,0.599532,0.808426,0.870640
2018-01-11,0.000000,0.598885,0.511113,0.870461
2018-01-12,0.000000,0.599122,0.502296,0.866145
2018-01-13,0.000000,0.599114,0.495720,0.859980
2018-01-14,0.000000,0.599198,0.485150,0.869614
2018-01-15,0.000000,0.598925,0.481474,0.862265
2018-01-16,0.000000,0.595238,0.475009,0.864467
2018-01-17,0.000000,0.594181,0.465830,0.860069
2018-01-18,0.000000,0.588206,0.463828,0.860033
2018-01-19,0.000000,0.586740,0.455861,0.861824
2018-01-20,0.000000,0.585646,0.444899,0.852403
2018-01-21,0.000000,0.582112,0.442155,0.842742
2018-01-22,0.000000,0.580812,0.435720,0.848653
2018-01-23,0.000000,0.581043,0.429364,0.852154
2018-01-24,0.000000,0.581150,0.422186,0.830831
2018-01-25,0.000000,0.581181,0.416900,0.857323
2018-01-26,0.000000,0.575531,0.412904,0.846046
2018-01-27,0.000000,0.574923,0.404977,0.823608
2018-01-28,0.000000,0.573566,0.399473,0.817985
2018-01-29,0.000000,0.571864,0.394187,0.821972
2018-01-30,0.000000,0.571054,0.388649,0.815390
2018-01-31,0.000000,0.571316,0.384374,0.819873
2018-02-01,0.000000,0.571170,0.376869,0.814315
2018-02-02,0.000000,0.571283,0.374546,0.836595
2018-02-03,0.000000,0.571075,0.366407,0.829284
2018-02-04,0.000000,0.571093,0.363444,0.843240
2018-02-05,0.000000,0.571087,0.359011,0.806378
2018-02-06,0.000000,0.570937,0.351449,0.827768
2018-02-07,0.000000,0.571223,0.354052,0.813190
2018-02-08,0.000000,0.571179,0.339832,0.820574
2018-02-09,0.000000,0.571202,0.340987,0.830412
2018-02-10,0.000000,0.571195,0.332950,0.817411
2018-02-11,0.000000,0.570887,0.330846,0.804531
2018-02-12,0.000000,0.571153,0.324874,0.818749
2018-02-13,0.000000,0.571124,0.321205,0.815527
2018-02-14,0.000000,0.571107,0.315688,0.811966
2018-02-15,0.000000,0.571064,0.313965,0.816546
2018-02-16,0.000000,0.570763,0.323848,0.809247
2018-02-17,0.000000,0.571036,0.301065,0.810010
2018-02-18,0.000000,0.567326,0.309906,0.810123
2018-02-19,0.000000,0.570398,0.304341,0.809125
2018-02-20,0.000000,0.640723,0.291580,0.798244
2018-02-21,0.000000,0.655352,0.282079,0.800533
2018-02-22,0.000000,0.711908,0.284246,0.798806
2018-02-23,0.000000,0.722743,0.275723,0.804520
2018-02-24,0.000000,0.723715,0.415158,0.795313
2018-02-25,0.000000,0.723164,0.274814,0.794379
2018-02-26,0.000000,0.723644,0.269232,0.799849
2018-02-27,0.000000,0.723191,0.260656,0.791904
2018-02-28,0.000000,0.724168,0.260374,0.798280
2018-03-01,0.000000,0.722725,0.256410,0.789984
2018-03-02,0.000000,0.722570,0.251451,0.794614
2018-03-03,0.000000,0.722231,0.247886,0.789070
2018-03-04,0.000000,0.722199,0.246276,0.790505
2018-03-05,0.000000,0.721868,0.241530,0.782743
2018-03-06,0.000000,0.721216,0.239472,0.792251
2018-03-07,0.000000,0.723050,0.235751,0.781563
2018-03-08,0.000000,0.720982,0.231396,0.786960
2018-03-09,0.000000,0.675001,0.229010,0.781391
2018-03-10,0.000000,0.613088,0.225617,0.795248
2018-03-11,0.000000,0.697523,0.222160,0.782158
2018-03-12,0.000000,0.713757,0.217806,0.776850
2018-03-13,0.000000,0.717983,0.215420,0.781231
2018-03-14,0.000000,0.718132,0.210244,0.780086
2018-03-15,0.000000,0.718226,0.206632,0.772503
2018-03-16,0.000000,0.718183,0.207437,0.786455
2018-03-17,0.000000,0.718528,0.588404,0.776946
2018-03-18,0.000000,0.718505,4.692181,0.871234
2018-03-19,0.000000,0.715557,1.226370,0.852447
2018-03-20,0.000000,0.714969,2.836915,0.866644
2018-03-21,0.000000,0.713648,0.594277,0.765423
2018-03-22,0.000000,0.711349,0.187169,0.765745
2018-03-23,0.000000,0.710100,0.180340,0.759562
2018-03-24,0.000000,0.711312,0.181390,0.768550
2018-03-25,0.000000,0.709360,0.179194,0.760201
2018-03-26,0.000000,0.710175,0.195861,0.758125
2018-03-27,0.000000,0.707359,0.182409,0.763493
2018-03-28,0.000000,0.705004,0.185184,0.756119
2018-03-29,0.000000,0.704083,0.170294,0.757489
2018-03-30,0.000000,0.703897,0.167971,0.751807
2018-03-31,0.000000,0.703597,0.164515,0.749893
2018-04-01,0.000000,0.703100,0.163553,0.750801
2018-04-02,0.000000,0.700015,0.160331,0.750900
2018-04-03,0.000000,0.699266,0.157665,0.749937
2018-04-04,0.000000,0.697773,0.156163,0.753700
2018-04-05,0.000000,0.694184,0.158486,0.744453
2018-04-06,0.000000,0.691573,0.149314,0.727758
2018-04-07,0.000000,0.691751,0.148352,0.728556
2018-04-08,0.000000,0.691937,0.147828,0.743527
2018-04-09,0.000000,0.690569,0.146029,0.741818
2018-04-10,0.000000,0.690026,0.143745,0.738594
2018-04-11,0.000000,0.689808,0.222491,0.724030
2018-04-12,0.000000,0.690113,0.289113,0.878601
2018-04-13,0.000000,0.689888,0.254690,0.765468
2018-04-14,0.000000,0.693114,0.138781,0.935694
2018-04-15,0.000000,0.692917,0.132124,0.753108
2018-04-16,0.000000,0.689974,10.329548,1.028436
2018-04-17,0.000000,0.686934,2.174804,0.995001
2018-04-18,0.017233,0.684376,4.665069,0.995921
2018-04-19,7.286235,2.233823,5.365577,1.021142
2018-04-20,11.803913,2.523418,5.883394,1.011575
2018-04-21,8.253346,2.191269,2.723695,1.259390
2018-04-22,4.694534,1.869171,0.455467,0.872973
2018-04-23,2.107684,1.100042,1.083245,1.032914
2018-04-24,2.294321,0.682405,0.600920,0.961770
2018-04-25,1.114779,0.682306,0.431262,0.849675
2018-04-26,0.820066,0.681656,0.120168,0.882527
2018-04-27,0.718073,0.682008,0.226498,1.269852
2018-04-28,0.656355,0.682006,0.118362,0.694234
2018-04-29,0.590413,0.681944,0.115672,0.701722
2018-04-30,0.542035,0.681746,0.117518,0.711188
2018-05-01,0.503924,0.681357,0.114062,0.694051
2018-05-02,0.452757,0.681725,0.117462,0.689723
2018-05-03,0.440373,0.680329,0.114062,0.692324
2018-05-04,0.423486,0.679594,0.112116,0.691058
2018-05-05,0.408407,0.692531,0.114483,0.690594
2018-05-06,0.391864,0.719472,0.111739,0.730093
2018-05-07,0.376362,0.726248,0.111739,0.945664
2018-05-08,0.351713,0.723850,0.112638,0.683792
2018-05-09,0.367531,0.722990,0.299843,0.689485
2018-05-10,0.386289,0.726989,1.014441,1.560248
2018-05-11,0.378378,0.735621,1.150007,1.158094
2018-05-12,0.369091,0.743603,1.304304,0.868961
2018-05-13,6.401534,1.618953,1.555973,0.850689
2018-05-14,9.878831,6.207203,1.408574,1.274941
2018-05-15,4.203265,2.221686,0.111448,1.067657
2018-05-16,1.078538,1.017122,0.214290,1.245302
2018-05-17,26.772335,6.521497,5.240304,1.178736
2018-05-18,9.724497,3.399124,0.192216,1.537666
2018-05-19,3.726620,1.924304,0.228089,1.349650
2018-05-20,2.229815,1.173570,0.112967,1.338447
2018-05-21,6.467001,0.824123,0.300263,1.068887
2018-05-22,53.552401,5.903626,7.084576,1.435635
2018-05-23,50.601658,20.125316,7.366433,1.239658
2018-05-24,29.090538,9.639018,3.175568,1.261137
2018-05-25,4.842694,4.297567,1.768555,1.273602
2018-05-26,28.775044,7.558563,3.486469,1.668331
2018-05-27,36.506429,9.401437,4.090824,1.295169
2018-05-28,12.370253,6.936232,1.096153,1.467703
2018-05-29,25.288766,6.539646,5.689390,1.334609
2018-05-30,34.033528,10.237295,7.462587,0.939636
2018-05-31,34.785928,11.673387,7.826901,0.953751
2018-06-01,19.584701,9.284470,7.437554,0.918033
2018-06-02,32.750947,11.289400,16.148386,0.876590
2018-06-03,35.784507,12.218593,10.482536,0.859023
2018-06-04,31.531034,13.124830,9.992824,0.819890
2018-06-05,30.988238,16.129530,8.522050,0.793373
2018-06-06,45.320305,21.320220,23.216627,8.129839
2018-06-07,38.657414,26.422966,9.157744,8.122915
2018-06-08,49.283238,26.053651,9.713168,27.300938
2018-06-09,36.134709,32.168803,9.864438,23.075104
2018-06-10,41.780857,30.040620,10.215273,23.979263
2018-06-11,41.255366,37.014269,9.370406,20.436262
2018-06-12,48.304188,49.371102,11.412978,28.235984
2018-06-13,36.300285,43.544586,11.168017,20.048578
2018-06-14,35.408982,40.225237,9.354292,16.967494
2018-06-15,37.634869,36.393322,13.726923,23.802988
2018-06-16,30.698364,35.433911,14.224652,22.756008
2018-06-17,35.070621,37.057791,14.700627,17.686765
2018-06-18,32.764898,41.650139,15.008437,25.030641
2018-06-19,25.727521,53.647686,16.035789,27.961160
2018-06-20,20.627858,45.966757,18.030025,27.261105
2018-06-21,56.607868,47.814759,19.410436,40.570663
2018-06-22,32.784587,53.450729,16.560550,58.731700
2018-06-23,31.103615,60.985532,11.748710,36.029056
2018-06-24,27.475534,50.912854,12.399001,29.796045
2018-06-25,33.377890,54.279390,16.641474,59.859733
2018-06-26,26.495580,61.315397,16.017688,56.228857
2018-06-27,30.642258,59.590797,16.895365,56.995544
2018-06-28,104.290853,82.439818,20.470735,25.372360
2018-06-29,41.831071,96.327532,15.815763,45.544160
2018-06-30,24.283765,57.225549,11.087451,51.859048
2018-07-01,46.652545,54.852179,14.402151,33.742196
2018-07-02,95.353065,104.737931,28.663060,75.544845
2018-07-03,37.864279,79.097695,10.798046,55.489604
2018-07-04,16.648462,60.997460,11.811215,50.319479
2018-07-05,20.024616,64.377827,11.194062,45.646595
2018-07-06,22.325200,77.823317,12.917508,54.380903
2018-07-07,22.409021,76.810644,14.917790,62.199065
2018-07-08,29.295041,73.975656,15.941140,43.794062
2018-07-09,26.087029,96.956491,13.377663,78.433748
2018-07-10,5.475794,86.869483,13.008708,65.373690
2018-07-11,9.144144,106.608954,14.694051,89.409850
2018-07-12,6.456798,139.953876,15.818002,75.671502
2018-07-13,7.883062,136.458757,15.780144,76.876340
2018-07-14,14.011903,173.663641,20.734758,233.310699
2018-07-15,17.460996,323.422443,58.614927,271.316215
2018-07-16,4.798048,156.152368,32.366223,91.473458
2018-07-17,6.920531,146.483689,29.324806,156.328215
2018-07-18,5.262434,151.264739,26.157545,164.203132
2018-07-19,17.227219,105.854451,23.636218,76.072768
2018-07-20,7.022822,106.092433,18.850680,101.532159
2018-07-21,6.562383,83.333969,18.759340,76.401620
2018-07-22,2.478801,89.372909,18.604167,100.445892
2018-07-23,1.829617,107.798123,17.771242,91.568694
2018-07-24,1.275334,89.252866,17.207222,55.254246
2018-07-25,1.265529,81.817120,17.965469,86.728372
2018-07-26,0.892775,65.005854,18.265813,69.548784
2018-07-27,1.608158,78.117844,18.298838,86.014228
2018-07-28,2.428659,107.193499,20.353051,90.734762
2018-07-29,3.060965,130.070822,23.673366,148.136866
2018-07-30,11.319525,220.409649,25.496749,200.070534
2018-07-31,5.580562,167.125896,22.435182,136.241233
2018-08-01,7.321511,129.029364,21.563972,109.515337
2018-08-02,3.177191,83.649545,14.086653,72.834996
2018-08-03,2.073709,109.101566,16.711426,98.947632
2018-08-04,1.318110,103.913856,15.538341,79.898244
2018-08-05,1.325013,84.461960,15.422252,71.194685
2018-08-06,2.048737,104.456526,15.109336,113.049527
2018-08-07,1.818511,125.426836,14.969872,77.748323
2018-08-08,1.658112,107.468486,14.870622,91.388777
2018-08-09,2.169071,134.600208,14.808268,134.266393
2018-08-10,1.242092,98.277153,13.567747,62.314618
2018-08-11,1.366271,80.009596,12.492692,71.488864
2018-08-12,13.391027,119.618043,11.086372,65.126384
2018-08-13,34.428951,203.432399,21.033187,138.833099
2018-08-14,16.888452,228.315877,16.864044,89.996998
2018-08-15,1.179948,104.573588,16.462564,62.076066
2018-08-16,1.105358,66.531241,20.734994,52.953568
2018-08-17,1.513447,77.972274,23.595682,86.656167
2018-08-18,0.902874,70.917433,19.514958,45.396936
2018-08-19,0.824554,51.986668,14.086744,34.933365
2018-08-20,0.660947,44.042767,10.662199,36.323180
2018-08-21,0.480243,31.553658,10.432734,25.661994
2018-08-22,1.080041,42.428553,9.383785,45.064563
2018-08-23,1.329028,50.907528,10.719324,38.595158
2018-08-24,0.732466,38.381217,8.590132,20.516671
2018-08-25,0.522955,25.173801,6.924627,10.462834
2018-08-26,2.769376,22.785951,5.786593,9.527790
2018-08-27,1.327058,28.294733,5.695600,11.317187
2018-08-28,0.000387,21.774584,4.672965,2.811261
2018-08-29,0.113083,13.453018,6.001330,4.590810
2018-08-30,154.606915,53.174749,27.589214,28.114331
2018-08-31,21.579999,84.561603,8.564779,46.618007
2018-09-01,0.286849,40.417634,6.869672,26.770075
2018-09-02,0.423582,20.665213,3.783320,4.184549
2018-09-03,9.600078,17.467541,6.387990,23.906073
2018-09-04,0.518100,19.170947,4.247608,13.746125
2018-09-05,33.415924,26.506283,15.314338,24.516340
2018-09-06,199.515488,105.254900,20.856280,40.024418
2018-09-07,73.853764,168.867148,24.977309,65.267747
2018-09-08,109.253020,213.300478,29.685088,65.661177
2018-09-09,1.784351,66.440376,7.986398,22.486178
2018-09-10,2.011314,38.995481,7.650209,23.534330
2018-09-11,1.051391,24.855794,6.628859,7.583880
2018-09-12,3.073177,21.989445,7.048439,19.881895
2018-09-13,3.972770,31.977575,6.029613,17.134308
2018-09-14,0.402227,16.638559,5.617996,4.376963
2018-09-15,9.058634,16.891258,6.899113,8.189175
2018-09-16,6.116398,13.790381,6.093741,4.526969
2018-09-17,14.798052,17.645910,11.168420,8.862702
2018-09-18,0.015359,18.217489,4.515251,5.212264
2018-09-19,0.000467,7.112687,4.119645,1.960601
2018-09-20,0.000958,3.712249,3.971502,1.918871
2018-09-21,0.003541,2.217214,3.811947,1.046834
2018-09-22,0.000483,1.626761,3.649274,1.183342
2018-09-23,1.102979,1.468134,3.534164,1.041447
2018-09-24,14.893121,1.523730,3.824529,1.220588
2018-09-25,3.135049,1.443708,3.173412,1.099730
2018-09-26,0.081673,1.431589,3.032544,1.124294
2018-09-27,0.214199,1.432510,2.898272,1.560197
2018-09-28,5.635780,1.535831,3.195788,1.126734
2018-09-29,0.647302,1.481535,2.649069,1.301803
2018-09-30,1.285113,1.434868,2.563271,1.512474
2018-10-01,0.153166,1.427862,2.434903,1.097534
2018-10-02,0.077463,1.430055,2.333331,1.093746
2018-10-03,0.104210,1.430262,2.244651,1.095570
2018-10-04,0.721991,1.426325,2.156996,1.088488
2018-10-05,0.026460,1.426952,2.071127,1.477356
2018-10-06,0.005214,1.425052,3.578470,1.078630
2018-10-07,0.052938,1.417035,2.606973,1.087342
2018-10-08,0.021126,1.407378,1.854355,1.075531
2018-10-09,0.000000,1.407401,1.787611,1.080068
2018-10-10,0.000000,1.409002,1.731149,1.066404
2018-10-11,0.000000,1.409694,1.672945,1.075429
2018-10-12,14.178282,1.950680,6.901428,1.199513
2018-10-13,0.099490,1.452660,1.584595,1.066183
2018-10-14,0.000000,1.400805,1.515943,1.068362
2018-10-15,0.000030,1.392955,1.470763,1.063424
2018-10-16,0.000007,1.372472,1.426232,1.054703
2018-10-17,0.000000,1.366888,1.384539,1.055447
2018-10-18,0.456657,1.357065,1.775771,1.053987
2018-10-19,0.001967,1.353373,1.324810,1.046997
2018-10-20,0.404376,1.353101,1.281281,1.042069
2018-10-21,0.000001,1.357951,1.239560,1.042564
2018-10-22,0.000004,1.354568,1.207360,1.042531
2018-10-23,0.000233,1.353365,1.173721,1.035412
2018-10-24,0.000102,1.322178,1.144912,1.040761
2018-10-25,0.000009,1.320583,1.117755,1.043988
2018-10-26,0.000059,1.317747,1.107960,1.195095
2018-10-27,0.000450,1.317670,1.711832,1.030393
2018-10-28,0.000000,1.317693,1.447079,1.038546
2018-10-29,0.000022,1.317475,1.011052,1.030753
2018-10-30,0.000157,1.306994,0.987719,1.032791
2018-10-31,0.000000,1.304589,0.962648,1.026139
2018-11-01,0.000000,1.303704,0.942287,1.015227
2018-11-02,0.000000,1.304321,0.921862,1.014386
2018-11-03,0.000000,1.304317,0.899350,1.013806
2018-11-04,0.000000,1.304288,0.882816,1.013862
2018-11-05,0.000000,1.304248,0.882857,1.013630
2018-11-06,0.000000,1.303447,0.839035,0.998712
2018-11-07,0.000000,1.303903,0.923161,0.998317
2018-11-08,0.000000,1.303723,2.735456,0.996998
2018-11-09,0.000000,1.355904,2.067046,0.989650
2018-11-10,0.000000,3.032574,0.770215,0.990310
2018-11-11,0.000000,3.569056,1.069036,0.981257
2018-11-12,0.000000,3.570743,1.064393,0.980945
2018-11-13,0.000000,3.570830,0.747869,0.976524
2018-11-14,0.000000,3.570999,0.710125,0.973688
2018-11-15,0.000000,3.566451,0.695801,0.971255
2018-11-16,0.000000,3.564894,0.681704,0.988875
2018-11-17,0.000000,3.560470,7.768377,1.007083
2018-11-18,0.688321,3.561533,1.679903,0.989404
2018-11-19,0.000000,3.560374,9.083933,1.011097
2018-11-20,14.803029,6.167190,27.963277,4.837586
2018-11-21,0.402764,4.702762,0.694659,0.984126
2018-11-22,0.206428,3.556330,0.615568,0.978771
2018-11-23,0.071636,3.555860,0.610329,0.983484
2018-11-24,0.026871,3.554776,0.605191,0.977825
2018-11-25,0.006483,3.554641,0.597199,0.985796
2018-11-26,0.000000,3.553024,0.593250,0.972759
2018-11-27,0.000000,3.554681,0.588824,0.976641
2018-11-28,0.000000,3.554715,0.582608,0.973730
2018-11-29,0.000000,3.554668,0.577048,0.961124
2018-11-30,0.000000,3.554684,0.570755,0.961871
2018-12-01,0.000000,3.549461,0.563905,0.959996
2018-12-02,0.000000,3.548172,0.555751,0.961909
2018-12-03,0.000000,3.504601,0.552295,0.954986
2018-12-04,0.000000,3.107115,0.542061,0.956085
2018-12-05,0.000000,3.442086,0.532109,0.951356
2018-12-06,0.000000,3.439754,0.530029,0.959912
2018-12-07,0.000000,3.441588,0.515409,0.951930
2018-12-08,0.000000,3.442055,0.516551,0.938134
2018-12-09,0.000000,3.441244,0.499795,0.949739
2018-12-10,0.000000,3.440934,0.520564,0.946157
2018-12-11,0.000000,3.438749,2.338315,0.943405
2018-12-12,0.000000,3.440607,5.651896,0.951001
2018-12-13,30.043544,4.487953,15.578507,0.949990
2018-12-14,19.529603,14.423608,6.068700,0.946008
2018-12-15,0.596008,3.824410,0.470323,0.939716
2018-12-16,0.000000,3.426533,0.658005,0.944662
2018-12-17,0.000000,3.424727,0.581512,0.934688
2018-12-18,0.000000,3.419687,0.524098,0.933009
2018-12-19,0.000000,3.418773,0.432522,0.925806
2018-12-20,0.000000,3.417038,0.427127,0.923982
2018-12-21,0.000000,3.414827,0.421404,0.925825
2018-12-22,0.000000,3.416613,0.416971,0.922345
2018-12-23,0.000000,3.417128,0.411751,0.926975
2018-12-24,0.000000,3.417021,0.408911,0.920764
2018-12-25,0.000000,3.416957,0.396637,0.914150
2018-12-26,0.000000,3.414732,0.458907,0.921704
2018-12-27,0.000000,3.413958,0.389303,0.917179
2018-12-28,0.000000,3.413523,0.384158,0.918023
2018-12-29,0.000000,3.412740,0.378514,0.931364
2018-12-30,0.000000,3.119164,0.373369,0.896207
2018-12-31,0.000000,3.091570,0.370290,0.907545
2019-01-01,0.000000,0.296058,0.591459,0.895354
2019-01-02,0.000000,0.297048,1.589452,0.909840
2019-01-03,0.000000,0.296907,4.270062,0.886426
2019-01-04,0.000000,0.296822,2.473774,0.910015
2019-01-05,0.000000,0.300185,0.413430,0.876454
2019-01-06,0.000000,0.312851,0.339844,0.873701
2019-01-07,0.000000,0.386168,0.337265,0.883137
2019-01-08,0.000000,0.432198,0.338522,0.891691
2019-01-09,0.000000,0.432387,0.347088,0.870208
2019-01-10,0.000000,0.432310,0.326781,0.871040
2019-01-11,0.000000,0.432134,0.322612,0.871980
2019-01-12,0.000000,0.432484,0.319712,0.867670
2019-01-13,0.000000,0.432867,0.314317,0.867886
2019-01-14,0.000000,0.302328,0.310268,0.865090
2019-01-15,0.000000,0.294911,0.343788,0.867813
2019-01-16,0.000000,0.294810,0.303277,0.864066
2019-01-17,0.000000,0.294921,0.299087,0.855870
2019-01-18,0.000000,0.294934,0.293992,0.862837
2019-01-19,0.000000,0.294893,0.292950,0.863149
2019-01-20,0.000000,0.294834,0.287366,0.844557
2019-01-21,0.000000,0.294788,0.285069,0.844766
2019-01-22,0.000000,0.294554,0.276359,0.859813
2019-01-23,0.000000,0.294392,0.277501,0.841869
2019-01-24,0.000000,0.294398,0.274279,0.842571
2019-01-25,0.000000,0.294402,0.263490,0.838849
2019-01-26,0.000000,0.294326,0.266711,0.847952
2019-01-27,0.000000,0.294670,0.260910,0.840209
2019-01-28,0.000000,0.294760,0.257189,0.844026
2019-01-29,0.000000,0.294313,0.250620,0.843847
2019-01-30,0.000000,0.294483,0.247697,0.854261
2019-01-31,0.000000,0.302879,0.244476,0.837930
2019-02-01,0.000000,0.306480,0.240613,0.845303
2019-02-02,0.000000,0.309750,0.237079,0.846997
2019-02-03,0.000000,0.312035,0.233217,0.844774
2019-02-04,0.000000,0.313534,0.229496,0.836829
2019-02-05,0.000000,0.315944,0.225492,0.843593
2019-02-06,0.000000,0.317376,0.220160,0.838473
2019-02-07,0.000000,0.318722,0.219605,0.826748
2019-02-08,0.000000,0.320298,0.213663,0.835766
2019-02-09,0.000000,0.321431,0.209941,0.832909
2019-02-10,0.000000,0.319939,0.207940,0.837060
2019-02-11,0.000000,0.319917,0.202922,0.828867
2019-02-12,0.000000,0.321494,0.202482,0.835147
2019-02-13,0.000000,0.321741,0.194421,0.829524
2019-02-14,0.000000,0.320509,0.195719,0.830244
2019-02-15,0.000000,0.322201,0.191842,0.829425
2019-02-16,0.000000,0.324886,0.185843,0.825172
2019-02-17,0.000000,0.323721,0.187126,0.823493
2019-02-18,0.000000,0.322898,0.181903,0.827732
2019-02-19,0.000000,0.325441,0.180472,0.823091
2019-02-20,0.000000,0.327697,0.177251,0.827635
2019-02-21,0.000000,0.329914,4.455974,0.819433
2019-02-22,0.000000,0.331926,1.597872,0.833810
2019-02-23,0.000000,0.333698,0.260748,0.817992
2019-02-24,0.000000,0.335068,0.170059,0.817445
2019-02-25,0.000000,0.328175,0.174337,0.809105
2019-02-26,0.000000,0.325468,0.163942,0.817208
2019-02-27,0.000000,0.327291,0.224037,0.808561
2019-02-28,0.000000,0.328756,2.009182,0.818198
2019-03-01,0.000000,0.328806,0.290098,0.803830
2019-03-02,0.000000,0.329020,0.153355,0.828529
2019-03-03,0.000000,0.329057,0.152400,0.798205
2019-03-04,0.000000,0.328959,0.154952,0.803501
2019-03-05,0.000000,0.329005,0.146130,0.801759
2019-03-06,0.000000,0.328845,0.150077,0.809724
2019-03-07,0.000000,0.328850,0.146700,0.808712
2019-03-08,0.000000,0.328718,0.144128,0.808863
2019-03-09,0.000000,0.307946,0.143088,0.804795
2019-03-10,0.000000,0.295950,0.141086,0.802146
2019-03-11,0.000000,0.310041,0.138763,0.803824
2019-03-12,0.000000,0.322337,0.140689,0.798596
2019-03-13,0.000000,0.324154,0.135401,0.804443
2019-03-14,0.000000,0.324859,0.132821,0.806725
2019-03-15,0.000000,0.324770,0.132821,0.805547
2019-03-16,0.000000,0.324871,0.126252,0.787415
2019-03-17,0.000000,0.325140,0.131397,0.804865
2019-03-18,0.000000,0.324458,0.125596,0.810684
2019-03-19,0.000000,0.324276,0.124172,0.796109
2019-03-20,0.000000,0.311193,0.120295,0.794852
2019-03-21,0.000000,0.301871,0.122249,0.799638
2019-03-22,0.000000,0.317017,0.116954,0.800159
2019-03-23,0.000000,0.315512,0.116235,0.790297
2019-03-24,0.000000,0.313418,0.115580,0.795596
2019-03-25,0.000000,0.312295,0.112944,0.793606
2019-03-26,0.000000,0.311069,0.112545,0.785670
2019-03-27,0.000000,0.310808,0.107009,0.794228
2019-03-28,0.000000,0.310586,0.108292,0.787092
2019-03-29,0.000000,0.310255,0.104358,0.793460
2019-03-30,0.000000,0.310001,0.103967,0.785651
2019-03-31,0.000000,0.310275,0.101644,0.792449
2019-04-01,0.000000,0.310162,0.100355,0.786894
2019-04-02,0.000000,0.315715,0.098360,1.407503
2019-04-03,0.000000,0.320655,0.109543,0.770842
2019-04-04,0.000000,0.321121,0.094035,0.769741
2019-04-05,0.000000,0.321153,0.093707,0.762672
2019-04-06,0.000000,0.320660,0.092745,0.772858
2019-04-07,0.000000,0.320638,0.969650,0.756294
2019-04-08,0.000000,0.321294,2.227141,1.389614
2019-04-09,0.000000,0.322372,0.508812,1.555784
2019-04-10,0.000000,0.322924,5.230120,1.434185
2019-04-11,2.057379,1.555285,22.246260,1.442006
2019-04-12,89.655133,21.216761,27.260958,1.373410
2019-04-13,70.438178,29.896057,22.781035,1.825837
2019-04-14,122.866292,35.268549,25.039314,1.300443
2019-04-15,54.134024,24.171463,7.860523,1.058706
2019-04-16,21.731796,10.202244,1.708867,2.014305
2019-04-17,20.705453,6.718743,0.602782,2.018597
2019-04-18,1.650451,2.824125,0.642887,1.215108
2019-04-19,11.640690,1.730769,2.935354,2.205316
2019-04-20,12.814871,3.195658,0.508899,2.108314
2019-04-21,9.152107,2.932930,0.753975,2.090135
2019-04-22,1.132376,1.440424,0.102020,0.743547
2019-04-23,1.259237,0.671750,0.076621,0.747823
2019-04-24,1.026447,0.646135,0.997470,0.789395
2019-04-25,1.069617,0.641881,0.800295,12.294907
2019-04-26,43.691686,7.380527,11.796539,1.689973
2019-04-27,74.196633,21.700329,8.784241,1.377455
2019-04-28,51.164120,17.201900,9.911009,1.256881
2019-04-29,75.036428,21.440744,17.670984,1.008384
2019-04-30,69.033665,26.089984,19.864178,1.662907
2019-05-01,32.332974,17.012716,4.251415,1.314148
2019-05-02,38.701252,20.661004,1.850953,0.852562
2019-05-03,15.074743,8.272087,0.359479,2.287737
2019-05-04,21.146639,6.157934,6.519899,1.448594
2019-05-05,68.751193,24.120395,18.966761,2.185396
2019-05-06,35.941320,21.569193,2.949043,8.096222
2019-05-07,29.971466,22.454659,2.544126,4.259744
2019-05-08,19.570580,14.366292,2.972663,1.764293
2019-05-09,18.448756,7.928872,1.754763,2.217790
2019-05-10,17.414863,5.174256,3.408344,2.467583
2019-05-11,9.025357,3.396106,2.713388,2.392903
2019-05-12,12.280098,2.991860,3.372811,2.013155
2019-05-13,10.729408,3.006943,3.485545,3.096700
2019-05-14,114.358137,16.112822,10.827779,15.601892
2019-05-15,103.762412,53.394073,17.494369,16.226131
2019-05-16,45.393757,27.073155,4.652685,15.377900
2019-05-17,35.606102,21.600275,6.100860,12.714008
2019-05-18,48.773740,23.213671,5.917452,9.910553
2019-05-19,45.590483,23.859633,4.685293,8.081162
2019-05-20,39.549449,18.894450,3.850922,9.113532
2019-05-21,40.928151,15.494622,5.995159,9.962698
2019-05-22,35.705043,22.353800,6.121880,13.118711
2019-05-23,36.598032,24.684902,4.962914,12.148993
2019-05-24,29.230850,21.057972,4.768381,9.662754
2019-05-25,27.616073,20.913433,4.607108,8.542395
2019-05-26,32.198533,23.226218,5.383634,9.340397
2019-05-27,28.742888,23.477400,5.371246,7.940420
2019-05-28,26.254694,19.507094,5.639989,4.803875
2019-05-29,30.200925,20.639445,7.395556,9.031158
2019-05-30,22.167226,24.338180,8.462233,8.817941
2019-05-31,23.192501,21.394163,7.586080,4.509247
2019-06-01,9.552951,26.840315,7.603334,9.362637
2019-06-02,2.697972,28.662882,8.007720,11.441677
2019-06-03,9.599752,33.676654,9.015572,19.452167
2019-06-04,24.935802,39.003818,9.631086,21.844554
2019-06-05,35.934843,48.283990,11.142287,25.364341
2019-06-06,27.608796,49.420173,11.812186,21.871011
2019-06-07,45.928569,60.121058,13.780184,29.044097
2019-06-08,35.711935,65.126787,14.142462,27.578370
2019-06-09,30.420521,58.438825,13.626622,22.365285
2019-06-10,30.740476,56.969584,15.223613,26.251082
2019-06-11,78.192918,64.815732,31.095586,48.719525
2019-06-12,55.149742,113.351742,20.373564,58.212494
2019-06-13,56.772154,101.706372,18.357166,79.046840
2019-06-14,67.743945,157.563205,18.558763,89.102163
2019-06-15,34.579803,138.322636,17.042178,65.638553
2019-06-16,52.851067,180.019899,19.895505,120.762509
2019-06-17,51.665852,230.657752,23.772091,129.159568
2019-06-18,33.320124,129.947136,20.954784,76.905372
2019-06-19,38.240162,147.701464,20.842670,95.329627
2019-06-20,33.629560,116.899887,20.159864,77.151576
2019-06-21,34.611815,95.546356,23.990388,63.630861
2019-06-22,31.127113,86.757636,21.047309,62.898367
2019-06-23,29.028992,85.219634,22.053127,68.714327
2019-06-24,27.692408,90.987278,16.566530,54.764032
2019-06-25,50.879306,110.701288,25.071203,159.285949
2019-06-26,33.898437,181.950824,31.910419,179.709374
2019-06-27,19.522384,134.830500,27.161240,118.538467
2019-06-28,9.988178,103.426619,24.820365,85.764223
2019-06-29,57.257184,107.524550,30.748642,74.553761
2019-06-30,35.760635,99.972762,40.672626,64.019703
2019-07-01,13.743441,71.594637,19.273126,35.148617
2019-07-02,45.814024,69.207544,21.109627,63.824091
2019-07-03,115.938437,215.164655,18.900497,117.493762
2019-07-04,7.632652,135.896352,17.332209,108.522564
2019-07-05,7.419009,119.555019,15.852021,104.013737
2019-07-06,7.059695,112.448045,16.070346,103.675563
2019-07-07,5.773779,118.599638,17.294265,96.635353
2019-07-08,1.886998,118.436491,17.289113,93.833516
2019-07-09,1.407218,98.041655,18.166698,80.268970
2019-07-10,1.428970,85.573722,17.964872,88.739405
2019-07-11,1.424949,85.768326,18.534982,90.188587
2019-07-12,1.315954,86.092655,19.367561,86.771266
2019-07-13,1.593170,93.162200,20.441013,87.796229
2019-07-14,1.823055,104.961131,24.090374,123.595013
2019-07-15,2.361307,115.817323,22.376534,103.340236
2019-07-16,4.184908,140.466266,21.276969,99.903935
2019-07-17,1.794111,130.359412,26.070744,113.506908
2019-07-18,2.223373,125.730989,24.952810,145.987347
2019-07-19,2.120783,143.154527,26.523775,121.205059
2019-07-20,2.103584,131.993264,27.291377,117.274325
2019-07-21,1.960050,121.583555,26.882942,93.115169
2019-07-22,2.141846,130.586039,27.240032,124.573747
2019-07-23,1.761631,119.495178,26.132888,79.988974
2019-07-24,1.542153,94.670434,25.112739,80.986479
2019-07-25,1.778530,107.857528,22.194036,66.520270
2019-07-26,4.383853,78.855352,23.416722,72.485111
2019-07-27,2.330580,77.549356,23.711241,94.614466
2019-07-28,18.760971,88.074699,32.954761,97.011545
2019-07-29,4.119764,112.179485,23.955567,99.943868
2019-07-30,45.426130,166.938955,34.932317,197.875315
2019-07-31,77.112406,259.379429,26.956227,188.181685
2019-08-01,2.084235,168.764613,17.127328,99.393269
2019-08-02,1.775524,113.258988,19.002658,83.664288
2019-08-03,1.980736,118.358345,18.624148,87.918757
2019-08-04,2.163842,120.144512,17.837844,102.778738
2019-08-05,2.105285,136.467094,16.545403,100.969859
2019-08-06,1.621696,106.989359,16.162725,66.609528
2019-08-07,1.165103,83.285145,17.858875,82.633311
2019-08-08,1.017528,72.445103,18.553633,66.235314
2019-08-09,1.159704,72.042809,17.787328,63.780932
2019-08-10,1.054346,68.895485,17.809117,57.185453
2019-08-11,0.942728,62.780400,15.542199,48.916257
2019-08-12,1.120567,62.330976,16.181957,66.811666
2019-08-13,1.182868,58.083800,15.172061,52.113605
2019-08-14,1.517149,49.571738,14.879148,39.622950
2019-08-15,0.455875,47.868303,15.419740,57.673969
2019-08-16,0.320544,85.083572,14.940115,70.735947
2019-08-17,0.186071,73.399587,13.176211,52.438830
2019-08-18,0.185156,67.704429,12.930752,40.859416
2019-08-19,0.143695,55.251218,12.156720,37.702216
2019-08-20,0.126157,45.134036,11.636591,27.332623
2019-08-21,0.115233,39.537804,10.998210,25.439335
2019-08-22,0.092802,38.378458,10.079534,21.838402
2019-08-23,0.156470,39.730017,9.736236,25.870953
2019-08-24,0.740135,40.753628,7.274414,18.889170
2019-08-25,1.190473,55.974330,7.774241,47.063678
2019-08-26,0.121852,60.117487,7.113865,51.091917
2019-08-27,0.055636,51.004967,6.144540,22.756108
2019-08-28,0.060498,37.774052,7.452605,25.751457
2019-08-29,0.018339,30.904425,7.614127,7.496935
2019-08-30,0.006648,26.940598,6.645125,4.066249
2019-08-31,0.000589,23.255160,5.725047,3.913143
2019-09-01,0.000635,20.488627,0.000000,0.000000
2019-09-02,0.006824,20.017865,0.000000,0.000000
2019-09-03,0.141760,41.579539,0.000000,0.000000
2019-09-04,4.509812,50.886537,0.000000,0.000000
2019-09-05,7.884962,55.642058,0.000000,0.000000
2019-09-06,3.564435,32.577434,0.000000,0.000000
2019-09-07,56.636301,46.150197,0.000000,0.000000
2019-09-08,0.002498,33.798220,0.000000,0.000000
2019-09-09,17.612605,19.211116,0.000000,0.000000
2019-09-10,4.631541,15.658325,0.000000,0.000000
2019-09-11,0.000527,9.529659,0.000000,0.000000
2019-09-12,0.004299,4.152451,0.000000,0.000000
2019-09-13,0.002002,2.091622,0.000000,0.000000
2019-09-14,0.000260,1.379433,0.000000,0.000000
2019-09-15,0.000347,1.421808,0.000000,0.000000
2019-09-16,0.000314,2.066568,0.000000,0.000000
2019-09-17,0.000200,2.031991,0.000000,0.000000
2019-09-18,0.000209,1.432263,0.000000,0.000000
2019-09-19,1.049309,1.686189,0.000000,0.000000
2019-09-20,2.901335,4.828243,0.000000,0.000000
2019-09-21,19.423706,8.124425,0.000000,0.000000
2019-09-22,186.820439,141.116294,0.000000,0.000000
2019-09-23,147.705010,216.280457,0.000000,0.000000
2019-09-24,72.586528,184.109702,0.000000,0.000000
2019-09-25,0.172425,77.295504,0.000000,0.000000
2019-09-26,11.883550,46.338475,0.000000,0.000000
2019-09-27,6.867428,51.805886,0.000000,0.000000
2019-09-28,0.040834,25.937796,0.000000,0.000000
2019-09-29,0.000114,16.780061,0.000000,0.000000
2019-09-30,0.000114,10.126798,0.000000,0.000000
2019-10-01,0.000656,7.244866,0.000000,0.000000
2019-10-02,55.544098,10.541722,0.000000,0.000000
2019-10-03,148.511580,48.728617,0.000000,0.000000
2019-10-04,97.486236,71.239332,0.000000,0.000000
2019-10-05,115.127675,127.480084,0.000000,0.000000
2019-10-06,104.361440,138.452260,0.000000,0.000000
2019-10-07,1.267200,58.316181,0.000000,0.000000
2019-10-08,0.629724,11.183247,0.000000,0.000000
2019-10-09,7.286708,13.605533,0.000000,0.000000
2019-10-10,0.027700,6.102106,0.000000,0.000000
2019-10-11,0.021267,2.108438,0.000000,0.000000
2019-10-12,0.017587,1.523889,0.000000,0.000000
2019-10-13,0.018270,1.426242,0.000000,0.000000
2019-10-14,5.343124,1.423293,0.000000,0.000000
2019-10-15,0.346741,1.336636,0.000000,0.000000
2019-10-16,0.323140,1.299263,0.000000,0.000000
2019-10-17,0.001044,1.318030,0.000000,0.000000
2019-10-18,0.000578,1.326267,0.000000,0.000000
2019-10-19,0.000887,1.344815,0.000000,0.000000
2019-10-20,0.002026,1.510544,0.000000,0.000000
2019-10-21,0.002097,3.477524,0.000000,0.000000
2019-10-22,0.003510,3.827524,0.000000,0.000000
2019-10-23,0.000673,3.805495,0.000000,0.000000
2019-10-24,0.000626,3.800974,0.000000,0.000000
2019-10-25,0.000513,3.769386,0.000000,0.000000
2019-10-26,0.000541,3.759388,0.000000,0.000000
2019-10-27,0.001125,3.757069,0.000000,0.000000
2019-10-28,0.000425,3.752429,0.000000,0.000000
2019-10-29,0.000137,3.747922,0.000000,0.000000
2019-10-30,0.000034,3.743825,0.000000,0.000000
2019-10-31,0.000554,3.740679,0.000000,0.000000
2019-11-01,0.001614,3.738101,0.000000,0.000000
2019-11-02,0.000156,3.739620,0.000000,0.000000
2019-11-03,0.000171,3.739099,0.000000,0.000000
2019-11-04,0.000292,3.739232,0.000000,0.000000
2019-11-05,0.000093,3.739680,0.000000,0.000000
2019-11-06,0.000000,3.737050,0.000000,0.000000
2019-11-07,0.000000,3.738527,0.000000,0.000000
2019-11-08,0.000000,3.734335,0.000000,0.000000
2019-11-09,0.000000,3.734074,0.000000,0.000000
2019-11-10,14.205323,3.772196,0.000000,0.000000
2019-11-11,65.510149,20.267536,0.000000,0.000000
2019-11-12,9.146163,8.532791,0.000000,0.000000
2019-11-13,0.838337,3.869812,0.000000,0.000000
2019-11-14,0.289847,3.701033,0.000000,0.000000
2019-11-15,0.329445,3.700811,0.000000,0.000000
2019-11-16,0.236983,3.698759,0.000000,0.000000
2019-11-17,0.167384,3.726490,0.000000,0.000000
2019-11-18,0.147736,3.724219,0.000000,0.000000
2019-11-19,0.138751,3.713047,0.000000,0.000000
2019-11-20,0.557460,3.687533,0.000000,0.000000
2019-11-21,0.249155,3.654836,0.000000,0.000000
2019-11-22,0.285227,3.654500,0.000000,0.000000
2019-11-23,0.229502,3.654383,0.000000,0.000000
2019-11-24,0.186023,3.654790,0.000000,0.000000
2019-11-25,0.107212,3.655580,0.000000,0.000000
2019-11-26,0.097995,3.652399,0.000000,0.000000
2019-11-27,0.048943,3.653859,0.000000,0.000000
2019-11-28,0.003528,3.653140,0.000000,0.000000
2019-11-29,0.000000,3.621848,0.000000,0.000000
2019-11-30,0.000000,3.446518,0.000000,0.000000
2019-12-01,0.000000,3.443305,0.000000,0.000000
2019-12-02,0.000000,3.444795,0.000000,0.000000
2019-12-03,0.000000,3.479803,0.000000,0.000000
2019-12-04,0.000000,3.563315,0.000000,0.000000
2019-12-05,0.000000,3.579369,0.000000,0.000000
2019-12-06,0.000000,3.579050,0.000000,0.000000
2019-12-07,0.000000,3.582017,0.000000,0.000000
2019-12-08,0.000000,3.584340,0.000000,0.000000
2019-12-09,0.000000,3.587502,0.000000,0.000000
2019-12-10,0.000000,3.589360,0.000000,0.000000
2019-12-11,0.000000,3.484124,0.000000,0.000000
2019-12-12,0.000000,3.443237,0.000000,0.000000
2019-12-13,0.000000,3.443214,0.000000,0.000000
2019-12-14,0.000000,3.443444,0.000000,0.000000
2019-12-15,0.000000,3.443540,0.000000,0.000000
2019-12-16,0.000000,3.440182,0.000000,0.000000
2019-12-17,0.000000,3.433600,0.000000,0.000000
2019-12-18,0.000000,3.433563,0.000000,0.000000
2019-12-19,0.000000,3.434274,0.000000,0.000000
2019-12-20,0.000000,3.435195,0.000000,0.000000
2019-12-21,0.000000,3.432616,0.000000,0.000000
2019-12-22,0.000000,3.390373,0.000000,0.000000
2019-12-23,0.000000,2.842113,0.000000,0.000000
2019-12-24,0.000000,3.361303,0.000000,0.000000
2019-12-25,0.000000,3.365901,0.000000,0.000000
2019-12-26,0.000000,3.362901,0.000000,0.000000
2019-12-27,0.000000,3.364568,0.000000,0.000000
2019-12-28,0.000000,3.362993,0.000000,0.000000
2019-12-29,0.000000,3.356779,0.000000,0.000000
2019-12-30,0.000000,3.358707,0.000000,0.000000
2019-12-31,0.000000,3.358082,0.000000,0.000000

