time,MAR_land,MAR_ice,RACMO_land,RACMO_ice
2015-01-01,2.448505,0.000000,0.830297,0.136687
2015-01-02,2.435378,0.000000,0.816891,0.137360
2015-01-03,2.419926,0.000000,0.811607,0.121236
2015-01-04,2.404118,0.000000,0.801634,0.138334
2015-01-05,2.388742,0.000000,0.796258,0.141759
2015-01-06,2.371688,0.000000,0.779758,0.129130
2015-01-07,2.358011,0.000000,0.779240,0.126845
2015-01-08,2.342592,0.000000,0.764252,0.128437
2015-01-09,2.328244,0.000000,0.757575,0.131231
2015-01-10,2.313927,0.000000,0.746902,0.128019
2015-01-11,2.297703,0.000000,0.739980,0.128099
2015-01-12,2.284399,0.000000,0.731940,0.128872
2015-01-13,2.269589,0.000000,0.723594,0.124636
2015-01-14,2.254938,0.000000,0.710339,0.124484
2015-01-15,2.240225,0.000000,0.705344,0.123903
2015-01-16,2.224216,0.000000,0.696149,0.127496
2015-01-17,2.211030,0.000000,0.689224,0.123509
2015-01-18,2.196100,0.000000,0.687838,0.129934
2015-01-19,2.181148,0.000000,0.671585,0.128162
2015-01-20,2.166438,0.000000,0.697953,0.128776
2015-01-21,2.150064,0.000000,0.664295,0.124693
2015-01-22,2.136888,0.000000,0.648582,0.128195
2015-01-23,2.122302,0.000000,0.640299,0.125552
2015-01-24,2.107765,0.000000,0.634792,0.125685
2015-01-25,2.093985,0.000000,0.630267,0.128792
2015-01-26,2.078993,0.000000,0.620278,0.122591
2015-01-27,2.067123,0.000000,0.615169,0.128461
2015-01-28,2.053700,0.000000,0.606626,0.124144
2015-01-29,2.040210,0.000000,0.600387,0.127670
2015-01-30,2.026775,0.000000,0.594098,0.125973
2015-01-31,2.013499,0.000000,0.584663,0.126372
2015-02-01,1.998866,0.000000,0.577159,0.123796
2015-02-02,1.986897,0.000000,0.575419,0.124379
2015-02-03,1.973459,0.000000,0.563073,0.271467
2015-02-04,1.959826,0.000000,0.564024,0.123687
2015-02-05,1.946109,0.000000,0.555255,0.122879
2015-02-06,1.931036,0.000000,0.545703,0.129740
2015-02-07,1.919199,0.000000,0.540248,0.122375
2015-02-08,1.906440,0.000000,0.783193,0.125238
2015-02-09,1.893844,0.000000,0.532476,0.124727
2015-02-10,1.881256,0.000000,0.521189,0.123518
2015-02-11,1.867605,0.000000,0.516384,0.128065
2015-02-12,1.856564,0.000000,0.509009,0.117781
2015-02-13,1.844315,0.000000,0.503012,0.129708
2015-02-14,1.832067,0.000000,0.504631,0.115263
2015-02-15,1.819725,0.000000,0.490177,0.123109
2015-02-16,1.806349,0.000000,0.489844,0.123895
2015-02-17,1.795584,0.000000,0.480910,0.120965
2015-02-18,1.783576,0.000000,0.475606,0.116420
2015-02-19,1.771853,0.000000,0.470236,0.122866
2015-02-20,1.760623,0.000000,0.461590,0.125568
2015-02-21,1.748324,0.000000,0.460469,0.123427
2015-02-22,1.738372,0.000000,0.453809,0.122369
2015-02-23,1.727251,0.000000,0.444961,0.119386
2015-02-24,1.716119,0.000000,0.441953,0.119013
2015-02-25,1.704818,0.000000,0.430497,0.118429
2015-02-26,1.692670,0.000000,0.437239,0.120039
2015-02-27,1.683424,0.000000,0.424544,0.121053
2015-02-28,1.673086,0.000000,0.421006,0.113914
2015-03-01,1.661454,0.000000,0.416430,0.117206
2015-03-02,1.652126,0.000000,0.408006,0.117206
2015-03-03,1.641777,0.000000,0.406990,0.123820
2015-03-04,1.631605,0.000000,0.398677,0.120203
2015-03-05,1.622143,0.000000,0.397026,0.115152
2015-03-06,1.611961,0.000000,0.388485,0.118782
2015-03-07,1.604293,0.000000,0.387049,0.116231
2015-03-08,1.595563,0.000000,0.383916,0.115458
2015-03-09,1.586914,0.000000,0.379061,0.119259
2015-03-10,1.578291,0.000000,0.372481,0.116222
2015-03-11,1.568588,0.000000,0.368156,0.117162
2015-03-12,1.561247,0.000000,0.362141,0.122620
2015-03-13,1.552800,0.000000,0.361552,0.124769
2015-03-14,1.544419,0.000000,0.372133,0.103055
2015-03-15,1.536093,0.000000,0.410201,0.117199
2015-03-16,1.526941,0.000000,0.345974,0.109750
2015-03-17,1.520303,0.000000,0.342166,0.115188
2015-03-18,1.512827,0.000000,0.340208,0.115960
2015-03-19,1.505439,0.000000,0.335131,0.112280
2015-03-20,1.498001,0.000000,0.368395,0.112535
2015-03-21,1.489536,0.000000,0.368849,0.113253
2015-03-22,1.483228,0.000000,0.324700,0.116573
2015-03-23,1.475835,0.000000,0.321534,0.111887
2015-03-24,1.468575,0.000000,0.315489,0.112668
2015-03-25,1.461523,0.000000,0.313534,0.115723
2015-03-26,1.453384,0.000000,0.314003,0.081661
2015-03-27,1.447255,0.000000,0.312905,0.114682
2015-03-28,1.440142,0.000000,0.305749,0.115499
2015-03-29,1.432984,0.000000,0.304228,0.118198
2015-03-30,1.425832,0.000000,0.296419,0.115729
2015-03-31,1.418765,0.000000,0.296200,0.110324
2015-04-01,1.410613,0.000000,0.292153,0.109149
2015-04-02,1.404398,0.000000,0.288533,0.114715
2015-04-03,1.397139,0.000000,0.286792,0.110603
2015-04-04,1.389868,0.000000,0.282495,0.096426
2015-04-05,1.382798,0.000000,0.294176,0.112505
2015-04-06,1.374835,0.000000,0.285220,0.111476
2015-04-07,1.368835,0.000000,0.273022,0.113696
2015-04-08,1.361952,0.000000,0.271438,0.112416
2015-04-09,1.355176,0.000000,0.264152,0.081963
2015-04-10,1.348451,0.000000,0.264850,0.112958
2015-04-11,1.340808,0.000000,0.262783,0.115507
2015-04-12,1.335052,0.000000,0.261757,0.106527
2015-04-13,1.328322,0.000000,0.269787,0.113564
2015-04-14,1.321595,0.000000,0.255813,2.328404
2015-04-15,1.315101,0.000000,0.538880,1.669806
2015-04-16,1.307833,0.000000,1.919183,1.488875
2015-04-17,1.302376,0.000000,0.571559,0.113852
2015-04-18,1.296040,0.000000,0.922444,1.049797
2015-04-19,1.289582,0.000000,4.428023,0.897948
2015-04-20,1.284775,0.088317,1.609271,0.466247
2015-04-21,1.288890,0.003506,0.235593,0.110067
2015-04-22,1.281004,0.000003,0.235593,2.862405
2015-04-23,1.269456,0.000000,0.235593,0.493928
2015-04-24,1.258103,0.000000,0.229298,2.022390
2015-04-25,1.247726,0.000000,0.229080,0.107398
2015-04-26,1.237105,0.000000,0.227672,0.121262
2015-04-27,1.228984,0.000000,0.289767,0.115445
2015-04-28,1.220713,0.000000,0.257843,0.117168
2015-04-29,1.212887,0.000000,0.298650,0.101987
2015-04-30,1.205489,0.000000,0.281133,0.114882
2015-05-01,1.197701,0.000000,0.216746,0.119240
2015-05-02,1.192124,0.000000,0.213295,0.114327
2015-05-03,1.186142,0.000000,0.432901,0.122390
2015-05-04,1.180392,0.000000,0.462928,3.080452
2015-05-05,1.174859,0.000000,0.393850,2.476334
2015-05-06,1.168950,0.000000,2.601794,2.540915
2015-05-07,1.165053,0.000000,0.625600,0.661103
2015-05-08,1.160447,0.000000,0.479202,1.734444
2015-05-09,1.155941,0.000000,0.732582,2.757423
2015-05-10,1.151659,0.000000,1.084082,3.012736
2015-05-11,1.146701,0.000000,1.060619,3.014332
2015-05-12,1.143431,0.000000,1.697512,1.735381
2015-05-13,1.139764,0.000000,1.073914,1.361449
2015-05-14,1.136331,0.000000,1.853684,1.012862
2015-05-15,1.133019,0.000000,3.271148,1.825764
2015-05-16,1.128459,0.000000,4.703022,0.629090
2015-05-17,1.131411,0.445291,4.382901,0.825097
2015-05-18,1.138007,1.121770,4.677864,0.571971
2015-05-19,1.129201,0.132219,0.716524,1.199608
2015-05-20,1.112634,0.000109,0.477189,0.109457
2015-05-21,1.140847,0.000000,1.220144,1.646237
2015-05-22,1.139099,0.215040,1.432242,1.790678
2015-05-23,1.383537,2.569637,2.152687,1.053210
2015-05-24,1.334297,2.680866,1.964845,0.618623
2015-05-25,1.635754,0.460729,1.416516,2.426986
2015-05-26,1.761831,1.107923,2.181200,1.338128
2015-05-27,2.498494,2.628590,4.298090,0.686267
2015-05-28,2.740694,1.808891,1.661785,0.867192
2015-05-29,1.682082,0.166500,1.136513,1.244687
2015-05-30,1.159429,0.000110,1.748482,0.942102
2015-05-31,1.081734,0.404352,2.702589,1.547412
2015-06-01,1.137029,0.354023,2.852723,0.856785
2015-06-02,1.189524,1.562669,6.282723,0.591193
2015-06-03,1.236863,1.850710,5.808965,0.628995
2015-06-04,1.279046,2.380669,8.962353,0.569898
2015-06-05,1.318132,2.586451,7.996398,0.565524
2015-06-06,1.365303,2.880832,8.183508,0.638048
2015-06-07,1.429114,2.559400,11.522295,1.003702
2015-06-08,1.552850,4.028940,9.967911,2.762029
2015-06-09,1.682336,4.148271,9.507969,1.743302
2015-06-10,1.879907,5.550191,12.334729,2.018368
2015-06-11,2.176999,2.904013,11.689270,2.144495
2015-06-12,2.719120,2.822811,11.789722,1.923601
2015-06-13,3.295843,3.800923,14.719726,1.927537
2015-06-14,3.853368,3.898393,16.029851,1.863031
2015-06-15,6.086645,3.902019,21.002059,2.415750
2015-06-16,5.082436,9.987674,22.204206,3.316094
2015-06-17,6.137256,12.031541,24.686685,4.692111
2015-06-18,7.098860,8.067762,21.446190,7.281929
2015-06-19,7.939257,7.911167,23.364146,5.905264
2015-06-20,8.649357,8.130864,21.470829,5.078959
2015-06-21,9.366109,8.613047,21.858082,17.502221
2015-06-22,10.175244,8.628497,21.065007,15.577771
2015-06-23,11.002299,8.744062,21.014894,16.757772
2015-06-24,11.660763,6.969616,23.600649,17.627741
2015-06-25,12.141056,6.866740,25.341441,19.045951
2015-06-26,12.512027,14.052651,26.158008,19.143305
2015-06-27,14.134109,24.980296,33.274448,20.317238
2015-06-28,14.489141,24.502359,29.856667,19.184971
2015-06-29,17.301818,18.187385,28.121306,17.831523
2015-06-30,19.927354,7.889760,28.137730,17.022531
2015-07-01,22.269577,9.901525,28.962653,18.347104
2015-07-02,22.496485,9.105575,29.864427,19.401814
2015-07-03,23.080666,10.561652,40.026216,18.536088
2015-07-04,22.406853,9.688151,38.650625,17.424212
2015-07-05,21.778128,18.014244,36.320509,21.167284
2015-07-06,21.092085,25.187129,36.405461,20.723086
2015-07-07,21.033103,11.012304,33.672855,19.800183
2015-07-08,21.577120,8.048343,32.508410,18.858870
2015-07-09,21.789417,7.515527,30.288769,17.619445
2015-07-10,21.551804,11.151535,28.419346,13.570340
2015-07-11,21.512187,11.596658,26.696759,10.057054
2015-07-12,21.539060,12.933421,33.712644,14.703108
2015-07-13,22.090456,19.315677,31.330185,16.391869
2015-07-14,22.454406,5.936500,23.765204,18.297873
2015-07-15,22.772259,6.907955,22.382475,19.202612
2015-07-16,22.709056,12.417197,24.807149,19.307680
2015-07-17,22.664851,11.470456,29.370169,18.603572
2015-07-18,23.047750,9.439075,29.843733,20.233305
2015-07-19,23.648285,10.386553,25.803059,14.897158
2015-07-20,23.985336,10.719012,24.960884,17.279139
2015-07-21,24.859077,7.296625,22.993193,13.129474
2015-07-22,25.318797,6.106013,22.643459,15.488660
2015-07-23,25.166755,6.698699,21.242875,14.107879
2015-07-24,25.999564,4.317422,20.137672,11.009848
2015-07-25,22.992863,4.568062,18.824945,9.262722
2015-07-26,21.520111,4.928806,19.377545,12.414604
2015-07-27,20.431160,4.923312,19.186059,9.290021
2015-07-28,19.430292,5.511619,20.097050,14.253320
2015-07-29,18.278511,5.297694,17.504260,11.663746
2015-07-30,17.468974,6.836353,16.616149,11.236317
2015-07-31,16.748614,5.875189,16.562128,11.666149
2015-08-01,16.112798,14.384500,16.784208,10.479454
2015-08-02,15.851481,11.880092,14.562259,10.008263
2015-08-03,15.440827,8.918069,17.005324,14.419315
2015-08-04,15.372036,7.506447,15.474813,12.176605
2015-08-05,14.955307,7.240964,15.716727,11.346663
2015-08-06,14.875869,5.594543,14.241996,10.842749
2015-08-07,14.707324,6.591252,13.939397,10.663702
2015-08-08,14.536059,6.552600,13.890645,8.847494
2015-08-09,14.204926,5.357905,12.878762,8.908950
2015-08-10,13.924709,5.496959,12.765188,7.489374
2015-08-11,13.551762,6.244184,12.143512,8.688564
2015-08-12,13.117912,16.011366,26.293258,16.831663
2015-08-13,12.731549,17.468816,23.150352,16.365177
2015-08-14,12.339155,9.359427,12.700092,10.815071
2015-08-15,11.927491,7.667001,13.475930,10.694726
2015-08-16,11.760032,5.512699,12.521688,11.672395
2015-08-17,11.500273,6.230716,11.172441,5.771262
2015-08-18,11.276878,6.367530,10.536419,9.771041
2015-08-19,11.086604,5.343414,9.777699,6.261818
2015-08-20,10.918477,9.310330,11.110733,9.161687
2015-08-21,10.692769,5.360982,8.496568,4.191131
2015-08-22,10.424185,5.438725,10.562247,11.210271
2015-08-23,10.125989,4.816450,8.424406,5.307169
2015-08-24,9.843448,10.261354,9.603490,10.227325
2015-08-25,10.123956,23.073695,18.117645,10.715408
2015-08-26,9.467906,20.786048,9.101529,7.414023
2015-08-27,9.766773,14.193086,11.597199,9.068190
2015-08-28,9.797193,5.121422,8.321242,6.538321
2015-08-29,9.670662,4.355646,8.113603,8.640786
2015-08-30,9.632438,4.071003,14.006127,9.822247
2015-08-31,9.295719,7.317449,7.477409,8.543996
2015-09-01,8.799188,4.126116,5.079308,5.167859
2015-09-02,8.493794,6.491179,10.323784,5.837007
2015-09-03,8.265715,3.890470,4.431935,2.406937
2015-09-04,7.986110,4.502710,10.095000,5.608228
2015-09-05,7.758114,7.325058,4.635794,7.359300
2015-09-06,7.435549,7.180142,19.585062,9.695590
2015-09-07,7.560157,20.681834,30.142663,14.203862
2015-09-08,6.896504,21.003309,18.032934,9.493748
2015-09-09,6.469196,42.412335,36.004663,23.605899
2015-09-10,6.011897,30.016954,17.010597,12.392861
2015-09-11,6.373283,15.758021,8.523778,7.228992
2015-09-12,6.864876,3.474582,2.798827,6.475317
2015-09-13,7.498791,1.441803,2.919939,5.487351
2015-09-14,7.974076,1.193320,3.487077,4.515346
2015-09-15,8.278599,1.561979,3.059885,1.399049
2015-09-16,8.446176,0.816685,3.041562,0.836735
2015-09-17,8.516375,0.420705,3.261808,3.237793
2015-09-18,8.518773,0.710940,3.980507,2.984118
2015-09-19,9.120537,4.053733,14.276871,1.881086
2015-09-20,8.651922,20.258002,16.575113,11.653719
2015-09-21,8.355767,2.489925,3.794246,5.038859
2015-09-22,8.055270,8.826598,10.438541,4.956250
2015-09-23,8.157067,5.518715,3.485974,3.461940
2015-09-24,8.056849,0.716895,4.782018,1.792125
2015-09-25,7.720911,5.189449,5.247310,0.885929
2015-09-26,7.560148,3.872509,3.495303,1.143260
2015-09-27,7.388976,0.006049,3.214569,0.554374
2015-09-28,7.315307,0.000000,2.329004,0.855333
2015-09-29,7.294336,0.000000,2.156168,0.121515
2015-09-30,7.298368,0.000000,2.093891,0.106366
2015-10-01,7.304076,0.000000,2.033587,0.096635
2015-10-02,7.318539,0.000000,1.978814,0.098576
2015-10-03,7.329176,0.000000,1.927093,0.102789
2015-10-04,7.323813,0.000000,1.951987,0.100624
2015-10-05,7.302738,0.000000,2.188804,0.107824
2015-10-06,7.262196,0.425324,5.178379,0.204398
2015-10-07,7.281388,0.436284,3.199471,0.549108
2015-10-08,7.182028,0.036646,2.416761,0.583354
2015-10-09,7.093154,0.000028,1.652134,0.095825
2015-10-10,7.002015,0.000000,1.614732,0.095538
2015-10-11,6.911409,0.000000,1.631937,0.404271
2015-10-12,6.834393,0.000000,1.564859,0.151855
2015-10-13,6.796705,0.000000,1.523500,0.105089
2015-10-14,6.681396,0.000000,1.485890,0.629261
2015-10-15,6.604668,0.000000,1.681380,0.192041
2015-10-16,6.576535,0.000000,3.910384,0.106284
2015-10-17,6.461351,2.279778,7.944810,0.222823
2015-10-18,6.423164,0.162520,1.425052,0.092891
2015-10-19,6.273646,0.000134,1.360477,0.103047
2015-10-20,6.146933,0.000000,1.342427,0.091060
2015-10-21,6.046685,0.000000,1.322983,0.103798
2015-10-22,5.974840,0.000000,1.305798,0.094176
2015-10-23,5.912714,0.000000,1.285801,0.091665
2015-10-24,5.858684,0.000000,1.274082,0.093428
2015-10-25,5.809642,0.000000,1.254226,0.098598
2015-10-26,5.758214,0.000000,1.240511,0.092514
2015-10-27,5.716453,0.000000,1.226677,0.101642
2015-10-28,5.750570,0.000000,4.574078,0.185358
2015-10-29,7.029751,1.850445,14.605506,0.122848
2015-10-30,8.571305,3.465008,4.209410,0.178980
2015-10-31,5.468476,0.019293,1.172835,0.103047
2015-11-01,5.337402,0.000017,1.172428,0.101704
2015-11-02,5.283223,0.000000,1.210911,0.097680
2015-11-03,5.260744,0.000000,1.163857,0.093470
2015-11-04,5.256095,0.000000,1.158244,0.101754
2015-11-05,5.255784,0.000000,1.314299,0.089988
2015-11-06,5.251456,0.000000,1.331391,0.097441
2015-11-07,5.250283,0.000000,1.271260,0.101883
2015-11-08,5.242141,0.000000,1.137365,0.089320
2015-11-09,5.233294,0.000000,1.131264,0.094829
2015-11-10,5.219913,0.000000,1.119833,0.090556
2015-11-11,5.197812,0.000000,1.115611,0.097440
2015-11-12,5.176766,0.000000,1.106064,0.099638
2015-11-13,5.146805,0.000000,1.101053,0.087376
2015-11-14,5.111950,0.000000,1.091975,0.097020
2015-11-15,5.073331,0.000000,1.083993,0.166333
2015-11-16,5.027724,0.000000,1.072047,0.100680
2015-11-17,4.986098,0.000000,1.063625,0.088127
2015-11-18,4.938421,0.000000,1.053924,0.100099
2015-11-19,4.887317,0.000000,1.045817,0.099533
2015-11-20,4.837237,0.000000,1.032070,0.131747
2015-11-21,4.786902,0.000000,1.018760,0.121359
2015-11-22,4.741900,0.000000,1.810710,0.101035
2015-11-23,4.693335,0.000000,1.097089,0.099396
2015-11-24,4.644387,0.000000,0.985506,0.098445
2015-11-25,4.595301,0.000000,0.971317,0.096785
2015-11-26,4.541523,0.000000,0.960054,0.086677
2015-11-27,4.494427,0.000000,0.948988,0.088892
2015-11-28,4.444384,0.000000,0.936151,0.088482
2015-11-29,4.393592,0.000000,0.924694,0.086911
2015-11-30,4.343069,0.000000,0.910183,0.088394
2015-12-01,4.289845,0.000000,0.900678,0.088053
2015-12-02,4.242921,0.000000,0.886101,0.087542
2015-12-03,4.194367,0.000000,0.874898,0.091229
2015-12-04,4.146863,0.000000,0.863849,0.091858
2015-12-05,4.098827,0.000000,0.850882,0.088364
2015-12-06,4.048162,0.000000,0.840327,0.085682
2015-12-07,4.003855,0.000000,0.825815,0.079393
2015-12-08,3.956821,0.000000,0.817550,0.089721
2015-12-09,3.910176,0.000000,0.806675,0.086862
2015-12-10,3.864925,0.000000,0.790916,0.099586
2015-12-11,3.817366,0.000000,0.782380,0.098023
2015-12-12,3.774650,0.000000,0.772994,0.096553
2015-12-13,3.729912,0.000000,0.753657,0.099762
2015-12-14,3.685296,0.000000,0.746965,0.091301
2015-12-15,3.641139,0.000000,0.736745,0.088322
2015-12-16,3.596949,0.000000,0.727453,0.093985
2015-12-17,3.558308,0.000000,0.714280,0.085205
2015-12-18,3.517209,0.000000,0.701161,0.095370
2015-12-19,3.479269,0.000000,0.691673,0.087214
2015-12-20,3.442985,0.000000,0.681335,0.094476
2015-12-21,3.404602,0.000000,0.672073,0.094598
2015-12-22,3.371466,0.000000,0.658645,0.093439
2015-12-23,3.336054,0.000000,0.652465,0.085150
2015-12-24,3.302418,0.000000,0.639335,0.086344
2015-12-25,3.269862,0.000000,0.632508,0.092780
2015-12-26,3.235442,0.000000,0.619972,0.084593
2015-12-27,3.205557,0.000000,0.615662,0.085033
2015-12-28,3.173499,0.000000,0.713168,0.091354
2015-12-29,3.142001,0.000000,0.596011,0.094315
2015-12-30,3.111015,0.000000,0.582828,0.094989
2015-12-31,3.080803,0.000000,0.650118,0.091794
2016-01-01,3.057579,0.000000,0.567242,0.093901
2016-01-02,3.029197,0.000000,0.555730,0.094676
2016-01-03,2.998906,0.000000,0.551295,0.082800
2016-01-04,2.969211,0.000000,0.548455,0.092439
2016-01-05,2.939806,0.000000,0.535690,0.096116
2016-01-06,2.908534,0.000000,0.524777,0.090263
2016-01-07,2.882379,0.000000,0.528846,0.082382
2016-01-08,2.854763,0.000000,0.511758,0.092999
2016-01-09,2.827738,0.000000,0.506787,0.091908
2016-01-10,2.800784,0.000000,0.497834,0.090795
2016-01-11,2.772391,0.000000,0.493644,0.093001
2016-01-12,2.748459,0.000000,0.482331,0.092685
2016-01-13,2.722559,0.000000,0.481433,0.091912
2016-01-14,2.697064,0.000000,0.466268,0.082665
2016-01-15,2.671858,0.000000,0.464923,0.089225
2016-01-16,2.644952,0.000000,0.454991,0.092731
2016-01-17,2.622237,0.000000,0.446220,0.083290
2016-01-18,2.598084,0.000000,0.436567,0.080627
2016-01-19,2.575064,0.000000,1.769279,0.081705
2016-01-20,2.552529,0.000000,3.410436,0.093443
2016-01-21,2.528389,0.000000,3.922291,0.089561
2016-01-22,2.507928,0.000000,1.419160,0.080979
2016-01-23,2.487868,0.000000,1.313954,0.083911
2016-01-24,2.468377,0.000000,0.872623,0.080469
2016-01-25,2.449076,0.000000,0.791562,0.079579
2016-01-26,2.428062,0.000000,0.385246,0.079555
2016-01-27,2.410474,0.000000,0.368303,0.081520
2016-01-28,2.391397,0.000000,0.366710,0.090107
2016-01-29,2.372769,0.000000,0.357917,0.089690
2016-01-30,2.354497,0.000000,0.353650,0.091041
2016-01-31,2.336155,0.000000,0.347645,0.105526
2016-02-01,2.316187,0.000000,0.342758,0.090410
2016-02-02,2.299662,0.000000,0.337057,0.091741
2016-02-03,2.281946,0.000000,0.329173,0.094718
2016-02-04,2.264217,0.000000,0.328068,0.088945
2016-02-05,2.246712,0.000000,0.318220,0.093908
2016-02-06,2.228189,0.000000,0.314896,0.088523
2016-02-07,2.213022,0.000000,0.307365,0.085859
2016-02-08,2.196254,0.000000,0.302349,0.090551
2016-02-09,2.179377,0.000000,0.296515,0.089444
2016-02-10,2.162541,0.000000,0.290193,0.093188
2016-02-11,2.144925,0.000000,0.282333,0.089557
2016-02-12,2.130740,0.000000,0.283185,0.091581
2016-02-13,2.115303,0.000000,0.270986,0.090308
2016-02-14,2.099881,0.000000,0.268631,0.089759
2016-02-15,2.084398,0.000000,0.262626,0.088338
2016-02-16,2.067649,0.000000,0.261144,0.096279
2016-02-17,2.054260,0.000000,0.250354,0.088643
2016-02-18,2.040012,0.000000,0.245239,0.091656
2016-02-19,2.026057,0.000000,0.245978,0.083170
2016-02-20,2.011871,0.000000,0.229342,0.098430
2016-02-21,1.996190,0.000000,0.233508,0.088277
2016-02-22,1.983836,0.000000,0.225923,0.088555
2016-02-23,1.970308,0.000000,0.219610,0.086962
2016-02-24,1.956782,0.000000,0.216685,0.089655
2016-02-25,1.943383,0.000000,0.211631,0.086893
2016-02-26,1.928797,0.000000,0.209803,0.090870
2016-02-27,1.916957,0.000000,0.201854,0.088233
2016-02-28,1.903788,0.000000,0.199720,0.088513
2016-02-29,1.890779,0.000000,0.198007,0.087869
2016-03-01,1.877084,0.000000,0.193202,0.087733
2016-03-02,1.866470,0.000000,0.191409,0.088722
2016-03-03,1.854388,0.000000,0.187555,0.084942
2016-03-04,1.842299,0.000000,0.186495,0.341328
2016-03-05,1.830241,0.000000,0.179580,0.412190
2016-03-06,1.816964,0.000000,0.179656,0.085968
2016-03-07,1.806128,0.000000,0.174663,0.088934
2016-03-08,1.794180,0.000000,0.629624,0.087096
2016-03-09,1.782701,0.000000,0.247186,0.084262
2016-03-10,1.771293,0.000000,0.199014,0.086517
2016-03-11,1.758512,0.000000,0.171389,0.084165
2016-03-12,1.748658,0.000000,0.250196,0.079307
2016-03-13,1.738456,0.000000,0.450141,0.079815
2016-03-14,1.728514,0.000000,0.411400,0.082648
2016-03-15,1.718634,0.000000,0.158688,0.085813
2016-03-16,1.707674,0.000000,0.441403,0.082632
2016-03-17,1.699235,0.000000,2.820738,0.431405
2016-03-18,1.689603,0.000000,6.033402,0.326859
2016-03-19,1.679860,0.000000,0.896579,0.087148
2016-03-20,1.670244,0.000000,0.318244,0.076434
2016-03-21,1.659557,0.000000,0.144651,0.070809
2016-03-22,1.651182,0.000000,0.182754,0.083137
2016-03-23,1.641801,0.000000,0.141956,0.084855
2016-03-24,1.632507,0.000000,0.139335,0.074391
2016-03-25,1.623257,0.000000,0.140187,0.081304
2016-03-26,1.612870,0.000000,0.139402,0.081927
2016-03-27,1.604799,0.000000,0.136618,0.083914
2016-03-28,1.595779,0.000000,0.136340,0.082734
2016-03-29,1.586665,0.000000,0.133081,0.074737
2016-03-30,1.577515,0.000000,0.133081,0.081760
2016-03-31,1.568522,0.000000,0.131145,0.084598
2016-04-01,1.558782,0.000000,0.129742,0.074406
2016-04-02,1.551379,0.000000,0.129234,0.081356
2016-04-03,1.542971,0.000000,0.182678,0.081540
2016-04-04,1.534420,0.000000,0.197406,0.071817
2016-04-05,1.525960,0.000000,0.129008,0.082327
2016-04-06,1.516499,0.000000,0.369273,0.081909
2016-04-07,1.509185,0.000000,0.150392,0.074381
2016-04-08,1.500757,0.000000,0.120146,0.931042
2016-04-09,1.492405,0.000000,0.421272,0.071911
2016-04-10,1.484250,0.000000,2.060692,0.458406
2016-04-11,1.475095,0.000000,3.750095,0.337791
2016-04-12,1.467465,0.000000,7.975019,0.283542
2016-04-13,2.860776,0.064109,6.771579,0.352811
2016-04-14,2.835224,0.005965,6.633177,0.416682
2016-04-15,2.167878,0.112928,9.163999,0.372528
2016-04-16,1.441611,0.013332,1.863031,0.814665
2016-04-17,1.427930,0.000006,1.058163,1.353671
2016-04-18,1.415025,0.000000,0.240972,0.080857
2016-04-19,1.403142,0.000000,0.104046,1.120227
2016-04-20,1.391907,0.000000,0.409315,0.083136
2016-04-21,1.380591,0.000000,0.553036,1.337586
2016-04-22,1.533073,0.000000,1.875125,1.064453
2016-04-23,4.494483,0.075617,6.799263,0.347236
2016-04-24,4.044515,0.273279,5.441708,0.498287
2016-04-25,2.399443,0.132870,3.161529,0.533411
2016-04-26,3.087666,0.202733,7.487186,0.433693
2016-04-27,1.893840,0.023577,2.631485,0.512927
2016-04-28,1.649139,0.000451,4.594655,0.575231
2016-04-29,2.089067,0.000000,5.299254,0.419936
2016-04-30,1.809044,0.000000,4.814470,0.734784
2016-05-01,3.730419,0.054821,6.444531,0.080899
2016-05-02,3.786958,0.494416,8.704935,0.949004
2016-05-03,2.386215,0.085222,8.385338,0.948101
2016-05-04,3.822475,0.469922,10.530979,0.623443
2016-05-05,4.078932,0.743647,12.565243,0.632150
2016-05-06,4.461975,0.904613,11.597028,0.485909
2016-05-07,2.369106,0.142731,10.766718,0.712083
2016-05-08,1.940013,0.007478,10.356342,0.853201
2016-05-09,5.020455,0.795503,18.580065,0.425363
2016-05-10,10.409267,4.315673,19.356006,0.254882
2016-05-11,10.679473,4.825772,18.867935,0.246926
2016-05-12,19.076280,1.881449,18.038001,0.321237
2016-05-13,5.819229,3.877552,15.895748,0.338267
2016-05-14,13.260123,4.728856,16.403422,0.287179
2016-05-15,16.221766,7.729324,17.216540,0.711740
2016-05-16,2.126260,5.520775,11.310890,0.323165
2016-05-17,2.025371,5.328757,12.806428,0.581946
2016-05-18,1.463835,3.473116,9.667348,0.590105
2016-05-19,1.717777,3.100893,10.212575,0.586076
2016-05-20,2.381936,3.342394,12.655726,0.382693
2016-05-21,2.374397,3.869428,9.714252,0.512584
2016-05-22,2.182612,2.496329,1.819461,0.486079
2016-05-23,2.400036,2.855717,4.587705,0.444327
2016-05-24,5.950689,8.066520,9.206440,0.488969
2016-05-25,4.925391,7.918447,3.510452,0.912434
2016-05-26,3.323769,3.777204,1.813991,0.533774
2016-05-27,2.665067,3.394275,1.752578,0.615585
2016-05-28,3.706000,3.762328,2.706747,0.397513
2016-05-29,5.713148,2.872194,2.038137,1.334137
2016-05-30,4.980751,3.313494,2.697098,0.403054
2016-05-31,4.122143,1.456838,2.646854,0.470020
2016-06-01,11.641985,3.966845,3.602971,0.868224
2016-06-02,3.109813,5.176695,12.326324,3.938493
2016-06-03,3.185706,9.984942,8.062680,5.869424
2016-06-04,3.203491,8.837712,6.881043,5.416520
2016-06-05,3.399619,7.217920,7.250440,6.617898
2016-06-06,3.677498,7.948015,6.748513,12.533078
2016-06-07,4.060751,7.714092,6.870212,13.378981
2016-06-08,4.603922,6.785942,8.835636,14.023751
2016-06-09,6.347058,14.734866,13.040618,10.905581
2016-06-10,5.927182,19.363596,18.372544,9.577710
2016-06-11,7.306424,20.768166,14.436559,9.535111
2016-06-12,8.188176,11.635183,14.644899,19.185980
2016-06-13,9.279960,8.429396,12.831653,18.758855
2016-06-14,10.098690,7.822934,12.975515,17.266561
2016-06-15,10.847418,7.470506,7.851069,9.261889
2016-06-16,10.495710,14.092548,9.421253,13.497399
2016-06-17,10.866263,11.902645,13.040266,19.151068
2016-06-18,11.682270,19.003431,20.345484,22.366835
2016-06-19,12.893275,23.211398,18.834299,16.066438
2016-06-20,13.711464,14.356033,14.169436,19.153892
2016-06-21,13.626901,12.164548,13.579215,20.061649
2016-06-22,13.714662,11.883153,14.915295,20.577036
2016-06-23,13.524575,9.168322,19.474444,13.442791
2016-06-24,13.783055,8.819823,12.158170,18.365484
2016-06-25,13.004549,11.041442,13.074024,19.276069
2016-06-26,13.524937,18.050913,22.501695,13.934456
2016-06-27,14.074483,33.600636,28.238315,17.551847
2016-06-28,13.722848,16.975461,19.458847,19.023782
2016-06-29,13.988657,10.950768,16.171328,12.275016
2016-06-30,14.534752,14.095902,18.588409,13.811106
2016-07-01,15.056944,9.780933,15.886968,18.301147
2016-07-02,14.840476,8.729331,15.997388,18.006304
2016-07-03,14.774090,9.881702,15.707383,16.933527
2016-07-04,14.468486,10.646182,14.847001,16.051132
2016-07-05,14.907499,10.185419,14.974031,15.569510
2016-07-06,13.705749,8.507757,14.872094,16.205876
2016-07-07,13.993732,8.476625,14.016581,16.188950
2016-07-08,13.821695,10.430798,14.271470,17.133038
2016-07-09,12.549856,14.620426,14.856971,17.912742
2016-07-10,12.003356,13.394787,14.198247,15.691168
2016-07-11,11.506107,6.334761,14.629458,15.640880
2016-07-12,11.830790,8.462487,13.996642,14.940460
2016-07-13,10.727940,7.953646,13.150467,13.491440
2016-07-14,10.274441,15.109807,15.299190,14.760731
2016-07-15,10.935632,22.840642,16.965739,20.226275
2016-07-16,9.697022,18.079999,9.053053,15.519588
2016-07-17,8.409179,8.644748,9.816270,15.808520
2016-07-18,8.112637,9.928448,9.753525,14.913073
2016-07-19,7.893277,7.344680,9.868653,15.039177
2016-07-20,7.726346,6.682247,10.588917,14.536983
2016-07-21,8.013596,9.281553,10.394246,14.741654
2016-07-22,7.071336,16.240870,11.336411,14.600953
2016-07-23,6.599740,15.747450,10.404206,13.494350
2016-07-24,6.425827,13.996856,11.255720,12.683409
2016-07-25,6.185943,10.363256,10.916444,13.504562
2016-07-26,6.041927,8.703704,11.304546,15.127067
2016-07-27,5.926620,8.039787,10.873545,13.747280
2016-07-28,5.726089,6.988197,10.718616,12.973576
2016-07-29,5.689417,7.554705,9.885113,10.391263
2016-07-30,5.414923,7.158806,10.297897,13.658732
2016-07-31,5.412312,5.171271,8.836526,11.715858
2016-08-01,4.859512,7.590574,8.761967,9.472969
2016-08-02,4.746225,6.711758,8.452877,10.298307
2016-08-03,4.634745,7.137319,8.038020,8.423788
2016-08-04,4.554150,6.066716,8.738175,9.191239
2016-08-05,4.453802,8.492270,8.956494,10.517552
2016-08-06,4.374316,6.239597,9.805033,11.306072
2016-08-07,4.308158,7.473400,9.694661,12.254999
2016-08-08,4.321210,11.531187,9.182559,9.164817
2016-08-09,4.248137,6.353957,9.371304,9.747433
2016-08-10,4.362632,7.620818,8.510376,8.606937
2016-08-11,4.202824,19.862225,8.285310,8.870832
2016-08-12,4.083802,10.809503,7.627837,10.140327
2016-08-13,3.919418,10.641121,9.190118,10.829826
2016-08-14,3.774428,11.505116,11.438525,12.709200
2016-08-15,3.764165,36.913165,33.180447,25.531808
2016-08-16,3.640308,36.960400,34.093051,21.768477
2016-08-17,3.700039,28.347566,16.777977,14.883619
2016-08-18,3.685067,10.133761,13.972340,10.485241
2016-08-19,3.481872,4.587054,5.100874,12.117931
2016-08-20,3.378474,4.575087,5.079383,9.263626
2016-08-21,3.301024,6.891847,5.788206,8.785444
2016-08-22,3.452295,4.561666,5.805023,9.134768
2016-08-23,3.247360,3.798339,4.409639,15.351508
2016-08-24,3.295311,3.685551,5.744872,17.066897
2016-08-25,3.306142,3.997384,6.844126,17.253144
2016-08-26,3.159087,15.601442,6.193997,11.374857
2016-08-27,3.151717,8.286519,4.820133,12.225556
2016-08-28,3.024832,3.823756,4.211143,15.392624
2016-08-29,3.004782,4.241780,4.355317,15.183118
2016-08-30,2.991861,8.848159,5.896976,12.315737
2016-08-31,2.965674,3.629102,4.437564,14.026413
2016-09-01,2.946718,3.913006,4.421006,13.297979
2016-09-02,2.906851,3.287807,3.813752,13.565854
2016-09-03,2.882938,3.918137,3.028113,9.422594
2016-09-04,2.858437,3.754888,4.964468,13.588076
2016-09-05,2.833270,2.371035,2.567907,12.551871
2016-09-06,2.805683,1.717695,2.783217,12.047445
2016-09-07,2.782322,4.307591,3.873464,9.118396
2016-09-08,2.957683,15.150079,10.680101,11.975276
2016-09-09,3.310502,17.357234,10.420160,10.820126
2016-09-10,2.981121,16.548355,12.442855,16.718758
2016-09-11,2.697055,4.335674,1.513188,12.478349
2016-09-12,2.670492,6.679794,1.568769,9.678305
2016-09-13,2.635809,2.001035,1.466469,11.662593
2016-09-14,2.602921,3.903618,4.048229,3.873716
2016-09-15,2.572694,13.769217,14.210034,13.454809
2016-09-16,2.541476,10.602896,8.664256,12.083310
2016-09-17,3.418375,2.465215,2.337719,3.954056
2016-09-18,2.493970,1.086735,2.469165,1.645400
2016-09-19,2.470587,1.562950,1.515148,10.635165
2016-09-20,2.446551,0.938471,1.801815,1.202325
2016-09-21,2.421606,0.223758,0.589514,1.616123
2016-09-22,2.400976,0.088615,0.574173,1.167532
2016-09-23,2.379562,5.141158,1.119201,1.279005
2016-09-24,3.117055,4.680129,1.506102,2.851039
2016-09-25,2.339514,0.271002,0.549882,6.718814
2016-09-26,2.318627,0.188892,0.542591,6.824790
2016-09-27,2.300586,0.031920,0.534332,6.944924
2016-09-28,2.281057,0.000424,0.520622,1.208976
2016-09-29,2.261417,0.007015,0.524540,0.706634
2016-09-30,3.923138,0.000820,0.512793,0.789599
2016-10-01,2.219182,0.000000,0.534032,0.152301
2016-10-02,2.201693,0.000000,2.067240,0.181565
2016-10-03,2.340816,6.971081,11.502161,5.481694
2016-10-04,2.448604,16.150336,9.292556,7.126368
2016-10-05,2.171907,14.742578,9.735620,3.257721
2016-10-06,1.892812,13.717322,12.206617,5.475446
2016-10-07,2.103227,13.546910,17.991508,9.652893
2016-10-08,1.889167,16.683610,12.306313,6.670680
2016-10-09,1.915152,10.952440,5.083563,2.644481
2016-10-10,1.991608,0.205372,2.215179,0.953552
2016-10-11,2.282175,1.614746,6.296234,1.275063
2016-10-12,3.309923,4.831741,3.999856,0.764143
2016-10-13,2.738437,8.914600,11.644094,6.570793
2016-10-14,3.065120,0.297045,0.788301,0.230789
2016-10-15,3.085210,0.000209,1.613844,1.206830
2016-10-16,3.276113,0.461580,4.509136,0.578892
2016-10-17,3.461465,0.059554,0.647483,0.759772
2016-10-18,3.673357,0.000052,0.865234,0.517193
2016-10-19,4.374223,2.218681,11.342939,1.811711
2016-10-20,3.899071,6.505937,5.032819,2.104066
2016-10-21,3.779373,0.892556,5.298355,1.168513
2016-10-22,3.898128,1.543381,1.105575,1.512857
2016-10-23,4.069501,0.729104,0.886004,0.692693
2016-10-24,4.322107,0.040088,0.887162,0.149515
2016-10-25,4.581342,0.000008,0.747657,0.149995
2016-10-26,4.846660,0.000000,0.788244,0.161410
2016-10-27,5.104598,0.000000,0.860081,0.152987
2016-10-28,5.303922,0.000000,0.849836,0.148949
2016-10-29,5.495724,0.000000,1.383721,0.145726
2016-10-30,5.564753,0.000000,2.492491,0.148463
2016-10-31,5.655239,0.000000,0.923867,0.473164
2016-11-01,5.717827,0.000000,1.132759,0.151794
2016-11-02,5.760832,0.000000,1.558756,0.156977
2016-11-03,5.776719,0.000000,1.138426,0.145548
2016-11-04,5.773911,0.000000,0.989330,0.145762
2016-11-05,5.756223,0.000000,1.412420,0.145157
2016-11-06,5.746605,0.319317,3.274729,0.289490
2016-11-07,5.723761,0.068100,1.066071,0.151783
2016-11-08,5.669021,0.000061,1.021447,0.148453
2016-11-09,5.592240,0.000000,1.140504,0.145267
2016-11-10,5.518407,0.000000,1.044930,0.144703
2016-11-11,5.444865,0.000000,1.057190,0.146576
2016-11-12,5.383580,0.000000,1.058648,0.143727
2016-11-13,5.321545,0.000000,1.102073,0.144401
2016-11-14,5.260113,0.000000,1.069952,0.141331
2016-11-15,5.201310,0.000000,1.069760,0.144587
2016-11-16,5.139196,0.000000,1.078586,0.143380
2016-11-17,5.082782,0.000000,1.079636,0.141366
2016-11-18,5.022692,0.000000,1.079325,0.143852
2016-11-19,4.967346,0.000000,1.083853,0.141613
2016-11-20,4.913876,0.000000,1.083269,0.145339
2016-11-21,4.855408,0.000000,1.084315,0.144074
2016-11-22,4.801739,0.000000,1.083043,0.144795
2016-11-23,4.747937,0.000000,1.082919,0.180301
2016-11-24,4.695076,0.000000,1.081397,0.140177
2016-11-25,4.642349,0.000000,1.088052,0.146573
2016-11-26,4.586699,0.000000,1.083726,0.148734
2016-11-27,4.537982,0.000000,1.110203,0.148045
2016-11-28,4.485204,0.000000,1.142507,0.143886
2016-11-29,4.431502,0.000000,1.071754,0.147808
2016-11-30,4.378840,0.000000,1.071027,0.143077
2016-12-01,4.322573,0.000000,1.067554,0.142593
2016-12-02,4.271879,0.000000,1.061777,0.142593
2016-12-03,4.218854,0.000000,1.054972,0.144855
2016-12-04,4.165372,0.000000,1.060944,0.141444
2016-12-05,4.111704,0.000000,1.890064,0.163004
2016-12-06,4.059839,0.000000,2.343013,0.153735
2016-12-07,4.014328,0.000000,1.094905,0.143876
2016-12-08,3.965291,0.000000,1.037828,0.142693
2016-12-09,3.917689,0.000000,1.028704,0.139215
2016-12-10,3.871321,0.000000,1.055660,0.144515
2016-12-11,3.821896,0.000000,1.099483,0.143406
2016-12-12,3.778476,0.000000,1.016700,0.142058
2016-12-13,3.733353,0.000000,1.007258,0.143050
2016-12-14,3.687677,0.000000,1.060320,0.140753
2016-12-15,3.642781,0.000000,1.013248,0.138121
2016-12-16,3.596528,0.000000,1.010681,0.180548
2016-12-17,3.555538,0.000000,0.982461,0.142288
2016-12-18,3.512982,0.000000,0.982891,0.141931
2016-12-19,3.472897,0.000000,0.974474,0.143012
2016-12-20,3.433841,0.000000,0.966781,0.138772
2016-12-21,3.392518,0.000000,0.963275,0.142143
2016-12-22,3.359030,0.000000,0.957012,0.142899
2016-12-23,3.324837,0.000000,0.947271,0.139144
2016-12-24,3.291046,0.000000,0.946712,0.144289
2016-12-25,3.257386,0.000000,0.937500,0.138378
2016-12-26,3.221645,0.000000,0.931292,0.140781
2016-12-27,3.191173,0.000000,0.930208,0.140940
2016-12-28,3.159026,0.000000,0.920499,0.112185
2016-12-29,3.128746,0.000000,0.912138,0.141257
2016-12-30,3.099317,0.000000,0.904853,0.141145
2016-12-31,3.069739,0.000000,0.900603,0.137772
2017-01-01,3.031869,0.000000,0.892219,0.145093
2017-01-02,3.004558,0.000000,0.886341,0.137236
2017-01-03,2.975822,0.000000,0.879708,0.112720
2017-01-04,2.947203,0.000000,0.873349,0.107686
2017-01-05,2.918889,0.000000,0.873108,0.139513
2017-01-06,2.888499,0.000000,0.860512,0.138481
2017-01-07,2.862254,0.000000,0.856370,0.140936
2017-01-08,2.834611,0.000000,0.848181,0.164339
2017-01-09,2.807179,0.000000,0.842715,0.138616
2017-01-10,2.780266,0.000000,0.835010,0.135008
2017-01-11,2.751708,0.000000,0.828006,0.115372
2017-01-12,2.726828,0.000000,0.822212,0.138886
2017-01-13,2.700372,0.000000,0.812275,0.134917
2017-01-14,2.674224,0.000000,0.804577,0.139048
2017-01-15,2.648343,0.000000,0.809140,0.137844
2017-01-16,2.621233,0.000000,0.793540,0.142023
2017-01-17,2.598140,0.000000,0.786134,0.168896
2017-01-18,2.573240,0.000000,0.784052,0.138596
2017-01-19,2.548549,0.000000,0.775530,0.541960
2017-01-20,2.524176,0.000000,0.767436,0.136694
2017-01-21,2.497935,0.000000,0.772071,0.137316
2017-01-22,2.476465,0.000000,0.756455,0.111117
2017-01-23,2.454036,0.000000,1.158279,0.113686
2017-01-24,2.432087,0.000000,1.408967,0.136173
2017-01-25,2.411759,0.000000,0.737530,0.135685
2017-01-26,2.389965,0.000000,0.728206,0.140647
2017-01-27,2.371782,0.000000,0.722311,0.112737
2017-01-28,2.352384,0.000000,0.716832,0.136060
2017-01-29,2.333646,0.000000,0.707737,0.138513
2017-01-30,2.315558,0.000000,0.704308,0.138677
2017-01-31,2.297575,0.000000,0.697353,0.133311
2017-02-01,2.278702,0.000000,0.688583,0.138882
2017-02-02,2.263655,0.000000,0.693382,0.136316
2017-02-03,2.246860,0.000000,0.681177,0.140432
2017-02-04,2.229923,0.000000,0.712272,0.130498
2017-02-05,2.213153,0.000000,0.667865,0.141386
2017-02-06,2.195089,0.000000,0.662923,0.133303
2017-02-07,2.180526,0.000000,0.736587,0.135515
2017-02-08,2.164625,0.000000,0.845648,0.107827
2017-02-09,2.149137,0.000000,0.650242,0.134856
2017-02-10,2.134117,0.000000,0.640571,0.110568
2017-02-11,2.117588,0.000000,0.686914,0.138948
2017-02-12,2.104073,0.000000,1.896765,0.542746
2017-02-13,2.089092,0.000000,0.623280,0.141785
2017-02-14,2.074054,0.000000,0.638519,0.133020
2017-02-15,2.059165,0.000000,0.617505,0.130937
2017-02-16,2.043238,0.000000,0.605638,0.128524
2017-02-17,2.030282,0.000000,0.601891,0.135053
2017-02-18,2.016254,0.000000,0.598958,0.154287
2017-02-19,2.002512,0.000000,0.591427,0.133516
2017-02-20,1.988785,0.000000,0.591150,0.132987
2017-02-21,1.973692,0.000000,0.581297,0.133341
2017-02-22,1.961443,0.000000,0.579805,0.134192
2017-02-23,1.947750,0.000000,0.573631,0.134493
2017-02-24,1.934555,0.000000,0.586207,0.133406
2017-02-25,1.921424,0.000000,0.567138,0.129781
2017-02-26,1.907117,0.000000,0.560794,0.111639
2017-02-27,1.895445,0.000000,0.555740,0.132012
2017-02-28,1.882409,0.000000,0.555413,0.132721
2017-03-01,1.868321,0.000000,0.547742,0.133129
2017-03-02,1.856924,0.000000,0.545886,0.108320
2017-03-03,1.844593,0.000000,0.540244,0.132974
2017-03-04,1.832555,0.000000,0.537834,0.133087
2017-03-05,1.820465,0.000000,0.530296,0.131485
2017-03-06,1.807054,0.000000,0.526733,0.135829
2017-03-07,1.796058,0.000000,0.522496,0.132699
2017-03-08,1.783728,0.000000,0.521631,0.131307
2017-03-09,1.771416,0.000000,0.516571,0.133016
2017-03-10,1.759195,0.000000,0.512223,0.131708
2017-03-11,1.745835,0.000000,0.508659,0.132286
2017-03-12,1.735060,0.000000,0.507310,0.107197
2017-03-13,1.723458,0.000000,0.499669,0.132727
2017-03-14,1.711978,0.000000,0.496609,0.127736
2017-03-15,1.700931,0.000000,0.494783,0.127214
2017-03-16,1.689561,0.000000,0.492817,0.131556
2017-03-17,1.680606,0.000000,0.478156,0.136187
2017-03-18,1.670511,0.000000,0.486444,0.129056
2017-03-19,1.660523,0.000000,0.477433,0.130557
2017-03-20,1.650721,0.000000,0.475600,0.129956
2017-03-21,1.639907,0.000000,0.470670,0.130043
2017-03-22,1.631588,0.000000,0.466193,1.438200
2017-03-23,1.622714,0.000000,0.481952,0.126652
2017-03-24,1.614009,0.000000,0.457204,0.115683
2017-03-25,1.605378,0.000000,0.457470,0.127976
2017-03-26,1.595568,0.000000,0.453363,0.108389
2017-03-27,1.588060,0.000000,0.448847,0.128367
2017-03-28,1.579485,0.000000,0.443700,0.129564
2017-03-29,1.570821,0.000000,0.445197,0.126699
2017-03-30,1.562093,0.000000,0.437804,0.124854
2017-03-31,1.553456,0.000000,0.433280,0.127677
2017-04-01,1.543796,0.000000,0.429461,0.126405
2017-04-02,1.536460,0.000000,0.428916,0.132146
2017-04-03,1.528248,0.000000,0.429086,0.123441
2017-04-04,1.520265,0.000000,0.419976,0.128700
2017-04-05,1.512177,0.000000,0.417370,0.124658
2017-04-06,1.503120,0.000000,0.413018,0.124929
2017-04-07,1.496173,0.000000,0.415979,0.127163
2017-04-08,1.488169,0.000000,0.407251,0.125815
2017-04-09,1.480126,0.000000,0.402091,0.106111
2017-04-10,1.472144,0.000000,0.407065,0.122697
2017-04-11,1.463183,0.000000,0.404216,1.210278
2017-04-12,1.456304,0.000000,0.394136,0.128867
2017-04-13,1.448366,0.000000,0.394586,0.156181
2017-04-14,1.440460,0.000000,0.393312,0.121924
2017-04-15,1.432585,0.000000,0.386737,0.129641
2017-04-16,1.423818,0.000000,0.386139,0.123977
2017-04-17,1.417158,0.000000,0.381559,0.105991
2017-04-18,1.409655,0.000000,0.379459,0.122632
2017-04-19,1.402232,0.000000,0.378829,0.126209
2017-04-20,1.394771,0.000000,0.372347,0.104138
2017-04-21,1.386339,0.000000,0.373114,0.126198
2017-04-22,1.379956,0.000000,0.367069,1.335956
2017-04-23,1.372701,0.000000,0.364180,2.929331
2017-04-24,1.365546,0.000000,0.393243,1.129060
2017-04-25,1.358570,0.000000,2.143547,0.658351
2017-04-26,1.350708,0.000000,7.418168,0.620615
2017-04-27,1.345486,0.000000,0.485785,0.640223
2017-04-28,1.339056,0.000000,0.482786,0.131059
2017-04-29,1.331896,0.000000,0.598830,0.124963
2017-04-30,1.324832,0.000000,1.242586,0.123676
2017-05-01,1.316956,0.000000,2.429570,2.468900
2017-05-02,1.310211,0.176510,7.840238,0.814268
2017-05-03,1.326336,7.853210,42.511645,0.316132
2017-05-04,1.250672,7.654577,20.254160,0.476909
2017-05-05,1.150362,2.766456,5.490153,0.541373
2017-05-06,1.144852,2.754463,6.378573,0.607453
2017-05-07,1.146127,3.208163,12.715066,0.693756
2017-05-08,1.150262,3.852332,6.186940,0.784967
2017-05-09,1.205001,6.597091,11.563268,1.585545
2017-05-10,1.238626,0.622069,2.621304,1.482637
2017-05-11,1.370809,0.034480,2.018811,1.880385
2017-05-12,1.572298,0.031120,1.240871,1.354422
2017-05-13,1.788895,0.021017,1.404619,2.136588
2017-05-14,1.985168,0.173342,3.553644,1.175352
2017-05-15,2.171339,2.417627,5.872831,1.271570
2017-05-16,2.328165,3.815147,6.774022,0.997594
2017-05-17,2.458320,2.692954,5.789892,2.089646
2017-05-18,2.452845,2.900048,7.262760,2.781482
2017-05-19,2.654772,6.102644,12.836080,5.024815
2017-05-20,2.804847,13.621177,15.125614,5.640421
2017-05-21,3.018289,9.016157,14.671469,5.228152
2017-05-22,3.811113,6.321984,11.620327,3.622826
2017-05-23,5.020039,4.077854,14.163591,4.947120
2017-05-24,6.419875,4.036397,12.044209,0.812302
2017-05-25,7.667605,4.427745,12.672450,12.040143
2017-05-26,8.837656,1.988325,11.621009,11.782887
2017-05-27,10.098122,1.515192,11.086909,9.349887
2017-05-28,11.272772,2.073572,9.891414,6.388219
2017-05-29,12.117271,2.360535,12.519347,9.448996
2017-05-30,12.638166,2.621716,10.072524,6.337365
2017-05-31,13.046288,0.941761,9.734532,6.860309
2017-06-01,13.633161,1.207576,10.331063,6.585884
2017-06-02,14.146413,3.196820,13.066998,13.722900
2017-06-03,14.269424,3.811047,13.218382,12.319106
2017-06-04,15.275486,5.391017,14.681533,7.696539
2017-06-05,14.584049,7.786577,17.765566,15.565678
2017-06-06,15.789576,4.849692,15.900703,14.657724
2017-06-07,16.801286,5.773940,19.192768,16.889770
2017-06-08,17.334663,6.560845,17.452690,13.357672
2017-06-09,17.759485,6.849264,17.619978,14.865019
2017-06-10,18.251772,5.904334,18.797980,14.741916
2017-06-11,19.277116,6.187976,19.985413,16.155488
2017-06-12,18.971168,6.265017,22.067169,16.638443
2017-06-13,19.619496,10.310884,22.705793,15.561115
2017-06-14,21.067883,10.345965,26.830621,16.437550
2017-06-15,20.608517,14.180876,31.833365,19.390010
2017-06-16,21.324246,11.532399,28.652278,14.961639
2017-06-17,21.997815,14.837362,31.881061,16.062319
2017-06-18,22.900717,6.018155,32.278939,20.230124
2017-06-19,23.239311,6.442690,32.732557,18.268185
2017-06-20,23.321463,18.612102,42.114144,18.305291
2017-06-21,23.698118,24.177011,44.123426,21.546223
2017-06-22,26.270391,20.342334,45.241247,19.034356
2017-06-23,28.939444,12.047463,34.862434,17.258041
2017-06-24,30.158861,8.361083,36.701972,21.067840
2017-06-25,30.066261,8.060912,34.375052,19.859898
2017-06-26,29.284479,8.748005,34.199169,19.427810
2017-06-27,28.315808,8.736804,33.147538,18.866737
2017-06-28,27.604085,8.915795,31.645421,19.733692
2017-06-29,27.086588,8.054571,29.316626,18.057556
2017-06-30,27.151436,9.194623,28.282036,15.935300
2017-07-01,26.602201,12.301149,26.290913,14.486069
2017-07-02,27.904385,5.707501,20.251346,6.613639
2017-07-03,26.735555,5.848426,20.791043,13.788425
2017-07-04,26.012852,5.356355,21.265543,11.565814
2017-07-05,25.022421,9.692861,18.266425,10.067494
2017-07-06,23.968153,16.759300,30.195063,21.671462
2017-07-07,22.900123,18.079999,30.052820,20.680788
2017-07-08,22.091735,6.954350,20.943828,19.779738
2017-07-09,21.816912,6.826249,21.095346,19.895690
2017-07-10,21.406433,8.117004,19.458682,18.195063
2017-07-11,21.307675,8.214572,18.837886,17.679057
2017-07-12,21.415951,6.628373,19.246350,17.253490
2017-07-13,21.296375,6.777553,18.963607,17.437886
2017-07-14,20.757904,16.156665,20.493247,15.035441
2017-07-15,20.595580,20.281155,20.777800,15.223194
2017-07-16,21.212844,8.047186,21.656473,14.425375
2017-07-17,20.888095,15.383839,15.423556,10.712870
2017-07-18,20.820043,20.829132,22.064415,18.526436
2017-07-19,21.119065,11.838742,15.978292,14.203196
2017-07-20,21.677521,7.549425,17.700055,18.406111
2017-07-21,22.311745,8.183140,15.577985,18.303581
2017-07-22,23.420295,31.182147,17.262909,10.849528
2017-07-23,23.769702,12.459776,12.492707,17.373030
2017-07-24,26.004202,16.556737,17.504935,16.574399
2017-07-25,26.552153,38.906087,48.607756,20.113110
2017-07-26,26.329404,28.791037,14.135743,19.977652
2017-07-27,26.742445,11.314562,10.980852,16.338237
2017-07-28,26.475369,10.317806,11.702103,15.984801
2017-07-29,25.466734,11.198412,12.505004,16.890512
2017-07-30,24.253848,9.136947,11.264632,15.527550
2017-07-31,23.135422,7.130668,11.059413,15.694930
2017-08-01,22.083401,6.226199,11.225231,15.074221
2017-08-02,21.108444,6.731812,11.735987,13.998611
2017-08-03,20.179932,7.466371,11.178804,13.233736
2017-08-04,19.403215,7.443349,11.242944,11.127204
2017-08-05,18.688860,6.861023,9.440067,10.665907
2017-08-06,17.842115,4.668710,9.672909,8.981243
2017-08-07,17.082381,8.358318,10.468213,7.917682
2017-08-08,16.312458,8.560565,9.995286,12.403082
2017-08-09,15.538234,5.699181,9.176562,8.841974
2017-08-10,15.038797,5.594793,9.544337,8.819007
2017-08-11,14.606626,7.226575,9.257142,10.462130
2017-08-12,14.135615,6.051435,9.031145,10.976410
2017-08-13,13.667861,4.819777,10.049130,14.160957
2017-08-14,13.418368,6.368606,8.280093,12.604701
2017-08-15,13.091487,6.694200,7.913221,8.034903
2017-08-16,12.721897,5.465421,7.925531,9.004114
2017-08-17,12.336238,5.835099,7.010549,6.912981
2017-08-18,12.014042,4.742177,5.776266,3.015556
2017-08-19,11.746282,5.206393,8.126493,11.385630
2017-08-20,11.590527,3.085281,7.626609,7.110103
2017-08-21,10.934473,6.985584,7.135256,6.981294
2017-08-22,10.628183,6.363310,9.215700,10.756111
2017-08-23,10.272974,5.192603,5.865778,11.075086
2017-08-24,10.141765,4.766745,15.639481,9.590092
2017-08-25,10.163781,21.692337,14.856338,10.472076
2017-08-26,9.642135,23.680679,8.602749,10.008144
2017-08-27,10.283574,16.683284,10.834974,7.062248
2017-08-28,10.796418,7.872621,4.163120,9.515855
2017-08-29,10.998586,4.134175,3.975625,7.195002
2017-08-30,10.901268,4.736852,3.959951,7.075696
2017-08-31,11.202693,11.036475,5.102608,9.218327
2017-09-01,10.469862,15.699078,7.358750,12.002283
2017-09-02,10.209795,4.233086,3.922520,5.709036
2017-09-03,10.597924,10.110703,7.386666,7.480112
2017-09-04,9.938884,15.925111,17.832712,14.952368
2017-09-05,9.166752,5.244577,4.373440,9.698035
2017-09-06,9.233452,5.461839,4.747563,7.748203
2017-09-07,8.400785,3.119004,2.049447,2.139903
2017-09-08,8.054267,3.743568,3.145329,3.731080
2017-09-09,7.730861,3.703790,4.299793,8.169494
2017-09-10,7.451350,1.839925,1.910437,5.716298
2017-09-11,7.197421,0.510728,2.511940,2.739441
2017-09-12,6.965157,1.954922,1.954834,4.699523
2017-09-13,6.739107,1.035095,1.048340,4.120474
2017-09-14,6.522112,1.986042,2.971773,1.033808
2017-09-15,6.793107,9.029885,30.910171,9.043303
2017-09-16,7.599366,20.850108,32.483481,13.802417
2017-09-17,6.274720,8.979490,11.206674,7.551660
2017-09-18,5.675917,1.666062,2.392423,2.796688
2017-09-19,5.791832,9.437217,9.659838,5.006097
2017-09-20,5.571716,2.507581,1.802145,4.406516
2017-09-21,5.691855,14.570860,10.790253,6.557713
2017-09-22,5.494145,4.806545,4.570297,3.620854
2017-09-23,5.828789,5.383305,3.680802,2.930339
2017-09-24,5.511961,20.765870,17.426513,8.886443
2017-09-25,5.489973,4.793097,6.375742,3.551836
2017-09-26,5.253245,10.998282,17.287315,11.367712
2017-09-27,5.452748,9.174994,4.063861,2.922516
2017-09-28,5.235926,0.171568,1.472714,0.151343
2017-09-29,5.076137,0.006830,1.550527,0.841528
2017-09-30,5.078386,0.000000,1.597640,0.305071
2017-10-01,5.684215,0.337149,3.915959,0.341081
2017-10-02,5.420331,1.452546,2.655885,0.554479
2017-10-03,5.215909,0.325476,1.834552,1.092310
2017-10-04,5.214661,0.012868,1.718826,0.445889
2017-10-05,5.201085,0.000499,1.836215,0.566261
2017-10-06,5.198071,0.000049,1.816438,0.969209
2017-10-07,5.208272,0.626152,2.313370,0.493127
2017-10-08,5.770707,2.596619,5.403919,0.386626
2017-10-09,5.217656,4.097957,5.334968,2.180248
2017-10-10,5.223675,2.083309,2.609642,0.659804
2017-10-11,5.203763,4.981902,4.999800,2.632205
2017-10-12,5.204767,0.504662,1.675691,0.125550
2017-10-13,5.147950,0.150919,1.661935,0.125336
2017-10-14,5.100437,0.013678,1.643942,0.121048
2017-10-15,5.065492,0.000000,1.674841,0.121669
2017-10-16,5.033731,0.000000,2.037704,0.121304
2017-10-17,5.012876,0.630385,3.443532,0.390934
2017-10-18,4.997685,0.140260,3.544271,0.246546
2017-10-19,4.982012,1.364886,4.464090,0.233796
2017-10-20,4.967666,2.963161,9.407792,0.943742
2017-10-21,4.906040,0.657900,2.078866,0.840712
2017-10-22,4.817155,0.001713,1.566031,0.118637
2017-10-23,4.885131,0.043037,1.585453,0.119041
2017-10-24,4.750096,0.416021,1.592702,0.135775
2017-10-25,4.737431,0.000453,1.602534,0.121096
2017-10-26,4.723437,2.403808,3.670810,0.191639
2017-10-27,4.762701,5.020832,2.001668,0.366177
2017-10-28,4.691064,0.024788,1.620235,0.334807
2017-10-29,4.627945,0.000000,1.614788,0.343021
2017-10-30,4.623119,0.000000,1.612882,0.115062
2017-10-31,4.646462,0.000000,1.613687,0.128898
2017-11-01,4.675749,0.000000,1.623217,0.229664
2017-11-02,4.717791,0.000000,1.603533,0.118517
2017-11-03,4.763694,0.000000,1.584443,0.119895
2017-11-04,4.802811,0.000000,1.573557,0.116300
2017-11-05,4.832934,0.000000,1.556600,0.189601
2017-11-06,4.851892,0.000000,1.546797,0.121304
2017-11-07,4.870112,0.000000,1.534099,0.117227
2017-11-08,4.878278,0.000000,1.519110,0.114940
2017-11-09,4.880029,0.000000,1.506701,0.112269
2017-11-10,4.874821,0.000000,1.494699,0.114734
2017-11-11,4.860164,0.000000,1.477734,0.114415
2017-11-12,4.847582,0.000000,1.464979,0.114118
2017-11-13,4.827827,0.000000,1.451644,0.113143
2017-11-14,4.804799,0.000000,1.440094,0.118033
2017-11-15,4.779644,0.000000,1.427546,0.113606
2017-11-16,4.747428,0.000000,1.409103,0.118202
2017-11-17,4.719446,0.000000,1.399750,0.114102
2017-11-18,4.685107,0.000000,1.382421,0.120795
2017-11-19,4.648678,0.000000,1.370132,0.113518
2017-11-20,4.611398,0.000000,1.356403,0.111427
2017-11-21,4.568773,0.000000,1.344194,0.114914
2017-11-22,4.531072,0.000000,1.330253,0.112197
2017-11-23,4.489458,0.000000,1.314328,0.112094
2017-11-24,4.446369,0.000000,1.302045,0.112395
2017-11-25,4.402333,0.000000,1.286210,0.111538
2017-11-26,4.354501,0.000000,1.273762,0.111727
2017-11-27,4.312627,0.000000,1.255120,0.121730
2017-11-28,4.267796,0.000000,1.241933,0.121906
2017-11-29,4.223583,0.000000,6.655387,0.123880
2017-11-30,6.541652,0.209240,12.472963,0.175661
2017-12-01,4.136664,0.051736,2.017365,0.103527
2017-12-02,4.104466,0.000040,1.184894,0.110407
2017-12-03,4.058790,0.000000,1.167197,0.109311
2017-12-04,4.009388,0.000000,1.156850,0.111329
2017-12-05,3.959422,0.000000,1.139299,0.106034
2017-12-06,3.907540,0.000000,1.125452,0.106346
2017-12-07,3.863305,0.000000,1.121518,0.112521
2017-12-08,3.818326,0.000000,1.094771,0.108158
2017-12-09,3.774282,0.000000,1.088335,0.110882
2017-12-10,3.731272,0.000000,1.069821,0.107967
2017-12-11,3.690744,0.000000,1.058043,0.107630
2017-12-12,3.657333,0.000000,1.039584,0.108783
2017-12-13,3.622065,0.000000,1.027756,0.108450
2017-12-14,3.587154,0.000000,1.012219,0.109999
2017-12-15,3.553052,0.000000,1.000982,0.108871
2017-12-16,3.516952,0.000000,0.986626,0.107052
2017-12-17,3.485980,0.000000,0.969348,0.109262
2017-12-18,3.452711,0.000000,0.985830,0.108243
2017-12-19,3.419782,0.000000,0.943108,0.107078
2017-12-20,3.387117,0.000000,0.936089,0.107788
2017-12-21,3.352045,0.000000,0.917989,0.108814
2017-12-22,3.322219,0.000000,0.904573,0.105716
2017-12-23,3.290418,0.000000,0.893469,0.105381
2017-12-24,3.258952,0.000000,0.878888,0.107056
2017-12-25,3.228259,0.000000,0.866082,0.106086
2017-12-26,3.195210,0.000000,0.854815,0.107318
2017-12-27,3.167145,0.000000,0.843510,0.103529
2017-12-28,3.137939,0.000000,0.826540,0.107093
2017-12-29,3.108777,0.000000,0.814897,0.100781
2017-12-30,3.080058,0.000000,0.803949,0.107015
2017-12-31,3.051550,0.000000,0.788958,0.103979
2018-01-01,3.029706,0.000000,0.775441,0.104338
2018-01-02,3.003554,0.000000,0.763983,0.105559
2018-01-03,2.975773,0.000000,0.748026,0.101191
2018-01-04,2.948377,0.000000,0.733922,0.105089
2018-01-05,2.920887,0.000000,0.724759,0.101029
2018-01-06,2.891730,0.000000,0.713511,0.104384
2018-01-07,2.868218,0.000000,0.698800,0.103543
2018-01-08,2.843212,0.000000,0.684585,0.100601
2018-01-09,2.818636,0.000000,0.677563,0.101353
2018-01-10,2.794100,0.000000,0.817263,0.103239
2018-01-11,2.768640,0.000000,0.677096,0.103913
2018-01-12,2.747264,0.000000,1.484062,0.102254
2018-01-13,2.723879,0.000000,0.632186,0.102348
2018-01-14,2.701079,0.000000,0.637463,0.099571
2018-01-15,2.678433,0.000000,0.615698,0.101719
2018-01-16,2.654518,0.000000,0.604159,0.098680
2018-01-17,2.634309,0.000000,0.597641,0.100278
2018-01-18,2.612706,0.000000,0.587613,0.100841
2018-01-19,2.592735,0.000000,0.576189,0.099806
2018-01-20,2.572775,0.000000,0.569670,0.100706
2018-01-21,2.551221,0.000000,0.561552,0.098675
2018-01-22,2.533464,0.000000,0.552996,0.101886
2018-01-23,2.513897,0.000000,0.543610,0.098968
2018-01-24,2.494500,0.000000,0.537630,0.101179
2018-01-25,2.475141,0.000000,0.528506,0.100030
2018-01-26,2.454171,0.000000,0.521820,0.521587
2018-01-27,2.436940,0.000000,0.529413,0.097356
2018-01-28,2.418290,0.000000,0.525843,0.100369
2018-01-29,2.399724,0.000000,0.498544,0.099594
2018-01-30,2.381015,0.000000,0.489246,0.099051
2018-01-31,2.362225,0.000000,0.483546,0.099487
2018-02-01,2.341957,0.000000,0.477032,0.099696
2018-02-02,2.325232,0.000000,0.483487,0.098269
2018-02-03,2.307264,0.000000,0.463720,0.246431
2018-02-04,2.289487,0.000000,0.460689,0.100097
2018-02-05,2.271796,0.000000,0.451894,0.096019
2018-02-06,2.252985,0.000000,0.441572,0.102000
2018-02-07,2.237576,0.000000,0.437696,0.100626
2018-02-08,2.220703,0.000000,0.433681,0.094033
2018-02-09,2.203838,0.000000,0.425792,0.097844
2018-02-10,2.186967,0.000000,0.418121,0.096829
2018-02-11,2.168806,0.000000,0.413094,0.095625
2018-02-12,2.153728,0.000000,0.407429,0.100972
2018-02-13,2.137511,0.000000,0.402571,0.095121
2018-02-14,2.121737,0.000000,0.396451,0.096085
2018-02-15,2.106241,0.000000,0.391620,0.095721
2018-02-16,2.089182,0.000000,0.389896,0.097488
2018-02-17,2.075198,0.000000,0.379650,0.098594
2018-02-18,2.060022,0.000000,0.374911,0.095123
2018-02-19,2.045111,0.000000,0.492895,0.096999
2018-02-20,2.030409,0.000000,0.511626,0.113956
2018-02-21,2.014791,0.000000,0.361605,0.095861
2018-02-22,2.002355,0.000000,0.361465,0.094461
2018-02-23,1.988587,0.000000,0.352484,0.095222
2018-02-24,1.974571,0.000000,0.913169,0.093057
2018-02-25,1.960963,0.000000,0.352944,0.096278
2018-02-26,1.946799,0.000000,0.483101,0.095246
2018-02-27,1.935660,0.000000,0.334205,0.100583
2018-02-28,1.923076,0.000000,0.334539,0.107345
2018-03-01,1.909338,0.000000,0.327768,0.094889
2018-03-02,1.898728,0.000000,0.324209,0.095898
2018-03-03,1.886963,0.000000,0.322664,0.094151
2018-03-04,1.875230,0.000000,0.313305,0.097026
2018-03-05,1.863648,0.000000,0.313770,0.095374
2018-03-06,1.850889,0.000000,0.310868,0.094180
2018-03-07,1.840635,0.000000,0.305900,0.093746
2018-03-08,1.829156,0.000000,0.299165,0.094605
2018-03-09,1.817706,0.000000,0.299525,0.093010
2018-03-10,1.806410,0.000000,0.294138,0.092957
2018-03-11,1.794713,0.000000,0.289645,0.090148
2018-03-12,1.785807,0.000000,0.287235,0.092076
2018-03-13,1.775794,0.000000,0.284752,0.089303
2018-03-14,1.765877,0.000000,0.278420,0.092384
2018-03-15,1.755844,0.000000,0.276228,0.105487
2018-03-16,1.744702,0.000000,0.271254,0.090727
2018-03-17,1.736371,0.000000,0.685992,0.092803
2018-03-18,1.726749,0.000000,3.626928,0.262449
2018-03-19,1.717134,0.000000,1.268636,0.824257
2018-03-20,1.707501,0.000000,1.157812,0.812890
2018-03-21,1.696637,0.000000,0.715897,0.089904
2018-03-22,1.688118,0.000000,0.312895,0.091234
2018-03-23,1.678497,0.000000,0.253190,0.097268
2018-03-24,1.668886,0.000000,0.286754,0.093059
2018-03-25,1.659209,0.000000,0.243909,0.091051
2018-03-26,1.648446,0.000000,0.243555,0.089401
2018-03-27,1.640117,0.000000,0.269842,0.108314
2018-03-28,1.630554,0.000000,0.234281,0.087384
2018-03-29,1.620921,0.000000,0.235405,0.090141
2018-03-30,1.611507,0.000000,0.231647,0.104717
2018-03-31,1.602112,0.000000,0.228752,0.089308
2018-04-01,1.591668,0.000000,0.227266,0.089238
2018-04-02,1.583587,0.000000,0.223474,0.086526
2018-04-03,1.574489,0.000000,0.224688,0.089885
2018-04-04,1.565486,0.000000,0.218501,0.086614
2018-04-05,1.556567,0.000000,0.220079,0.089801
2018-04-06,1.546573,0.000000,0.213540,0.089082
2018-04-07,1.538754,0.000000,0.211488,0.085930
2018-04-08,1.529940,0.000000,0.362142,0.086323
2018-04-09,1.521170,0.000000,0.405683,0.090072
2018-04-10,1.512358,0.000000,0.218074,0.086681
2018-04-11,1.502557,0.000000,0.706191,0.089011
2018-04-12,1.494973,0.000000,0.985577,1.227744
2018-04-13,1.486402,0.000000,1.060315,0.090869
2018-04-14,1.477983,0.000000,3.277687,0.703986
2018-04-15,1.469844,0.000000,0.595899,1.102543
2018-04-16,1.460613,0.000000,7.060410,0.406132
2018-04-17,2.193960,0.000000,12.923799,0.379795
2018-04-18,8.154550,2.222877,12.275367,0.523944
2018-04-19,5.747602,1.909958,11.350849,0.351946
2018-04-20,4.253640,1.266227,2.688276,0.501355
2018-04-21,1.546457,0.104805,2.859649,0.773251
2018-04-22,1.400033,0.000095,0.835846,0.319042
2018-04-23,1.381557,0.000000,1.541536,0.799817
2018-04-24,1.367411,0.000000,1.431063,1.256798
2018-04-25,1.356444,0.000000,2.035312,0.086106
2018-04-26,1.346845,0.000000,1.532885,0.684331
2018-04-27,1.341179,0.000000,1.492452,0.716880
2018-04-28,1.336236,0.000000,1.950460,0.846427
2018-04-29,1.332153,0.000000,1.796552,1.008740
2018-04-30,1.328778,0.000000,1.022626,0.981357
2018-05-01,1.324907,0.000000,2.196311,0.075968
2018-05-02,1.323248,0.000000,1.041116,0.325293
2018-05-03,1.321072,0.000000,1.711282,1.429325
2018-05-04,1.319158,0.000000,3.329440,0.074147
2018-05-05,1.317221,0.000000,3.229791,0.795155
2018-05-06,1.314517,0.000000,3.050984,1.286420
2018-05-07,1.313825,0.000000,3.133317,0.703860
2018-05-08,1.312722,0.000000,4.149575,0.076182
2018-05-09,1.311680,0.000000,1.469552,0.075882
2018-05-10,1.310530,0.000000,2.672797,0.665581
2018-05-11,1.308429,0.000000,3.681878,0.614681
2018-05-12,1.308212,0.000000,6.029353,0.473841
2018-05-13,1.307007,0.000000,4.446658,0.769110
2018-05-14,3.697699,0.000000,4.198908,1.007108
2018-05-15,1.306857,0.000000,0.360394,1.376963
2018-05-16,1.304054,0.000000,0.544148,0.779285
2018-05-17,6.390894,0.906170,3.390940,0.577153
2018-05-18,1.306035,0.436005,0.247316,1.356085
2018-05-19,1.297184,0.000385,0.210183,1.338812
2018-05-20,1.967281,0.000000,0.863365,1.199141
2018-05-21,2.974389,0.359324,0.195711,0.831390
2018-05-22,2.040549,0.152349,1.918859,1.538268
2018-05-23,7.818693,3.711179,2.787314,0.911531
2018-05-24,1.384585,0.340965,0.817620,1.456196
2018-05-25,1.255626,0.000289,1.123863,0.528102
2018-05-26,5.321073,1.464168,1.223824,1.032959
2018-05-27,5.326311,2.007647,1.079804,0.736954
2018-05-28,2.535885,0.420518,0.566215,0.727570
2018-05-29,12.782499,3.796114,5.804180,0.432036
2018-05-30,13.449750,5.122530,6.430531,0.459225
2018-05-31,8.282482,2.685577,6.516246,0.361589
2018-06-01,7.326880,2.537154,11.362893,0.461946
2018-06-02,9.237375,4.531955,12.695184,0.996174
2018-06-03,7.768127,4.124275,13.314984,0.769121
2018-06-04,7.565209,4.131516,14.238934,1.428057
2018-06-05,7.706449,5.068337,12.243850,2.757117
2018-06-06,9.492764,6.253343,17.761301,2.452363
2018-06-07,11.017662,8.125682,21.753488,5.183115
2018-06-08,9.242171,5.473574,9.841927,4.570431
2018-06-09,10.084478,5.277150,10.924667,2.658907
2018-06-10,12.310399,7.956294,12.155535,3.103292
2018-06-11,12.789555,7.218077,10.736050,3.007971
2018-06-12,10.217053,5.446406,12.353621,9.964283
2018-06-13,9.211432,3.916595,12.056449,10.239662
2018-06-14,13.162270,5.300551,11.522918,10.304792
2018-06-15,11.139149,4.080518,14.321811,8.843732
2018-06-16,14.465065,3.526306,12.793386,7.632424
2018-06-17,16.135879,2.971982,14.195773,11.031178
2018-06-18,9.273151,3.819443,14.131882,8.564389
2018-06-19,10.168895,4.769454,16.229479,11.171765
2018-06-20,11.164982,6.306119,20.119083,12.990021
2018-06-21,13.233094,10.230311,20.525007,8.465750
2018-06-22,14.000875,12.789956,19.364263,18.381117
2018-06-23,14.465859,10.811240,27.139695,8.520111
2018-06-24,14.852272,10.835286,23.785670,9.750374
2018-06-25,16.127639,8.166112,20.999886,14.603260
2018-06-26,17.675203,7.266438,18.710368,12.347522
2018-06-27,20.519434,7.463103,19.658907,17.680428
2018-06-28,26.629566,11.540078,22.498979,10.600257
2018-06-29,18.266628,15.303927,21.919239,10.677224
2018-06-30,20.447036,8.594917,21.983723,19.670261
2018-07-01,21.798785,9.939662,23.372508,9.880803
2018-07-02,23.056127,19.505548,26.334823,12.539143
2018-07-03,24.856464,8.826625,19.523631,14.122634
2018-07-04,26.878591,6.150881,18.382491,16.531788
2018-07-05,27.822337,5.956946,18.344379,18.392186
2018-07-06,27.698953,7.855963,19.312323,17.647883
2018-07-07,27.141851,9.249676,17.836165,17.303873
2018-07-08,26.342102,9.840346,22.868714,8.223228
2018-07-09,26.252452,13.240855,19.434632,16.617693
2018-07-10,26.798699,7.748213,17.632864,13.101205
2018-07-11,27.606546,8.365298,19.973430,19.193206
2018-07-12,27.557383,6.599343,26.493619,19.213832
2018-07-13,27.251473,10.815753,24.376355,16.485145
2018-07-14,27.322333,7.587026,24.771636,19.215010
2018-07-15,28.339684,20.345106,22.534316,19.916133
2018-07-16,29.806662,10.127328,22.041312,17.809539
2018-07-17,32.736307,8.888966,21.553039,17.193191
2018-07-18,32.227646,6.799866,18.827873,15.209383
2018-07-19,32.409259,6.385749,18.046711,15.135170
2018-07-20,31.901018,11.153502,16.284622,13.301889
2018-07-21,30.448883,6.676175,13.070157,14.660075
2018-07-22,29.300403,7.861357,13.362544,16.221721
2018-07-23,28.677380,6.166228,12.310538,16.190312
2018-07-24,27.591029,8.695598,12.025231,14.648307
2018-07-25,26.404371,10.979205,11.687244,15.273473
2018-07-26,25.521427,7.377207,11.913958,13.523775
2018-07-27,24.838682,6.486413,12.087475,15.300212
2018-07-28,23.862901,11.064542,12.346239,13.544262
2018-07-29,26.722212,44.513419,27.851014,22.400819
2018-07-30,24.307192,37.062507,18.094458,17.729357
2018-07-31,26.316615,27.741479,14.745261,11.681914
2018-08-01,27.442880,12.975730,12.866295,16.219169
2018-08-02,27.007078,7.710329,12.357538,7.126561
2018-08-03,26.198571,7.138712,13.274403,15.357318
2018-08-04,24.618314,7.674112,11.779790,12.744981
2018-08-05,23.220434,6.943337,11.491497,11.950220
2018-08-06,22.056396,8.147052,11.811831,12.388819
2018-08-07,20.628191,6.185707,12.007389,11.364083
2018-08-08,19.743014,6.528352,12.869191,11.429287
2018-08-09,18.922669,6.539235,13.434858,10.708332
2018-08-10,18.069432,7.189231,13.147314,8.166910
2018-08-11,17.282772,13.711320,13.049894,9.478736
2018-08-12,16.739238,14.981933,12.739784,11.083263
2018-08-13,16.194563,19.995968,13.963031,7.632582
2018-08-14,16.019120,22.869649,14.641572,12.375692
2018-08-15,15.857379,9.467324,11.401841,11.039204
2018-08-16,15.810128,6.065301,10.432154,7.230051
2018-08-17,15.525973,6.721167,11.494470,11.287681
2018-08-18,14.927445,5.958065,12.035073,8.165260
2018-08-19,14.566758,5.242125,11.355220,7.180889
2018-08-20,14.117862,4.081203,9.704561,7.079237
2018-08-21,13.694684,3.073505,9.111606,4.029851
2018-08-22,13.163105,4.845128,9.988133,8.469154
2018-08-23,12.560563,4.385234,9.418196,6.956334
2018-08-24,11.922044,3.320142,7.711808,0.832131
2018-08-25,11.339543,2.750192,10.873754,5.938414
2018-08-26,10.841845,2.516340,8.618078,1.586218
2018-08-27,10.535113,6.366652,8.416241,1.444274
2018-08-28,9.964778,3.917868,7.743153,1.288386
2018-08-29,9.560402,3.892948,9.215831,1.831894
2018-08-30,9.252511,6.095354,14.738543,3.610647
2018-08-31,9.841777,15.502264,15.206408,11.775580
2018-09-01,10.321908,8.523143,4.955866,3.024978
2018-09-02,8.430193,3.338952,5.542475,5.151820
2018-09-03,7.724510,3.432960,6.327373,2.682002
2018-09-04,7.822581,6.126774,4.889202,6.599973
2018-09-05,7.257848,5.435933,7.300283,3.725299
2018-09-06,8.933893,13.348296,20.430580,8.382955
2018-09-07,17.875835,34.107125,41.851286,20.188659
2018-09-08,16.053419,33.345763,32.781814,18.182215
2018-09-09,10.967129,11.392238,17.869405,8.186658
2018-09-10,8.986997,10.516256,13.592310,8.678402
2018-09-11,9.849511,3.294846,9.293185,5.378600
2018-09-12,11.330296,7.004185,12.323767,7.519465
2018-09-13,8.587413,6.186480,6.970697,5.158524
2018-09-14,8.115960,2.403554,5.683549,1.173618
2018-09-15,8.847216,3.224078,6.732274,3.511829
2018-09-16,8.504681,3.697193,4.677575,1.505064
2018-09-17,8.651459,7.203863,8.530016,1.219662
2018-09-18,8.627737,3.451475,3.652815,0.964641
2018-09-19,8.665667,0.457664,3.186213,0.479584
2018-09-20,9.541745,0.317805,3.037303,0.097467
2018-09-21,9.612389,0.045218,2.907328,0.082705
2018-09-22,9.596129,0.271434,2.787750,0.092772
2018-09-23,8.456010,0.031935,2.681918,0.273973
2018-09-24,8.761466,0.000026,2.601530,0.299599
2018-09-25,8.354643,0.002952,2.505571,0.078508
2018-09-26,8.120501,0.000440,2.378264,0.078192
2018-09-27,8.006639,0.000000,2.308641,0.077017
2018-09-28,8.822884,0.000000,2.247771,0.508009
2018-09-29,8.447874,0.000000,2.129038,0.421923
2018-09-30,7.603930,0.000000,2.079470,0.310262
2018-10-01,8.180134,0.000000,1.985568,0.087229
2018-10-02,8.806125,0.000000,1.925187,0.091913
2018-10-03,7.384004,0.000000,1.905122,0.105881
2018-10-04,8.099416,0.000000,1.808932,0.104673
2018-10-05,6.882745,0.000000,1.751420,0.219483
2018-10-06,6.741594,0.000000,1.700539,0.104942
2018-10-07,6.609635,0.000000,1.653429,0.104156
2018-10-08,6.478097,0.000000,1.603291,0.102254
2018-10-09,6.360670,0.000000,1.561515,0.101486
2018-10-10,6.246505,0.000000,1.522471,0.100801
2018-10-11,6.128564,0.000000,2.209639,0.103177
2018-10-12,6.066265,0.000000,2.403778,0.188574
2018-10-13,5.911115,0.000000,1.419996,0.099223
2018-10-14,5.803864,0.000000,1.392742,0.102848
2018-10-15,5.700970,0.000000,1.360986,0.098557
2018-10-16,5.596648,0.000000,1.363033,0.099293
2018-10-17,5.500233,0.000000,1.300028,0.099794
2018-10-18,5.401592,0.000000,2.217082,0.099516
2018-10-19,5.303796,0.000000,1.516466,0.100893
2018-10-20,5.209338,0.000000,1.263568,0.097622
2018-10-21,5.116998,0.000000,1.200455,0.098628
2018-10-22,5.033051,0.000000,1.178595,0.200072
2018-10-23,4.945896,0.000000,1.156180,0.095499
2018-10-24,4.867240,0.000000,1.134892,0.096666
2018-10-25,4.798894,0.000000,1.119347,0.095849
2018-10-26,4.728168,0.000000,1.093472,0.126298
2018-10-27,4.664711,0.000000,1.099410,0.095754
2018-10-28,4.598470,0.000000,1.062422,0.113680
2018-10-29,4.532753,0.000000,1.043693,0.113858
2018-10-30,4.467894,0.000000,1.016708,0.096652
2018-10-31,4.405365,0.000000,1.006628,0.108945
2018-11-01,4.341202,0.000000,0.985556,0.094609
2018-11-02,4.284100,0.000000,0.969585,0.096310
2018-11-03,4.224721,0.000000,0.953503,0.130915
2018-11-04,4.166823,0.000000,0.937587,0.110944
2018-11-05,4.110065,0.000000,0.917412,0.093544
2018-11-06,4.050951,0.000000,0.903191,0.109355
2018-11-07,3.998461,0.000000,1.088203,0.113754
2018-11-08,3.946116,0.000000,5.958303,0.112002
2018-11-09,3.886720,0.000000,1.546319,0.115765
2018-11-10,3.839237,0.000000,0.842991,0.110886
2018-11-11,3.786827,0.000000,1.065233,0.111255
2018-11-12,3.738353,0.000000,0.826437,0.108053
2018-11-13,3.686913,0.000000,0.814112,0.111312
2018-11-14,3.633375,0.000000,0.797736,0.107882
2018-11-15,3.581774,0.000000,0.782132,0.110327
2018-11-16,3.530500,0.000000,0.770130,0.106897
2018-11-17,4.001384,0.004885,10.425011,0.167724
2018-11-18,3.439690,1.343933,3.778436,0.130452
2018-11-19,3.407016,0.008330,3.820646,0.137038
2018-11-20,3.390530,0.264878,14.185611,0.182817
2018-11-21,3.344006,1.662300,1.036895,0.106521
2018-11-22,3.301436,0.002440,0.710120,0.106356
2018-11-23,3.242315,0.000000,0.707541,0.107119
2018-11-24,3.191978,0.000000,0.702270,0.104779
2018-11-25,3.149794,0.000000,0.693396,0.109089
2018-11-26,3.110259,0.000000,0.689893,0.131762
2018-11-27,3.079095,0.000000,0.681553,0.104651
2018-11-28,3.048680,0.000000,0.676249,0.105904
2018-11-29,3.020889,0.000000,0.669311,0.105336
2018-11-30,2.995151,0.000000,0.661555,0.106680
2018-12-01,2.968403,0.000000,0.656423,0.106613
2018-12-02,2.946992,0.000000,0.644161,0.105126
2018-12-03,2.924459,0.000000,0.639224,0.102811
2018-12-04,2.902659,0.000000,0.632763,0.102047
2018-12-05,2.881593,0.000000,0.619327,0.105883
2018-12-06,2.858939,0.000000,0.612942,0.105017
2018-12-07,2.840802,0.000000,0.599399,0.103157
2018-12-08,2.820742,0.000000,0.592804,0.101437
2018-12-09,2.800637,0.000000,0.579664,0.106354
2018-12-10,2.780838,0.000000,0.572030,0.109563
2018-12-11,2.759181,0.000000,0.908956,0.100350
2018-12-12,2.741131,0.000000,1.269460,0.104048
2018-12-13,2.721463,0.000000,5.448645,0.104160
2018-12-14,2.701849,0.000000,2.596288,0.102335
2018-12-15,2.682424,0.000000,0.833255,0.102224
2018-12-16,2.662322,0.000000,0.526215,0.106834
2018-12-17,2.646107,0.000000,0.618784,0.099235
2018-12-18,2.628797,0.000000,0.513360,0.102519
2018-12-19,2.612143,0.000000,0.489957,0.103248
2018-12-20,2.595983,0.000000,0.486758,0.101109
2018-12-21,2.578163,0.000000,0.479934,0.103377
2018-12-22,2.563742,0.000000,0.471132,0.101804
2018-12-23,2.547475,0.000000,0.466881,0.100222
2018-12-24,2.531691,0.000000,0.569471,0.103152
2018-12-25,2.516089,0.000000,0.581662,0.097352
2018-12-26,2.498573,0.000000,1.112989,0.101569
2018-12-27,2.484556,0.000000,0.605331,0.097369
2018-12-28,2.468810,0.000000,0.488609,0.106223
2018-12-29,2.453020,0.000000,0.429943,0.100260
2018-12-30,2.436917,0.000000,0.420445,0.100837
2018-12-31,2.420679,0.000000,0.423936,0.097591
2019-01-01,2.433279,0.000000,0.464393,0.101580
2019-01-02,2.418020,0.000000,1.199996,0.100017
2019-01-03,2.541056,0.000000,10.840834,0.102635
2019-01-04,2.409719,0.000000,3.072953,0.103478
2019-01-05,2.367594,0.000000,0.605339,0.098627
2019-01-06,2.349713,0.000000,0.380595,0.104455
2019-01-07,2.334498,0.000000,0.380149,0.096036
2019-01-08,2.317447,0.000000,0.696920,0.096772
2019-01-09,2.300316,0.000000,0.853323,0.100822
2019-01-10,2.283762,0.000000,0.361297,0.096655
2019-01-11,2.266156,0.000000,0.361939,0.097836
2019-01-12,2.251987,0.000000,0.352134,0.098681
2019-01-13,2.236331,0.000000,0.350311,0.095141
2019-01-14,2.220552,0.000000,0.344773,0.099231
2019-01-15,2.204924,0.000000,0.337945,0.094226
2019-01-16,2.187813,0.000000,0.338641,1.263272
2019-01-17,2.174005,0.000000,0.330355,0.099302
2019-01-18,2.158539,0.000000,0.321137,0.096171
2019-01-19,2.143108,0.000000,0.331495,0.100053
2019-01-20,2.127678,0.000000,0.315064,0.089449
2019-01-21,2.110841,0.000000,0.312376,0.100249
2019-01-22,2.097135,0.000000,0.304674,0.095637
2019-01-23,2.082193,0.000000,0.302257,0.095081
2019-01-24,2.067551,0.000000,0.296916,0.099309
2019-01-25,2.053247,0.000000,0.292027,0.097461
2019-01-26,2.037708,0.000000,0.289778,0.094108
2019-01-27,2.025259,0.000000,0.280842,0.095130
2019-01-28,2.011417,0.000000,0.277590,0.095965
2019-01-29,1.997779,0.000000,0.273930,0.092207
2019-01-30,1.984259,0.000000,0.273879,0.097508
2019-01-31,1.970678,0.000000,0.267805,0.096146
2019-02-01,1.955628,0.000000,0.261793,0.097261
2019-02-02,1.943426,0.000000,0.258246,0.095029
2019-02-03,1.929953,0.000000,0.255390,0.091488
2019-02-04,1.916764,0.000000,0.244758,0.098865
2019-02-05,1.903927,0.000000,0.244540,0.096817
2019-02-06,1.890209,0.000000,0.236499,0.094965
2019-02-07,1.879459,0.000000,0.233920,0.092484
2019-02-08,1.868199,0.000000,0.232304,0.097171
2019-02-09,1.857433,0.000000,0.225736,0.095213
2019-02-10,1.847099,0.000000,0.221357,0.094545
2019-02-11,1.835558,0.000000,0.215307,0.094400
2019-02-12,1.826602,0.000000,0.208793,0.096961
2019-02-13,1.816342,0.000000,0.205948,0.095311
2019-02-14,1.806137,0.000000,0.205703,0.100896
2019-02-15,1.796081,0.000000,0.191025,0.098006
2019-02-16,1.784949,0.000000,0.196203,0.097519
2019-02-17,1.776243,0.000000,0.188781,0.093364
2019-02-18,1.766347,0.000000,0.180828,0.095668
2019-02-19,1.756605,0.000000,0.179874,0.095781
2019-02-20,1.746838,0.000000,0.222142,0.095487
2019-02-21,1.735812,0.000000,1.394623,0.095632
2019-02-22,1.727125,0.000000,0.979268,0.096975
2019-02-23,1.717207,0.000000,0.502838,0.095616
2019-02-24,1.707539,0.000000,0.162057,0.095477
2019-02-25,1.698051,0.000000,0.211442,0.094167
2019-02-26,1.687313,0.000000,0.221793,0.096604
2019-02-27,1.679221,0.000000,0.201644,0.095281
2019-02-28,1.669964,0.000000,0.183983,0.095357
2019-03-01,1.659795,0.000000,0.147812,0.095583
2019-03-02,1.652242,0.000000,0.141968,0.123639
2019-03-03,1.643670,0.000000,0.140309,0.095013
2019-03-04,1.635186,0.000000,0.134465,0.094532
2019-03-05,1.626627,0.000000,0.135854,0.095252
2019-03-06,1.616936,0.000000,0.133518,0.093248
2019-03-07,1.609582,0.000000,0.126092,0.094884
2019-03-08,1.601086,0.000000,0.128715,0.095464
2019-03-09,1.592544,0.000000,0.125536,0.095360
2019-03-10,1.583951,0.000000,0.119356,0.094278
2019-03-11,1.574223,0.000000,0.119133,0.427099
2019-03-12,1.566620,0.000000,0.119019,0.096683
2019-03-13,1.557890,0.000000,0.114502,0.100627
2019-03-14,1.549146,0.000000,0.107756,0.093448
2019-03-15,1.540349,0.000000,0.114394,0.095812
2019-03-16,1.530388,0.000000,0.107365,0.092895
2019-03-17,1.522619,0.000000,0.104393,0.091363
2019-03-18,1.514069,0.000000,0.104393,0.114602
2019-03-19,1.505580,0.000000,0.100702,0.086879
2019-03-20,1.497162,0.000000,0.104559,0.099511
2019-03-21,1.487659,0.000000,0.098229,0.089663
2019-03-22,1.480270,0.000000,0.100579,0.083069
2019-03-23,1.471976,0.000000,0.097044,0.089273
2019-03-24,1.463751,0.000000,0.095556,0.950955
2019-03-25,1.455644,0.000000,0.094688,0.091342
2019-03-26,1.446574,0.000000,0.095569,0.107606
2019-03-27,1.439767,0.000000,0.091798,0.108046
2019-03-28,1.432169,0.000000,0.088124,0.108611
2019-03-29,1.424890,0.000000,0.089610,0.108802
2019-03-30,1.417553,0.000000,0.086554,0.103701
2019-03-31,1.410039,0.000000,0.086444,0.107760
2019-04-01,1.401530,0.000000,0.084366,0.108292
2019-04-02,1.395150,0.000000,0.082907,0.755319
2019-04-03,1.388241,0.000000,0.103713,0.107989
2019-04-04,1.381340,0.000000,0.123425,0.108403
2019-04-05,1.374429,0.000000,0.076277,0.109101
2019-04-06,1.366558,0.000000,0.096287,1.455917
2019-04-07,1.360631,0.000000,0.246392,1.511739
2019-04-08,1.353971,0.000000,0.525344,0.883139
2019-04-09,1.347560,0.000000,0.842609,1.819686
2019-04-10,1.496505,0.000000,3.358120,0.844546
2019-04-11,1.334012,1.451926,19.663480,0.373049
2019-04-12,4.640489,4.023358,29.890330,0.359141
2019-04-13,7.882295,8.931738,29.638486,0.400500
2019-04-14,39.386349,10.476923,25.124519,0.546459
2019-04-15,25.890305,4.473349,8.338015,1.835439
2019-04-16,14.405759,1.350023,5.963327,0.572647
2019-04-17,18.145100,2.018503,9.363482,1.424361
2019-04-18,6.322852,0.056045,3.076307,1.003258
2019-04-19,29.415275,1.826941,9.472438,0.965160
2019-04-20,3.788966,0.985403,4.920573,0.607812
2019-04-21,1.799388,0.059510,0.762972,0.165940
2019-04-22,1.416798,0.000052,0.585138,0.108117
2019-04-23,1.480103,0.000000,0.927366,0.107472
2019-04-24,1.538777,0.000000,2.181364,1.190524
2019-04-25,10.118484,3.327906,20.219897,0.290560
2019-04-26,16.992535,9.122494,30.898620,0.239555
2019-04-27,23.284823,20.009653,29.052512,0.640877
2019-04-28,19.063351,14.697168,18.409266,0.404820
2019-04-29,7.007990,18.802168,37.585176,0.813154
2019-04-30,2.210050,14.597596,28.991092,1.112508
2019-05-01,3.102823,8.801529,14.431204,2.624859
2019-05-02,3.427007,2.317478,5.696820,0.778924
2019-05-03,4.088013,1.574368,8.477581,0.686356
2019-05-04,4.990232,2.917939,11.258068,1.509131
2019-05-05,5.550190,2.831451,13.738999,1.658942
2019-05-06,9.404668,3.808460,14.148341,2.425957
2019-05-07,9.699587,3.973693,14.632155,2.088623
2019-05-08,6.896711,2.036453,8.355258,0.768861
2019-05-09,7.000349,2.083705,2.700292,1.571897
2019-05-10,8.101632,1.649958,4.742310,2.070629
2019-05-11,11.510313,2.172815,7.953665,1.032743
2019-05-12,8.688679,1.504936,9.277082,1.923927
2019-05-13,5.385889,0.379468,3.179807,0.716624
2019-05-14,6.899258,7.402677,25.637629,3.056844
2019-05-15,5.564200,21.828443,26.168056,4.482893
2019-05-16,5.204194,10.588305,15.512452,6.475458
2019-05-17,5.236027,12.387592,15.477791,16.396115
2019-05-18,5.696109,16.052176,18.093371,10.697488
2019-05-19,6.471909,16.453524,12.521288,5.152678
2019-05-20,7.721631,11.412288,9.502658,16.001244
2019-05-21,9.187262,5.238786,7.099663,10.938017
2019-05-22,9.959397,6.436210,8.970316,12.242167
2019-05-23,10.223417,5.539939,10.261089,13.733518
2019-05-24,10.006840,5.576074,10.962277,8.455242
2019-05-25,9.570414,5.684448,13.971950,11.860219
2019-05-26,9.134003,5.712786,14.408891,11.542889
2019-05-27,8.725551,5.842450,11.661500,6.479959
2019-05-28,8.345686,4.957137,13.014145,6.400662
2019-05-29,8.653258,6.031497,16.782415,12.285704
2019-05-30,7.847038,5.573581,15.999978,11.266687
2019-05-31,7.624443,4.406082,13.047690,2.894882
2019-06-01,7.454698,4.808761,14.769947,11.687054
2019-06-02,7.344043,5.766144,17.221364,8.822634
2019-06-03,7.353878,6.133973,14.988584,9.795551
2019-06-04,7.389172,5.935624,17.654354,14.376959
2019-06-05,7.496867,6.592189,17.540864,15.234694
2019-06-06,7.609082,6.160892,18.840292,15.000649
2019-06-07,7.943659,6.517108,22.550743,16.707431
2019-06-08,8.170087,6.033598,22.882618,15.664979
2019-06-09,8.402993,6.352426,25.833550,16.383242
2019-06-10,8.938383,6.716214,24.556409,16.909970
2019-06-11,9.087856,5.937659,23.250719,10.239970
2019-06-12,12.168871,11.513133,32.732546,21.775457
2019-06-13,13.406993,11.591296,26.696298,23.243270
2019-06-14,17.457472,11.177147,27.939080,21.307787
2019-06-15,16.537520,9.584487,27.098662,20.655777
2019-06-16,10.801257,8.932657,27.052202,21.863214
2019-06-17,11.511960,10.941351,24.162941,21.122898
2019-06-18,11.715224,9.172441,24.286962,20.785870
2019-06-19,12.073059,10.100324,21.301053,19.601462
2019-06-20,12.161795,9.277845,21.009562,19.574498
2019-06-21,12.446727,9.674870,18.967961,18.695588
2019-06-22,12.497616,10.695940,17.378458,19.872634
2019-06-23,12.481723,11.400946,16.525435,20.857512
2019-06-24,12.474398,12.665865,15.505235,13.758070
2019-06-25,13.379235,20.403755,18.302545,23.744268
2019-06-26,12.792145,10.125393,23.094485,21.471149
2019-06-27,13.512943,6.458119,12.869986,14.394156
2019-06-28,14.038280,21.070612,12.944556,17.382830
2019-06-29,13.152346,27.965196,17.826456,14.313977
2019-06-30,13.283803,17.644777,25.853011,17.373701
2019-07-01,13.938689,9.832484,9.579482,13.707400
2019-07-02,13.713343,12.959236,16.953646,15.299257
2019-07-03,13.907801,39.444361,33.926700,30.741892
2019-07-04,15.598099,18.926371,9.183395,21.924556
2019-07-05,16.526933,9.448049,6.928366,19.600457
2019-07-06,16.077111,8.981005,8.263329,19.648049
2019-07-07,15.853748,8.453049,7.630109,18.793605
2019-07-08,15.448008,8.245992,9.847676,17.416673
2019-07-09,15.757972,6.336098,8.405034,9.559590
2019-07-10,13.728557,6.386599,9.127134,15.600881
2019-07-11,12.770486,8.945966,9.221224,17.357243
2019-07-12,12.422424,9.409174,10.532877,16.565142
2019-07-13,12.093604,9.598681,10.956591,17.856990
2019-07-14,11.139455,8.883149,12.702920,17.918646
2019-07-15,11.080495,15.300487,20.225371,13.985683
2019-07-16,11.632568,22.675055,14.224555,17.994385
2019-07-17,10.415400,9.191975,9.148188,14.163576
2019-07-18,9.949877,9.991255,10.186954,16.426444
2019-07-19,9.733797,8.159788,9.925316,15.192394
2019-07-20,9.578762,7.453323,10.260547,15.495124
2019-07-21,9.547968,7.380407,10.277562,16.933529
2019-07-22,9.659904,9.292383,11.092707,16.750739
2019-07-23,8.900646,11.909408,9.969869,15.103332
2019-07-24,8.647988,9.052876,9.679627,13.474084
2019-07-25,7.799307,9.606930,7.765024,8.656017
2019-07-26,7.395529,15.059944,10.805722,9.080461
2019-07-27,7.991248,11.765353,12.033225,16.048575
2019-07-28,9.461559,39.933023,26.465833,20.698690
2019-07-29,12.041740,44.030479,28.413532,22.595583
2019-07-30,11.833265,53.071094,50.907225,41.277485
2019-07-31,10.976211,40.266851,19.229430,24.454585
2019-08-01,8.969391,14.130221,5.478943,15.296193
2019-08-02,6.237896,6.379832,6.175171,14.582270
2019-08-03,6.216313,6.037732,6.895471,14.735305
2019-08-04,6.178365,10.316477,7.060473,14.520958
2019-08-05,5.943055,6.425666,7.195465,13.222655
2019-08-06,5.700177,5.855844,5.538645,7.115910
2019-08-07,5.905317,5.772697,7.711749,12.663722
2019-08-08,5.658621,5.946152,7.010145,9.879645
2019-08-09,5.720096,6.400202,6.911673,11.966871
2019-08-10,5.484744,6.943583,7.453974,8.706245
2019-08-11,4.892519,4.875536,8.983059,12.960582
2019-08-12,4.724905,5.600827,6.537873,9.488572
2019-08-13,4.603350,4.537931,6.958596,7.939464
2019-08-14,4.521597,3.327274,6.780644,9.622118
2019-08-15,4.733186,6.255759,6.824963,6.843874
2019-08-16,4.407605,8.468250,6.830079,10.306069
2019-08-17,4.413187,4.418099,6.301677,6.714155
2019-08-18,4.325911,4.532888,5.954116,6.013425
2019-08-19,4.222225,4.430786,6.182619,5.320713
2019-08-20,4.132295,4.785097,5.519214,7.639913
2019-08-21,4.071567,5.956927,5.037425,6.776659
2019-08-22,4.017041,6.800206,5.708231,15.615427
2019-08-23,4.282493,15.887040,7.257960,7.820501
2019-08-24,3.949145,21.269316,4.905498,10.710896
2019-08-25,3.884908,16.300252,13.957583,17.652916
2019-08-26,3.830561,9.409648,5.188941,16.459284
2019-08-27,3.770050,3.429567,3.018416,15.701056
2019-08-28,3.708368,2.987582,3.489639,15.370358
2019-08-29,3.649868,2.710630,2.277845,13.403692
2019-08-30,3.593280,2.910705,1.924906,13.563761
2019-08-31,3.540584,2.441054,2.175314,13.942281
2019-09-01,3.488029,2.457504,1.940518,13.699164
2019-09-02,3.441398,2.411515,2.393592,13.703721
2019-09-03,3.395032,1.959570,2.997065,13.893770
2019-09-04,3.351347,3.295418,3.420299,9.878340
2019-09-05,3.308402,4.347806,4.998953,11.121797
2019-09-06,3.267071,1.667380,3.944387,4.504921
2019-09-07,3.462118,14.777874,7.779614,7.754901
2019-09-08,3.270170,15.124346,2.976583,5.060910
2019-09-09,3.366866,6.565151,3.030952,5.757827
2019-09-10,3.200735,2.574188,1.865966,9.285738
2019-09-11,3.400858,1.701084,1.485470,7.840592
2019-09-12,3.086222,1.151670,1.365916,0.693434
2019-09-13,3.295561,0.176654,0.977588,0.780225
2019-09-14,3.000676,0.012082,0.876887,7.780405
2019-09-15,2.880409,0.000002,0.829522,6.375571
2019-09-16,2.850733,0.004692,0.829877,5.661308
2019-09-17,2.829024,0.278980,0.893362,5.980276
2019-09-18,2.808234,0.033223,1.061465,8.064336
2019-09-19,3.705098,1.049788,0.867304,0.728853
2019-09-20,3.545299,2.649158,1.224081,0.519492
2019-09-21,2.815186,8.659432,8.284004,5.734675
2019-09-22,2.762688,24.581581,31.977259,21.116337
2019-09-23,2.723389,23.261146,26.097873,18.886433
2019-09-24,2.785369,11.595242,5.988589,8.422725
2019-09-25,2.718170,4.276309,2.012146,6.307582
2019-09-26,2.677478,7.226692,10.336812,9.689057
2019-09-27,2.671884,10.752139,8.600319,11.327699
2019-09-28,2.608500,2.064208,0.717858,7.419678
2019-09-29,2.577689,0.992899,0.715203,6.740272
2019-09-30,2.551136,1.428126,0.711592,6.061796
2019-10-01,2.528341,0.279322,0.710114,5.292432
2019-10-02,2.513084,0.065862,0.929125,5.186295
2019-10-03,2.500492,5.807022,5.678902,0.698886
2019-10-04,2.489098,17.048427,15.721881,3.271023
2019-10-05,2.244506,12.804583,9.447932,3.143892
2019-10-06,2.296431,8.636606,11.778340,5.572446
2019-10-07,2.554337,1.857086,1.400473,0.134233
2019-10-08,2.530406,1.464113,2.089178,0.603108
2019-10-09,2.824235,3.206175,2.216641,0.574128
2019-10-10,3.078313,0.048732,0.829328,0.130689
2019-10-11,3.298699,0.000044,0.849147,0.190392
2019-10-12,3.494571,0.000000,0.880508,0.126803
2019-10-13,3.646236,0.000000,0.895094,0.130557
2019-10-14,3.770137,0.000000,0.905541,0.125777
2019-10-15,3.868409,0.000000,0.902067,0.130342
2019-10-16,3.939569,0.000000,0.916216,0.126858
2019-10-17,4.003249,0.000000,0.922668,0.424521
2019-10-18,4.054004,0.000000,0.930265,0.346971
2019-10-19,4.090631,0.000000,0.938291,0.125477
2019-10-20,4.114985,0.000000,1.063151,0.128849
2019-10-21,4.125789,0.000000,0.948085,0.125676
2019-10-22,4.132147,0.000000,0.955701,0.126631
2019-10-23,4.126903,0.000000,0.953741,0.126678
2019-10-24,4.114603,0.000000,0.952306,0.126210
2019-10-25,5.207683,0.000000,0.954812,0.125903
2019-10-26,4.075209,0.000000,0.951004,0.125787
2019-10-27,4.057357,0.000000,0.947543,0.124435
2019-10-28,4.032223,0.000000,0.940563,0.125312
2019-10-29,4.003504,0.000000,0.933055,0.122762
2019-10-30,3.972409,0.000000,0.927130,0.126694
2019-10-31,3.938692,0.000000,0.916783,0.122275
2019-11-01,3.901431,0.000000,0.908145,0.126238
2019-11-02,3.868494,0.000000,0.906808,0.120291
2019-11-03,3.831860,0.000000,0.894576,0.126074
2019-11-04,3.793924,0.000000,0.884669,0.122702
2019-11-05,3.755247,0.000000,0.876926,0.125399
2019-11-06,3.714214,0.000000,0.868576,0.122264
2019-11-07,3.678422,0.000000,0.859479,0.124457
2019-11-08,3.639583,0.000000,0.848992,0.121233
2019-11-09,3.599947,0.000000,0.841811,0.124304
2019-11-10,3.559771,0.000000,0.881740,0.121589
2019-11-11,3.520425,0.000000,0.885049,0.167661
2019-11-12,3.488846,0.000000,0.830788,0.119385
2019-11-13,3.456143,0.000000,0.809428,0.124463
2019-11-14,3.423727,0.000000,0.798114,0.157970
2019-11-15,3.390718,0.000000,0.931775,0.119417
2019-11-16,3.355706,0.000000,0.781800,0.119038
2019-11-17,3.325338,0.000000,0.767345,0.120360
2019-11-18,3.292770,0.000000,0.768391,0.119662
2019-11-19,3.260103,0.000000,0.837610,0.121059
2019-11-20,3.227248,0.000000,0.753468,0.119314
2019-11-21,3.192672,0.000000,0.773220,0.125046
2019-11-22,3.162495,0.000000,0.758383,0.116734
2019-11-23,3.130173,0.000000,0.717505,0.121330
2019-11-24,3.098051,0.000000,0.710238,0.120978
2019-11-25,3.065580,0.000000,0.705787,0.119722
2019-11-26,3.031712,0.000000,0.693252,0.119849
2019-11-27,3.002101,0.000000,0.687180,0.118324
2019-11-28,2.970265,0.000000,0.678037,0.121470
2019-11-29,2.939426,0.000000,0.670703,0.117629
2019-11-30,2.909311,0.000000,0.661416,0.119029
2019-12-01,2.877728,0.000000,0.673120,0.129813
2019-12-02,2.849644,0.232141,3.624282,0.113627
2019-12-03,2.825985,0.126318,0.706491,0.117488
2019-12-04,2.806986,0.000112,0.685061,0.135637
2019-12-05,2.778474,0.000000,0.619885,0.131395
2019-12-06,2.745350,0.000000,0.612632,0.130794
2019-12-07,2.716236,0.000000,0.604737,0.132029
2019-12-08,2.685370,0.000000,0.600111,0.584968
2019-12-09,2.655242,0.000000,0.589887,0.127449
2019-12-10,2.626193,0.000000,0.581225,0.115738
2019-12-11,2.596815,0.000000,0.572106,0.136307
2019-12-12,2.572476,0.000000,0.568702,0.131809
2019-12-13,2.548970,0.000000,0.556235,0.132600
2019-12-14,2.526448,0.000000,0.552184,0.129819
2019-12-15,2.505053,0.000000,0.545351,0.133421
2019-12-16,2.482830,0.000000,0.531605,0.126882
2019-12-17,2.464472,0.000000,0.528567,0.133069
2019-12-18,2.444932,0.000000,0.522583,0.129153
2019-12-19,2.425648,0.000000,0.512147,0.131485
2019-12-20,2.406627,0.000000,0.504312,0.128951
2019-12-21,2.386315,0.000000,0.497274,0.127362
2019-12-22,2.369426,0.000000,0.488171,0.113955
2019-12-23,2.351108,0.000000,0.480216,0.129492
2019-12-24,2.332986,0.000000,0.472742,0.128563
2019-12-25,2.315013,0.000000,0.465713,0.127095
2019-12-26,2.295649,0.000000,0.460833,0.128083
2019-12-27,2.279444,0.000000,0.456541,0.136488
2019-12-28,2.261915,0.000000,0.436388,0.180566
2019-12-29,2.245373,0.000000,0.436736,0.168019
2019-12-30,2.229396,0.000000,0.421949,0.170280
2019-12-31,2.213548,0.000000,0.412384,0.136419

