time,MAR_land,MAR_ice,RACMO_land,RACMO_ice
2015-01-01,24.805182,0.000000,8.671024,1.010599
2015-01-02,24.679776,0.000000,8.590909,0.995436
2015-01-03,24.536119,0.000000,8.453612,0.977232
2015-01-04,24.392820,0.000000,8.378024,0.983711
2015-01-05,24.248646,0.000000,8.275398,1.026032
2015-01-06,24.087356,0.000000,8.227823,0.974215
2015-01-07,23.960692,0.000000,8.287296,1.012611
2015-01-08,23.816227,0.000000,7.997353,0.988335
2015-01-09,23.670407,0.000000,7.911096,0.979123
2015-01-10,23.524500,0.000000,7.812997,0.986745
2015-01-11,23.362453,0.000000,7.719657,0.987431
2015-01-12,23.232354,0.000000,7.637839,0.981816
2015-01-13,23.086440,0.000000,7.556233,0.985306
2015-01-14,22.940765,0.000000,7.447771,0.977859
2015-01-15,22.796655,0.000000,7.380543,0.954335
2015-01-16,22.640963,0.000000,7.288734,0.988559
2015-01-17,22.517174,0.000000,7.215608,0.963072
2015-01-18,22.376254,0.000000,7.145486,0.992116
2015-01-19,22.234697,0.000000,7.949781,0.977905
2015-01-20,22.092959,0.000000,6.996862,0.970529
2015-01-21,21.935730,0.000000,6.857400,0.978626
2015-01-22,21.809752,0.000000,6.779568,0.967478
2015-01-23,21.668430,0.000000,6.710123,0.988959
2015-01-24,21.527786,0.000000,6.617855,0.964489
2015-01-25,21.387583,0.000000,6.558777,0.990469
2015-01-26,21.234379,0.000000,6.461558,0.972347
2015-01-27,21.114708,0.000000,6.403918,0.969983
2015-01-28,20.985876,0.000000,6.314516,0.970210
2015-01-29,20.859029,0.000000,6.235849,0.964413
2015-01-30,20.731671,0.000000,6.174372,0.970144
2015-01-31,20.603491,0.000000,6.087389,0.972429
2015-02-01,20.461363,0.000000,6.016042,0.969754
2015-02-02,20.348286,0.000000,5.956638,0.952159
2015-02-03,20.221447,0.000000,6.263000,1.114929
2015-02-04,20.097007,0.000000,6.029948,0.959364
2015-02-05,19.973812,0.000000,8.306097,0.940371
2015-02-06,19.839166,0.000000,5.695173,0.978391
2015-02-07,19.733693,0.000000,7.302408,0.956143
2015-02-08,19.616535,0.000000,19.996354,0.971201
2015-02-09,19.500996,0.000000,5.479341,0.949083
2015-02-10,19.387055,0.000000,5.409556,0.935541
2015-02-11,19.261647,0.000000,5.341374,0.970757
2015-02-12,19.164633,0.000000,5.267960,0.917675
2015-02-13,19.054422,0.000000,5.220942,0.938868
2015-02-14,18.943880,0.000000,5.161864,0.936149
2015-02-15,18.833246,0.000000,5.068627,0.910641
2015-02-16,18.709937,0.000000,5.023079,0.936969
2015-02-17,18.614604,0.000000,4.951249,0.925019
2015-02-18,18.506977,0.000000,4.875570,0.915821
2015-02-19,18.400546,0.000000,4.823235,0.924731
2015-02-20,18.297246,0.000000,4.741284,0.930007
2015-02-21,18.184475,0.000000,4.771099,0.907100
2015-02-22,18.099501,0.000000,4.613724,0.893131
2015-02-23,18.004202,0.000000,4.563736,0.912119
2015-02-24,17.909380,0.000000,4.492585,0.900471
2015-02-25,17.814708,0.000000,4.429891,0.910621
2015-02-26,17.708669,0.000000,4.362116,0.933947
2015-02-27,17.628632,0.000000,4.326061,0.906107
2015-02-28,17.536131,0.000000,4.245565,0.889002
2015-03-01,17.431717,0.000000,4.206732,0.891094
2015-03-02,17.353909,0.000000,4.148135,0.891213
2015-03-03,17.264809,0.000000,4.083164,0.908203
2015-03-04,17.175238,0.000000,4.027303,0.904255
2015-03-05,17.085822,0.000000,3.994988,0.883316
2015-03-06,16.984872,0.000000,4.021141,0.898078
2015-03-07,16.907546,0.000000,3.874159,0.885873
2015-03-08,16.819241,0.000000,3.827354,0.890998
2015-03-09,16.731599,0.000000,3.898748,0.912079
2015-03-10,16.644141,0.000000,3.812919,0.881735
2015-03-11,16.545987,0.000000,3.738483,0.896497
2015-03-12,16.471617,0.000000,3.632620,0.889352
2015-03-13,16.385963,0.000000,3.595613,0.869277
2015-03-14,16.300773,0.000000,3.789833,0.899291
2015-03-15,16.216663,0.000000,4.046251,0.888762
2015-03-16,16.121815,0.000000,3.456420,0.880812
2015-03-17,16.049116,0.000000,3.424740,0.870944
2015-03-18,15.965537,0.000000,3.382810,0.876820
2015-03-19,15.882670,0.000000,3.370395,0.871570
2015-03-20,15.799604,0.000000,4.692353,0.873252
2015-03-21,15.706011,0.000000,3.667084,0.884215
2015-03-22,15.634580,0.000000,3.237123,0.866990
2015-03-23,15.552264,0.000000,3.183429,0.862141
2015-03-24,15.470875,0.000000,3.167846,0.862718
2015-03-25,15.390885,0.000000,3.113526,0.864192
2015-03-26,15.301015,0.000000,3.160551,0.861506
2015-03-27,15.232843,0.000000,3.062320,0.871602
2015-03-28,15.154216,0.000000,3.035030,0.865399
2015-03-29,15.075507,0.000000,2.994663,0.843173
2015-03-30,14.997181,0.000000,2.950608,0.861776
2015-03-31,14.919100,0.000000,2.941695,0.869959
2015-04-01,14.831104,0.000000,3.090540,0.859595
2015-04-02,14.765136,0.000000,2.860405,0.854206
2015-04-03,14.690675,0.000000,2.845730,0.846864
2015-04-04,14.618064,0.000000,2.789493,0.847666
2015-04-05,14.546638,0.000000,4.458408,0.865828
2015-04-06,14.466042,0.000000,3.360076,0.838757
2015-04-07,14.405491,0.000000,2.706831,0.835517
2015-04-08,14.335184,0.000000,2.696281,0.849275
2015-04-09,14.265112,0.000000,2.659447,0.839713
2015-04-10,14.195349,0.000000,2.626880,0.843521
2015-04-11,14.116930,0.000000,2.597297,0.840992
2015-04-12,14.059633,0.000000,2.559955,0.850205
2015-04-13,13.993522,0.000000,4.386354,0.831555
2015-04-14,13.928384,0.000000,2.541893,3.866283
2015-04-15,13.863983,0.000000,6.000719,1.237998
2015-04-16,13.791086,0.000000,19.962775,3.593805
2015-04-17,13.749584,0.000000,5.742997,1.077530
2015-04-18,13.708293,0.000000,10.197881,3.608763
2015-04-19,16.103204,0.000000,97.644195,4.342956
2015-04-20,14.546079,0.000000,10.642439,1.972031
2015-04-21,13.755419,0.000000,2.336924,0.820790
2015-04-22,13.435215,0.000000,2.323450,4.598052
2015-04-23,13.374048,0.000000,2.296410,1.593087
2015-04-24,13.313138,0.000000,2.290849,2.781937
2015-04-25,13.252343,0.000000,2.251645,0.821709
2015-04-26,13.182991,0.000000,2.244774,0.812078
2015-04-27,13.204922,0.000000,2.217350,0.818861
2015-04-28,13.072923,0.000000,2.330938,0.797337
2015-04-29,13.014954,0.000000,3.995860,0.773435
2015-04-30,12.958613,0.000000,3.085200,0.829927
2015-05-01,12.973295,0.000000,2.446925,0.819065
2015-05-02,12.848387,0.000000,2.113508,0.770005
2015-05-03,12.793902,0.000000,2.732046,1.708882
2015-05-04,12.739554,0.000000,3.488274,1.929721
2015-05-05,12.686052,0.000000,3.518958,3.228548
2015-05-06,12.624207,0.000000,19.632540,5.197152
2015-05-07,12.580557,0.000000,8.303219,2.237776
2015-05-08,12.529337,0.000000,9.263697,6.311224
2015-05-09,12.479913,0.000000,12.836851,2.541743
2015-05-10,12.510653,0.000000,22.063947,0.788824
2015-05-11,12.435765,0.000000,39.867388,2.074327
2015-05-12,12.336337,0.000000,75.055652,5.121944
2015-05-13,12.288974,0.000000,22.367964,4.767715
2015-05-14,12.289096,0.000000,39.309443,4.856813
2015-05-15,12.771237,0.000000,47.483262,6.124965
2015-05-16,15.450469,0.000000,60.042456,3.825851
2015-05-17,17.288281,0.000000,57.075695,4.494497
2015-05-18,18.571339,0.000000,92.172546,3.479610
2015-05-19,12.351989,0.000000,23.506644,2.220180
2015-05-20,13.184488,0.000000,14.089771,1.828737
2015-05-21,15.439072,0.000000,23.399142,7.505781
2015-05-22,14.320258,0.000000,19.093023,5.637234
2015-05-23,21.105703,0.000000,31.181975,6.309202
2015-05-24,17.898721,0.000000,23.111970,4.717831
2015-05-25,13.785380,0.000000,23.004632,7.291707
2015-05-26,16.301553,0.000000,29.788516,5.611399
2015-05-27,20.910706,0.000000,44.259282,4.251258
2015-05-28,17.867678,0.000000,38.055777,4.299379
2015-05-29,11.436841,0.000000,12.521692,2.573792
2015-05-30,12.830529,0.000000,41.538409,6.493251
2015-05-31,16.255206,0.000000,53.726356,6.474241
2015-06-01,16.184360,0.000253,35.936192,5.312519
2015-06-02,18.457571,0.411487,67.617036,4.090689
2015-06-03,23.789907,1.807281,80.813963,3.335137
2015-06-04,17.006901,6.048744,107.556915,3.193826
2015-06-05,16.222010,8.800623,98.641979,2.708069
2015-06-06,17.596216,13.045294,105.221236,3.266841
2015-06-07,18.584526,10.411153,93.394920,4.785263
2015-06-08,24.548579,25.844956,88.439632,20.342921
2015-06-09,24.798182,24.899903,80.186362,13.025327
2015-06-10,29.103784,36.411729,98.328901,19.586039
2015-06-11,27.693023,33.765361,103.081457,22.276310
2015-06-12,30.479989,31.154145,113.602266,27.028153
2015-06-13,37.063925,44.771126,135.562881,26.849881
2015-06-14,40.113933,44.233823,143.509816,34.941343
2015-06-15,45.327145,42.372551,202.813133,39.871523
2015-06-16,53.422242,52.178610,273.940133,85.087339
2015-06-17,58.547977,61.560455,171.749973,62.472326
2015-06-18,72.404872,84.006061,210.883303,65.677642
2015-06-19,79.931541,107.969805,263.905067,77.186638
2015-06-20,89.493396,111.438281,242.614188,89.894735
2015-06-21,102.940862,106.044410,253.184748,112.996876
2015-06-22,119.050442,103.426237,256.837216,107.291729
2015-06-23,122.178255,97.617228,253.658053,106.313730
2015-06-24,136.302779,100.538309,281.041307,114.807995
2015-06-25,149.712562,109.347810,297.682448,118.584596
2015-06-26,165.672460,128.532617,307.358671,116.645759
2015-06-27,160.434490,167.911835,338.940985,124.404642
2015-06-28,170.592153,143.075475,335.998155,127.215111
2015-06-29,191.457446,117.484940,320.225066,118.564318
2015-06-30,211.359273,101.921134,328.308004,109.200393
2015-07-01,231.070174,103.156403,347.250540,116.985717
2015-07-02,248.044421,103.887547,356.861601,134.328614
2015-07-03,263.476013,117.395531,371.907920,138.464906
2015-07-04,267.195419,136.657599,329.836098,111.668400
2015-07-05,278.275851,158.027857,404.686751,159.075874
2015-07-06,279.732322,184.531265,403.562220,178.408700
2015-07-07,281.459933,144.420837,375.720641,177.083085
2015-07-08,274.097538,138.360539,361.927863,171.547646
2015-07-09,268.013902,128.102156,341.277981,155.653182
2015-07-10,265.334174,135.743403,304.448221,113.719177
2015-07-11,257.900787,111.112407,302.429268,119.854081
2015-07-12,251.342734,99.333868,307.978166,139.471447
2015-07-13,246.672337,164.087850,293.483328,160.445813
2015-07-14,240.832158,115.225981,309.248474,181.547124
2015-07-15,248.018252,158.362428,294.704863,194.598359
2015-07-16,239.426414,174.407369,302.560578,185.975780
2015-07-17,224.552096,170.838510,311.225352,176.992561
2015-07-18,229.744922,185.734379,335.334426,212.187827
2015-07-19,217.642352,172.170702,299.229088,155.268254
2015-07-20,219.958453,174.886142,295.348709,166.636514
2015-07-21,213.796097,158.785192,278.240464,146.743701
2015-07-22,207.968408,112.092692,272.685230,174.430903
2015-07-23,198.862787,102.152775,271.022014,124.224275
2015-07-24,200.115333,82.218677,243.933914,101.552263
2015-07-25,183.935709,70.981105,218.930718,95.636055
2015-07-26,172.811756,86.888917,233.102051,126.157652
2015-07-27,164.828123,91.879748,239.544403,115.468005
2015-07-28,157.152704,96.325557,230.504523,135.589256
2015-07-29,150.790014,67.784461,221.457466,137.332160
2015-07-30,144.469838,107.976071,215.599277,118.950277
2015-07-31,139.135774,121.933319,198.488495,122.240486
2015-08-01,134.025899,157.759879,193.774738,126.010266
2015-08-02,129.104062,128.470743,189.884919,134.855015
2015-08-03,124.538633,169.678098,201.313363,161.118601
2015-08-04,121.409009,126.167023,186.582001,136.177866
2015-08-05,118.321633,115.480029,184.613748,129.527215
2015-08-06,116.338238,142.787633,162.820177,152.623617
2015-08-07,112.290010,139.788512,158.962238,112.606346
2015-08-08,109.141234,114.890644,150.907168,95.246144
2015-08-09,105.951274,105.804469,145.460735,101.049608
2015-08-10,102.813919,94.566894,145.444787,91.813598
2015-08-11,99.751137,127.754760,139.080012,83.630086
2015-08-12,96.925716,205.742397,192.941655,161.205528
2015-08-13,94.107388,193.499526,139.072716,141.769422
2015-08-14,91.428957,122.496599,127.241319,107.309574
2015-08-15,88.859281,113.852617,130.253072,124.606477
2015-08-16,86.339344,114.506810,119.479729,139.989371
2015-08-17,84.076533,131.732501,107.353533,85.066745
2015-08-18,81.866697,111.780343,114.820132,127.424583
2015-08-19,79.820165,107.593575,107.211483,113.354834
2015-08-20,77.901543,103.031909,106.412911,113.073230
2015-08-21,76.002146,71.462727,90.777186,67.945197
2015-08-22,74.248479,97.543523,104.348084,146.502533
2015-08-23,72.475497,109.522224,94.254546,105.619486
2015-08-24,70.804455,94.623519,91.932097,127.042165
2015-08-25,69.956880,208.494310,95.712052,84.794180
2015-08-26,67.970863,178.756219,83.328256,104.284881
2015-08-27,66.879028,159.771503,96.686843,152.016777
2015-08-28,65.851722,113.151010,83.306539,119.326960
2015-08-29,64.705439,102.626461,80.449911,130.144848
2015-08-30,63.530407,100.804825,124.141636,149.936686
2015-08-31,62.136151,119.462609,81.532634,115.527729
2015-09-01,60.744187,67.556878,71.865086,124.250830
2015-09-02,60.814124,122.504933,103.785174,87.068410
2015-09-03,59.483771,71.450507,57.654017,100.242498
2015-09-04,58.347338,143.970890,112.907750,97.312198
2015-09-05,57.199719,153.381296,58.674098,117.548553
2015-09-06,55.072769,169.014094,204.639159,190.258980
2015-09-07,55.281965,385.416648,373.195157,297.553957
2015-09-08,51.714492,351.947501,172.286698,129.136144
2015-09-09,49.899544,614.285922,297.403181,268.040599
2015-09-10,48.232665,340.865051,102.714780,113.645552
2015-09-11,50.943052,219.745020,95.245522,72.883354
2015-09-12,54.861824,43.058093,53.985378,83.930987
2015-09-13,59.666102,20.999712,51.539863,65.126861
2015-09-14,62.988305,14.656013,50.266866,70.547582
2015-09-15,66.416595,20.159072,49.080753,67.646933
2015-09-16,69.141712,19.721058,47.152167,60.465227
2015-09-17,71.332251,6.890810,53.071795,75.386858
2015-09-18,72.883891,8.257427,53.197799,55.605401
2015-09-19,87.188280,50.149415,137.179340,54.857303
2015-09-20,76.460528,290.493728,118.974202,71.960435
2015-09-21,75.188969,44.336135,51.667304,39.242635
2015-09-22,75.387801,85.464624,73.448391,38.958362
2015-09-23,74.401104,28.496865,39.362916,25.135134
2015-09-24,73.202628,5.401380,61.534190,23.701719
2015-09-25,76.864008,13.634284,65.443856,27.725077
2015-09-26,73.782189,11.748313,67.123300,19.139036
2015-09-27,72.880182,0.091841,54.922362,10.442120
2015-09-28,72.522351,0.015231,40.740732,3.105070
2015-09-29,73.067244,0.000042,39.301412,1.657437
2015-09-30,73.260793,0.000000,39.399607,1.453510
2015-10-01,74.207338,0.000000,39.604005,1.451771
2015-10-02,75.366903,0.000000,39.273926,1.441417
2015-10-03,76.743713,0.000000,38.954339,1.435021
2015-10-04,77.895143,0.000000,38.600858,1.433300
2015-10-05,80.072956,0.000000,41.046652,1.440364
2015-10-06,81.640565,0.000000,47.077446,6.797790
2015-10-07,92.139088,0.000006,50.411242,3.609753
2015-10-08,82.761539,0.000007,37.985237,2.378104
2015-10-09,83.835022,0.000000,35.438470,1.416576
2015-10-10,79.749753,0.000000,35.078608,1.421254
2015-10-11,77.914453,0.000000,34.708516,2.155487
2015-10-12,77.208939,0.000000,33.979332,1.572223
2015-10-13,76.550514,0.000000,33.146156,1.412510
2015-10-14,75.839512,0.000000,32.356484,2.110295
2015-10-15,75.199631,0.000000,35.098283,2.151130
2015-10-16,74.519459,0.000000,61.394792,3.546157
2015-10-17,77.664820,22.214992,71.474908,19.770944
2015-10-18,73.387594,1.093543,30.037071,1.391914
2015-10-19,70.722775,0.012094,29.503508,1.399314
2015-10-20,69.357688,0.000297,29.008108,1.384738
2015-10-21,68.679335,0.000017,28.559387,1.381261
2015-10-22,68.453993,0.000001,28.083780,1.386414
2015-10-23,68.336418,0.000000,27.600722,1.382226
2015-10-24,68.260320,0.000000,27.109865,1.380545
2015-10-25,68.167782,0.000000,26.615549,1.421530
2015-10-26,67.978977,0.000000,26.363984,1.380091
2015-10-27,67.819167,0.000000,25.694933,1.395411
2015-10-28,68.260624,0.000000,57.513069,2.116326
2015-10-29,77.011455,0.018363,118.712332,7.687164
2015-10-30,71.996514,1.057381,59.805525,4.876914
2015-10-31,66.456815,0.006738,23.989615,1.335674
2015-11-01,65.341243,0.000034,23.883695,1.359918
2015-11-02,64.454998,0.000002,23.627331,1.337362
2015-11-03,63.706678,0.000000,23.386810,1.350344
2015-11-04,63.101014,0.000000,23.147230,1.353113
2015-11-05,62.831180,0.000000,28.452104,1.342925
2015-11-06,62.051534,0.000000,33.659041,1.347843
2015-11-07,61.616138,0.000000,22.538879,1.340787
2015-11-08,61.130107,0.000000,22.164614,1.331643
2015-11-09,60.645660,0.000000,21.921831,1.341992
2015-11-10,60.151718,0.000000,21.693677,1.330494
2015-11-11,59.597577,0.000000,21.440925,1.332783
2015-11-12,59.101170,0.000000,21.222108,1.309298
2015-11-13,58.542433,0.000000,20.948911,1.312845
2015-11-14,57.978532,0.000000,20.709134,1.315701
2015-11-15,57.398131,0.000000,20.459997,2.514734
2015-11-16,56.768060,0.000000,20.210206,1.334014
2015-11-17,56.206264,0.000000,19.954366,1.307926
2015-11-18,55.582757,0.000000,19.721950,1.296935
2015-11-19,54.949469,0.000000,19.452083,1.310945
2015-11-20,54.327979,0.000000,19.217574,1.345049
2015-11-21,58.488312,0.000000,19.021097,1.428337
2015-11-22,53.077774,0.000000,27.093245,1.297209
2015-11-23,52.444910,0.000000,18.536871,1.278623
2015-11-24,51.816441,0.000000,18.237943,1.281008
2015-11-25,51.201703,0.000000,18.282018,1.275227
2015-11-26,50.565531,0.000000,17.732012,1.274546
2015-11-27,50.002422,0.000000,17.478252,1.270105
2015-11-28,49.407455,0.000000,17.242596,1.267540
2015-11-29,48.815713,0.000000,16.995322,1.272801
2015-11-30,48.226966,0.000000,16.789113,1.270901
2015-12-01,47.608204,0.000000,16.536736,1.261787
2015-12-02,47.062604,0.000000,16.304246,1.259580
2015-12-03,46.495479,0.000000,16.062893,1.270616
2015-12-04,45.934555,0.000000,15.854199,1.248151
2015-12-05,45.371975,0.000000,15.631267,1.256630
2015-12-06,44.782824,0.000000,15.406297,2.168300
2015-12-07,44.265394,0.000000,15.203816,1.239322
2015-12-08,43.728016,0.000000,15.877177,1.257657
2015-12-09,43.197719,0.000000,14.790802,1.228369
2015-12-10,42.672333,0.000000,14.568255,1.245766
2015-12-11,42.129986,0.000000,14.359287,1.249628
2015-12-12,41.663154,0.000000,14.166634,1.240788
2015-12-13,41.176263,0.000000,13.966695,1.250243
2015-12-14,40.702193,0.000000,13.754830,1.209138
2015-12-15,40.235859,0.000000,14.018612,1.220563
2015-12-16,39.751353,0.000000,14.498374,1.234562
2015-12-17,39.332223,0.000000,13.876412,1.215528
2015-12-18,38.892933,0.000000,12.991731,1.200936
2015-12-19,38.465847,0.000000,12.849854,1.210143
2015-12-20,38.050447,0.000000,12.780395,1.207198
2015-12-21,37.618742,0.000000,12.445295,1.201373
2015-12-22,37.247883,0.000000,12.270264,1.198327
2015-12-23,36.856346,0.000000,12.104320,1.194934
2015-12-24,36.469959,0.000000,11.922670,1.193350
2015-12-25,36.091822,0.000000,11.779144,1.198490
2015-12-26,35.695720,0.000000,11.612371,1.188412
2015-12-27,35.355346,0.000000,11.447567,1.199129
2015-12-28,34.992950,0.000000,11.631766,1.180796
2015-12-29,34.633016,0.000000,11.186344,1.194082
2015-12-30,34.274928,0.000000,10.979423,1.177670
2015-12-31,33.923187,0.000000,10.806730,1.170439
2016-01-01,33.153200,0.000000,10.706627,1.182805
2016-01-02,32.843237,0.000000,10.520276,1.172521
2016-01-03,32.513937,0.000000,10.388941,1.185693
2016-01-04,32.190294,0.000000,10.499603,1.172200
2016-01-05,31.869983,0.000000,10.125811,1.159393
2016-01-06,31.534035,0.000000,9.965381,1.175190
2016-01-07,31.249283,0.000000,10.853980,1.147020
2016-01-08,30.948456,0.000000,9.714041,1.148368
2016-01-09,30.653122,0.000000,9.585932,1.147312
2016-01-10,30.362170,0.000000,9.474316,1.143769
2016-01-11,30.055718,0.000000,9.330144,1.134321
2016-01-12,29.797225,0.000000,9.214137,1.147162
2016-01-13,29.524314,0.000000,9.096277,1.122988
2016-01-14,29.255477,0.000000,8.972511,1.150499
2016-01-15,28.992693,0.000000,8.861669,1.123019
2016-01-16,28.715143,0.000000,8.723404,1.148575
2016-01-17,28.483074,0.000000,8.647450,1.131949
2016-01-18,28.237366,0.000000,8.477265,1.160211
2016-01-19,27.994445,0.000000,19.870406,1.135449
2016-01-20,27.757566,0.000000,37.994664,1.145786
2016-01-21,27.508015,0.000000,41.874054,1.117456
2016-01-22,27.300888,0.000000,21.802853,1.130708
2016-01-23,27.078202,0.000000,8.500679,1.118325
2016-01-24,26.861685,0.000000,12.017426,1.105843
2016-01-25,26.647896,0.000000,11.114427,1.119401
2016-01-26,26.418096,0.000000,7.800031,1.111030
2016-01-27,26.227931,0.000000,7.513951,1.129238
2016-01-28,26.021242,0.000000,7.407332,1.097122
2016-01-29,25.815735,0.000000,7.319385,1.107531
2016-01-30,25.611552,0.000000,7.221052,1.109089
2016-01-31,25.410476,0.000000,7.133351,1.347663
2016-02-01,25.194720,0.000000,7.052608,1.112128
2016-02-02,25.015397,0.000000,6.940483,1.080958
2016-02-03,24.820308,0.000000,6.879219,1.099990
2016-02-04,24.628049,0.000000,6.791591,1.085781
2016-02-05,24.437543,0.000000,6.687053,1.104916
2016-02-06,24.232777,0.000000,6.589921,1.109766
2016-02-07,24.063436,0.000000,6.550405,1.098790
2016-02-08,23.880109,0.000000,6.424812,1.079619
2016-02-09,23.699518,0.000000,6.341548,1.085978
2016-02-10,23.520194,0.000000,6.268077,1.081079
2016-02-11,23.326308,0.000000,6.296759,1.076531
2016-02-12,23.167270,0.000000,6.085177,1.083117
2016-02-13,22.993317,0.000000,6.015291,1.091853
2016-02-14,22.821907,0.000000,5.940448,1.076844
2016-02-15,22.653470,0.000000,5.876922,1.096607
2016-02-16,22.471881,0.000000,5.798761,1.050247
2016-02-17,22.325170,0.000000,5.683938,1.066678
2016-02-18,22.164698,0.000000,5.604443,1.050007
2016-02-19,22.006244,0.000000,5.527336,1.046948
2016-02-20,21.851539,0.000000,5.436901,1.097438
2016-02-21,21.684034,0.000000,5.396825,1.040972
2016-02-22,21.548551,0.000000,5.300597,1.047621
2016-02-23,21.399867,0.000000,5.243490,1.030467
2016-02-24,21.253231,0.000000,5.164073,1.056314
2016-02-25,21.108239,0.000000,5.092398,1.045565
2016-02-26,20.950735,0.000000,5.026087,1.038135
2016-02-27,20.823758,0.000000,4.963516,1.064163
2016-02-28,20.684568,0.000000,6.047826,1.032717
2016-02-29,20.547464,0.000000,5.164039,1.031074
2016-03-01,20.399098,0.000000,4.958013,1.035074
2016-03-02,20.283225,0.000000,4.708818,1.033756
2016-03-03,20.154448,0.000000,4.637711,1.023751
2016-03-04,20.026228,0.000000,4.583538,1.733302
2016-03-05,19.899896,0.000000,4.552716,1.748977
2016-03-06,19.761902,0.000000,4.468541,1.040087
2016-03-07,19.654131,0.000000,4.456119,1.024959
2016-03-08,19.532917,0.000000,4.643550,1.005484
2016-03-09,19.412520,0.000000,4.693332,1.008898
2016-03-10,19.295881,0.000000,4.593132,1.025920
2016-03-11,19.168245,0.000000,4.373086,1.003562
2016-03-12,19.068825,0.000000,4.207853,1.010352
2016-03-13,18.958049,0.000000,4.334151,1.043930
2016-03-14,18.849279,0.000000,4.170165,1.012757
2016-03-15,18.742389,0.000000,4.023033,1.032649
2016-03-16,18.623315,0.000000,7.161192,1.011737
2016-03-17,18.530316,0.000000,41.336318,2.980805
2016-03-18,18.424792,0.000000,73.500222,3.194380
2016-03-19,18.318858,0.000000,5.532325,0.996940
2016-03-20,18.215435,0.000000,5.482823,1.000495
2016-03-21,18.100333,0.000000,4.328287,0.989909
2016-03-22,18.010311,0.000000,4.185947,1.000416
2016-03-23,17.907486,0.000000,3.747341,0.990103
2016-03-24,17.805385,0.000000,3.841754,0.980150
2016-03-25,17.704168,0.000000,3.650805,0.987646
2016-03-26,17.591237,0.000000,3.599918,0.993171
2016-03-27,17.503208,0.000000,3.542113,0.993700
2016-03-28,17.403357,0.000000,3.510084,0.992850
2016-03-29,17.304245,0.000000,3.483071,0.982914
2016-03-30,17.205271,0.000000,3.450039,0.982924
2016-03-31,17.106935,0.000000,3.405582,0.982391
2016-04-01,16.997660,0.000000,3.754178,0.976631
2016-04-02,16.913031,0.000000,5.066832,0.967894
2016-04-03,16.817214,0.000000,4.085815,0.971348
2016-04-04,16.724430,0.000000,3.333923,1.013613
2016-04-05,16.627361,0.000000,3.513018,0.984145
2016-04-06,16.542756,0.000000,3.703180,0.939568
2016-04-07,16.441272,0.000000,4.030670,0.968327
2016-04-08,16.349299,0.000000,3.612886,4.080724
2016-04-09,16.257752,0.000000,3.378141,0.955839
2016-04-10,16.167121,0.000000,12.354309,7.760240
2016-04-11,16.066479,0.000000,22.886809,4.983443
2016-04-12,19.179963,0.000110,52.220276,3.351202
2016-04-13,27.563221,3.418890,44.158870,4.265272
2016-04-14,19.839040,0.591012,29.861325,5.169318
2016-04-15,25.490448,4.759405,66.648365,3.653804
2016-04-16,17.144807,1.208450,13.890082,7.267855
2016-04-17,16.073024,0.000757,7.288446,2.325536
2016-04-18,15.431699,0.000000,2.978132,0.972383
2016-04-19,15.279165,0.000000,3.074157,3.722083
2016-04-20,16.960045,0.000000,3.894713,0.947056
2016-04-21,16.258141,0.000000,4.496861,2.677187
2016-04-22,23.522029,0.000000,15.900762,9.343075
2016-04-23,26.707840,4.841414,47.952037,14.930439
2016-04-24,27.928297,7.124311,43.757338,4.516707
2016-04-25,25.980606,4.011438,34.438835,4.991593
2016-04-26,39.730874,6.512234,69.067384,4.515936
2016-04-27,26.228437,1.852797,38.043015,5.442767
2016-04-28,30.762719,0.601450,49.400267,10.158927
2016-04-29,18.164216,0.114854,47.140791,7.307672
2016-04-30,19.665990,0.000113,65.075035,7.366220
2016-05-01,38.690697,0.006051,72.276109,7.451419
2016-05-02,45.226383,0.530508,89.925088,7.285403
2016-05-03,26.977749,0.467421,83.297237,8.279505
2016-05-04,48.030736,1.882273,114.531418,7.633099
2016-05-05,66.891803,3.443907,124.892606,8.074973
2016-05-06,80.213801,5.579628,122.207803,8.542154
2016-05-07,62.571574,1.656052,113.892745,9.342705
2016-05-08,48.913486,0.613760,128.837506,8.383324
2016-05-09,46.157152,6.528733,191.316411,6.847959
2016-05-10,56.740280,17.043962,168.941099,4.564035
2016-05-11,69.075447,38.458404,170.373128,12.641619
2016-05-12,63.276190,24.197440,168.431410,13.561381
2016-05-13,59.078179,33.341177,171.206281,13.094272
2016-05-14,54.950815,52.742960,195.862746,14.108617
2016-05-15,59.289579,86.385499,209.690926,9.328030
2016-05-16,55.793034,46.632780,153.048182,16.235909
2016-05-17,60.256174,29.367063,170.851894,15.259613
2016-05-18,25.765659,24.411047,149.287688,32.530510
2016-05-19,20.363580,27.365089,160.454673,6.317816
2016-05-20,27.670135,35.929942,192.620183,17.016106
2016-05-21,31.630459,30.903970,95.870752,15.928867
2016-05-22,18.585115,7.727904,53.065835,34.184764
2016-05-23,20.583033,10.996752,57.267141,37.696858
2016-05-24,69.883428,42.779861,104.845413,33.206032
2016-05-25,43.306608,54.460418,68.249106,29.550385
2016-05-26,20.440044,27.335167,48.842756,17.211001
2016-05-27,17.012014,23.022784,51.896776,44.031594
2016-05-28,30.422203,31.654947,62.257295,34.653101
2016-05-29,51.784842,14.227584,61.939444,22.934625
2016-05-30,53.582444,13.354550,82.081356,16.744170
2016-05-31,56.804781,2.719179,76.873094,43.710039
2016-06-01,56.820269,10.927855,110.963672,18.401760
2016-06-02,114.672021,60.825485,272.702617,47.237017
2016-06-03,100.636419,134.160959,174.907436,62.227618
2016-06-04,55.776364,156.433748,155.982441,65.815221
2016-06-05,47.871394,116.821115,131.033899,47.102560
2016-06-06,61.306722,125.173231,163.644178,81.763026
2016-06-07,51.863834,126.848901,171.996900,78.454944
2016-06-08,52.579602,128.498519,195.703300,91.831551
2016-06-09,76.379735,204.050771,229.440616,73.921098
2016-06-10,72.871877,278.417337,280.257146,104.833762
2016-06-11,65.083765,321.820797,273.363425,108.959230
2016-06-12,56.999547,180.301330,258.151581,131.194224
2016-06-13,57.944054,148.990553,262.374551,152.377578
2016-06-14,64.049658,145.100711,265.511776,160.264272
2016-06-15,70.295034,103.138268,216.531276,40.495449
2016-06-16,76.846163,91.334934,262.398999,110.832581
2016-06-17,76.100306,120.556983,273.128531,120.377162
2016-06-18,78.954780,215.276502,333.035690,184.183431
2016-06-19,81.916499,286.148011,322.925922,181.952504
2016-06-20,86.106414,180.426797,297.977797,197.276547
2016-06-21,89.961313,186.809536,274.959986,194.128729
2016-06-22,91.202107,265.037915,291.472629,219.615543
2016-06-23,89.113822,153.511903,246.624072,145.564512
2016-06-24,91.821116,185.068730,243.962513,223.549174
2016-06-25,87.969657,233.968943,243.797019,199.387534
2016-06-26,86.277096,206.795086,254.151514,187.564150
2016-06-27,85.859093,273.631818,236.077536,191.289660
2016-06-28,83.690053,269.836517,206.945268,201.380348
2016-06-29,85.815426,226.138549,206.048701,155.030738
2016-06-30,77.836249,128.445774,215.040467,195.074448
2016-07-01,78.675285,238.445286,204.442760,238.273727
2016-07-02,75.571447,243.831237,193.460520,235.969251
2016-07-03,74.095577,206.382531,183.737490,228.581512
2016-07-04,72.691390,194.575331,178.714150,228.782301
2016-07-05,70.566455,198.628761,178.485666,230.195146
2016-07-06,68.956563,199.322868,172.073933,239.620152
2016-07-07,67.773290,200.216054,164.750588,249.237262
2016-07-08,66.500378,206.047255,160.705498,248.989022
2016-07-09,65.065277,264.326101,161.792830,238.687755
2016-07-10,63.848802,260.507567,148.173122,232.640509
2016-07-11,63.146274,176.821058,142.109988,221.818554
2016-07-12,62.574633,199.543451,150.634525,254.048335
2016-07-13,62.341540,142.991768,156.964618,197.419583
2016-07-14,58.173763,224.972010,168.456571,217.352065
2016-07-15,58.628470,274.990330,157.444071,263.337754
2016-07-16,57.693459,224.775039,127.188994,242.753994
2016-07-17,56.937479,189.645921,122.409931,251.212365
2016-07-18,56.212270,182.215203,122.519437,248.770542
2016-07-19,55.050017,177.792739,118.446225,239.964402
2016-07-20,54.766152,181.331640,116.975593,242.934346
2016-07-21,54.661657,237.647250,108.041252,234.113564
2016-07-22,53.954040,233.587013,110.702326,235.415078
2016-07-23,53.857593,217.600570,104.227885,195.755839
2016-07-24,54.338734,208.774343,100.054357,187.774539
2016-07-25,53.772558,228.531610,112.750077,223.719904
2016-07-26,51.292495,185.957892,122.209651,229.496960
2016-07-27,50.702605,183.439115,116.289479,222.152729
2016-07-28,49.006186,196.136213,105.947198,218.544598
2016-07-29,49.347501,183.796706,97.171111,182.025139
2016-07-30,46.431983,144.302881,95.422561,191.264168
2016-07-31,49.503914,107.907712,88.625112,149.890873
2016-08-01,46.156856,138.384910,83.422166,162.856409
2016-08-02,42.191004,135.944040,83.570843,174.850611
2016-08-03,40.951126,138.973236,82.837420,157.535109
2016-08-04,40.666604,122.427528,80.418491,159.777160
2016-08-05,39.960709,134.748156,81.395848,174.697161
2016-08-06,39.348355,143.446113,83.697650,180.065539
2016-08-07,40.141567,144.447684,86.851094,187.403758
2016-08-08,38.378705,190.305802,83.515613,165.614397
2016-08-09,37.573317,123.818973,78.378884,142.511513
2016-08-10,37.957986,136.057603,79.160571,156.518893
2016-08-11,37.261286,162.643943,69.496246,139.837282
2016-08-12,36.772138,168.312892,70.547924,138.978657
2016-08-13,34.934899,177.778501,76.532287,170.602947
2016-08-14,33.025334,179.204214,102.066235,168.483024
2016-08-15,37.519643,571.654889,139.495614,238.470976
2016-08-16,38.152203,559.112286,210.009002,271.578847
2016-08-17,37.656703,441.969569,173.765012,192.736797
2016-08-18,34.638609,193.219263,104.357085,130.646012
2016-08-19,32.982690,99.540457,65.633731,166.731060
2016-08-20,32.204754,97.968385,53.655204,151.754365
2016-08-21,31.438931,123.994973,60.785224,129.229035
2016-08-22,32.013560,116.178937,55.685005,147.734721
2016-08-23,30.662786,98.771395,50.583196,136.830767
2016-08-24,30.761693,113.241026,55.052905,126.768609
2016-08-25,29.922391,96.958960,67.208818,145.659441
2016-08-26,28.817311,144.162411,56.557319,114.927517
2016-08-27,29.357298,106.574903,49.030523,81.327937
2016-08-28,27.746360,71.826844,47.131045,106.409393
2016-08-29,27.172901,74.616074,43.786857,110.456402
2016-08-30,26.852470,99.073055,54.142505,95.675629
2016-08-31,26.546823,74.012295,40.072830,85.982974
2016-09-01,26.227399,66.663144,38.689008,78.403727
2016-09-02,25.952588,83.621871,38.550195,70.913183
2016-09-03,25.745521,69.675750,46.604439,42.843153
2016-09-04,25.381267,29.576047,46.869632,73.216451
2016-09-05,25.156146,32.729543,31.590881,71.872386
2016-09-06,24.838233,34.184439,34.149683,60.269010
2016-09-07,25.036537,42.587829,49.153659,54.180891
2016-09-08,27.305896,115.277246,75.565236,63.457067
2016-09-09,24.089279,104.501936,39.799862,65.757217
2016-09-10,23.866368,134.229101,83.938498,111.475874
2016-09-11,23.612222,46.317417,19.895797,54.393512
2016-09-12,23.386887,57.659298,20.718863,46.803176
2016-09-13,23.148105,38.981229,24.702337,54.283568
2016-09-14,22.915700,62.762450,38.156258,26.853217
2016-09-15,22.773630,143.511300,58.877898,49.669330
2016-09-16,23.663289,124.846441,64.521375,84.918816
2016-09-17,32.503053,30.607955,31.965548,55.593551
2016-09-18,22.297625,6.438576,32.606189,26.308507
2016-09-19,21.894972,10.579290,25.335081,38.100762
2016-09-20,26.750010,4.059411,20.326958,10.935780
2016-09-21,21.554622,0.796575,11.778641,11.508844
2016-09-22,21.328664,0.314098,11.357224,8.363156
2016-09-23,21.119567,8.916258,11.599484,9.789376
2016-09-24,20.917804,9.705663,12.039774,9.653498
2016-09-25,20.721226,1.844026,10.887347,11.539969
2016-09-26,20.517143,1.064730,10.639359,13.488876
2016-09-27,20.347925,0.471288,10.487186,11.550511
2016-09-28,20.169802,0.075583,10.696083,5.767510
2016-09-29,19.998814,0.151460,10.730107,1.513730
2016-09-30,35.210144,0.021271,10.104813,1.547721
2016-10-01,24.436223,0.000034,10.720150,1.178539
2016-10-02,22.157585,0.000000,29.114749,8.275294
2016-10-03,23.607774,32.612289,129.202252,90.255850
2016-10-04,20.985511,148.107647,77.509868,55.086442
2016-10-05,21.368939,92.376891,104.363142,66.174681
2016-10-06,20.385942,184.330507,101.848321,59.432940
2016-10-07,18.902611,140.075959,154.134107,93.358705
2016-10-08,17.301746,191.402846,117.895159,95.807471
2016-10-09,17.760888,114.438835,30.169562,21.713134
2016-10-10,16.035181,5.757875,27.760566,12.859011
2016-10-11,16.303471,6.741314,46.585875,19.617797
2016-10-12,17.737893,15.527543,28.695906,16.120685
2016-10-13,17.072322,54.580049,23.910478,17.066801
2016-10-14,17.358696,3.018584,21.455269,16.740139
2016-10-15,17.158506,0.237189,47.834565,18.297014
2016-10-16,18.852055,6.103627,85.080000,29.903859
2016-10-17,19.049414,0.772360,34.803480,9.234932
2016-10-18,21.783335,0.003128,20.331316,4.332622
2016-10-19,24.733481,18.558883,109.122429,39.281726
2016-10-20,21.592042,48.985388,50.656009,17.993919
2016-10-21,24.568357,1.003010,66.043500,15.152444
2016-10-22,22.446487,2.907250,25.955352,2.194943
2016-10-23,23.658554,0.050286,25.106653,1.271204
2016-10-24,25.008135,0.001771,26.786352,1.190754
2016-10-25,27.747872,0.000000,27.512321,1.153164
2016-10-26,29.921109,0.000000,28.524496,1.187089
2016-10-27,32.363781,0.000000,29.433106,1.186620
2016-10-28,34.539898,0.000000,29.899876,1.172792
2016-10-29,36.415647,0.000000,30.535151,1.180686
2016-10-30,38.018242,0.000000,30.497027,1.176470
2016-10-31,39.365951,0.000000,30.385363,1.363371
2016-11-01,40.455938,0.000000,33.994781,1.268276
2016-11-02,41.382724,0.000000,33.820329,1.203904
2016-11-03,42.117975,0.000000,30.618153,1.176542
2016-11-04,42.660460,0.000000,29.778382,1.142576
2016-11-05,43.054036,0.000000,32.999705,1.173632
2016-11-06,43.303700,0.000000,47.915640,1.663008
2016-11-07,43.594284,0.000000,28.775201,1.264874
2016-11-08,43.666511,0.000000,27.746509,1.163839
2016-11-09,43.635845,0.000000,27.621794,1.208870
2016-11-10,43.575011,0.000000,26.941752,1.164639
2016-11-11,43.450661,0.000000,26.541603,1.152109
2016-11-12,43.353902,0.000000,26.121453,1.164923
2016-11-13,43.199531,0.000000,25.717823,1.144355
2016-11-14,43.016615,0.000000,25.326767,1.149471
2016-11-15,42.807175,0.000000,24.910228,1.144693
2016-11-16,42.542173,0.000000,24.502478,1.142069
2016-11-17,42.315679,0.000000,24.099834,1.148623
2016-11-18,42.041560,0.000000,23.708991,1.136942
2016-11-19,41.750493,0.000000,23.333202,1.136483
2016-11-20,41.447967,0.000000,22.962149,1.139594
2016-11-21,41.112992,0.000000,22.596361,1.135636
2016-11-22,40.828945,0.000000,22.350509,1.133585
2016-11-23,40.514229,0.000000,21.990236,1.196788
2016-11-24,40.195785,0.000000,21.637492,1.152145
2016-11-25,39.868192,0.000000,21.199798,1.130899
2016-11-26,39.506306,0.000000,20.867797,1.146439
2016-11-27,39.189669,0.000000,21.145151,1.123649
2016-11-28,44.254377,0.000000,20.904499,1.155927
2016-11-29,38.526956,0.000000,19.899249,1.129735
2016-11-30,38.196385,0.000000,19.606043,1.137180
2016-12-01,37.816266,0.000000,19.310624,1.118906
2016-12-02,37.478904,0.000000,19.060074,1.110184
2016-12-03,37.111624,0.000000,18.717839,1.092066
2016-12-04,36.750588,0.000000,18.709385,1.156632
2016-12-05,36.399278,0.000000,26.468990,1.111341
2016-12-06,36.026697,0.000000,33.063280,1.159044
2016-12-07,35.706196,0.000000,22.460463,1.121375
2016-12-08,35.366676,0.000000,17.416287,1.124668
2016-12-09,35.036300,0.000000,17.220633,1.098337
2016-12-10,34.707341,0.000000,18.005797,1.097238
2016-12-11,34.353280,0.000000,18.289894,1.100526
2016-12-12,34.051028,0.000000,16.504807,1.096178
2016-12-13,33.729413,0.000000,16.473089,1.089788
2016-12-14,33.413405,0.000000,16.895708,1.081604
2016-12-15,33.104761,0.000000,15.908931,1.090227
2016-12-16,32.782076,0.000000,15.689847,1.103285
2016-12-17,32.507031,0.000000,15.499755,1.079854
2016-12-18,32.217451,0.000000,15.351440,1.111209
2016-12-19,31.930688,0.000000,15.119458,1.087192
2016-12-20,31.646729,0.000000,14.931566,1.075299
2016-12-21,31.341157,0.000000,14.767439,1.080261
2016-12-22,31.081059,0.000000,14.573749,1.085775
2016-12-23,30.811002,0.000000,14.426586,1.080450
2016-12-24,30.546736,0.000000,14.258055,1.081895
2016-12-25,30.283961,0.000000,14.076052,1.073268
2016-12-26,30.000932,0.000000,13.925782,1.070233
2016-12-27,29.761852,0.000000,13.783259,1.061049
2016-12-28,29.506358,0.000000,13.614049,1.070683
2016-12-29,29.255922,0.000000,13.444419,1.067114
2016-12-30,29.008749,0.000000,13.298849,1.062346
2016-12-31,28.762659,0.000000,13.159695,1.055667
2017-01-01,28.476883,0.000000,14.306191,1.068765
2017-01-02,28.259787,0.000000,13.017108,1.058552
2017-01-03,28.024000,0.000000,12.713689,1.037108
2017-01-04,27.791231,0.000000,12.568849,1.073541
2017-01-05,27.561910,0.000000,12.435703,1.053724
2017-01-06,27.318627,0.000000,12.303952,1.057222
2017-01-07,27.118877,0.000000,12.162782,1.056304
2017-01-08,26.901525,0.000000,12.033090,1.075482
2017-01-09,26.687381,0.000000,11.902453,1.036954
2017-01-10,26.474071,0.000000,11.768782,1.033123
2017-01-11,26.242513,0.000000,11.653589,1.031559
2017-01-12,26.049150,0.000000,11.517316,1.024470
2017-01-13,25.840341,0.000000,11.400326,1.074920
2017-01-14,25.634011,0.000000,11.266874,1.053676
2017-01-15,25.429063,0.000000,11.169945,1.021402
2017-01-16,25.208378,0.000000,11.037619,1.053064
2017-01-17,25.024503,0.000000,10.923895,1.097924
2017-01-18,24.825507,0.000000,10.816532,1.048115
2017-01-19,24.630811,0.000000,10.696635,1.070720
2017-01-20,24.439687,0.000000,10.589885,1.067862
2017-01-21,24.235727,0.000000,10.471263,1.012247
2017-01-22,24.069983,0.000000,10.360644,1.007303
2017-01-23,23.889542,0.000000,12.778686,1.028147
2017-01-24,23.710843,0.000000,15.137701,1.017912
2017-01-25,23.536923,0.000000,10.034880,1.044591
2017-01-26,23.350719,0.000000,9.922833,1.043281
2017-01-27,23.196724,0.000000,9.833589,1.028160
2017-01-28,23.028659,0.000000,9.745280,1.052457
2017-01-29,22.861333,0.000000,9.614250,1.022856
2017-01-30,22.694732,0.000000,9.567887,0.996630
2017-01-31,22.529232,0.000000,9.763142,0.990521
2017-02-01,22.350492,0.000000,9.344576,1.039302
2017-02-02,22.206131,0.000000,9.262269,0.992329
2017-02-03,22.048173,0.000000,9.159989,1.044811
2017-02-04,21.892412,0.000000,10.061075,1.012535
2017-02-05,21.738647,0.000000,9.372705,1.027237
2017-02-06,21.570434,0.000000,9.095880,1.011256
2017-02-07,21.434564,0.000000,11.539444,0.978288
2017-02-08,21.287854,0.000000,10.886640,1.041503
2017-02-09,21.142345,0.000000,8.763031,1.031470
2017-02-10,20.996714,0.000000,8.552113,1.032453
2017-02-11,20.837102,0.000000,10.240521,1.017906
2017-02-12,20.708874,0.000000,23.825722,1.357215
2017-02-13,20.568226,0.000000,8.521159,1.028971
2017-02-14,20.428689,0.000000,8.339168,1.046105
2017-02-15,20.290228,0.000000,8.215477,1.010844
2017-02-16,20.139549,0.000000,8.105938,1.010339
2017-02-17,20.018451,0.000000,8.048119,1.020839
2017-02-18,19.885982,0.000000,7.959213,1.069829
2017-02-19,19.756947,0.000000,7.891028,1.003457
2017-02-20,19.630580,0.000000,7.832673,0.987540
2017-02-21,19.492192,0.000000,7.765280,0.998355
2017-02-22,19.381842,0.000000,7.710263,1.008702
2017-02-23,19.258998,0.000000,7.640443,1.025929
2017-02-24,19.137260,0.000000,7.577907,1.008540
2017-02-25,19.016130,0.000000,7.566503,0.998753
2017-02-26,18.883153,0.000000,7.607345,0.973768
2017-02-27,18.780795,0.000000,7.399032,0.988237
2017-02-28,18.669976,0.000000,7.347998,0.997467
2017-03-01,18.548530,0.000000,7.377559,0.994611
2017-03-02,18.453799,0.000000,7.269736,0.964908
2017-03-03,18.346668,0.000000,7.181876,0.969305
2017-03-04,18.239996,0.000000,7.130508,0.991589
2017-03-05,18.133539,0.000000,7.072653,0.959762
2017-03-06,18.014309,0.000000,7.019675,0.997142
2017-03-07,17.920517,0.000000,6.958778,0.965119
2017-03-08,17.815056,0.000000,6.923713,0.994152
2017-03-09,17.712078,0.000000,6.866198,0.959164
2017-03-10,17.610194,0.000000,6.808159,0.988404
2017-03-11,17.497628,0.000000,7.806850,0.981539
2017-03-12,17.411760,0.000000,6.711840,0.972731
2017-03-13,17.315011,0.000000,6.662314,0.969994
2017-03-14,17.218773,0.000000,6.604875,0.947296
2017-03-15,17.123220,0.000000,6.560765,0.945645
2017-03-16,17.016803,0.000000,6.516144,0.959487
2017-03-17,16.935193,0.000000,6.452373,0.946348
2017-03-18,16.843062,0.000000,6.419440,0.961106
2017-03-19,16.752975,0.000000,6.367158,0.952636
2017-03-20,16.664960,0.000000,6.320371,0.967037
2017-03-21,16.565940,0.000000,6.262686,0.938980
2017-03-22,16.489624,0.000000,6.311486,1.702099
2017-03-23,16.401979,0.000000,6.479521,0.975282
2017-03-24,16.314059,0.000000,6.202596,1.144672
2017-03-25,16.226256,0.000000,6.077738,0.947952
2017-03-26,16.128007,0.000000,6.036441,0.961120
2017-03-27,16.052632,0.000000,5.997938,0.952424
2017-03-28,15.966888,0.000000,5.940999,0.948156
2017-03-29,15.882139,0.000000,5.929785,0.934773
2017-03-30,15.798233,0.000000,5.855137,0.954346
2017-03-31,15.716384,0.000000,5.798824,0.917652
2017-04-01,15.624582,0.000000,5.768324,0.952883
2017-04-02,15.554631,0.000000,5.735101,0.917959
2017-04-03,15.473954,0.000000,5.692150,0.925565
2017-04-04,15.393188,0.000000,5.636074,0.944548
2017-04-05,15.311948,0.000000,5.587247,0.946317
2017-04-06,15.220564,0.000000,5.624359,0.910572
2017-04-07,15.151252,0.000000,5.520778,0.946169
2017-04-08,15.072329,0.000000,5.472459,0.943764
2017-04-09,14.994259,0.000000,5.442382,0.936804
2017-04-10,14.917722,0.000000,5.387513,0.946720
2017-04-11,14.831855,0.000000,5.357480,3.313702
2017-04-12,14.767095,0.000000,5.319200,0.934943
2017-04-13,14.692505,0.000000,5.252327,0.935192
2017-04-14,14.617840,0.000000,5.252252,0.927912
2017-04-15,14.543446,0.000000,5.199419,0.889212
2017-04-16,14.459876,0.000000,5.178574,0.935722
2017-04-17,14.396842,0.000000,5.124968,0.889103
2017-04-18,14.324537,0.000000,5.199606,0.943067
2017-04-19,14.253308,0.000000,5.092621,0.941732
2017-04-20,14.183048,0.000000,5.038325,0.895120
2017-04-21,14.103120,0.000000,4.976435,0.923995
2017-04-22,14.043034,0.000000,4.945602,4.075322
2017-04-23,13.973258,0.000000,4.914475,2.031248
2017-04-24,13.904113,0.000000,5.526656,5.511506
2017-04-25,13.835731,0.000000,23.717154,5.666118
2017-04-26,24.704361,0.000000,78.653041,3.965994
2017-04-27,14.342569,0.000000,5.075706,1.809566
2017-04-28,13.649228,0.000000,6.016193,0.918765
2017-04-29,23.148166,0.000000,10.765119,0.908925
2017-04-30,17.364830,0.000000,8.880801,4.224347
2017-05-01,31.747795,0.000000,32.367649,8.139181
2017-05-02,44.854495,0.000000,105.938562,4.044255
2017-05-03,67.362145,0.008539,292.543641,6.332932
2017-05-04,61.484256,12.639587,138.195717,13.354865
2017-05-05,32.465133,27.459462,78.932513,9.457511
2017-05-06,27.524521,33.991531,70.576783,11.876545
2017-05-07,23.624958,52.520466,92.719441,11.565657
2017-05-08,22.736811,48.511751,74.378538,9.384807
2017-05-09,57.993493,116.461302,179.696613,22.325778
2017-05-10,17.822862,19.014102,49.293772,6.988025
2017-05-11,13.697015,0.450005,53.766997,9.241675
2017-05-12,16.577568,0.020651,32.847630,3.982885
2017-05-13,19.655786,0.000717,47.537385,3.697443
2017-05-14,35.609734,1.259616,72.301126,8.461667
2017-05-15,51.242126,17.344110,80.143843,5.156363
2017-05-16,45.778130,43.033228,102.658734,15.506530
2017-05-17,44.760255,44.171010,102.431359,23.222390
2017-05-18,51.819157,44.935070,121.205201,26.179047
2017-05-19,53.006647,75.736588,167.384593,37.191000
2017-05-20,58.459579,148.211333,169.692810,49.635077
2017-05-21,59.733316,142.040985,190.683325,60.631355
2017-05-22,52.477780,95.035149,154.791445,29.973892
2017-05-23,62.297190,76.499242,185.142132,45.540182
2017-05-24,71.448257,56.731072,153.634082,42.090446
2017-05-25,89.656723,44.310398,165.758269,61.669267
2017-05-26,88.481195,27.392604,178.756720,63.942466
2017-05-27,95.770610,27.642810,188.939839,70.354824
2017-05-28,107.392420,17.894453,176.426604,46.936384
2017-05-29,119.666242,40.591139,206.766556,67.823620
2017-05-30,123.238366,25.363865,189.143087,62.999147
2017-05-31,126.973821,11.042291,183.931985,60.003238
2017-06-01,141.853146,33.016472,190.778927,54.539892
2017-06-02,155.566525,67.143505,214.845041,79.801604
2017-06-03,154.642093,84.962688,222.703476,83.958811
2017-06-04,163.261830,87.095897,227.342242,73.071174
2017-06-05,160.254465,106.502250,258.258899,117.780281
2017-06-06,168.555888,101.746576,263.568438,114.245651
2017-06-07,180.330344,106.152272,281.851415,108.555230
2017-06-08,191.610375,101.643539,274.844302,101.093496
2017-06-09,201.672200,88.976633,280.694162,104.503637
2017-06-10,213.270619,76.235941,292.929123,107.116918
2017-06-11,226.390090,87.913718,304.227085,116.658963
2017-06-12,227.746071,93.392253,316.989408,123.031692
2017-06-13,238.903625,102.551251,318.444261,112.676839
2017-06-14,241.732199,117.273531,355.650903,150.233353
2017-06-15,252.648697,123.589542,387.033949,188.125131
2017-06-16,254.456455,98.132059,360.478563,162.692970
2017-06-17,261.327096,121.316809,345.037984,129.851299
2017-06-18,267.643525,114.029800,374.372581,173.252695
2017-06-19,273.830341,104.736339,326.424941,101.663264
2017-06-20,265.672214,168.628794,380.655020,171.396746
2017-06-21,262.444624,219.699589,428.514010,227.013590
2017-06-22,265.668529,179.681869,335.485101,186.533969
2017-06-23,269.694166,149.999515,314.058515,168.300694
2017-06-24,273.104785,158.880222,321.869609,172.401771
2017-06-25,269.181369,131.479047,302.462507,175.894585
2017-06-26,266.335598,144.631525,293.577377,186.592565
2017-06-27,257.798401,149.288891,291.905401,171.945590
2017-06-28,256.156872,155.000034,291.303496,180.006582
2017-06-29,248.774859,140.498280,281.784223,177.674769
2017-06-30,246.505859,139.755157,270.476681,138.629423
2017-07-01,237.521912,137.909290,275.259869,183.285051
2017-07-02,238.216494,87.114281,225.720142,101.355030
2017-07-03,219.999630,101.958297,213.338542,119.036999
2017-07-04,209.595212,105.862007,223.458903,118.744396
2017-07-05,202.000201,79.608101,217.128920,104.475456
2017-07-06,196.438673,181.269715,288.228650,221.920257
2017-07-07,184.286354,240.079365,242.241415,225.942825
2017-07-08,176.032838,198.759339,217.975692,174.204144
2017-07-09,167.972941,191.954994,228.795636,183.033098
2017-07-10,160.067769,178.601318,218.103259,150.423445
2017-07-11,154.188859,160.820083,215.714619,148.761529
2017-07-12,148.976348,145.954075,215.454824,158.072721
2017-07-13,143.687681,162.773529,216.421521,153.469511
2017-07-14,136.520603,211.382411,219.857829,142.262942
2017-07-15,133.417503,289.014610,212.417542,180.345535
2017-07-16,129.264450,144.487721,181.735365,79.390488
2017-07-17,126.396155,191.557145,168.063419,114.807794
2017-07-18,122.279339,207.862714,154.405018,142.100481
2017-07-19,120.640206,218.315650,158.911237,173.553010
2017-07-20,116.605584,221.624869,170.302317,163.989120
2017-07-21,112.807585,179.783930,165.347221,166.567149
2017-07-22,113.387456,373.773957,162.938930,150.911495
2017-07-23,110.533648,246.318315,156.525102,164.312355
2017-07-24,104.765788,288.799853,187.636369,171.185097
2017-07-25,113.965614,781.433609,548.535074,389.000444
2017-07-26,106.964924,477.542218,243.432887,312.341126
2017-07-27,107.368901,217.652611,176.714794,213.242067
2017-07-28,109.829094,189.876449,175.430308,201.642079
2017-07-29,110.801469,191.499971,172.873916,219.003419
2017-07-30,110.517225,192.947192,164.219863,214.632155
2017-07-31,110.200586,179.358774,157.664103,208.264279
2017-08-01,109.176813,153.373344,152.248305,204.000284
2017-08-02,109.016333,180.866716,151.747256,213.960371
2017-08-03,107.284503,159.765124,143.471811,201.315868
2017-08-04,105.299003,139.614811,141.504060,191.085694
2017-08-05,103.506900,121.901330,123.672989,170.528695
2017-08-06,113.323791,65.174972,122.174839,175.946637
2017-08-07,98.714377,106.691323,120.338346,133.824811
2017-08-08,97.076404,144.425933,119.940207,202.484726
2017-08-09,95.339283,122.430909,111.606234,176.831503
2017-08-10,93.396873,136.662882,109.873769,178.825466
2017-08-11,91.492548,133.284836,107.438994,175.634544
2017-08-12,89.753513,127.942986,105.693436,179.932107
2017-08-13,87.134885,105.253529,107.548948,183.381106
2017-08-14,85.553369,94.868518,103.510047,181.404312
2017-08-15,83.873251,111.384124,98.100774,162.385961
2017-08-16,82.090998,113.128420,100.529274,158.729933
2017-08-17,79.902544,122.521556,91.535670,132.404577
2017-08-18,78.852943,76.619968,79.384236,66.187762
2017-08-19,76.872314,92.859755,92.589598,124.914764
2017-08-20,86.257488,54.224914,88.332926,61.597662
2017-08-21,74.167836,52.724212,119.579990,96.042649
2017-08-22,73.600398,98.780272,98.976156,141.479658
2017-08-23,72.880315,112.669141,74.987136,172.757263
2017-08-24,70.723366,100.227324,89.668893,150.756859
2017-08-25,75.230881,330.790659,111.157095,124.431227
2017-08-26,70.329453,270.872385,86.167173,119.939721
2017-08-27,67.184281,146.270275,93.694879,115.531572
2017-08-28,65.168071,107.983441,67.949058,130.638933
2017-08-29,62.405035,93.059876,70.912665,123.111568
2017-08-30,61.688280,89.954863,73.219955,122.569821
2017-08-31,62.387748,197.518763,72.139930,136.705310
2017-09-01,62.463032,218.833177,80.724859,148.690792
2017-09-02,58.725512,77.577846,60.467163,92.848578
2017-09-03,62.195675,68.031979,57.678245,67.541316
2017-09-04,57.842643,133.308798,97.933331,105.535442
2017-09-05,57.115376,93.234362,55.578876,100.443158
2017-09-06,56.893416,54.633860,70.300356,90.740929
2017-09-07,55.351278,41.780359,43.061981,94.830169
2017-09-08,54.542843,47.520909,46.830241,67.919660
2017-09-09,53.968026,40.192585,55.745707,75.946613
2017-09-10,53.128462,26.274463,36.902772,69.964846
2017-09-11,66.103035,7.208548,50.870816,33.546990
2017-09-12,53.249703,18.915022,34.509256,57.130575
2017-09-13,51.571725,13.611953,24.443742,54.053415
2017-09-14,51.106908,19.877910,43.161134,21.511010
2017-09-15,57.843719,233.657651,261.569770,222.910566
2017-09-16,59.431200,419.357433,265.293367,272.810861
2017-09-17,50.296027,196.026555,82.122209,101.106200
2017-09-18,47.057154,45.925994,36.002902,69.340727
2017-09-19,45.114709,68.888105,38.282897,41.798103
2017-09-20,45.823216,40.922540,24.668845,36.250804
2017-09-21,46.277832,97.796127,45.924054,86.568808
2017-09-22,48.571805,24.763782,37.330155,36.982086
2017-09-23,50.501227,24.834741,35.999002,25.089060
2017-09-24,49.686131,169.085296,57.833107,37.931100
2017-09-25,53.077194,34.181767,86.581076,36.977874
2017-09-26,51.906029,86.495172,160.489304,125.531871
2017-09-27,55.031970,52.896375,32.774898,21.174628
2017-09-28,53.214046,0.874199,26.832846,9.691990
2017-09-29,52.570307,0.035797,20.774775,17.793415
2017-09-30,52.798912,0.001422,20.695625,10.206776
2017-10-01,52.970960,0.004058,20.957385,1.606509
2017-10-02,53.922962,0.056753,20.281057,13.597835
2017-10-03,55.643245,0.168695,20.061773,12.961858
2017-10-04,53.958867,0.031089,19.833527,7.297842
2017-10-05,54.294227,0.000505,20.285928,4.792565
2017-10-06,54.487913,0.000010,22.957227,5.925845
2017-10-07,60.074765,0.824293,28.503102,2.321938
2017-10-08,59.186169,3.950371,44.440495,10.765304
2017-10-09,57.514213,2.729093,33.141523,7.619924
2017-10-10,55.529340,0.236976,20.671547,2.117435
2017-10-11,56.429783,9.346362,37.186511,6.212496
2017-10-12,54.040165,1.145547,18.952507,1.362046
2017-10-13,53.499665,0.009745,18.917515,1.361064
2017-10-14,52.973276,0.000206,18.938243,1.350144
2017-10-15,57.573034,0.000000,20.901391,1.342358
2017-10-16,60.912412,0.000000,27.398832,1.398855
2017-10-17,55.499680,0.511861,42.481527,3.791741
2017-10-18,53.075055,0.346584,46.143492,8.512567
2017-10-19,51.782110,0.950911,52.581688,8.296243
2017-10-20,56.457210,1.256526,77.435691,22.436086
2017-10-21,51.011319,0.602072,25.420852,2.171446
2017-10-22,49.006479,0.003202,24.366712,1.320644
2017-10-23,60.388867,0.000022,25.606781,1.307729
2017-10-24,49.893360,0.000000,26.441836,1.313569
2017-10-25,50.582620,0.000000,26.932719,1.328419
2017-10-26,52.689830,3.118525,44.055253,2.731019
2017-10-27,66.692517,29.687781,36.450361,3.111098
2017-10-28,52.620360,0.257747,27.420738,2.168763
2017-10-29,52.933747,0.002080,27.473166,2.042826
2017-10-30,53.191828,0.000395,28.076432,1.354356
2017-10-31,53.401593,0.000210,27.305707,1.383985
2017-11-01,53.508400,0.000000,27.605021,1.389284
2017-11-02,53.598064,0.000000,27.118914,1.310579
2017-11-03,53.583149,0.000000,26.787849,1.305887
2017-11-04,53.510792,0.000000,26.549925,1.308532
2017-11-05,53.377096,0.000000,26.305530,1.315138
2017-11-06,53.152518,0.000000,26.090690,1.298951
2017-11-07,52.950700,0.000000,25.763026,1.303809
2017-11-08,52.660067,0.000000,25.494720,1.296436
2017-11-09,52.325337,0.000000,25.208051,1.286989
2017-11-10,51.956071,0.000000,24.914935,1.285168
2017-11-11,51.510109,0.000000,24.612519,1.287200
2017-11-12,51.112322,0.000000,24.300611,1.267106
2017-11-13,50.658696,0.000000,24.017684,1.308695
2017-11-14,50.192158,0.000000,23.712912,1.286368
2017-11-15,49.715018,0.000000,23.389433,1.280652
2017-11-16,49.194569,0.000000,23.107136,1.284099
2017-11-17,48.740686,0.000000,22.771926,1.260894
2017-11-18,48.252065,0.000000,22.483750,1.273385
2017-11-19,47.752011,0.000000,22.198609,1.273059
2017-11-20,47.243564,0.000000,21.885999,1.260938
2017-11-21,46.702263,0.000000,21.584196,1.259348
2017-11-22,46.226578,0.000000,21.297461,1.255783
2017-11-23,45.720514,0.000000,20.998310,1.249655
2017-11-24,45.226092,0.000000,20.722213,1.246274
2017-11-25,44.737779,0.000000,20.442470,1.246711
2017-11-26,44.217824,0.000000,20.159054,1.244108
2017-11-27,43.758222,0.000000,19.884850,1.280677
2017-11-28,43.270720,0.000000,19.631990,1.286675
2017-11-29,50.075075,0.026875,74.846966,1.303940
2017-11-30,110.794095,16.425982,83.535742,7.841219
2017-12-01,43.730240,2.199890,27.584076,1.474941
2017-12-02,41.592180,0.027027,18.642042,1.215596
2017-12-03,40.574030,0.000773,18.463472,1.226775
2017-12-04,39.743047,0.000018,18.285500,1.211613
2017-12-05,39.079287,0.000000,18.114596,1.239896
2017-12-06,38.522697,0.000000,17.939985,1.225213
2017-12-07,38.120728,0.000000,17.802693,1.223802
2017-12-08,37.772313,0.000000,17.640947,1.205064
2017-12-09,37.476634,0.000000,17.465947,1.202617
2017-12-10,37.217424,0.000000,17.297410,1.206929
2017-12-11,36.960644,0.000000,17.124584,1.192659
2017-12-12,36.778357,0.000000,17.004033,1.196428
2017-12-13,36.578745,0.000000,16.817891,1.197529
2017-12-14,36.387420,0.000000,16.708593,1.186141
2017-12-15,36.206615,0.000000,16.466858,1.184704
2017-12-16,36.005445,0.000000,16.292768,1.180992
2017-12-17,35.851578,0.000000,16.114132,1.204600
2017-12-18,35.666612,0.000000,16.318827,1.185830
2017-12-19,35.481174,0.000000,15.830582,1.187085
2017-12-20,35.295322,0.000000,15.605000,1.161815
2017-12-21,35.083455,0.000000,15.438131,1.157550
2017-12-22,34.919264,0.000000,15.273386,1.162188
2017-12-23,34.725373,0.000000,15.121823,1.157683
2017-12-24,34.527211,0.000000,14.946435,1.159376
2017-12-25,34.323589,0.000000,14.778954,1.159387
2017-12-26,34.094838,0.000000,14.634704,1.160702
2017-12-27,33.909299,0.000000,14.464153,1.154464
2017-12-28,33.697551,0.000000,14.304856,1.156264
2017-12-29,33.484947,0.000000,14.138597,1.152026
2017-12-30,33.271039,0.000000,13.985045,1.176489
2017-12-31,33.051010,0.000000,13.801948,1.160094
2018-01-01,32.703566,0.000000,13.662150,1.150962
2018-01-02,32.493995,0.000000,13.496933,1.136200
2018-01-03,32.259395,0.000000,13.338100,1.148670
2018-01-04,32.024453,0.000000,13.180781,1.126050
2018-01-05,31.791429,0.000000,13.036724,1.155192
2018-01-06,31.537030,0.000000,12.861142,1.126524
2018-01-07,31.324156,0.000000,12.725630,1.133033
2018-01-08,31.088625,0.000000,12.540155,1.143663
2018-01-09,30.854556,0.000000,13.401150,1.146008
2018-01-10,30.621374,0.000000,13.155824,1.124234
2018-01-11,30.366967,0.000000,12.116097,1.118371
2018-01-12,30.154207,0.000000,12.104188,1.123408
2018-01-13,29.920864,0.000000,11.835337,1.115260
2018-01-14,29.687070,0.000000,11.687830,1.110777
2018-01-15,29.451176,0.000000,11.547612,1.118344
2018-01-16,29.199026,0.000000,11.415384,1.120787
2018-01-17,28.991792,0.000000,11.299987,1.107007
2018-01-18,28.764314,0.000000,11.137808,1.099309
2018-01-19,28.537104,0.000000,11.014318,1.109514
2018-01-20,28.314019,0.000000,10.874363,1.096943
2018-01-21,28.072774,0.000000,10.763934,1.103371
2018-01-22,27.871475,0.000000,10.624438,1.103618
2018-01-23,27.652613,0.000000,10.509249,1.100681
2018-01-24,27.436769,0.000000,10.395744,1.098140
2018-01-25,27.223419,0.000000,10.252344,1.098840
2018-01-26,26.992710,0.000000,10.151500,1.099752
2018-01-27,26.801238,0.000000,10.029893,1.092113
2018-01-28,26.594895,0.000000,9.942454,1.091908
2018-01-29,26.390597,0.000000,9.786765,1.089449
2018-01-30,26.188804,0.000000,9.683962,1.094915
2018-01-31,25.991145,0.000000,9.567535,1.073851
2018-02-01,25.780523,0.000000,9.463308,1.099464
2018-02-02,25.609992,0.000000,9.331319,1.078593
2018-02-03,25.422575,0.000000,9.268877,1.340827
2018-02-04,25.235357,0.000000,9.263319,1.067381
2018-02-05,25.051972,0.000000,9.048855,1.063173
2018-02-06,24.854011,0.000000,8.918028,1.057624
2018-02-07,24.692743,0.000000,8.837763,1.066150
2018-02-08,24.514125,0.000000,8.723689,1.048902
2018-02-09,24.336893,0.000000,8.629751,1.055295
2018-02-10,24.162008,0.000000,8.545830,1.048842
2018-02-11,23.971991,0.000000,8.427574,1.035010
2018-02-12,23.818063,0.000000,8.330768,1.040360
2018-02-13,23.650424,0.000000,8.271937,1.032173
2018-02-14,23.484688,0.000000,8.143910,1.078084
2018-02-15,23.320898,0.000000,8.082098,1.049751
2018-02-16,23.141623,0.000000,8.173248,1.056430
2018-02-17,22.995318,0.000000,7.873724,1.044749
2018-02-18,22.834399,0.000000,7.918245,1.049386
2018-02-19,22.676660,0.000000,8.357087,1.041295
2018-02-20,22.522232,0.000000,7.778704,1.049158
2018-02-21,22.354400,0.000000,7.534159,1.055349
2018-02-22,22.220277,0.000000,7.442274,1.040473
2018-02-23,22.071732,0.000000,7.449676,1.058952
2018-02-24,21.923888,0.000000,10.332046,1.047689
2018-02-25,21.777878,0.000000,7.381495,1.040221
2018-02-26,21.617335,0.000000,8.014177,1.079683
2018-02-27,21.488514,0.000000,7.203263,1.062261
2018-02-28,21.345295,0.000000,6.972949,1.181140
2018-03-01,21.188482,0.000000,6.898601,1.042015
2018-03-02,21.062717,0.000000,6.834321,1.021695
2018-03-03,20.922617,0.000000,6.752009,1.043255
2018-03-04,20.785172,0.000000,6.698457,1.019294
2018-03-05,20.650670,0.000000,6.615619,1.049182
2018-03-06,20.503435,0.000000,6.542409,1.024318
2018-03-07,20.386448,0.000000,6.475721,1.031873
2018-03-08,20.256505,0.000000,6.418127,1.024392
2018-03-09,20.127863,0.000000,6.334184,1.023592
2018-03-10,20.000869,0.000000,6.341251,1.026659
2018-03-11,19.861822,0.000000,6.212629,1.042465
2018-03-12,19.751773,0.000000,6.142358,1.020049
2018-03-13,19.628688,0.000000,6.082513,1.018320
2018-03-14,19.507584,0.000000,6.014159,1.022504
2018-03-15,19.387666,0.000000,5.941467,1.019553
2018-03-16,19.254278,0.000000,5.878069,1.091299
2018-03-17,19.150286,0.000000,10.217849,1.046618
2018-03-18,19.034518,0.000000,32.117898,1.394136
2018-03-19,18.918233,0.000000,22.066882,2.314628
2018-03-20,18.803796,0.000000,19.784139,2.419503
2018-03-21,18.678042,0.000000,11.129874,1.033667
2018-03-22,18.578131,0.000000,6.075391,1.021270
2018-03-23,18.467791,0.000000,5.447472,1.094502
2018-03-24,18.361129,0.000000,5.430973,1.003967
2018-03-25,18.255915,0.000000,5.360671,0.996572
2018-03-26,18.139074,0.000000,5.674896,0.994679
2018-03-27,18.050184,0.000000,5.661021,1.024353
2018-03-28,17.950286,0.000000,5.280173,0.982236
2018-03-29,17.850679,0.000000,5.147630,1.004776
2018-03-30,17.751660,0.000000,5.117245,0.992310
2018-03-31,17.652839,0.000000,5.052271,0.976055
2018-04-01,17.541917,0.000000,5.013750,1.002411
2018-04-02,17.456337,0.000000,4.965532,1.019531
2018-04-03,17.359113,0.000000,4.921962,1.002396
2018-04-04,17.262214,0.000000,4.912932,1.007486
2018-04-05,17.166732,0.000000,4.821457,1.095795
2018-04-06,17.059648,0.000000,4.789846,0.982407
2018-04-07,16.976054,0.000000,4.734975,0.994868
2018-04-08,16.882067,0.000000,5.069601,0.975550
2018-04-09,16.789112,0.000000,5.019929,0.995711
2018-04-10,16.696671,0.000000,4.624438,0.994950
2018-04-11,16.594073,0.000000,5.868120,1.009622
2018-04-12,16.516089,0.000000,7.430428,2.757988
2018-04-13,16.426484,0.000000,6.758442,1.005517
2018-04-14,16.398626,0.000000,11.418817,3.786986
2018-04-15,16.248444,0.000000,4.981572,3.002332
2018-04-16,16.237544,0.000000,48.255709,6.641832
2018-04-17,16.640565,0.000000,31.380687,5.392821
2018-04-18,21.890993,0.000000,67.778109,5.126779
2018-04-19,27.780346,0.000000,52.466512,5.545448
2018-04-20,25.396823,0.000000,22.219957,6.945209
2018-04-21,18.179832,0.000000,29.293501,7.379185
2018-04-22,15.618825,0.000000,9.503647,1.419247
2018-04-23,15.461998,0.000000,11.644836,2.670530
2018-04-24,15.316615,0.000000,15.104580,2.554826
2018-04-25,15.188086,0.000000,16.028014,0.970486
2018-04-26,15.063193,0.000000,10.723225,3.807956
2018-04-27,14.975812,0.000000,9.704234,1.947342
2018-04-28,14.889719,0.000000,7.212417,3.454855
2018-04-29,14.810761,0.000000,4.163596,7.470088
2018-04-30,14.743221,0.000000,4.050963,8.222054
2018-05-01,14.671996,0.000000,5.252775,0.965850
2018-05-02,14.626443,0.000000,6.286997,1.185979
2018-05-03,14.575572,0.000000,8.210775,2.359008
2018-05-04,14.528356,0.000000,8.433970,0.956027
2018-05-05,14.483794,0.000000,6.257194,7.836670
2018-05-06,14.431750,0.000000,5.306880,7.748874
2018-05-07,14.401900,0.000000,9.547682,6.640182
2018-05-08,14.363561,0.000000,13.064403,0.927811
2018-05-09,14.329566,0.000000,6.120845,0.912305
2018-05-10,14.355447,0.000000,15.748664,8.391307
2018-05-11,14.374743,0.000000,21.022257,11.398089
2018-05-12,14.693514,0.000000,30.547894,7.632444
2018-05-13,15.287877,0.000000,47.683009,7.241409
2018-05-14,15.663883,0.000000,16.782425,5.441955
2018-05-15,14.659086,0.000000,4.994601,6.898702
2018-05-16,14.117270,0.000000,9.555872,7.469223
2018-05-17,17.194407,0.000000,33.588585,6.762233
2018-05-18,17.630059,0.000000,7.075449,2.846431
2018-05-19,13.977280,0.000000,6.730383,7.173883
2018-05-20,14.627863,0.000000,8.077022,8.916799
2018-05-21,16.047534,0.000000,6.567442,4.707506
2018-05-22,19.601072,0.000000,50.662955,6.051147
2018-05-23,41.063510,0.000000,28.783404,7.078668
2018-05-24,35.948408,0.000000,19.441467,8.961423
2018-05-25,22.928020,0.000000,23.019970,7.237870
2018-05-26,38.812600,0.000000,23.045594,6.865552
2018-05-27,49.214748,0.000000,17.600377,11.077577
2018-05-28,29.706296,0.000000,17.306425,9.140037
2018-05-29,57.624183,0.000000,43.170300,6.865937
2018-05-30,77.036029,0.000000,67.458870,5.553161
2018-05-31,61.044456,0.000000,79.211545,6.507467
2018-06-01,64.323681,0.343887,99.680072,6.386561
2018-06-02,123.608843,21.581665,152.477116,29.294310
2018-06-03,102.602964,30.524760,167.174919,20.364504
2018-06-04,91.328663,37.599143,142.759760,20.946197
2018-06-05,88.889692,50.649416,130.716878,24.101626
2018-06-06,103.461533,81.143836,199.293475,38.333181
2018-06-07,114.097826,129.915994,161.927184,68.579572
2018-06-08,96.008038,78.043785,140.257980,69.361962
2018-06-09,116.536097,72.093089,145.712445,49.629241
2018-06-10,156.925473,103.399387,127.247535,55.208646
2018-06-11,170.234338,96.028758,127.826043,63.899345
2018-06-12,135.824723,76.835689,170.137613,80.941297
2018-06-13,142.017990,83.164442,182.190135,76.241010
2018-06-14,160.072682,54.136971,154.027414,85.003921
2018-06-15,142.127643,59.471001,210.951281,65.982083
2018-06-16,148.314001,60.833709,204.701649,60.749104
2018-06-17,154.080637,43.911525,216.644749,65.009105
2018-06-18,188.377158,58.026602,226.487498,54.735317
2018-06-19,195.773735,69.536032,251.308238,86.222266
2018-06-20,210.619448,73.889963,291.861042,87.624086
2018-06-21,348.915600,113.722123,282.701998,92.219680
2018-06-22,315.932621,153.837375,296.180010,140.530536
2018-06-23,288.715173,124.891381,266.291094,91.227372
2018-06-24,244.645923,120.340962,255.024116,101.230243
2018-06-25,223.044737,84.427530,280.817223,120.941884
2018-06-26,211.558002,96.537100,275.664471,106.910030
2018-06-27,221.168465,100.316776,286.403615,125.085162
2018-06-28,282.384089,121.319115,308.741359,108.211735
2018-06-29,269.952781,159.489226,282.357415,130.907165
2018-06-30,241.027291,105.206794,286.294202,161.494424
2018-07-01,259.766031,124.542670,297.860158,127.102729
2018-07-02,321.177896,232.931101,323.065429,143.270595
2018-07-03,209.541029,115.571541,269.240993,124.188368
2018-07-04,195.367619,97.064062,272.243756,142.144017
2018-07-05,218.891040,111.912815,274.974453,147.220257
2018-07-06,203.455560,112.042056,282.039539,167.810562
2018-07-07,185.731118,135.222062,276.587988,153.502753
2018-07-08,186.012942,134.242909,289.994378,113.610599
2018-07-09,197.120184,203.689769,275.430778,157.904960
2018-07-10,185.530237,115.324457,240.917664,125.319084
2018-07-11,195.676713,128.958895,254.254934,151.120583
2018-07-12,198.856314,140.952943,297.971584,167.407473
2018-07-13,205.268279,169.047963,262.560300,167.583628
2018-07-14,199.654123,156.392770,271.200902,183.898039
2018-07-15,191.509699,220.424693,266.992221,196.255936
2018-07-16,190.828387,191.447341,265.722649,165.645657
2018-07-17,188.388719,174.837594,282.280019,181.022885
2018-07-18,183.199768,176.020006,263.374252,162.230365
2018-07-19,174.531025,132.770911,262.190922,137.838064
2018-07-20,173.868482,181.937791,259.741348,163.749226
2018-07-21,164.740302,121.195624,217.690168,134.187406
2018-07-22,160.685903,157.803594,223.422205,152.421187
2018-07-23,151.739221,153.265463,216.917719,156.090888
2018-07-24,144.025033,178.156818,207.112200,129.704113
2018-07-25,137.355604,172.370868,203.203497,148.929270
2018-07-26,135.075799,154.968292,201.770725,137.103830
2018-07-27,130.721476,169.760235,202.630508,158.249387
2018-07-28,125.709067,175.083045,212.454229,140.070315
2018-07-29,145.971766,424.044848,272.724774,230.483113
2018-07-30,125.787377,401.687012,196.550914,159.065370
2018-07-31,124.097499,237.540347,193.675859,144.828722
2018-08-01,121.967653,270.993032,205.720340,207.288286
2018-08-02,115.321035,210.564022,195.313219,129.395083
2018-08-03,113.939765,164.130759,185.957308,177.121681
2018-08-04,107.976700,146.946387,166.232739,150.173760
2018-08-05,103.785225,146.639326,158.775097,135.895711
2018-08-06,100.567509,158.297651,161.254833,134.553269
2018-08-07,95.735187,138.494620,151.529597,134.450762
2018-08-08,93.368126,136.566244,152.605827,141.857552
2018-08-09,90.495333,115.316299,181.951530,166.248059
2018-08-10,89.158396,150.385823,131.560198,109.440458
2018-08-11,87.173481,180.565180,134.061208,169.037864
2018-08-12,86.805646,206.489449,136.826174,168.349576
2018-08-13,92.780522,350.428435,148.978290,123.562591
2018-08-14,85.419758,319.283088,133.154248,166.168613
2018-08-15,79.991580,160.871828,118.817758,162.821058
2018-08-16,76.800905,124.315338,104.080460,89.763354
2018-08-17,74.848352,135.269921,110.386756,151.951641
2018-08-18,72.063363,148.550138,106.758295,137.023100
2018-08-19,68.525323,109.304554,110.743413,128.501880
2018-08-20,66.204414,85.558602,93.418558,122.356182
2018-08-21,63.566970,70.805769,91.115592,109.019542
2018-08-22,63.170295,99.425778,91.706842,117.589520
2018-08-23,61.874343,96.523987,82.321985,109.311435
2018-08-24,58.619085,69.733797,73.627803,112.935052
2018-08-25,57.336588,41.640679,73.603378,114.047119
2018-08-26,69.636014,25.918568,69.154667,67.808302
2018-08-27,57.230773,46.532958,64.386437,81.666886
2018-08-28,54.133101,38.604182,57.372471,100.466689
2018-08-29,53.061570,30.789689,61.597912,64.563907
2018-08-30,56.719654,15.314843,136.009449,94.208553
2018-08-31,56.451098,88.859238,96.716923,105.594405
2018-09-01,50.163631,36.929242,37.991005,89.620148
2018-09-02,48.003011,26.556075,47.142546,66.905473
2018-09-03,46.373340,23.730025,60.382774,63.578645
2018-09-04,45.183143,40.077805,41.626161,106.918149
2018-09-05,44.362367,37.828108,74.674606,76.571393
2018-09-06,45.460872,144.879034,153.400283,121.052765
2018-09-07,55.544858,491.285587,265.272883,224.858870
2018-09-08,46.978731,494.044690,236.402590,213.598030
2018-09-09,41.918577,162.339875,141.187502,117.942002
2018-09-10,39.411104,123.941569,130.480135,94.199956
2018-09-11,40.285426,51.640191,70.228293,63.692136
2018-09-12,43.920205,83.033628,78.535346,105.630866
2018-09-13,46.528475,64.222282,69.021320,101.872120
2018-09-14,54.468147,31.293486,49.013803,56.611780
2018-09-15,57.794522,27.250463,55.978425,44.430781
2018-09-16,59.966661,18.397823,40.761961,38.026144
2018-09-17,60.282543,43.671633,68.339820,55.473252
2018-09-18,61.900386,25.202976,34.515821,52.926207
2018-09-19,64.094628,7.321806,33.665777,24.025018
2018-09-20,82.901283,2.222478,32.773313,2.245524
2018-09-21,73.745732,0.240021,31.948129,1.654755
2018-09-22,73.160085,0.002569,30.996730,1.665515
2018-09-23,67.824799,0.000072,30.368874,4.375358
2018-09-24,69.476754,0.000001,29.701322,3.146586
2018-09-25,73.154417,0.000000,28.474813,1.633079
2018-09-26,70.871690,0.000000,27.657719,1.618184
2018-09-27,67.818578,0.000000,27.335184,1.619359
2018-09-28,70.853730,0.000000,27.398138,2.641772
2018-09-29,70.937413,0.000000,25.651208,2.481967
2018-09-30,66.101858,0.000000,25.578207,3.925849
2018-10-01,72.909306,0.000000,24.546692,1.578033
2018-10-02,71.570052,0.000000,24.044835,3.610744
2018-10-03,66.759761,0.000000,23.654160,1.563739
2018-10-04,68.376913,0.000000,23.065976,1.565682
2018-10-05,62.901196,0.000000,22.593811,2.432671
2018-10-06,62.254854,0.000000,22.295799,1.522940
2018-10-07,62.482413,0.000000,22.094081,1.552736
2018-10-08,61.152386,0.000000,21.314935,1.549321
2018-10-09,60.586227,0.000000,20.910901,1.538053
2018-10-10,60.009577,0.000000,20.520927,1.543802
2018-10-11,59.391149,0.000000,22.261218,1.534182
2018-10-12,63.645303,0.000000,44.112591,2.773071
2018-10-13,60.969989,0.000000,19.460602,1.530465
2018-10-14,57.716683,0.000000,19.165695,1.481895
2018-10-15,64.815309,0.000000,18.857439,1.523259
2018-10-16,62.359008,0.000000,18.592470,1.518236
2018-10-17,55.899989,0.000000,18.223128,1.515451
2018-10-18,56.711192,0.000000,21.954223,1.510958
2018-10-19,61.785858,0.000000,18.185384,1.502861
2018-10-20,54.947446,0.000000,17.885370,1.494409
2018-10-21,53.359845,0.000000,17.160863,1.482244
2018-10-22,52.765353,0.000000,16.920003,2.221684
2018-10-23,52.133942,0.000000,16.687092,1.486906
2018-10-24,51.507685,0.000000,16.454434,1.467840
2018-10-25,50.882401,0.000000,16.191309,1.485554
2018-10-26,50.219508,0.000000,15.998144,1.951842
2018-10-27,49.637549,0.000000,16.064793,1.445302
2018-10-28,49.028080,0.000000,15.567858,1.470107
2018-10-29,48.412212,0.000000,15.352898,1.473534
2018-10-30,47.799845,0.000000,15.142382,1.451725
2018-10-31,47.203069,0.000000,14.985558,1.452896
2018-11-01,46.593942,0.000000,14.725039,1.440406
2018-11-02,46.055977,0.000000,14.552175,1.410876
2018-11-03,45.490153,0.000000,14.350626,1.472926
2018-11-04,44.929546,0.000000,14.159344,1.430254
2018-11-05,44.378462,0.000000,14.005217,1.447387
2018-11-06,43.810263,0.000000,13.786800,1.427614
2018-11-07,43.308525,0.000000,15.132482,1.429350
2018-11-08,46.789221,0.000000,35.141538,1.599622
2018-11-09,46.528538,0.000000,22.424499,1.495098
2018-11-10,41.741803,0.000000,13.061292,1.408816
2018-11-11,41.229621,0.000000,14.521425,1.388355
2018-11-12,40.767578,0.000000,13.196718,1.419416
2018-11-13,40.276449,0.000000,12.835043,1.410919
2018-11-14,39.785633,0.000000,12.441874,1.387601
2018-11-15,39.310072,0.000000,12.290744,1.402503
2018-11-16,38.822896,0.000000,12.236520,1.400817
2018-11-17,41.806956,0.000000,62.286180,1.647365
2018-11-18,38.515493,2.097758,25.619776,1.466065
2018-11-19,37.723342,0.006683,44.567014,1.506676
2018-11-20,39.053053,0.563899,168.932258,4.749930
2018-11-21,37.088540,0.160674,12.204255,1.400171
2018-11-22,35.636937,0.000328,12.152841,1.378486
2018-11-23,34.732252,0.000001,12.464900,1.368607
2018-11-24,34.170130,0.000000,12.702360,1.384778
2018-11-25,33.816798,0.000000,12.873225,1.373628
2018-11-26,33.567841,0.000000,12.999707,1.424479
2018-11-27,33.446179,0.000000,13.063156,1.359153
2018-11-28,33.358699,0.000000,13.103001,1.359004
2018-11-29,33.301084,0.000000,13.099908,1.354445
2018-11-30,33.257895,0.000000,13.072254,1.340760
2018-12-01,33.199611,0.000000,13.032670,1.347703
2018-12-02,33.189726,0.000000,12.978869,1.345727
2018-12-03,33.150641,0.000000,12.898814,1.333687
2018-12-04,33.109803,0.000000,12.832483,1.343202
2018-12-05,33.065407,0.000000,12.737760,2.066145
2018-12-06,32.989497,0.000000,12.644031,1.336998
2018-12-07,32.950650,0.000000,12.540392,1.300069
2018-12-08,32.883540,0.000000,12.430259,1.331979
2018-12-09,32.807045,0.000000,12.336712,1.290629
2018-12-10,32.720996,0.000000,13.441975,1.319982
2018-12-11,32.598320,0.000000,19.436782,1.328466
2018-12-12,32.507570,0.000000,14.869865,1.372675
2018-12-13,32.586840,0.000000,46.757630,1.366160
2018-12-14,33.154221,0.000000,24.856540,1.338640
2018-12-15,33.863975,0.000000,13.715050,1.291205
2018-12-16,31.952135,0.000000,11.694682,1.277047
2018-12-17,31.811361,0.000000,14.655990,1.319946
2018-12-18,31.639453,0.000000,11.452277,1.307858
2018-12-19,31.457997,0.000000,11.261933,1.305772
2018-12-20,31.271611,0.000000,11.158084,1.299550
2018-12-21,31.061323,0.000000,11.060242,1.283501
2018-12-22,30.891500,0.000000,10.969101,1.290378
2018-12-23,30.696797,0.000000,13.673395,1.257464
2018-12-24,30.503129,0.000000,14.512313,1.292076
2018-12-25,30.311996,0.000000,14.065055,1.276449
2018-12-26,30.098061,0.000000,14.999492,1.305167
2018-12-27,29.923226,0.000000,10.704261,1.280799
2018-12-28,29.732384,0.000000,10.430432,1.311664
2018-12-29,29.542079,0.000000,10.298426,1.236111
2018-12-30,29.351385,0.000000,10.203934,1.372936
2018-12-31,29.160888,0.000000,10.104301,1.268316
2019-01-01,28.918269,0.000000,10.860596,1.283442
2019-01-02,28.745986,0.000000,14.669968,1.279994
2019-01-03,30.988864,0.000000,75.444552,1.371428
2019-01-04,28.572581,0.000000,19.342647,1.328170
2019-01-05,28.837797,0.000000,10.390817,1.269998
2019-01-06,28.003672,0.000000,9.593224,1.230126
2019-01-07,27.815146,0.000000,9.525170,1.246656
2019-01-08,27.606207,0.000000,14.868553,1.358555
2019-01-09,27.399209,0.000000,15.390088,1.297126
2019-01-10,27.197288,0.000000,9.292198,1.231629
2019-01-11,26.980090,0.000000,9.218430,1.239986
2019-01-12,26.802551,0.000000,9.160095,1.226443
2019-01-13,26.609471,0.000000,9.070379,1.236431
2019-01-14,26.419399,0.000000,9.001361,1.225357
2019-01-15,26.233147,0.000000,8.932423,1.462843
2019-01-16,26.030343,0.000000,8.845722,1.660994
2019-01-17,25.867823,0.000000,8.783982,1.217869
2019-01-18,25.691111,0.000000,8.733427,1.299711
2019-01-19,25.517461,0.000000,8.636968,1.202087
2019-01-20,25.347947,0.000000,8.584968,1.268514
2019-01-21,25.164143,0.000000,8.486952,1.218587
2019-01-22,25.017267,0.000000,8.443026,1.210752
2019-01-23,24.854317,0.000000,8.349042,1.196375
2019-01-24,24.692729,0.000000,8.279840,1.174604
2019-01-25,24.531472,0.000000,8.196134,1.257777
2019-01-26,24.352907,0.000000,8.139518,1.196848
2019-01-27,24.209208,0.000000,8.065695,1.299592
2019-01-28,24.049145,0.000000,7.991356,1.180685
2019-01-29,23.888955,0.000000,7.916930,1.191280
2019-01-30,23.730505,0.000000,7.842682,1.187654
2019-01-31,23.575061,0.000000,7.781150,1.160251
2019-02-01,23.404614,0.000000,7.702691,1.178055
2019-02-02,23.267702,0.000000,7.629296,1.170425
2019-02-03,23.116870,0.000000,7.548136,1.186586
2019-02-04,22.968990,0.000000,7.497576,1.199097
2019-02-05,22.822707,0.000000,7.417142,1.167462
2019-02-06,22.660470,0.000000,7.330209,1.209661
2019-02-07,22.529965,0.000000,7.271073,1.156542
2019-02-08,22.384309,0.000000,7.201895,1.182685
2019-02-09,22.238407,0.000000,7.131599,1.157416
2019-02-10,22.092106,0.000000,7.058993,1.157567
2019-02-11,21.930964,0.000000,6.980620,1.159708
2019-02-12,21.802570,0.000000,6.912685,1.150512
2019-02-13,21.661853,0.000000,6.832759,1.179745
2019-02-14,21.522928,0.000000,6.793676,1.141896
2019-02-15,21.385313,0.000000,6.679785,1.261560
2019-02-16,21.235099,0.000000,6.622416,1.170223
2019-02-17,21.116808,0.000000,6.560258,1.092548
2019-02-18,20.984805,0.000000,6.493930,1.149075
2019-02-19,20.854033,0.000000,6.413609,1.144194
2019-02-20,20.724117,0.000000,7.729460,1.115750
2019-02-21,20.580602,0.000000,18.294918,1.127229
2019-02-22,20.467119,0.000000,11.150011,1.126607
2019-02-23,20.341091,0.000000,6.363753,1.106311
2019-02-24,20.214932,0.000000,6.360650,1.120569
2019-02-25,20.089423,0.000000,6.103064,1.184131
2019-02-26,19.951782,0.000000,5.968775,1.114206
2019-02-27,19.844148,0.000000,6.287817,1.115858
2019-02-28,19.723542,0.000000,7.851895,1.116447
2019-03-01,19.590179,0.000000,7.506830,1.121784
2019-03-02,19.485798,0.000000,5.726845,1.109389
2019-03-03,19.369275,0.000000,5.672786,1.101998
2019-03-04,19.254263,0.000000,5.614850,1.075440
2019-03-05,19.140833,0.000000,5.544073,1.120677
2019-03-06,19.015426,0.000000,5.499245,1.111322
2019-03-07,18.918176,0.000000,5.453976,1.110949
2019-03-08,18.807674,0.000000,5.388662,1.113644
2019-03-09,18.698460,0.000000,5.324841,1.103552
2019-03-10,18.592084,0.000000,5.290333,1.071037
2019-03-11,18.474955,0.000000,5.230760,1.111988
2019-03-12,18.383980,0.000000,5.184662,1.154440
2019-03-13,18.281838,0.000000,5.122784,1.071762
2019-03-14,18.180598,0.000000,5.067303,1.127929
2019-03-15,18.079720,0.000000,5.024608,1.104673
2019-03-16,17.966785,0.000000,4.969888,1.154968
2019-03-17,17.879229,0.000000,4.924453,1.169915
2019-03-18,17.780216,0.000000,4.866075,1.077892
2019-03-19,17.682314,0.000000,4.815763,1.098919
2019-03-20,17.585605,0.000000,4.772067,1.123925
2019-03-21,17.477077,0.000000,4.730301,1.041356
2019-03-22,17.393671,0.000000,4.684629,1.081172
2019-03-23,17.299093,0.000000,4.628841,1.139427
2019-03-24,17.205056,0.000000,4.587160,1.993536
2019-03-25,17.111783,0.000000,4.559613,1.063456
2019-03-26,17.007831,0.000000,4.647179,1.032099
2019-03-27,16.929470,0.000000,4.448332,1.076414
2019-03-28,16.840300,0.000000,4.406951,1.072717
2019-03-29,16.751641,0.000000,4.353311,1.039175
2019-03-30,16.663871,0.000000,4.314288,1.056326
2019-03-31,16.576347,0.000000,4.259907,1.074767
2019-04-01,16.477685,0.000000,4.228572,1.063397
2019-04-02,16.402951,0.000000,4.169766,4.314861
2019-04-03,16.317873,0.000000,4.220609,1.084481
2019-04-04,16.233393,0.000000,4.127860,1.057735
2019-04-05,16.149223,0.000000,4.058366,1.035359
2019-04-06,16.053737,0.000000,4.670299,2.654983
2019-04-07,15.981506,0.000000,10.625581,2.494756
2019-04-08,15.898489,0.000000,9.086365,4.888593
2019-04-09,15.815768,0.000000,10.587800,3.619728
2019-04-10,15.912140,0.000000,40.159480,5.370915
2019-04-11,72.636753,0.000000,165.989285,3.923245
2019-04-12,94.531329,0.000212,247.759954,2.800801
2019-04-13,147.991376,7.847588,186.529250,6.030458
2019-04-14,213.763342,20.526484,187.952198,4.138058
2019-04-15,167.287072,11.432470,34.381321,4.321651
2019-04-16,104.392148,5.378677,25.616225,7.405412
2019-04-17,86.242575,10.562206,23.532455,9.884435
2019-04-18,14.457357,0.178205,17.977701,5.926809
2019-04-19,119.279055,0.847014,30.081528,8.355573
2019-04-20,120.285818,4.811996,28.832968,13.385601
2019-04-21,33.021175,0.521140,8.798290,5.010786
2019-04-22,16.340673,0.003264,6.951079,1.040618
2019-04-23,17.296853,0.000051,9.615562,1.098098
2019-04-24,19.100111,0.000000,20.805959,3.785503
2019-04-25,300.966152,8.901446,68.313572,6.644553
2019-04-26,426.235267,48.899187,235.915954,41.601855
2019-04-27,438.083375,80.565878,163.556960,41.755732
2019-04-28,199.933268,44.325440,75.355865,17.594930
2019-04-29,214.437596,94.794032,250.991842,54.717928
2019-04-30,118.284457,62.758396,156.897058,48.179884
2019-05-01,124.028125,70.547979,138.765243,48.223243
2019-05-02,50.120116,13.032103,53.025006,19.279979
2019-05-03,58.180493,0.672494,72.746264,9.829461
2019-05-04,79.511189,7.588544,97.101797,11.643303
2019-05-05,90.906616,21.721143,116.607531,26.329436
2019-05-06,119.455106,38.793830,139.387273,23.756929
2019-05-07,132.231369,42.087187,135.936059,24.828367
2019-05-08,63.180074,9.037988,87.016215,6.815650
2019-05-09,60.933921,0.221570,58.229556,4.419001
2019-05-10,58.197892,0.003210,76.829436,5.599044
2019-05-11,66.493807,0.000252,91.354304,7.268861
2019-05-12,59.935442,0.000013,104.770728,7.799954
2019-05-13,59.815627,0.073911,97.808826,7.043894
2019-05-14,121.459789,13.337184,220.449155,31.420541
2019-05-15,214.270527,124.934195,260.312160,57.942806
2019-05-16,153.879228,86.918562,174.429415,54.085170
2019-05-17,174.431009,100.111161,172.238512,71.795909
2019-05-18,225.501795,132.156548,200.288263,85.126258
2019-05-19,148.155379,80.256363,147.860115,68.834380
2019-05-20,113.759010,46.055811,111.150664,65.076361
2019-05-21,130.085192,33.677900,110.308708,41.357828
2019-05-22,174.562320,71.044951,142.210986,69.834879
2019-05-23,161.279936,67.416376,145.920927,84.164324
2019-05-24,125.866639,67.359886,143.956040,52.543014
2019-05-25,97.947173,73.151401,152.886231,56.900909
2019-05-26,101.862601,86.516341,165.414391,63.369105
2019-05-27,101.635316,84.248718,152.616865,47.725699
2019-05-28,99.254944,61.942614,154.021031,9.096870
2019-05-29,105.377406,75.025213,196.449169,56.175266
2019-05-30,105.556606,80.208092,206.705788,55.720771
2019-05-31,101.247392,61.088322,180.053745,18.587030
2019-06-01,105.472957,50.222433,190.407897,27.086419
2019-06-02,107.366210,80.517278,225.700248,28.633068
2019-06-03,107.116121,78.639546,215.289922,53.935243
2019-06-04,111.976114,86.863270,242.384022,64.484628
2019-06-05,115.053510,95.527887,250.252706,65.261651
2019-06-06,117.288659,100.792410,272.549129,63.225725
2019-06-07,110.919166,116.667431,308.533228,84.294264
2019-06-08,120.208737,118.629659,303.677176,77.534267
2019-06-09,138.718960,125.023545,309.259162,85.628711
2019-06-10,121.850715,125.724524,318.366631,84.506685
2019-06-11,120.272427,141.957400,344.135770,79.761422
2019-06-12,139.659549,285.973951,336.167016,130.490503
2019-06-13,139.311632,245.536506,341.710075,163.681906
2019-06-14,145.821146,230.648221,338.448068,194.332380
2019-06-15,115.293137,194.480127,335.046125,185.271269
2019-06-16,115.628379,199.735055,342.968129,194.665291
2019-06-17,117.179681,225.414404,326.193574,189.276348
2019-06-18,111.209727,192.576635,322.583859,177.489328
2019-06-19,110.123622,207.892025,310.466239,170.695757
2019-06-20,111.855958,190.046955,321.932659,174.086823
2019-06-21,108.875876,192.108903,330.814093,179.741966
2019-06-22,106.013822,199.416544,307.597456,180.989317
2019-06-23,105.205584,223.189131,315.269147,197.611026
2019-06-24,99.968895,175.641987,279.535004,130.445739
2019-06-25,105.661201,345.730529,313.052679,241.573326
2019-06-26,99.238753,225.157716,355.651887,224.654277
2019-06-27,99.265990,156.617751,257.655793,178.868127
2019-06-28,99.724335,296.873741,243.815327,164.018810
2019-06-29,96.328786,349.771730,237.200613,164.765256
2019-06-30,83.753768,290.533034,329.459702,183.275995
2019-07-01,82.445505,219.118677,177.054226,139.026098
2019-07-02,75.152939,196.832329,265.201818,170.369361
2019-07-03,80.074913,580.195750,359.415290,296.657792
2019-07-04,76.399053,294.608106,175.012168,198.648047
2019-07-05,76.283659,268.962124,167.249682,178.318990
2019-07-06,76.525507,231.756679,174.584736,179.265484
2019-07-07,76.912138,199.273147,171.741662,186.707635
2019-07-08,78.204528,190.232314,173.253261,187.644182
2019-07-09,78.589788,161.970947,175.689276,167.572641
2019-07-10,79.583249,152.899311,178.503364,188.686379
2019-07-11,78.311826,153.622263,170.885786,195.745000
2019-07-12,78.819000,162.454802,175.037066,200.837686
2019-07-13,79.301872,195.188399,175.308229,223.612635
2019-07-14,76.915476,187.909793,192.918259,227.936956
2019-07-15,79.564228,197.751068,192.419524,200.892928
2019-07-16,79.073157,264.606241,180.882385,262.569671
2019-07-17,77.851218,215.112259,166.393452,213.987633
2019-07-18,74.743082,223.670105,167.274339,231.432937
2019-07-19,73.265136,196.760890,168.962921,255.458124
2019-07-20,72.462450,195.572117,171.791038,261.451974
2019-07-21,71.655735,209.339963,162.841494,252.241275
2019-07-22,70.852356,217.986475,160.208903,250.177104
2019-07-23,68.633977,245.499209,150.899476,216.657746
2019-07-24,66.898403,164.770908,139.854565,216.631192
2019-07-25,65.124369,143.832530,137.922979,200.591749
2019-07-26,63.832387,143.904097,112.875890,126.419338
2019-07-27,64.668422,137.197921,135.870899,238.698748
2019-07-28,84.736436,542.929639,245.148337,264.597326
2019-07-29,95.960733,569.323687,175.393300,196.385439
2019-07-30,86.694223,969.114454,452.185149,573.439043
2019-07-31,72.822510,672.393375,145.426934,271.352318
2019-08-01,57.624010,223.127065,85.956865,212.047898
2019-08-02,54.456042,153.360034,86.912132,211.351694
2019-08-03,56.540822,166.430582,89.152890,211.321461
2019-08-04,55.841672,169.766721,98.433526,211.660111
2019-08-05,55.919008,166.382741,87.518576,199.931364
2019-08-06,55.199658,152.698532,85.449983,144.796398
2019-08-07,56.139690,164.182628,95.993939,194.882691
2019-08-08,54.035791,117.341514,83.691564,164.032853
2019-08-09,54.337377,113.666087,87.767479,176.361509
2019-08-10,54.501708,121.147604,85.804998,152.046110
2019-08-11,54.279002,90.825411,76.148367,127.254978
2019-08-12,52.449945,119.241051,79.203634,150.495058
2019-08-13,50.997653,103.104426,81.891747,154.801416
2019-08-14,50.596805,86.304371,78.919190,149.744268
2019-08-15,50.328714,90.520604,77.950174,102.375593
2019-08-16,52.643416,108.138460,85.408943,163.506418
2019-08-17,52.596321,98.466352,72.391745,135.788286
2019-08-18,51.067266,103.004377,70.733232,127.102566
2019-08-19,50.935942,95.609209,70.712378,124.620435
2019-08-20,49.928736,95.868064,67.813409,114.979138
2019-08-21,48.603997,82.479193,67.124861,114.459078
2019-08-22,47.515575,90.678266,66.764809,96.085686
2019-08-23,48.486067,161.732510,62.792271,81.360605
2019-08-24,49.467946,293.046548,66.541058,106.448373
2019-08-25,45.128990,167.353809,86.485694,100.403444
2019-08-26,44.089965,111.799422,48.658668,119.964005
2019-08-27,41.956222,65.865859,41.490766,97.999445
2019-08-28,41.614215,51.977164,44.290452,102.540074
2019-08-29,40.898909,46.954986,38.430479,77.123961
2019-08-30,40.324780,45.103193,35.886951,51.440903
2019-08-31,39.635462,40.672240,34.940540,75.550161
2019-09-01,39.325584,35.596285,33.766002,68.624832
2019-09-02,39.167047,34.436348,43.877410,67.285509
2019-09-03,39.135952,40.472819,37.303088,72.321953
2019-09-04,39.618404,66.300521,50.265013,52.261949
2019-09-05,39.131781,55.180222,62.550401,89.517715
2019-09-06,40.947779,37.636080,45.756106,39.798911
2019-09-07,40.876023,179.540520,57.150885,51.899944
2019-09-08,39.506836,147.504149,25.571928,50.456064
2019-09-09,38.498460,52.286034,43.464107,42.816166
2019-09-10,37.214076,36.634647,29.086186,56.050436
2019-09-11,39.945454,23.792482,19.885409,63.523157
2019-09-12,43.080737,9.069186,25.628733,11.110105
2019-09-13,36.919268,1.245305,17.463841,6.187441
2019-09-14,35.297160,0.094516,16.650934,4.284977
2019-09-15,34.822211,0.003490,16.479967,11.502679
2019-09-16,35.868515,0.037522,16.489158,12.112498
2019-09-17,34.542560,0.237878,16.916996,6.261973
2019-09-18,34.463036,0.036382,18.153864,10.876959
2019-09-19,47.477464,1.530284,20.262802,16.545552
2019-09-20,39.223349,12.790071,18.915285,25.638733
2019-09-21,37.060806,57.129030,37.342639,17.332685
2019-09-22,38.988622,308.157054,246.445557,148.921323
2019-09-23,41.009350,400.563856,287.422438,258.936828
2019-09-24,36.975420,174.690330,91.503482,93.761828
2019-09-25,35.141218,48.658102,23.858194,51.179535
2019-09-26,35.637438,62.896483,74.301986,58.285568
2019-09-27,34.422536,104.385665,94.831383,111.125035
2019-09-28,32.996421,22.927369,16.673789,35.578116
2019-09-29,32.795999,12.704707,16.725472,28.281588
2019-09-30,32.658552,12.272017,16.682462,22.749199
2019-10-01,32.552394,3.130701,16.730925,15.861950
2019-10-02,32.522173,0.237364,27.572698,8.792770
2019-10-03,33.474648,24.576952,71.468023,43.613901
2019-10-04,33.895558,142.515646,156.616080,65.133242
2019-10-05,33.043232,80.257710,87.097923,52.878138
2019-10-06,32.155136,87.683802,109.309546,52.931522
2019-10-07,29.686316,18.243146,20.796303,4.945937
2019-10-08,29.723026,2.048751,20.584884,6.949183
2019-10-09,30.559880,10.308371,32.075192,13.357688
2019-10-10,31.729398,0.630042,21.040410,2.461069
2019-10-11,32.961449,0.019361,21.563054,1.702983
2019-10-12,35.543182,0.000827,22.119689,1.631075
2019-10-13,35.404817,0.000049,22.505654,1.696605
2019-10-14,36.613604,0.000005,23.406968,1.643315
2019-10-15,40.296351,0.000000,22.897048,1.539314
2019-10-16,38.447743,0.000000,22.987378,1.628998
2019-10-17,39.009761,0.000000,22.960248,2.235238
2019-10-18,39.608209,0.000000,22.858240,2.039845
2019-10-19,40.106056,0.000000,22.798977,1.613169
2019-10-20,41.982875,0.000000,23.601924,1.606204
2019-10-21,40.799114,0.000000,22.144652,1.595749
2019-10-22,41.072415,0.000000,21.773207,1.596832
2019-10-23,41.243978,0.000000,21.444535,1.594111
2019-10-24,41.351634,0.000000,21.059366,1.602911
2019-10-25,41.403417,0.000000,20.693161,1.588342
2019-10-26,41.376749,0.000000,20.296726,1.627338
2019-10-27,41.367564,0.000000,19.930369,1.577971
2019-10-28,41.295256,0.000000,19.548484,1.565247
2019-10-29,41.188831,0.000000,19.205820,1.588796
2019-10-30,41.050098,0.000000,18.860745,1.579205
2019-10-31,40.877350,0.000000,18.535523,1.553021
2019-11-01,40.655032,0.000000,18.242233,1.568833
2019-11-02,40.476052,0.000000,17.930125,1.548414
2019-11-03,40.251409,0.000000,17.634374,1.553177
2019-11-04,40.005222,0.000000,17.367943,1.543110
2019-11-05,39.741165,0.000000,17.090858,1.536689
2019-11-06,39.437285,0.000000,16.824832,1.530876
2019-11-07,39.177792,0.000000,16.599511,1.537330
2019-11-08,38.884277,0.000000,16.362638,1.521910
2019-11-09,38.580537,0.000000,16.510036,1.511563
2019-11-10,38.274394,0.000000,19.429614,1.529511
2019-11-11,38.538310,0.000000,24.293027,1.568817
2019-11-12,37.655067,0.000000,17.285328,1.504948
2019-11-13,37.343481,0.000000,15.224331,1.496933
2019-11-14,37.029049,0.000000,15.938926,1.557946
2019-11-15,36.715924,0.000000,16.723678,1.497232
2019-11-16,36.379994,0.000000,14.540727,1.493574
2019-11-17,36.093618,0.000000,14.352752,1.494878
2019-11-18,35.776325,0.000000,15.130748,1.482360
2019-11-19,35.460011,0.000000,18.656843,1.481858
2019-11-20,35.147229,0.000000,13.944534,1.471684
2019-11-21,34.810741,0.000000,13.629669,1.500300
2019-11-22,34.522756,0.000000,13.423053,1.482721
2019-11-23,34.216187,0.000000,13.263369,1.546897
2019-11-24,33.909965,0.000000,13.097643,1.479814
2019-11-25,33.606988,0.000000,12.933949,1.481930
2019-11-26,33.285111,0.000000,12.756733,1.464721
2019-11-27,33.012998,0.000000,12.588160,1.476323
2019-11-28,32.717878,0.000000,12.423342,1.447707
2019-11-29,32.421746,0.000000,12.257520,1.444547
2019-11-30,32.126741,0.000000,12.099960,1.461059
2019-12-01,31.811855,0.000000,12.259156,1.452436
2019-12-02,31.543658,0.000000,22.451195,1.666173
2019-12-03,31.249551,0.000000,12.779068,1.470791
2019-12-04,30.967808,0.000000,11.439844,1.423683
2019-12-05,30.686845,0.000000,11.279600,1.431621
2019-12-06,30.385652,0.000000,11.120279,1.416296
2019-12-07,30.131758,0.000000,10.976508,1.433028
2019-12-08,29.857874,0.000000,10.801052,1.619113
2019-12-09,29.585822,0.000000,10.669857,1.414580
2019-12-10,29.317220,0.000000,10.537774,1.475074
2019-12-11,29.031239,0.000000,10.353345,1.548323
2019-12-12,28.788978,0.000000,10.219658,1.407731
2019-12-13,28.530024,0.000000,10.086490,1.476465
2019-12-14,28.275308,0.000000,9.925589,1.404047
2019-12-15,28.024792,0.000000,9.790583,1.396462
2019-12-16,27.760120,0.000000,9.663538,1.411753
2019-12-17,27.537329,0.000000,9.496307,1.394607
2019-12-18,27.300874,0.000000,9.348182,1.383817
2019-12-19,27.069604,0.000000,9.199095,1.389828
2019-12-20,26.842467,0.000000,9.069421,1.389028
2019-12-21,26.605608,0.000000,8.908346,1.407259
2019-12-22,26.411605,0.000000,8.766710,1.385852
2019-12-23,26.202876,0.000000,8.635949,2.654998
2019-12-24,25.997017,0.000000,8.475790,1.386299
2019-12-25,25.793544,0.000000,8.335022,1.463962
2019-12-26,25.576353,0.000000,8.185784,1.358511
2019-12-27,25.398682,0.000000,8.083180,1.454045
2019-12-28,25.206116,0.000000,7.905549,1.431432
2019-12-29,25.016807,0.000000,7.768469,1.381808
2019-12-30,24.829659,0.000000,7.738639,1.398118
2019-12-31,24.644471,0.000000,7.520126,1.444310

