time,MAR_land,MAR_ice,RACMO_land,RACMO_ice
2015-01-01,4.580212,0.042711,0.653449,0.275947
2015-01-02,4.542735,0.040961,0.639686,0.358482
2015-01-03,4.502650,0.017681,0.633376,0.269538
2015-01-04,4.464235,0.005116,0.627229,0.359928
2015-01-05,4.426919,0.004692,0.612676,0.344133
2015-01-06,4.387633,0.003803,0.608913,0.276709
2015-01-07,4.354628,0.006203,0.594517,0.350876
2015-01-08,4.319662,0.003980,0.588239,0.360027
2015-01-09,4.285905,0.003616,0.576959,0.270614
2015-01-10,4.253083,0.003585,0.577684,0.353084
2015-01-11,4.217615,0.002989,0.563781,0.349470
2015-01-12,4.187815,0.002519,0.551850,0.276768
2015-01-13,4.155077,0.002519,0.547359,0.338136
2015-01-14,4.122429,0.002517,0.536746,0.276461
2015-01-15,4.090545,0.002529,0.529264,0.265538
2015-01-16,4.055785,0.002533,0.523224,0.351117
2015-01-17,4.026748,0.002584,0.516815,0.343146
2015-01-18,3.995056,0.002585,0.507384,0.343402
2015-01-19,3.964186,0.002585,0.577901,0.342701
2015-01-20,3.933896,0.002557,0.510896,0.271802
2015-01-21,3.901430,0.007184,0.515404,0.337849
2015-01-22,3.874887,0.115197,0.493957,0.335720
2015-01-23,3.845728,0.089950,0.472316,0.272165
2015-01-24,3.816778,0.096863,0.464342,0.340039
2015-01-25,3.787731,0.104329,0.459209,0.344788
2015-01-26,3.756223,0.103449,0.454788,0.339590
2015-01-27,3.730044,0.083760,0.446736,0.265392
2015-01-28,3.701178,0.079066,0.438005,0.367966
2015-01-29,3.672860,0.021765,0.434444,0.346875
2015-01-30,3.644893,0.001470,0.428499,0.337576
2015-01-31,3.617310,0.001351,0.422208,0.263754
2015-02-01,3.587511,0.001202,0.410146,0.263389
2015-02-02,3.563412,0.001162,0.413963,0.345718
2015-02-03,3.538533,0.001063,0.496625,0.334330
2015-02-04,3.514757,0.001119,0.407621,0.266381
2015-02-05,3.491212,0.001148,0.393810,0.343495
2015-02-06,3.465318,0.003111,0.384551,0.257395
2015-02-07,3.444439,0.001196,0.371013,0.327399
2015-02-08,3.421435,0.001900,0.374664,0.268947
2015-02-09,3.398646,0.003085,0.363029,0.259773
2015-02-10,3.376073,0.001986,0.354333,0.336494
2015-02-11,3.351280,0.001279,0.352401,0.334103
2015-02-12,3.331665,0.001146,0.344075,0.259505
2015-02-13,3.310337,0.001726,0.336609,0.328271
2015-02-14,3.289217,0.007571,0.373644,0.257797
2015-02-15,3.268556,0.033467,0.326918,0.330784
2015-02-16,3.245750,0.011290,0.319627,0.248487
2015-02-17,3.227532,0.002593,0.310780,0.328576
2015-02-18,3.207151,0.001732,0.306368,0.332322
2015-02-19,3.186686,0.002178,0.299837,0.328518
2015-02-20,3.166341,0.002581,0.296190,0.250753
2015-02-21,3.143912,0.002123,0.290101,0.328429
2015-02-22,3.126627,0.001152,0.283662,0.326037
2015-02-23,3.108284,0.001146,0.277327,0.255203
2015-02-24,3.090570,0.001147,0.272672,0.332284
2015-02-25,3.073210,0.002222,0.263942,0.243585
2015-02-26,3.053904,0.011214,0.265208,0.251783
2015-02-27,3.039313,0.015802,0.251858,0.334939
2015-02-28,3.022803,0.009199,0.250248,0.241522
2015-03-01,3.004108,0.001182,0.242587,0.325196
2015-03-02,2.989560,0.001191,0.241364,0.325196
2015-03-03,2.972977,0.002355,0.230458,0.248697
2015-03-04,2.956523,0.001239,0.225971,0.238841
2015-03-05,2.940076,0.005008,0.223061,0.332956
2015-03-06,2.921716,0.001660,0.215809,0.237972
2015-03-07,2.907406,0.002215,0.210935,0.319032
2015-03-08,2.891066,0.001313,0.214278,0.322186
2015-03-09,2.874696,0.001262,0.203437,0.238936
2015-03-10,2.858402,0.001471,0.197085,0.323197
2015-03-11,2.840149,0.006852,0.197478,0.318620
2015-03-12,2.825929,0.001823,0.191465,0.315172
2015-03-13,2.809843,0.001614,0.189448,0.321920
2015-03-14,2.794185,0.012156,1.469161,0.268882
2015-03-15,2.778841,0.010336,0.186111,0.270084
2015-03-16,2.761857,0.003453,0.180484,0.320380
2015-03-17,2.748678,0.002435,0.176545,0.313920
2015-03-18,2.733510,0.001277,0.175170,0.323206
2015-03-19,2.718210,0.001175,0.170882,0.311767
2015-03-20,2.702947,0.001336,0.167391,0.266655
2015-03-21,2.685814,0.003263,0.182221,0.320082
2015-03-22,2.672507,0.002022,0.163399,0.316017
2015-03-23,2.657366,0.003029,0.158761,0.237647
2015-03-24,2.642633,0.001164,0.156551,0.317590
2015-03-25,2.628371,0.002924,0.155715,0.313549
2015-03-26,2.612748,0.000761,0.152753,0.322519
2015-03-27,2.601052,0.000163,0.150382,0.240194
2015-03-28,2.587435,0.000167,0.146604,0.320828
2015-03-29,2.573774,0.000158,0.148939,0.241824
2015-03-30,2.560041,0.000146,0.146956,0.318556
2015-03-31,2.546211,0.000245,0.132250,0.229602
2015-04-01,2.530563,0.000154,0.137468,0.315320
2015-04-02,2.518577,0.000139,0.136819,0.236131
2015-04-03,2.504975,0.000162,0.130414,0.321105
2015-04-04,2.491663,0.000187,0.132580,0.315371
2015-04-05,2.478730,0.000150,0.128431,0.312447
2015-04-06,2.464331,0.000153,0.129028,0.231354
2015-04-07,2.453444,0.000146,0.120098,0.312051
2015-04-08,2.440807,0.000153,0.123193,0.313996
2015-04-09,2.428082,0.000165,0.121783,0.229931
2015-04-10,2.415399,0.000146,0.115831,0.318298
2015-04-11,2.401244,0.000160,0.122243,0.232380
2015-04-12,2.390612,0.000147,0.107810,0.235907
2015-04-13,2.378378,0.000143,0.115973,0.308100
2015-04-14,2.366352,0.000143,0.110365,1.930640
2015-04-15,2.354839,0.000114,0.109826,1.772288
2015-04-16,2.341897,0.000327,2.504892,0.840048
2015-04-17,2.332311,0.000121,4.671820,2.046899
2015-04-18,2.321210,0.000146,3.546209,1.303863
2015-04-19,2.310379,0.000146,8.780523,1.411422
2015-04-20,2.300107,0.000153,13.673470,0.569831
2015-04-21,2.288414,0.000149,3.661591,0.305003
2015-04-22,2.279856,0.000174,0.096319,2.181443
2015-04-23,2.269787,0.000185,0.102676,0.511029
2015-04-24,2.259596,0.000151,0.092871,2.301261
2015-04-25,2.249298,0.000172,0.093640,0.299066
2015-04-26,2.237463,0.000157,0.093830,0.229914
2015-04-27,2.228869,0.000168,0.091037,0.303327
2015-04-28,2.218818,0.000150,0.090096,0.308440
2015-04-29,2.209057,0.000133,0.086549,0.230305
2015-04-30,2.199442,0.000112,0.106709,0.303189
2015-05-01,2.188507,0.000112,0.119113,0.303793
2015-05-02,2.180784,0.000112,0.124518,0.226986
2015-05-03,2.171517,0.000112,1.341144,0.303341
2015-05-04,2.162219,0.000112,0.797342,0.479739
2015-05-05,2.153023,0.000112,0.182639,2.444511
2015-05-06,2.142395,0.000112,0.081655,0.225568
2015-05-07,2.134870,0.000112,0.477170,2.256817
2015-05-08,2.125959,0.000112,2.871329,2.581085
2015-05-09,2.117419,0.000112,2.214118,0.669479
2015-05-10,2.109129,0.000112,2.876329,0.307477
2015-05-11,2.099659,0.000112,0.509449,0.716760
2015-05-12,2.093125,0.000112,4.676367,1.051064
2015-05-13,2.085200,0.000112,6.201197,2.540330
2015-05-14,2.077265,0.000112,16.783468,2.054501
2015-05-15,2.069336,0.000114,7.692348,0.701715
2015-05-16,2.059956,0.000147,5.961648,1.135609
2015-05-17,2.053556,0.000134,7.032330,0.680988
2015-05-18,2.045683,0.000112,7.561423,1.062834
2015-05-19,2.037909,0.000112,5.854422,1.475650
2015-05-20,2.030233,0.000112,3.092441,0.257765
2015-05-21,2.021409,0.000115,3.875403,2.141604
2015-05-22,2.015434,0.000112,2.843055,1.339473
2015-05-23,2.008035,0.000113,3.097908,0.832686
2015-05-24,2.000598,0.000129,4.109598,1.447470
2015-05-25,1.993177,0.000103,5.374256,1.473753
2015-05-26,1.984421,0.000133,7.317396,0.587796
2015-05-27,1.978321,0.000164,4.669616,1.698547
2015-05-28,1.970890,0.000129,4.731039,1.314200
2015-05-29,1.963632,0.000112,4.072791,0.746818
2015-05-30,1.956470,0.000112,3.926820,1.499155
2015-05-31,1.949417,0.000112,4.633617,0.896075
2015-06-01,1.940986,0.000112,7.153696,1.738227
2015-06-02,1.935200,0.000112,6.721463,0.216373
2015-06-03,1.928005,0.000134,10.432467,1.636546
2015-06-04,1.920380,0.000139,15.273372,1.322008
2015-06-05,1.913241,0.000588,16.550644,1.065302
2015-06-06,1.908882,0.001275,14.100253,0.714366
2015-06-07,1.907333,0.001152,17.578609,0.663447
2015-06-08,1.901475,0.000428,23.469474,0.858714
2015-06-09,1.888066,0.000401,16.764638,1.019640
2015-06-10,1.857601,0.000372,15.127172,1.427046
2015-06-11,1.825917,0.687050,16.154183,1.255562
2015-06-12,1.810289,0.363092,13.214354,1.370480
2015-06-13,1.801375,1.854907,21.875290,1.156944
2015-06-14,1.790344,2.380643,20.684794,0.848278
2015-06-15,1.781180,3.179716,21.499498,6.609930
2015-06-16,1.781099,2.215759,23.094996,6.538593
2015-06-17,1.789974,3.040094,25.005607,20.304241
2015-06-18,1.792343,8.283099,30.325792,17.938457
2015-06-19,1.800250,8.080431,35.437153,17.346837
2015-06-20,1.837134,6.669548,33.486099,17.229290
2015-06-21,1.906709,7.179461,35.163671,14.585282
2015-06-22,2.014801,9.807085,35.905098,26.215796
2015-06-23,2.154274,13.105022,37.707323,29.923174
2015-06-24,2.313661,16.506608,40.860693,34.797206
2015-06-25,2.527104,30.742936,44.338215,43.765730
2015-06-26,4.018120,36.646454,44.246202,57.214993
2015-06-27,8.645218,41.664885,42.503582,56.330516
2015-06-28,7.632088,30.082980,39.862207,50.834786
2015-06-29,8.237518,25.356128,39.503868,49.426224
2015-06-30,9.406347,27.096108,37.323995,51.460287
2015-07-01,10.643272,26.161465,38.427482,54.484418
2015-07-02,13.754883,38.158398,39.419182,63.203281
2015-07-03,18.064567,54.004223,38.921393,72.763249
2015-07-04,21.898030,60.384309,37.392974,76.656945
2015-07-05,27.014073,81.166822,37.667832,86.657360
2015-07-06,26.382297,101.317400,35.946623,85.721181
2015-07-07,29.421799,104.126878,30.057080,92.859819
2015-07-08,39.338092,134.626260,32.769887,91.205110
2015-07-09,32.962218,90.858527,29.354872,112.371338
2015-07-10,28.669987,26.702085,34.315560,63.122299
2015-07-11,37.184309,43.328301,17.991114,49.103427
2015-07-12,36.376289,9.509694,14.383869,47.172955
2015-07-13,48.926389,47.031145,15.767227,67.823110
2015-07-14,59.210160,97.449533,15.383379,86.817341
2015-07-15,69.253517,144.799425,20.602755,135.209100
2015-07-16,71.272751,166.051336,20.676303,157.386284
2015-07-17,72.616512,160.798058,20.248182,134.060091
2015-07-18,79.776885,179.991711,22.905168,175.250827
2015-07-19,82.461228,157.966381,22.251076,177.140787
2015-07-20,84.498496,46.856040,14.852486,82.092102
2015-07-21,90.229263,29.710835,14.027673,69.576905
2015-07-22,90.959245,32.004853,12.946403,93.538328
2015-07-23,89.913004,56.379560,12.541590,78.541846
2015-07-24,79.266749,32.666281,12.396895,90.128434
2015-07-25,76.120847,47.453001,11.671002,71.255036
2015-07-26,71.530961,45.246154,11.305507,70.850294
2015-07-27,67.187196,42.283094,11.294145,86.827612
2015-07-28,65.782152,50.997914,11.415796,88.037074
2015-07-29,65.349964,59.883707,12.303521,97.445144
2015-07-30,70.215563,63.570898,15.905834,86.715543
2015-07-31,84.872061,151.465054,24.690001,141.726593
2015-08-01,113.216367,239.039483,32.884583,223.979907
2015-08-02,98.497993,204.385315,19.581015,168.871235
2015-08-03,98.171293,104.576986,9.573119,134.502307
2015-08-04,106.278004,108.467260,7.306871,75.783952
2015-08-05,94.471675,69.612692,8.665607,97.389885
2015-08-06,89.492112,49.694930,8.899115,79.607430
2015-08-07,87.377374,70.343349,10.018577,97.137750
2015-08-08,79.935935,57.538377,7.267811,80.231883
2015-08-09,66.338243,19.613676,8.499099,59.056541
2015-08-10,61.126443,28.681046,6.957683,61.238828
2015-08-11,57.506411,16.459438,5.388094,58.337546
2015-08-12,64.213443,8.605926,3.578396,55.243091
2015-08-13,65.158088,25.734165,8.874119,69.479080
2015-08-14,62.550445,19.671484,6.333296,62.796519
2015-08-15,62.699276,45.513794,10.796344,87.090336
2015-08-16,70.659853,115.704313,12.183320,75.852771
2015-08-17,69.639160,26.182803,5.711229,44.179649
2015-08-18,71.787577,28.005914,3.399884,44.690321
2015-08-19,67.984570,15.372394,2.668163,40.631631
2015-08-20,65.251789,23.548166,4.643444,73.956352
2015-08-21,59.992238,13.572499,3.456710,37.338155
2015-08-22,55.529094,6.172203,2.307453,24.160806
2015-08-23,54.019628,4.464595,2.844246,32.315490
2015-08-24,53.521763,8.892252,6.525868,36.246503
2015-08-25,53.142250,25.875750,9.024145,63.688333
2015-08-26,55.527600,44.613548,12.197092,61.502222
2015-08-27,50.745598,15.762926,3.300384,40.770403
2015-08-28,50.303440,0.487793,2.210807,1.538982
2015-08-29,49.413287,0.430867,2.784562,4.227168
2015-08-30,47.133853,0.779625,2.941079,5.672534
2015-08-31,45.025686,7.189646,4.588493,17.474631
2015-09-01,42.769471,4.661075,2.773389,5.918347
2015-09-02,40.718286,3.058051,4.084279,5.726293
2015-09-03,38.771604,2.762260,2.434425,2.925116
2015-09-04,36.402104,0.978882,2.497014,2.111576
2015-09-05,34.435413,1.964154,2.456797,2.044195
2015-09-06,32.618111,3.226298,2.564458,1.993687
2015-09-07,38.794338,47.830433,7.491993,13.194723
2015-09-08,52.342990,132.113053,11.765334,19.126661
2015-09-09,45.532256,106.379607,20.532302,56.088558
2015-09-10,47.245902,79.991286,20.441086,69.483242
2015-09-11,28.177966,30.131261,5.973150,43.485737
2015-09-12,29.642398,31.734907,3.569422,29.155698
2015-09-13,26.517858,3.292188,2.232109,27.445961
2015-09-14,26.804782,0.941732,2.259251,34.527153
2015-09-15,26.991166,0.800499,2.215943,25.584174
2015-09-16,26.838690,0.888314,2.226350,21.189504
2015-09-17,26.431919,1.044531,3.195968,12.271295
2015-09-18,25.831439,0.362666,2.212262,22.050241
2015-09-19,25.110861,0.634346,2.540424,0.897064
2015-09-20,24.499951,4.043640,13.664441,17.260434
2015-09-21,23.529948,3.334013,6.301089,17.438517
2015-09-22,22.803778,0.520840,2.413371,16.362034
2015-09-23,21.977814,0.144542,2.271607,4.751687
2015-09-24,21.181028,0.097247,2.171317,0.865097
2015-09-25,20.432401,0.437116,2.537048,1.946463
2015-09-26,19.727816,0.089006,2.169419,1.452093
2015-09-27,19.041270,0.030200,2.232667,1.310413
2015-09-28,18.571876,0.062649,2.191211,0.963166
2015-09-29,17.920552,0.040827,2.158641,0.491389
2015-09-30,17.437989,0.074549,2.158458,0.484001
2015-10-01,16.965047,0.072762,2.148967,0.491200
2015-10-02,16.537525,0.116952,2.139875,0.488307
2015-10-03,16.113819,0.094426,2.131987,0.481222
2015-10-04,15.705568,0.050466,2.117593,0.486336
2015-10-05,15.307131,0.066893,2.169011,0.484517
2015-10-06,15.724533,0.462055,3.687791,1.178299
2015-10-07,15.563241,1.203027,4.597235,12.075807
2015-10-08,14.966968,0.136775,2.268117,1.251689
2015-10-09,13.848032,0.029277,2.162974,0.531840
2015-10-10,13.561116,0.006259,2.085244,0.471488
2015-10-11,13.303891,0.010738,2.020926,0.534856
2015-10-12,13.079301,0.087322,2.006461,0.761753
2015-10-13,12.847760,0.165717,2.015860,0.473482
2015-10-14,12.619224,0.137385,1.984651,1.033118
2015-10-15,12.391478,0.155261,1.972440,0.897755
2015-10-16,12.155076,0.024268,1.957450,0.469090
2015-10-17,11.941983,0.933978,2.659088,0.760124
2015-10-18,11.727521,0.556245,1.937296,0.480697
2015-10-19,11.509552,0.020724,1.903849,0.459969
2015-10-20,11.293210,0.010466,1.887367,0.484313
2015-10-21,11.079466,0.095152,1.868315,0.455904
2015-10-22,10.886980,0.219711,1.853283,0.481077
2015-10-23,10.693169,0.394814,1.829828,0.481176
2015-10-24,10.507182,0.050656,1.812993,0.456145
2015-10-25,10.330599,0.014724,1.790903,0.481300
2015-10-26,10.153056,0.058083,1.771731,0.474998
2015-10-27,9.995154,0.014387,1.748313,0.476369
2015-10-28,9.836217,0.012091,1.844135,0.451687
2015-10-29,9.679252,0.066412,2.971281,0.544791
2015-10-30,9.532012,0.305844,2.283076,0.581311
2015-10-31,9.393419,0.043582,1.676238,0.479284
2015-11-01,9.216737,0.036404,1.647634,0.467792
2015-11-02,9.055843,0.034087,1.644825,0.468992
2015-11-03,8.896738,0.001925,1.619033,0.446798
2015-11-04,8.749468,0.001351,1.601332,0.462842
2015-11-05,8.617479,0.000986,1.589914,0.485180
2015-11-06,8.490581,0.062615,1.573394,0.437648
2015-11-07,8.380054,0.155391,1.569854,0.458004
2015-11-08,8.267870,0.015499,1.540430,0.459202
2015-11-09,8.162244,0.000346,1.518269,0.459890
2015-11-10,8.059442,0.017853,1.511028,0.458474
2015-11-11,7.951010,0.163607,1.494213,0.457963
2015-11-12,7.854386,0.020799,1.473391,0.417380
2015-11-13,7.752127,0.051031,1.460631,0.452393
2015-11-14,7.650444,0.003701,1.442060,0.452558
2015-11-15,7.550322,0.001772,1.430565,0.448381
2015-11-16,7.446842,0.001416,1.413171,0.447282
2015-11-17,7.355887,0.000744,1.395308,0.448272
2015-11-18,7.262740,0.000663,1.382562,0.445096
2015-11-19,7.172143,0.000774,1.364624,0.446446
2015-11-20,7.085198,0.052629,1.349810,0.447338
2015-11-21,6.994950,0.118741,1.335163,0.443362
2015-11-22,6.914689,0.068661,1.318434,0.439223
2015-11-23,6.830355,0.060074,1.306514,0.439015
2015-11-24,6.746461,0.008673,1.284841,0.440686
2015-11-25,6.663816,0.008507,1.272856,0.447802
2015-11-26,6.578195,0.024118,1.256044,0.443924
2015-11-27,6.503139,0.006221,1.243364,0.443390
2015-11-28,6.428018,0.019463,1.230495,0.438960
2015-11-29,6.357421,0.125171,1.211815,0.438882
2015-11-30,6.288326,0.156565,1.196455,0.445826
2015-12-01,6.215409,0.053461,1.183862,0.440506
2015-12-02,6.152233,0.052109,1.168134,0.436594
2015-12-03,6.085870,0.016657,1.153697,0.437685
2015-12-04,6.020608,0.020389,1.141384,0.439595
2015-12-05,5.956268,0.227378,1.125553,0.434507
2015-12-06,5.887326,0.273220,1.115955,0.430159
2015-12-07,5.826558,0.253357,1.093731,0.440209
2015-12-08,5.762816,0.209236,1.082872,0.439570
2015-12-09,5.700097,0.061214,1.064434,0.429721
2015-12-10,5.637632,0.017978,1.055814,0.437252
2015-12-11,5.573241,0.021007,1.039323,0.431098
2015-12-12,5.519311,0.045623,1.027343,0.437840
2015-12-13,5.462136,0.023496,1.010591,0.417171
2015-12-14,5.405345,0.009371,0.993065,0.425480
2015-12-15,5.348670,0.090359,0.982034,0.437696
2015-12-16,5.289098,0.112055,0.970544,0.409251
2015-12-17,5.237734,0.127429,0.953975,0.416228
2015-12-18,5.184115,0.050167,0.938055,0.413055
2015-12-19,5.131769,0.011050,0.927958,0.416583
2015-12-20,5.079788,0.011353,0.912994,0.411904
2015-12-21,5.026542,0.002728,0.900475,0.411729
2015-12-22,4.975493,0.000460,0.891905,0.408387
2015-12-23,4.925982,0.000479,0.869208,0.417221
2015-12-24,4.878856,0.000347,0.865219,0.418701
2015-12-25,4.832372,0.000339,0.847809,0.410732
2015-12-26,4.782570,0.000338,0.831249,0.396839
2015-12-27,4.740731,0.000383,0.843016,0.415971
2015-12-28,4.696357,0.000360,1.485159,0.411920
2015-12-29,4.653124,0.000339,0.846398,0.403918
2015-12-30,4.610625,0.000339,1.295792,0.412787
2015-12-31,4.569148,0.000339,0.815417,0.415692
2016-01-01,4.640901,0.061229,0.760924,0.400139
2016-01-02,4.606164,0.005382,0.746964,0.402615
2016-01-03,4.568222,0.005307,0.734463,0.398526
2016-01-04,4.530300,0.005307,0.724118,0.398139
2016-01-05,4.492514,0.005307,0.709476,0.392079
2016-01-06,4.452449,0.005304,0.713258,0.411916
2016-01-07,4.419761,0.005307,0.689212,0.384388
2016-01-08,4.384155,0.005307,0.681385,0.402026
2016-01-09,4.348229,0.035070,0.673013,0.399204
2016-01-10,4.312249,0.019726,0.661146,0.385756
2016-01-11,4.273753,0.010244,0.652709,0.389653
2016-01-12,4.241439,0.009963,0.648333,0.389823
2016-01-13,4.206724,0.030966,0.635548,0.391096
2016-01-14,4.172089,0.156497,0.624552,0.390263
2016-01-15,4.138647,0.022566,0.611634,0.397361
2016-01-16,4.103887,0.005319,0.613141,0.391723
2016-01-17,4.075236,0.005307,0.596137,0.390343
2016-01-18,4.044004,0.005307,0.587127,0.393778
2016-01-19,4.012896,0.005307,0.578241,0.395576
2016-01-20,3.981689,0.005307,0.562036,0.385187
2016-01-21,3.948190,0.026960,0.576239,0.383498
2016-01-22,3.920877,0.143631,1.017029,0.384517
2016-01-23,3.890974,0.007053,1.602441,0.389736
2016-01-24,3.861030,0.005308,0.580667,0.386581
2016-01-25,3.831227,0.005307,0.552061,0.384354
2016-01-26,3.799658,0.005304,0.509090,0.386227
2016-01-27,3.774045,0.005307,0.505428,0.393467
2016-01-28,3.745800,0.005307,0.493563,0.380413
2016-01-29,3.717494,0.005307,0.484356,0.383077
2016-01-30,3.689758,0.005307,0.475279,0.382470
2016-01-31,3.662956,0.005307,0.470978,0.381509
2016-02-01,3.634133,0.005304,0.464135,0.393357
2016-02-02,3.610469,0.005298,0.452640,0.389337
2016-02-03,3.584289,0.005283,0.448481,0.391229
2016-02-04,3.557990,0.005283,0.441480,0.375866
2016-02-05,3.531599,0.005283,0.430527,0.386090
2016-02-06,3.502928,0.005279,0.421894,0.367160
2016-02-07,3.479868,0.005283,0.418282,0.392798
2016-02-08,3.454866,0.005283,0.411661,1.442467
2016-02-09,3.430012,0.005283,0.403175,0.377350
2016-02-10,3.405777,0.005283,0.389688,0.374292
2016-02-11,3.379908,0.005279,0.387770,0.376452
2016-02-12,3.359149,0.005283,0.376332,0.361193
2016-02-13,3.335898,0.005283,0.371308,0.378724
2016-02-14,3.312872,0.005283,0.366697,0.372677
2016-02-15,3.291069,0.005283,0.354093,0.373448
2016-02-16,3.267377,0.005279,0.345952,0.370828
2016-02-17,3.248232,0.005283,0.337186,0.353756
2016-02-18,3.226782,0.005283,0.340473,0.383304
2016-02-19,3.206326,0.005283,0.322831,0.372411
2016-02-20,3.187350,0.076264,0.323820,0.368854
2016-02-21,3.166927,0.110341,0.321105,0.360906
2016-02-22,3.151190,0.109743,0.314159,0.354023
2016-02-23,3.133444,0.036027,0.308334,0.357941
2016-02-24,3.115839,0.026746,0.304111,0.367510
2016-02-25,3.098292,0.026780,0.300551,0.367544
2016-02-26,3.078732,0.026719,0.292672,0.368383
2016-02-27,3.063430,0.026776,0.285557,0.362655
2016-02-28,3.045771,0.026974,0.280826,0.367284
2016-02-29,3.028191,0.026837,0.278539,0.365536
2016-03-01,3.008671,0.026031,0.272969,0.363688
2016-03-02,2.993542,0.008147,0.266383,0.368717
2016-03-03,2.976167,0.005285,0.260105,0.362657
2016-03-04,2.958749,0.005282,0.255183,0.372390
2016-03-05,2.942213,0.005282,0.251006,0.888856
2016-03-06,2.924144,0.005572,0.244867,0.377948
2016-03-07,2.909969,0.006047,0.241091,0.361616
2016-03-08,2.893650,0.014878,0.232701,0.360369
2016-03-09,2.877671,0.008279,0.253403,0.354097
2016-03-10,2.862230,0.016905,0.405059,0.373801
2016-03-11,2.845009,0.026077,0.218657,0.361492
2016-03-12,2.831617,0.007584,0.292092,0.352614
2016-03-13,2.816264,0.011142,0.810631,0.377219
2016-03-14,2.800881,0.026533,6.121191,0.341882
2016-03-15,2.785588,0.021322,0.234360,0.356714
2016-03-16,2.768391,0.006939,0.201112,2.402226
2016-03-17,2.755018,0.005288,0.202195,1.145066
2016-03-18,2.739710,0.005283,0.199193,0.811982
2016-03-19,2.724480,0.005283,0.198287,0.362516
2016-03-20,2.709334,0.005748,0.188379,0.302663
2016-03-21,2.692443,0.005299,0.187513,0.354402
2016-03-22,2.679373,0.005283,0.179323,0.347717
2016-03-23,2.664453,0.007919,0.183272,0.370157
2016-03-24,2.649683,0.007636,0.179109,0.349134
2016-03-25,2.634938,0.006682,0.170482,0.351985
2016-03-26,2.618476,0.006837,0.176105,0.346356
2016-03-27,2.605820,0.005575,0.169688,0.361878
2016-03-28,2.591378,0.005291,0.162633,0.350209
2016-03-29,2.576993,0.005283,0.165350,0.348116
2016-03-30,2.562862,0.005283,0.159448,0.355910
2016-03-31,2.549134,0.005283,0.157399,0.346844
2016-04-01,2.534072,0.005279,0.161551,0.343616
2016-04-02,2.522676,0.006601,0.165379,0.359487
2016-04-03,2.509499,0.009302,0.156074,0.367465
2016-04-04,2.496335,0.005364,0.144295,0.295747
2016-04-05,2.483303,0.005435,0.149526,0.344321
2016-04-06,2.468813,0.008174,0.137213,0.348334
2016-04-07,2.457706,0.005387,0.139209,0.354321
2016-04-08,2.444916,0.005283,0.133145,1.645139
2016-04-09,2.432476,0.005283,0.132412,1.998547
2016-04-10,2.420455,0.005283,0.797619,1.551328
2016-04-11,2.407068,0.005279,1.846043,0.353563
2016-04-12,2.397102,0.017250,6.756268,2.491241
2016-04-13,2.385483,0.005322,14.463011,2.184679
2016-04-14,2.374006,0.005282,0.253665,0.347495
2016-04-15,2.362559,0.005282,0.545035,1.442029
2016-04-16,2.349351,0.014916,0.116097,1.632470
2016-04-17,2.339526,0.013767,0.115119,2.275720
2016-04-18,2.328187,0.006265,0.114757,0.349459
2016-04-19,2.316715,0.005285,0.108343,2.706757
2016-04-20,2.304987,0.005285,0.109195,0.329790
2016-04-21,2.291685,0.005281,0.106348,0.339344
2016-04-22,2.281888,0.005285,0.107739,2.058294
2016-04-23,2.270718,0.005285,1.220660,0.348640
2016-04-24,2.259520,0.005285,0.101172,0.336808
2016-04-25,2.248552,0.005285,0.123931,0.344150
2016-04-26,2.236705,0.005281,0.305353,1.481054
2016-04-27,2.228397,0.005285,0.106101,0.335794
2016-04-28,2.218537,0.005285,2.847494,2.635098
2016-04-29,2.208605,0.006221,1.771104,0.337193
2016-04-30,2.198918,0.007881,2.881217,2.321257
2016-05-01,2.187983,0.055253,3.466434,0.342064
2016-05-02,2.180071,0.047466,1.125649,3.871593
2016-05-03,2.170623,0.046373,0.893770,1.901904
2016-05-04,2.161319,0.049056,1.558712,2.163255
2016-05-05,2.152453,0.046397,0.870125,2.089782
2016-05-06,2.142491,0.046296,1.244555,1.967018
2016-05-07,2.135569,0.070940,1.187161,2.416479
2016-05-08,2.127229,0.086324,2.324732,1.344042
2016-05-09,2.118869,0.044007,4.580871,3.855629
2016-05-10,2.110418,0.049543,16.350621,1.486214
2016-05-11,2.100566,0.005596,4.349694,0.339855
2016-05-12,2.093735,0.006177,10.515508,2.693027
2016-05-13,2.085493,0.017176,10.084357,3.645342
2016-05-14,2.077371,0.072454,14.861857,1.903841
2016-05-15,2.069308,0.065889,14.728518,4.024581
2016-05-16,2.059859,0.004402,10.211439,3.613599
2016-05-17,2.053248,0.004393,12.272929,2.867073
2016-05-18,2.045161,0.004393,6.424779,2.943685
2016-05-19,2.037109,0.004393,11.650383,2.340634
2016-05-20,2.029343,0.004393,11.877433,2.197560
2016-05-21,2.020238,0.004390,9.618872,1.887082
2016-05-22,2.013980,0.004393,14.722140,1.769562
2016-05-23,2.006372,0.004393,18.140455,1.630322
2016-05-24,1.998758,0.007276,26.736699,1.416525
2016-05-25,1.990126,0.599355,11.823065,1.183131
2016-05-26,1.983972,0.076467,12.035484,1.873753
2016-05-27,1.982554,0.434780,17.258639,2.374822
2016-05-28,2.011048,2.191793,10.059290,0.692163
2016-05-29,2.026538,1.556544,21.241529,0.772868
2016-05-30,1.986814,1.429782,15.844896,0.993825
2016-05-31,1.962747,3.663941,20.939870,1.052391
2016-06-01,2.001627,9.026847,9.639829,1.506180
2016-06-02,1.931319,6.612935,20.938484,1.105046
2016-06-03,1.973417,12.819282,19.271663,5.648918
2016-06-04,1.876911,10.125237,15.996407,13.023416
2016-06-05,1.769661,2.627799,7.831624,1.787080
2016-06-06,1.845814,3.500518,13.249010,1.349588
2016-06-07,2.507056,5.876755,15.633265,1.535229
2016-06-08,3.003415,6.906774,20.081111,12.777172
2016-06-09,3.720683,7.761519,24.698125,17.728662
2016-06-10,4.567392,8.933924,33.651248,19.256377
2016-06-11,4.536939,7.835509,24.612962,14.716858
2016-06-12,10.636975,24.080689,28.161116,37.146348
2016-06-13,6.952622,28.425685,27.979159,22.133446
2016-06-14,3.758204,27.278347,25.257221,16.438600
2016-06-15,4.387642,18.340222,28.342324,23.991736
2016-06-16,5.081219,27.371848,31.810691,32.186651
2016-06-17,6.560081,36.835874,31.596696,32.191276
2016-06-18,7.632842,38.492896,33.062341,38.944777
2016-06-19,7.807807,40.306035,35.178440,48.184549
2016-06-20,8.609172,39.337988,29.813575,48.001969
2016-06-21,9.825374,46.831381,30.017563,63.208876
2016-06-22,14.376175,43.505147,28.461619,57.310360
2016-06-23,26.652780,48.619247,29.446518,69.758183
2016-06-24,36.460541,104.484514,35.225838,90.166337
2016-06-25,30.987582,104.735373,27.900743,80.669880
2016-06-26,41.267948,98.598927,38.296488,105.971523
2016-06-27,46.578212,135.015783,37.292410,132.661255
2016-06-28,65.776354,179.842285,35.662458,192.213958
2016-06-29,53.622209,154.861473,21.268741,96.562709
2016-06-30,53.453320,71.424421,17.011238,112.028175
2016-07-01,66.485748,94.816943,25.411562,145.761906
2016-07-02,73.785483,116.015248,28.279999,175.935939
2016-07-03,72.144705,101.764438,20.896355,142.146601
2016-07-04,75.217198,97.516420,18.861772,124.558104
2016-07-05,78.307755,95.508455,19.574304,137.749758
2016-07-06,77.462733,77.880411,18.644030,140.341118
2016-07-07,85.533002,95.195955,22.818501,161.178140
2016-07-08,63.682640,54.649974,8.901667,46.397840
2016-07-09,77.089847,54.226291,19.048483,124.835641
2016-07-10,85.787825,87.649367,20.519398,111.176147
2016-07-11,103.205326,152.013557,22.526988,209.811781
2016-07-12,105.402818,157.517376,16.159221,174.764788
2016-07-13,93.831219,89.645747,14.246707,151.020375
2016-07-14,95.805825,100.453084,14.084494,149.050020
2016-07-15,87.326594,86.694976,14.208412,138.167578
2016-07-16,86.746062,91.201718,16.712510,127.538763
2016-07-17,83.434804,89.354032,17.452685,144.426045
2016-07-18,80.705196,80.242346,17.437505,142.987160
2016-07-19,78.237204,78.312080,16.597210,131.688481
2016-07-20,76.948281,90.687185,16.811916,130.773414
2016-07-21,79.172955,107.127399,18.380554,140.724322
2016-07-22,84.410682,130.456186,24.367359,181.256107
2016-07-23,81.763578,125.234654,20.981551,140.512796
2016-07-24,86.050499,135.163273,21.367616,124.520980
2016-07-25,79.583201,123.983532,18.743040,151.258228
2016-07-26,79.907726,99.338351,16.715772,145.439172
2016-07-27,84.090149,109.530304,15.826587,136.878673
2016-07-28,78.699522,98.704953,14.442749,119.102754
2016-07-29,70.351972,71.289495,14.440548,114.991458
2016-07-30,64.484284,49.310942,12.768131,79.916841
2016-07-31,59.630571,37.823369,12.983643,82.509698
2016-08-01,60.665734,50.149793,12.603450,97.771104
2016-08-02,59.107031,51.478857,11.192840,97.120680
2016-08-03,57.555482,50.413635,11.157738,70.298731
2016-08-04,54.374478,54.694329,10.966169,85.381676
2016-08-05,53.582205,67.471881,10.627675,89.214669
2016-08-06,57.952831,97.095551,13.445734,109.064610
2016-08-07,46.408012,47.533189,11.944377,104.875694
2016-08-08,38.116576,24.775204,8.321531,66.720447
2016-08-09,36.881823,20.075549,7.151651,58.072095
2016-08-10,36.912737,27.522798,7.071508,58.123374
2016-08-11,39.400693,42.042292,7.233123,52.232912
2016-08-12,37.829568,47.789568,8.918877,53.055736
2016-08-13,39.670357,67.422251,9.428469,61.805610
2016-08-14,37.379994,52.110290,8.238476,48.222504
2016-08-15,39.379194,50.194276,15.646681,52.598383
2016-08-16,50.853271,106.686675,14.662498,66.827761
2016-08-17,40.695814,77.170519,6.668806,79.647503
2016-08-18,42.197528,80.024203,7.542568,62.275017
2016-08-19,40.472491,86.206431,7.306537,57.088441
2016-08-20,38.524826,59.186524,5.938359,47.620668
2016-08-21,39.834829,57.738292,7.861394,65.049894
2016-08-22,38.824990,46.631988,6.395564,60.034829
2016-08-23,37.019740,41.621815,5.980066,49.047823
2016-08-24,34.991075,41.171757,7.590110,53.391736
2016-08-25,35.654226,44.228637,6.573661,49.425220
2016-08-26,26.526894,31.488767,5.727827,53.352154
2016-08-27,24.883074,13.030511,5.326277,46.606928
2016-08-28,24.485247,9.122663,4.188513,43.035725
2016-08-29,25.240935,17.002170,7.368242,48.510172
2016-08-30,24.939221,29.834631,5.359672,47.655853
2016-08-31,21.980977,5.477738,4.542860,34.918448
2016-09-01,21.485092,7.130377,4.757623,29.401082
2016-09-02,20.770350,4.621107,3.554534,32.366918
2016-09-03,20.763573,3.752579,2.760236,24.635959
2016-09-04,19.411223,9.022089,4.147627,48.366788
2016-09-05,18.715945,9.498312,4.723649,28.675436
2016-09-06,17.702977,3.965429,3.007264,49.181370
2016-09-07,17.078302,9.068848,3.934537,24.936170
2016-09-08,16.790052,19.001319,3.923834,28.083797
2016-09-09,16.027067,15.549526,2.395784,14.953345
2016-09-10,14.807011,1.748413,2.181409,14.778671
2016-09-11,18.267709,11.080735,3.097328,12.873271
2016-09-12,14.392873,15.760827,3.066126,18.893537
2016-09-13,13.528236,12.442296,3.436984,18.743781
2016-09-14,13.845367,1.224534,1.692520,17.736716
2016-09-15,15.086544,0.565035,3.671669,9.610759
2016-09-16,16.720050,0.653474,2.614686,8.897868
2016-09-17,17.200232,0.943879,2.194465,9.248614
2016-09-18,17.565574,0.320103,1.876816,12.674570
2016-09-19,17.737862,0.208960,1.465676,8.322414
2016-09-20,17.945178,0.188808,1.425301,1.365997
2016-09-21,18.021916,0.221004,1.409168,7.921442
2016-09-22,17.991287,0.195089,1.387377,1.056255
2016-09-23,18.759307,0.325638,1.400698,1.345283
2016-09-24,17.648846,0.371587,1.347843,1.645621
2016-09-25,17.647274,0.325631,1.351281,4.786841
2016-09-26,17.454357,2.478022,1.948668,19.864579
2016-09-27,16.692304,0.070319,1.295406,10.371237
2016-09-28,16.097892,0.031478,1.281016,0.789411
2016-09-29,15.705132,0.068043,1.254379,0.469666
2016-09-30,15.410545,0.020612,1.247442,0.737960
2016-10-01,15.139952,0.023875,1.226094,0.450953
2016-10-02,14.900835,0.029791,1.223213,0.451618
2016-10-03,14.722632,0.017497,1.570482,0.827455
2016-10-04,14.441462,0.221817,2.417868,3.159507
2016-10-05,15.348221,0.337775,1.624887,1.097662
2016-10-06,13.917086,1.979101,14.117825,9.774152
2016-10-07,13.670916,1.143397,1.229079,1.553311
2016-10-08,13.373098,0.187342,1.367036,1.308167
2016-10-09,13.090418,0.090000,2.480679,4.045207
2016-10-10,12.834198,0.011710,1.557088,6.685186
2016-10-11,12.582358,0.010726,1.237635,1.413154
2016-10-12,12.736873,9.549806,9.993541,15.770977
2016-10-13,11.921925,3.685713,2.376779,7.677770
2016-10-14,11.229849,1.311580,1.182674,0.811147
2016-10-15,11.303856,0.026522,1.084190,0.447142
2016-10-16,11.575471,0.041146,1.651963,0.439984
2016-10-17,11.875278,0.008367,1.412319,0.628187
2016-10-18,12.085991,0.008008,1.377417,0.613497
2016-10-19,12.444568,0.444101,3.046379,2.102741
2016-10-20,15.649687,11.313359,6.299395,11.771642
2016-10-21,12.067414,0.336817,2.057049,2.276111
2016-10-22,12.121087,0.042598,3.327571,7.044468
2016-10-23,12.419131,0.409086,1.248101,0.949693
2016-10-24,12.898997,0.791905,2.537046,2.835191
2016-10-25,12.684998,0.008223,1.162718,0.434973
2016-10-26,12.772398,0.012086,1.183180,0.444724
2016-10-27,12.858412,0.008345,1.226605,0.443964
2016-10-28,12.898422,0.007694,1.260785,0.442710
2016-10-29,12.894953,0.010567,1.279261,0.443876
2016-10-30,12.855745,0.013139,1.324529,0.435366
2016-10-31,12.782293,0.012506,1.307929,0.542377
2016-11-01,12.668338,0.011164,1.328543,0.433321
2016-11-02,12.547247,0.007898,1.457898,0.429491
2016-11-03,12.407385,0.007795,1.357209,0.431513
2016-11-04,12.249124,0.006626,1.358667,0.424529
2016-11-05,12.079767,0.006024,1.371083,0.432332
2016-11-06,11.892355,0.006661,3.494070,0.422587
2016-11-07,11.714634,0.016248,1.391238,0.479442
2016-11-08,11.519813,0.005263,1.542530,0.424722
2016-11-09,11.318833,0.005715,1.467868,0.424697
2016-11-10,11.118602,0.006105,1.517378,0.428429
2016-11-11,10.908243,0.005335,1.521265,0.418107
2016-11-12,10.710925,0.026053,1.886537,0.436388
2016-11-13,10.507511,0.122635,1.444676,0.425885
2016-11-14,10.309565,0.043406,1.450782,0.419392
2016-11-15,10.112961,0.011833,1.470696,0.419835
2016-11-16,9.913281,0.012261,1.496120,0.420660
2016-11-17,9.744208,0.012878,1.504147,0.417712
2016-11-18,9.579733,0.046232,1.526931,0.418060
2016-11-19,9.421274,0.176591,1.533936,0.413618
2016-11-20,9.262946,0.217258,1.546205,0.416867
2016-11-21,9.101339,0.028055,1.547998,0.414547
2016-11-22,8.959477,0.013711,1.554991,0.413128
2016-11-23,8.813786,0.132972,1.558542,0.409933
2016-11-24,8.671902,0.161146,1.559276,0.434417
2016-11-25,8.531842,0.022511,1.559105,0.408189
2016-11-26,8.386479,0.013089,1.567841,0.418020
2016-11-27,8.257037,0.013143,1.561891,0.414526
2016-11-28,8.124623,0.013220,1.557809,0.393250
2016-11-29,7.993173,0.013253,1.553179,0.413867
2016-11-30,7.863176,0.013301,1.545778,0.407039
2016-12-01,7.731340,0.013124,1.543808,0.406383
2016-12-02,7.611764,0.013202,1.539671,0.407215
2016-12-03,7.490221,0.013238,1.529984,0.397965
2016-12-04,7.381958,0.010809,1.524862,0.403111
2016-12-05,7.279410,0.007806,1.518401,0.405275
2016-12-06,7.174560,0.007824,1.511359,0.406295
2016-12-07,7.083105,0.008373,1.493064,0.393969
2016-12-08,6.988777,0.019751,1.497748,0.407596
2016-12-09,6.895394,0.015808,1.484754,0.402441
2016-12-10,6.802931,0.008153,1.472785,0.400573
2016-12-11,6.706599,0.008225,1.491094,0.394203
2016-12-12,6.620231,0.012034,1.546118,0.399826
2016-12-13,6.531646,0.020152,1.444669,0.396102
2016-12-14,6.445599,0.031986,1.484679,0.395201
2016-12-15,6.361849,0.017025,1.443850,0.381404
2016-12-16,6.278671,0.013618,1.418176,0.391347
2016-12-17,6.205734,0.012968,1.402603,0.394913
2016-12-18,6.129324,0.030071,1.442195,0.375298
2016-12-19,6.054730,0.028393,1.376875,0.386157
2016-12-20,5.981188,0.007522,1.370456,0.385145
2016-12-21,5.904646,0.007465,1.357542,0.382578
2016-12-22,5.837415,0.007471,1.348152,0.382367
2016-12-23,5.766253,0.007471,1.336890,0.383573
2016-12-24,5.696303,0.007471,1.325501,0.381582
2016-12-25,5.627825,0.007471,1.313888,0.384056
2016-12-26,5.556591,0.007465,1.305927,0.375468
2016-12-27,5.498926,0.010612,1.337378,0.398601
2016-12-28,5.440731,0.008160,1.281845,0.376278
2016-12-29,5.384004,0.007471,1.275366,0.378341
2016-12-30,5.327560,0.009726,1.263595,0.369554
2016-12-31,5.272773,0.007735,1.252991,0.366644
2017-01-01,5.574373,0.001414,1.241050,0.369262
2017-01-02,5.521492,0.001411,1.236442,0.365868
2017-01-03,5.465614,0.001411,1.220951,0.373902
2017-01-04,5.410374,0.001411,1.211091,0.356958
2017-01-05,5.355595,0.024122,1.203865,0.369160
2017-01-06,5.298267,0.020895,1.194845,0.362517
2017-01-07,5.249395,0.006245,1.179449,0.361345
2017-01-08,5.197034,0.003445,1.170682,0.364134
2017-01-09,5.144917,0.003581,1.164097,0.353900
2017-01-10,5.093296,0.003480,1.151591,0.367239
2017-01-11,5.039140,0.003902,1.143252,0.361584
2017-01-12,4.992809,0.003802,1.132941,0.359342
2017-01-13,4.943515,0.003744,1.121850,0.363465
2017-01-14,4.894963,0.005169,1.110328,0.361743
2017-01-15,4.847042,0.016754,1.111810,0.347307
2017-01-16,4.796880,0.010679,1.094784,0.367934
2017-01-17,4.755176,0.001441,1.079309,0.349277
2017-01-18,4.710347,0.001411,1.079922,0.351991
2017-01-19,4.667183,0.001411,1.060171,0.370226
2017-01-20,4.624885,0.001884,1.056004,0.362996
2017-01-21,4.580149,0.057206,1.048577,0.551654
2017-01-22,4.542027,0.030638,1.032818,0.354404
2017-01-23,4.501305,0.001831,1.041280,0.348173
2017-01-24,4.460928,0.002919,1.069262,0.356842
2017-01-25,4.421172,0.001616,1.006792,0.353986
2017-01-26,4.378750,0.002168,0.994650,0.336535
2017-01-27,4.343187,0.001866,0.991535,0.353818
2017-01-28,4.304945,0.001412,0.981448,0.353699
2017-01-29,4.268187,0.001411,0.963937,0.346206
2017-01-30,4.233755,0.002802,0.969223,0.346272
2017-01-31,4.200722,0.006074,0.946424,0.348421
2017-02-01,4.165609,0.007011,0.942320,0.344250
2017-02-02,4.136681,0.006122,0.935609,0.348705
2017-02-03,4.105118,0.007142,0.925122,0.344001
2017-02-04,4.074198,0.020002,0.917148,0.345246
2017-02-05,4.044045,0.068060,0.916994,0.337218
2017-02-06,4.011899,0.065358,0.910317,0.338681
2017-02-07,3.985332,0.032077,0.976883,0.343553
2017-02-08,3.955965,0.027847,0.983066,0.341700
2017-02-09,3.926497,0.008350,0.965960,0.351252
2017-02-10,3.897145,0.005744,0.868394,0.341796
2017-02-11,3.865511,0.005687,0.854804,0.375693
2017-02-12,3.839702,0.005725,0.885992,0.417699
2017-02-13,3.812183,0.005692,0.840476,0.343336
2017-02-14,3.785001,0.005690,0.849913,0.332501
2017-02-15,3.757915,0.005690,0.822334,0.364741
2017-02-16,3.728282,0.005687,0.828777,0.342757
2017-02-17,3.703870,0.005691,0.809690,0.328706
2017-02-18,3.677171,0.005691,0.807928,0.444672
2017-02-19,3.650711,0.005690,0.800625,0.346429
2017-02-20,3.624192,0.005690,0.793659,0.330431
2017-02-21,3.595009,0.005687,0.787191,0.340509
2017-02-22,3.570801,0.007156,0.779636,0.347056
2017-02-23,3.544555,0.013640,0.770374,0.338485
2017-02-24,3.519012,0.031958,0.768988,0.329213
2017-02-25,3.494386,0.074751,0.759146,0.345046
2017-02-26,3.467787,0.044652,0.753554,0.339801
2017-02-27,3.445994,0.035765,0.748446,0.333392
2017-02-28,3.422008,0.046736,0.740155,0.333147
2017-03-01,3.396289,0.084444,0.733557,0.333201
2017-03-02,3.375648,0.083690,0.726939,0.317731
2017-03-03,3.353000,0.044601,0.722714,0.336871
2017-03-04,3.330119,0.002041,0.714109,0.314373
2017-03-05,3.307104,0.017772,0.713717,0.335811
2017-03-06,3.281742,0.014875,0.704642,0.320072
2017-03-07,3.261662,0.051793,0.696867,0.342743
2017-03-08,3.239848,0.032646,0.691274,0.362526
2017-03-09,3.218714,0.001643,0.685606,0.341380
2017-03-10,3.198625,0.001414,0.680830,0.330151
2017-03-11,3.176435,0.001410,0.672088,0.345552
2017-03-12,3.158715,0.001411,0.669142,0.337664
2017-03-13,3.139034,0.001436,0.661612,0.331556
2017-03-14,3.119300,0.004374,0.655321,0.339744
2017-03-15,3.099573,0.004513,0.654447,0.346686
2017-03-16,3.077692,0.004486,0.636857,0.336705
2017-03-17,3.060357,0.004506,0.636315,0.334479
2017-03-18,3.040816,0.004525,0.639027,0.338013
2017-03-19,3.021430,0.004659,0.625973,0.340045
2017-03-20,3.003196,0.002330,0.622413,0.336320
2017-03-21,2.983885,0.001411,0.615211,0.336676
2017-03-22,2.969403,0.001411,0.610536,1.273898
2017-03-23,2.953033,0.001411,0.608380,0.336741
2017-03-24,2.936745,0.001411,0.596321,0.330220
2017-03-25,2.920716,0.001411,0.591825,0.329687
2017-03-26,2.902828,0.001410,0.587890,0.317399
2017-03-27,2.889057,0.001411,0.578967,0.322010
2017-03-28,2.873418,0.001411,0.576965,0.322316
2017-03-29,2.858087,0.001411,0.570686,0.318775
2017-03-30,2.842665,0.001411,0.557042,0.310098
2017-03-31,2.827397,0.001411,0.559814,0.311450
2017-04-01,2.810268,0.001410,0.558590,0.320302
2017-04-02,2.796930,0.001411,0.540312,0.340357
2017-04-03,2.781645,0.001411,0.541118,0.316255
2017-04-04,2.766437,0.001411,0.535047,0.313522
2017-04-05,2.751299,0.001411,0.532122,0.310334
2017-04-06,2.734155,0.001410,0.525126,0.319626
2017-04-07,2.720866,0.001411,0.521981,0.311597
2017-04-08,2.706121,0.001411,0.514500,0.316646
2017-04-09,2.691618,0.001411,0.513555,0.313686
2017-04-10,2.677119,0.001411,0.503749,0.314620
2017-04-11,2.660783,0.001410,0.502974,1.825934
2017-04-12,2.648166,0.001411,0.492039,0.311431
2017-04-13,2.633901,0.001411,0.490699,0.303747
2017-04-14,2.619760,0.001411,0.480158,0.329872
2017-04-15,2.605599,0.001411,0.483472,0.308643
2017-04-16,2.589797,0.001410,0.477170,0.309594
2017-04-17,2.577931,0.002206,0.469357,0.310203
2017-04-18,2.564398,0.001414,0.469488,0.296327
2017-04-19,2.551030,0.001411,0.460745,0.308848
2017-04-20,2.537647,0.001411,0.456926,0.305602
2017-04-21,2.522607,0.001410,0.452494,0.304571
2017-04-22,2.511144,0.001411,0.448749,1.749281
2017-04-23,2.497866,0.001411,0.445367,2.115047
2017-04-24,2.484698,0.001411,0.437747,1.829200
2017-04-25,2.471638,0.001411,0.434625,0.304149
2017-04-26,2.456874,0.001410,0.436143,1.867861
2017-04-27,2.445636,0.001411,0.599305,1.914037
2017-04-28,2.433011,0.001411,0.900802,0.301477
2017-04-29,2.420773,0.001411,1.253396,1.216037
2017-04-30,2.409173,0.004372,0.995496,1.923192
2017-05-01,2.395963,0.021814,0.880086,1.560535
2017-05-02,2.386018,0.013304,4.290338,0.959676
2017-05-03,2.374330,0.006158,13.171520,0.800858
2017-05-04,2.361738,2.148329,8.000666,0.662943
2017-05-05,2.370299,4.434488,5.077393,1.072143
2017-05-06,2.327535,3.342734,9.495033,0.886519
2017-05-07,2.644308,2.991333,8.666630,0.934934
2017-05-08,3.146273,1.733260,5.974625,2.291927
2017-05-09,2.237691,0.596154,1.502209,2.229992
2017-05-10,2.262811,0.041460,0.412945,2.336437
2017-05-11,2.268760,0.022592,0.404254,2.276646
2017-05-12,2.280221,0.018054,0.404891,2.477971
2017-05-13,2.289735,0.015693,0.437629,2.253203
2017-05-14,2.297412,0.026471,0.537127,1.757893
2017-05-15,2.316491,0.040417,0.836568,1.654092
2017-05-16,2.324908,0.049423,2.286840,1.374674
2017-05-17,2.340434,0.055137,1.266713,1.482900
2017-05-18,2.354884,0.013020,1.402313,1.959306
2017-05-19,2.356506,0.374106,7.302996,1.189024
2017-05-20,6.397952,9.745403,9.510606,0.809034
2017-05-21,7.342178,9.198448,12.346395,0.775826
2017-05-22,2.374503,1.720963,4.289087,1.702195
2017-05-23,3.979610,1.984860,4.614631,1.355630
2017-05-24,3.819740,0.830770,4.775280,1.986744
2017-05-25,2.884331,0.388238,3.650909,3.242451
2017-05-26,2.412450,0.030292,3.746449,1.875248
2017-05-27,2.482417,0.001398,6.514022,1.624545
2017-05-28,2.552780,0.000979,8.094260,1.392260
2017-05-29,2.634596,0.001179,5.401280,2.046008
2017-05-30,2.705915,0.001175,5.117037,2.058755
2017-05-31,2.777758,0.001242,6.119820,1.961929
2017-06-01,2.830308,0.020868,5.736950,1.706957
2017-06-02,2.885049,0.025640,6.749111,1.222403
2017-06-03,3.115789,0.086204,8.385418,1.030779
2017-06-04,6.563446,1.071091,11.922506,1.120663
2017-06-05,5.341038,1.987238,13.421893,0.991043
2017-06-06,9.171916,6.631256,22.327574,1.027414
2017-06-07,5.617991,1.689328,11.328359,1.398430
2017-06-08,4.096815,0.286277,14.808683,1.385064
2017-06-09,6.000484,2.073642,18.739820,1.033234
2017-06-10,6.152783,3.473123,19.848514,3.743319
2017-06-11,8.903770,5.973418,24.990738,18.495279
2017-06-12,7.689622,7.630740,25.616508,16.312537
2017-06-13,8.675306,16.015321,29.619744,16.099389
2017-06-14,9.003353,20.824383,33.805933,20.085335
2017-06-15,9.353430,24.024599,31.901835,16.705961
2017-06-16,8.964382,21.422759,33.964263,15.103140
2017-06-17,11.834815,5.194202,26.358488,28.854461
2017-06-18,13.148068,10.891032,28.484244,42.366624
2017-06-19,12.415547,22.777931,23.942106,35.140159
2017-06-20,13.222637,23.191650,24.351671,23.983718
2017-06-21,13.878573,16.234370,22.320782,25.442942
2017-06-22,16.449990,8.440681,23.659654,37.916067
2017-06-23,17.626267,6.097600,25.194583,54.402863
2017-06-24,16.631696,25.429122,25.817058,47.198151
2017-06-25,16.741669,31.627372,29.108894,32.465996
2017-06-26,25.432087,39.811686,31.269279,37.046871
2017-06-27,30.400810,43.509830,32.002202,46.950950
2017-06-28,25.914619,34.575195,31.083242,37.919906
2017-06-29,32.937207,35.745776,31.209539,36.074795
2017-06-30,29.331503,27.553181,28.423610,18.341457
2017-07-01,34.770717,20.269790,30.983189,36.621091
2017-07-02,32.111288,23.838421,29.305422,44.160488
2017-07-03,24.878641,12.606110,23.050629,18.097139
2017-07-04,29.135421,14.455455,17.813724,26.213567
2017-07-05,29.949424,24.688071,18.568668,29.834015
2017-07-06,31.145818,28.093371,18.758090,36.525492
2017-07-07,37.986050,30.777372,21.045873,40.933995
2017-07-08,41.031330,43.923791,22.167185,48.267429
2017-07-09,43.159626,53.577975,23.539675,56.208221
2017-07-10,39.425103,44.918849,24.575601,55.052192
2017-07-11,38.071778,47.790805,23.408296,49.721302
2017-07-12,37.466081,43.433151,21.641489,40.556068
2017-07-13,39.901728,48.701773,24.443377,45.007761
2017-07-14,39.895965,45.537254,23.477805,50.043067
2017-07-15,51.687548,37.840165,28.709337,71.729745
2017-07-16,78.526396,97.677410,32.516651,90.085712
2017-07-17,51.618134,71.989303,25.183262,66.036987
2017-07-18,66.764637,70.203335,29.856725,69.555168
2017-07-19,71.116077,117.427635,45.896524,77.146795
2017-07-20,58.036583,170.843453,40.273849,105.762195
2017-07-21,60.514414,156.897171,26.643330,66.315801
2017-07-22,66.434894,103.352362,38.815161,59.803802
2017-07-23,72.771388,169.496180,41.584409,73.150468
2017-07-24,71.943703,104.550555,26.875390,80.790009
2017-07-25,77.851009,98.320603,25.815795,88.132925
2017-07-26,79.810692,108.841139,26.198438,89.189898
2017-07-27,81.054544,124.211699,26.068262,86.288789
2017-07-28,86.273013,164.616328,37.455818,120.513409
2017-07-29,81.005073,132.151211,28.410120,104.273109
2017-07-30,83.803452,102.567813,24.495402,86.427827
2017-07-31,80.147377,92.994462,23.833101,85.086513
2017-08-01,77.727616,94.281720,23.129699,84.466162
2017-08-02,74.228257,104.814003,24.249481,96.174765
2017-08-03,72.387163,94.247456,22.116227,83.509740
2017-08-04,70.841285,82.945687,19.596721,57.966123
2017-08-05,67.527473,76.340798,19.517141,43.108213
2017-08-06,63.863038,52.581556,20.289028,67.752701
2017-08-07,61.925291,50.540353,18.924220,63.914758
2017-08-08,58.366005,37.917939,20.707864,61.327366
2017-08-09,55.040740,33.127867,16.391792,57.468828
2017-08-10,53.523916,27.125814,14.421571,35.268609
2017-08-11,53.352355,35.349459,15.661322,55.100729
2017-08-12,51.940960,45.074336,15.052563,46.144762
2017-08-13,49.786237,40.167161,16.765717,45.704967
2017-08-14,48.019825,43.841912,14.697766,33.896178
2017-08-15,47.490902,51.394251,15.937934,56.376456
2017-08-16,46.131560,47.165231,15.317679,24.767190
2017-08-17,40.958595,11.137352,13.214950,26.369059
2017-08-18,39.520946,4.281099,13.929415,43.157946
2017-08-19,38.794080,4.374935,11.759155,5.626816
2017-08-20,37.919232,11.968058,12.946663,14.148578
2017-08-21,36.778175,21.952194,13.406783,24.956251
2017-08-22,36.341727,16.800369,13.971658,15.604087
2017-08-23,39.608511,42.416976,15.786941,33.117323
2017-08-24,37.552138,39.478692,18.219726,29.573797
2017-08-25,36.410672,45.377199,17.971691,30.184539
2017-08-26,30.957105,24.104014,18.439259,32.984102
2017-08-27,29.982293,9.026270,13.403844,36.068682
2017-08-28,29.978588,19.146411,14.507243,48.578472
2017-08-29,29.781378,17.223481,11.780578,20.698096
2017-08-30,30.211976,18.728624,10.685157,17.846023
2017-08-31,29.059520,21.100193,11.969943,23.338767
2017-09-01,29.274063,26.795868,10.932988,25.022745
2017-09-02,25.634273,11.784540,7.394158,2.247140
2017-09-03,24.337202,2.350266,7.041327,2.138734
2017-09-04,23.757934,0.099657,6.741308,12.765831
2017-09-05,23.241913,0.041005,9.849483,31.761152
2017-09-06,22.401567,2.326319,8.718777,32.940622
2017-09-07,21.784132,2.496200,5.895380,10.373610
2017-09-08,20.714612,0.202311,5.550135,13.520665
2017-09-09,19.938886,0.045973,5.411694,1.988191
2017-09-10,19.238367,0.032920,5.294360,1.783282
2017-09-11,18.612391,0.032167,4.868504,2.475847
2017-09-12,18.092388,0.034700,4.796634,1.476593
2017-09-13,17.577665,0.021435,4.742193,1.853047
2017-09-14,17.072418,0.013882,4.534090,0.497854
2017-09-15,16.581441,1.168749,21.578612,37.654466
2017-09-16,24.138145,51.944177,17.904259,35.132113
2017-09-17,39.225280,210.298690,17.453626,76.542764
2017-09-18,17.423394,47.500151,5.594547,18.035882
2017-09-19,13.948766,2.838115,3.911416,3.221687
2017-09-20,14.191853,0.053928,3.561770,1.070779
2017-09-21,15.207431,1.525935,4.660424,12.371844
2017-09-22,15.550270,3.053929,3.619632,10.987490
2017-09-23,15.318636,0.039397,3.483393,7.888387
2017-09-24,15.531201,0.959594,13.628805,18.419751
2017-09-25,16.062035,1.023932,4.569903,11.588390
2017-09-26,15.679049,0.917014,5.567123,8.485602
2017-09-27,16.064553,8.223936,53.616783,106.907406
2017-09-28,19.448153,27.050895,55.697990,101.999309
2017-09-29,16.495552,20.530900,5.185773,13.168731
2017-09-30,17.176147,22.567725,14.941168,39.893857
2017-10-01,17.986657,31.876306,10.812955,33.478868
2017-10-02,17.922183,10.466497,8.362096,19.303889
2017-10-03,19.433945,1.078248,5.490719,11.176416
2017-10-04,21.031402,0.173806,5.611494,4.835897
2017-10-05,22.002565,0.055161,5.794525,0.421170
2017-10-06,22.410786,0.016237,5.925692,1.074728
2017-10-07,22.475815,0.017495,6.010754,0.390656
2017-10-08,23.023233,0.246485,6.669855,0.494123
2017-10-09,21.869121,0.086609,7.067728,7.949024
2017-10-10,21.383409,0.578985,6.719997,5.704750
2017-10-11,20.927231,1.434831,6.499144,4.285838
2017-10-12,20.176474,0.013067,5.936831,0.496748
2017-10-13,19.510307,0.014869,5.914163,0.481884
2017-10-14,19.014441,0.018165,6.094573,2.801180
2017-10-15,18.570551,0.015688,6.626015,0.554745
2017-10-16,18.142332,0.030095,5.734139,0.443507
2017-10-17,17.784242,0.045447,5.618047,0.470294
2017-10-18,17.459996,0.048803,5.539830,0.659649
2017-10-19,17.139214,0.080270,5.517048,0.572153
2017-10-20,20.145637,0.139960,6.105573,3.247072
2017-10-21,16.745473,0.048977,5.403738,4.187118
2017-10-22,15.925284,0.004693,5.125132,0.481248
2017-10-23,15.669879,0.013714,5.252554,0.466127
2017-10-24,15.531238,0.002742,4.914416,0.720324
2017-10-25,15.428403,0.002666,4.823294,0.529889
2017-10-26,15.299884,0.002700,5.108480,0.467089
2017-10-27,15.170466,0.002267,4.613836,0.630962
2017-10-28,15.011481,0.002240,4.529672,0.647702
2017-10-29,14.829843,0.002369,4.415338,0.618708
2017-10-30,14.624437,0.002369,4.325279,0.526231
2017-10-31,14.398739,0.002369,4.228734,0.478289
2017-11-01,14.149266,0.002368,4.133417,0.551751
2017-11-02,13.905073,0.002366,4.045695,0.473353
2017-11-03,13.642090,0.006861,3.947724,0.451163
2017-11-04,13.376601,0.002746,3.863727,0.456285
2017-11-05,13.109802,0.002369,3.781434,0.465467
2017-11-06,12.832417,0.002368,3.691743,0.449492
2017-11-07,12.583471,0.004809,3.613350,0.469877
2017-11-08,12.333770,0.007023,3.526087,0.420623
2017-11-09,12.095133,0.005498,3.451110,0.457539
2017-11-10,11.866673,0.004137,3.378941,0.453399
2017-11-11,11.644329,0.002371,3.305181,0.449811
2017-11-12,11.442635,0.002369,3.231566,0.465010
2017-11-13,11.233082,0.030197,3.169108,0.471809
2017-11-14,11.023981,0.012839,3.094346,0.517099
2017-11-15,10.818643,0.004758,3.034047,0.460725
2017-11-16,10.611634,0.009409,2.972012,0.460878
2017-11-17,10.423133,0.010587,2.911190,0.454806
2017-11-18,10.232535,0.007117,2.852175,0.459360
2017-11-19,10.047774,0.004573,2.797963,0.454127
2017-11-20,9.868141,0.002823,2.737159,0.454539
2017-11-21,9.689255,0.002519,2.689774,0.459667
2017-11-22,9.528773,0.002367,2.634157,0.453857
2017-11-23,9.368764,0.003036,2.582942,0.457754
2017-11-24,9.216796,0.002850,2.535784,0.452160
2017-11-25,9.066518,0.002393,2.483253,0.455947
2017-11-26,8.912116,0.002420,2.437834,0.449935
2017-11-27,8.773416,0.002420,2.390515,0.455706
2017-11-28,8.635187,0.002412,2.340755,0.446433
2017-11-29,8.507502,0.002366,2.296038,0.450359
2017-11-30,8.381349,0.002425,5.421768,0.451000
2017-12-01,8.252096,0.002262,2.201662,0.449646
2017-12-02,8.138844,0.002285,2.153531,0.444680
2017-12-03,8.021980,0.002217,2.110240,0.451507
2017-12-04,7.905628,0.002141,2.064406,0.454738
2017-12-05,7.791491,0.002366,2.016750,0.435210
2017-12-06,7.674906,0.002365,1.989008,1.321656
2017-12-07,7.571442,0.002367,1.930210,0.450060
2017-12-08,7.467138,0.002367,1.896659,0.446327
2017-12-09,7.365470,0.002367,1.850276,0.448058
2017-12-10,7.266980,0.002367,1.810391,0.444908
2017-12-11,7.164798,0.002365,1.763639,0.446665
2017-12-12,7.073454,0.002367,1.723673,0.440215
2017-12-13,6.979565,0.002367,1.682492,0.440326
2017-12-14,6.889034,0.002367,1.640622,0.443185
2017-12-15,6.798893,0.002367,1.596371,0.437918
2017-12-16,6.706215,0.002365,1.557473,0.440051
2017-12-17,6.625694,0.002367,1.519509,0.435065
2017-12-18,6.543171,0.002367,1.525003,0.431998
2017-12-19,6.462768,0.002367,1.439274,0.437166
2017-12-20,6.382979,0.002353,1.408180,0.430053
2017-12-21,6.301043,0.002365,1.369561,0.433387
2017-12-22,6.234042,0.002149,1.335755,0.428303
2017-12-23,6.164860,0.002158,1.305089,0.425587
2017-12-24,6.096144,0.002348,1.270906,0.427237
2017-12-25,6.027782,0.002348,1.239498,0.423384
2017-12-26,5.957865,0.002347,1.207039,0.422971
2017-12-27,5.897538,0.002348,1.180828,0.421263
2017-12-28,5.834383,0.002142,1.144820,0.445003
2017-12-29,5.772846,0.002252,1.111427,0.443765
2017-12-30,5.711514,0.002162,1.091195,0.417480
2017-12-31,5.652133,0.002160,1.050943,0.437135
2018-01-01,5.946000,0.000000,1.019674,0.415603
2018-01-02,5.888715,0.000000,0.991815,0.435761
2018-01-03,5.827947,0.000000,0.962410,0.415442
2018-01-04,5.768129,0.000000,0.931326,0.435236
2018-01-05,5.709359,0.000000,0.904556,0.438122
2018-01-06,5.647301,0.000000,0.881711,0.408634
2018-01-07,5.593821,0.000000,0.855662,0.412122
2018-01-08,5.536867,0.000000,0.823421,0.439036
2018-01-09,5.480732,0.000000,0.799759,0.413091
2018-01-10,5.425788,0.000000,0.871873,0.446058
2018-01-11,5.368698,0.000018,1.105295,0.424628
2018-01-12,5.319380,0.000001,2.092921,0.431819
2018-01-13,5.267125,0.000000,0.716568,0.439707
2018-01-14,5.215669,0.000000,0.703214,0.423379
2018-01-15,5.164436,0.000000,0.679107,0.422983
2018-01-16,5.110331,0.000000,0.663899,0.424797
2018-01-17,5.064258,0.000000,0.647275,0.421359
2018-01-18,5.014980,0.069720,0.634322,0.423002
2018-01-19,4.968235,0.002866,0.619566,0.420256
2018-01-20,4.922942,0.000001,0.608119,0.415636
2018-01-21,4.874809,0.000000,0.597522,0.414178
2018-01-22,4.834116,0.000000,0.582100,0.419673
2018-01-23,4.790642,0.000000,0.575032,0.414152
2018-01-24,4.748156,0.000000,0.557910,0.423040
2018-01-25,4.708556,0.000000,0.553547,0.417422
2018-01-26,4.667049,0.000000,0.538473,0.415850
2018-01-27,4.632237,0.000001,0.528995,0.427033
2018-01-28,4.594270,0.000000,0.519971,0.416852
2018-01-29,4.556375,0.000000,0.507960,0.413190
2018-01-30,4.518994,0.000000,0.501015,0.412307
2018-01-31,4.482497,0.000000,0.492950,0.414808
2018-02-01,4.443344,0.000000,0.482655,0.412495
2018-02-02,4.411181,0.000000,0.511188,0.412488
2018-02-03,4.376844,0.000000,0.466364,0.449463
2018-02-04,4.342486,0.000000,1.357101,0.407702
2018-02-05,4.308119,0.000000,0.456195,0.409781
2018-02-06,4.271097,0.000000,0.444739,0.406388
2018-02-07,4.240438,0.000000,0.429034,0.434504
2018-02-08,4.207462,0.000000,0.429961,0.401199
2018-02-09,4.174945,0.110559,0.423673,0.405149
2018-02-10,4.142210,0.777257,0.414641,0.405224
2018-02-11,4.106581,0.779506,0.408099,0.407612
2018-02-12,4.077446,0.063317,0.399939,0.399273
2018-02-13,4.046257,0.000064,0.395462,0.406038
2018-02-14,4.015830,0.000000,0.390411,0.432256
2018-02-15,3.986157,0.000000,0.411920,0.405567
2018-02-16,3.953874,0.000001,0.806886,0.402712
2018-02-17,3.927260,0.000008,0.446982,0.404926
2018-02-18,3.898889,0.000008,0.370324,0.399618
2018-02-19,3.871554,0.000000,0.481578,0.390979
2018-02-20,3.844515,0.000001,0.706252,0.404281
2018-02-21,3.814599,0.000003,0.441251,0.397996
2018-02-22,3.789523,0.000003,0.653766,0.400382
2018-02-23,3.761921,0.000008,0.375191,0.399640
2018-02-24,3.734939,0.000003,3.026422,0.393555
2018-02-25,3.708740,0.000000,0.533353,0.393286
2018-02-26,3.680546,0.000000,3.255250,0.394238
2018-02-27,3.657724,0.000000,0.680422,0.387653
2018-02-28,3.632312,0.000000,0.326237,0.388410
2018-03-01,3.604484,0.000000,0.323562,0.387743
2018-03-02,3.581860,0.000000,0.319606,0.384816
2018-03-03,3.557154,0.000000,0.316236,0.390161
2018-03-04,3.533202,0.000000,0.312281,0.382208
2018-03-05,3.509683,0.000000,0.308072,0.384551
2018-03-06,3.483863,0.000000,0.306107,0.387891
2018-03-07,3.463034,0.000000,0.300439,0.387346
2018-03-08,3.439563,0.000000,0.299767,0.378454
2018-03-09,3.416683,0.000000,0.293494,0.388223
2018-03-10,3.394731,0.000000,0.290474,0.382892
2018-03-11,3.370684,0.000000,0.288315,0.381698
2018-03-12,3.351508,0.000000,0.280428,0.386021
2018-03-13,3.330107,0.000000,0.279296,0.378378
2018-03-14,3.308677,0.000000,0.278422,0.380440
2018-03-15,3.288113,0.000000,0.271155,0.385819
2018-03-16,3.266420,0.000000,0.266906,0.380951
2018-03-17,3.249599,0.000000,0.261420,0.382696
2018-03-18,3.230594,0.000000,0.260197,0.823865
2018-03-19,3.211700,0.000000,0.256627,1.262340
2018-03-20,3.192877,0.000000,0.256230,1.164569
2018-03-21,3.172032,0.000000,0.247825,0.389190
2018-03-22,3.155615,0.000000,0.247000,0.386212
2018-03-23,3.137093,0.000000,0.240988,0.377756
2018-03-24,3.118981,0.000002,0.240913,0.375054
2018-03-25,3.101149,0.000004,0.234519,0.371511
2018-03-26,3.081144,0.000004,0.348707,0.382437
2018-03-27,3.065576,0.000006,0.238749,0.373647
2018-03-28,3.048177,0.000006,0.227623,0.375957
2018-03-29,3.031074,0.000006,0.225191,0.373289
2018-03-30,3.013919,0.000006,0.221621,0.376634
2018-03-31,2.996735,0.000000,0.216212,0.375053
2018-04-01,2.977433,0.000000,0.213743,0.371700
2018-04-02,2.962183,0.000000,0.214486,0.371847
2018-04-03,2.945177,0.000000,0.211071,0.370460
2018-04-04,2.928614,0.000000,0.208602,0.368951
2018-04-05,2.912246,0.000000,0.201046,0.365781
2018-04-06,2.894139,0.000000,0.202254,0.362814
2018-04-07,2.880398,0.000000,0.197110,0.358278
2018-04-08,2.864824,0.000000,0.195305,0.360130
2018-04-09,2.849239,0.000000,0.192487,0.357155
2018-04-10,2.833477,0.000000,0.614357,0.360959
2018-04-11,2.815690,0.000000,2.912355,1.398098
2018-04-12,2.801879,0.000000,2.795486,2.004235
2018-04-13,2.786260,0.000000,0.246419,0.350755
2018-04-14,2.770684,0.000000,0.985392,1.671991
2018-04-15,2.755046,0.000001,2.398720,1.650147
2018-04-16,2.737470,0.000000,2.878949,1.604012
2018-04-17,2.723870,0.000003,1.938140,1.453195
2018-04-18,2.708566,0.000004,0.234446,0.768186
2018-04-19,2.693569,0.000003,3.569618,2.075844
2018-04-20,2.678666,0.000001,1.364426,1.853799
2018-04-21,2.661931,0.000000,0.419286,1.947147
2018-04-22,2.649008,0.000000,0.436466,1.155075
2018-04-23,2.634422,0.000000,0.877517,0.348919
2018-04-24,2.620187,0.000000,0.432603,1.906473
2018-04-25,2.606220,0.000000,0.659375,0.361874
2018-04-26,2.590505,0.000000,0.516495,2.066865
2018-04-27,2.578423,0.000000,1.102478,1.530286
2018-04-28,2.564676,0.000000,1.019229,2.102931
2018-04-29,2.551105,0.000000,1.628924,2.193710
2018-04-30,2.538036,0.000000,1.374006,2.208644
2018-05-01,2.523352,0.000003,1.283283,0.351460
2018-05-02,2.512416,0.000000,0.733224,1.091277
2018-05-03,2.499977,0.000002,0.705575,2.141123
2018-05-04,2.487920,0.000000,0.589700,0.346127
2018-05-05,2.476181,0.000003,0.702276,0.785696
2018-05-06,2.462976,0.000000,0.227219,2.488662
2018-05-07,2.453107,0.000000,0.308851,2.111251
2018-05-08,2.441498,0.000000,0.138816,0.350049
2018-05-09,2.429875,0.000000,0.136018,0.355117
2018-05-10,2.418421,0.000001,0.135354,3.298996
2018-05-11,2.405274,0.000004,1.565892,0.353748
2018-05-12,2.395630,0.000000,2.136741,3.909589
2018-05-13,2.384369,0.000000,3.685853,1.437530
2018-05-14,2.373187,0.000002,4.444608,1.302199
2018-05-15,2.362072,0.000000,1.518115,2.220345
2018-05-16,2.349580,0.000000,2.543641,1.997781
2018-05-17,2.340310,0.000000,5.199692,1.658876
2018-05-18,2.329465,0.000001,2.388113,1.845411
2018-05-19,2.318770,0.000000,0.903075,2.291894
2018-05-20,2.308158,0.000006,0.434871,1.868339
2018-05-21,2.296175,0.000006,1.376286,2.087189
2018-05-22,2.287634,0.000006,3.347885,2.442788
2018-05-23,2.276311,0.000006,4.031332,1.632035
2018-05-24,2.272695,0.000001,2.842653,2.090615
2018-05-25,2.266156,0.000000,3.128980,1.790676
2018-05-26,2.253380,0.000000,3.152245,1.631971
2018-05-27,2.246640,0.000000,7.234759,1.611689
2018-05-28,2.234896,0.000000,4.512838,1.347483
2018-05-29,2.214929,0.000000,10.422343,1.741983
2018-05-30,2.193102,0.000214,16.954532,0.782929
2018-05-31,2.166915,0.001516,17.868997,1.127616
2018-06-01,2.140279,0.001426,18.269997,1.104883
2018-06-02,2.130242,1.217409,22.742380,0.944684
2018-06-03,3.016041,1.308424,16.079364,1.122933
2018-06-04,3.890656,1.573306,16.656524,1.447253
2018-06-05,4.171769,2.841993,14.297752,1.033738
2018-06-06,5.401689,3.983068,22.254536,4.880057
2018-06-07,10.869322,5.512985,18.073193,1.004068
2018-06-08,12.831670,8.192308,21.285595,8.451504
2018-06-09,10.771661,3.956967,18.485450,5.441391
2018-06-10,7.065459,3.744733,24.872621,11.454515
2018-06-11,10.713598,4.821342,24.429367,12.878181
2018-06-12,10.062314,5.325017,21.024810,14.111714
2018-06-13,8.724501,5.382649,17.522967,12.972572
2018-06-14,9.081591,1.662687,15.601541,20.249808
2018-06-15,13.920285,2.237569,18.274398,15.589584
2018-06-16,12.065215,3.400090,19.241034,15.699639
2018-06-17,4.791881,2.261673,15.523024,8.547343
2018-06-18,4.072820,3.156030,21.929934,18.627139
2018-06-19,8.028979,4.096530,34.069296,15.927523
2018-06-20,13.531367,6.513455,34.156505,17.215776
2018-06-21,16.082361,10.172898,39.750663,18.181772
2018-06-22,24.947386,15.194442,39.737748,22.833543
2018-06-23,16.150093,19.678197,39.250234,25.911423
2018-06-24,18.837650,34.908409,29.695242,22.230332
2018-06-25,17.502167,25.719882,27.190531,30.607376
2018-06-26,20.337009,36.155194,35.537343,66.074679
2018-06-27,19.053924,38.708959,28.808991,79.107600
2018-06-28,18.829439,36.611775,32.823840,79.092591
2018-06-29,23.979279,66.735387,36.215801,75.743751
2018-06-30,23.405079,74.584028,35.701562,84.253931
2018-07-01,20.556596,52.323948,33.272720,77.783403
2018-07-02,26.152505,56.795932,34.098362,72.226449
2018-07-03,29.966983,79.923728,24.578099,79.796960
2018-07-04,24.285835,29.960228,22.144188,79.034518
2018-07-05,25.839079,42.496668,27.218261,88.357573
2018-07-06,29.365406,60.495901,33.906931,91.087433
2018-07-07,32.093200,71.038952,27.862608,111.513679
2018-07-08,35.275658,80.266635,30.305554,116.321582
2018-07-09,45.635219,101.259126,30.828335,121.393876
2018-07-10,38.156898,77.883166,27.509902,91.290674
2018-07-11,38.508541,80.275424,29.077411,96.630987
2018-07-12,40.108979,77.153014,32.149906,105.356712
2018-07-13,47.773755,78.374766,36.743344,122.333155
2018-07-14,46.270733,74.967492,28.095207,122.132605
2018-07-15,46.117376,59.181372,28.903541,110.213977
2018-07-16,45.095534,59.607091,27.858713,109.145417
2018-07-17,44.863686,71.290585,48.032435,108.446123
2018-07-18,44.829373,53.982274,39.431255,102.573452
2018-07-19,48.216027,68.075231,30.209979,84.505030
2018-07-20,45.400867,61.721802,32.039545,104.630019
2018-07-21,52.942617,61.541715,30.119618,120.841493
2018-07-22,49.439102,47.286525,28.428498,98.330260
2018-07-23,49.823187,55.592174,27.324236,84.768569
2018-07-24,52.574598,59.080786,26.136145,96.316203
2018-07-25,50.322450,50.153831,25.525299,86.097310
2018-07-26,48.828815,46.664069,23.976516,73.681072
2018-07-27,61.169500,57.850241,27.098186,85.585922
2018-07-28,66.044070,92.814807,34.187938,144.957027
2018-07-29,132.327958,329.940379,84.694018,310.071801
2018-07-30,59.059679,419.909665,60.510370,256.464564
2018-07-31,83.333487,205.411943,39.406122,198.360564
2018-08-01,102.093351,202.041215,40.384071,154.061418
2018-08-02,113.923571,95.539156,18.599174,95.404127
2018-08-03,124.540683,57.720581,11.934724,97.741437
2018-08-04,114.693916,65.607176,12.898588,100.247804
2018-08-05,102.962901,60.667284,13.440515,103.216396
2018-08-06,92.439592,31.060730,13.166268,86.436320
2018-08-07,85.535106,53.170420,11.144620,92.388614
2018-08-08,80.018016,43.771202,10.913257,95.370106
2018-08-09,76.259577,59.586668,13.719023,102.704448
2018-08-10,72.966090,96.136743,12.946777,118.284448
2018-08-11,68.398708,93.243246,12.377953,99.220509
2018-08-12,64.725287,86.597232,13.477113,106.193400
2018-08-13,63.006025,70.617403,12.843212,93.119931
2018-08-14,61.311486,55.461146,11.130112,68.986655
2018-08-15,59.019491,48.126177,16.566730,65.924582
2018-08-16,56.690331,70.082133,13.417735,95.053342
2018-08-17,54.923938,51.231233,15.171352,80.603431
2018-08-18,54.847505,31.207541,8.898885,56.290039
2018-08-19,54.659530,32.300715,8.048131,40.000041
2018-08-20,53.351377,30.513320,7.737849,25.638569
2018-08-21,50.765621,22.204604,10.595956,53.959552
2018-08-22,48.756521,31.035419,7.092306,34.466510
2018-08-23,46.817847,25.670035,7.141992,36.401292
2018-08-24,45.745107,7.513539,4.201124,17.845293
2018-08-25,44.913724,2.648547,4.191716,29.849746
2018-08-26,43.827826,1.765825,3.729203,27.018484
2018-08-27,42.246074,1.014468,4.758830,26.995101
2018-08-28,40.207399,1.283001,3.314166,25.172790
2018-08-29,38.020560,1.400011,3.453352,25.475090
2018-08-30,35.951314,2.383446,8.288116,34.286147
2018-08-31,34.081340,24.846636,22.638037,48.584738
2018-09-01,31.849570,27.920353,6.376945,38.414759
2018-09-02,30.126360,0.858184,3.051942,16.694585
2018-09-03,29.558337,2.184869,2.145401,19.094646
2018-09-04,29.100411,2.117623,1.731340,31.259246
2018-09-05,28.341467,1.011866,1.622413,32.396933
2018-09-06,27.422419,3.369015,1.909033,21.022812
2018-09-07,26.528477,8.413475,4.679738,33.753574
2018-09-08,25.646927,16.229604,7.588390,28.855987
2018-09-09,24.799378,24.876624,20.326518,36.670092
2018-09-10,23.533518,31.516060,13.797244,49.745761
2018-09-11,22.279051,51.312332,8.108466,42.560147
2018-09-12,22.695612,7.262802,3.855730,26.254612
2018-09-13,26.939090,4.039424,2.653786,35.236992
2018-09-14,27.565522,2.136190,1.455641,14.479690
2018-09-15,26.813705,0.159551,1.357692,0.987376
2018-09-16,27.119915,0.040020,1.342160,1.126516
2018-09-17,26.275139,0.084859,1.341482,1.130590
2018-09-18,25.346060,0.108246,1.296388,1.195108
2018-09-19,24.552482,0.066700,1.278708,0.836996
2018-09-20,23.692025,0.143907,1.265318,0.622118
2018-09-21,22.845220,0.196891,1.250901,0.616130
2018-09-22,23.361495,0.235787,1.231979,0.619386
2018-09-23,21.229881,0.079428,1.218813,1.334681
2018-09-24,20.432576,0.018889,1.197874,1.030760
2018-09-25,19.686626,0.031633,1.182268,0.594960
2018-09-26,19.011831,0.282549,1.166102,0.598639
2018-09-27,18.420021,0.273506,1.149505,0.592697
2018-09-28,17.839873,0.087401,1.154661,1.025203
2018-09-29,17.275963,0.089528,1.117662,1.615940
2018-09-30,16.732100,0.011879,1.097446,1.415062
2018-10-01,16.204451,0.049929,1.083631,0.578535
2018-10-02,15.731261,0.042630,1.075635,0.582188
2018-10-03,15.295249,0.000254,1.050783,0.577926
2018-10-04,14.884482,0.000023,1.036656,0.576657
2018-10-05,14.500466,0.000129,1.019666,1.453783
2018-10-06,14.122811,0.000014,1.000060,0.575267
2018-10-07,13.776012,0.000022,0.994839,0.569700
2018-10-08,13.428698,0.000022,0.969930,0.571753
2018-10-09,13.094377,0.000023,0.962861,0.559924
2018-10-10,12.775836,0.000023,0.942012,0.566651
2018-10-11,12.478569,0.000023,0.928967,0.561058
2018-10-12,12.213229,0.000023,0.909219,0.878223
2018-10-13,11.945271,0.000023,0.985230,0.555210
2018-10-14,11.689829,0.000023,1.313865,0.877452
2018-10-15,11.445935,0.000023,0.859642,0.535266
2018-10-16,11.206484,0.000023,0.858455,0.547874
2018-10-17,10.994464,0.000025,0.838341,0.602243
2018-10-18,10.781609,0.000023,0.839864,0.548454
2018-10-19,10.573429,0.000023,0.826176,0.510504
2018-10-20,10.370409,0.000023,0.787053,0.540188
2018-10-21,10.167636,0.000023,0.775410,0.538517
2018-10-22,9.988910,0.000023,0.763321,0.776679
2018-10-23,9.819058,0.000023,0.750418,0.537740
2018-10-24,9.653204,0.000119,0.734565,0.557809
2018-10-25,9.489816,0.000341,0.725702,0.539049
2018-10-26,9.325396,0.000041,0.710970,0.850277
2018-10-27,9.178841,0.000023,0.697800,0.533535
2018-10-28,9.029313,0.000023,0.699112,0.569480
2018-10-29,8.882679,0.213854,0.674207,0.543707
2018-10-30,8.737661,0.203751,0.663995,2.407241
2018-10-31,8.594390,0.408225,0.653609,0.539764
2018-11-01,8.450830,0.417023,0.643560,0.552080
2018-11-02,8.325694,0.519302,0.631223,0.454356
2018-11-03,8.199188,0.120778,0.624190,0.531386
2018-11-04,8.075195,0.314600,0.606692,0.521591
2018-11-05,7.953358,0.119131,0.600995,0.510046
2018-11-06,7.831173,0.001426,0.595800,0.517251
2018-11-07,7.723993,0.043022,0.586999,0.521415
2018-11-08,7.619091,0.516173,0.585207,0.506422
2018-11-09,7.518156,0.578788,0.570196,0.521876
2018-11-10,7.419154,0.567561,0.559730,0.509998
2018-11-11,7.316901,0.556312,0.547371,0.516332
2018-11-12,7.226364,0.045894,0.543008,0.521375
2018-11-13,7.133052,0.000135,0.535538,0.517316
2018-11-14,7.040680,0.000023,0.522016,0.517077
2018-11-15,6.950845,0.000024,0.519079,0.518623
2018-11-16,6.858312,0.000023,0.509992,0.506950
2018-11-17,6.776808,0.000096,13.720565,0.516367
2018-11-18,6.709911,0.051194,49.813898,3.983401
2018-11-19,6.619772,0.002656,0.514866,0.497833
2018-11-20,6.542033,0.000015,0.822118,0.498836
2018-11-21,6.454650,0.000030,0.475953,0.494518
2018-11-22,6.375897,0.000018,0.467727,0.483566
2018-11-23,6.294240,0.000015,0.458193,0.497698
2018-11-24,6.214565,0.000015,0.453611,0.493748
2018-11-25,6.138238,0.000015,0.447924,0.494855
2018-11-26,6.061153,0.000015,0.437108,0.481263
2018-11-27,5.993879,0.000015,0.428475,0.490695
2018-11-28,5.924132,0.000015,0.427528,0.491285
2018-11-29,5.857172,0.000015,0.415438,0.480843
2018-11-30,5.792135,0.000015,0.410214,0.491113
2018-12-01,5.726743,0.000015,0.403891,0.475954
2018-12-02,5.673263,0.000015,0.392857,0.484626
2018-12-03,5.616252,0.000015,0.389847,0.488086
2018-12-04,5.560056,0.000015,0.388242,0.479793
2018-12-05,5.505217,0.000015,0.368071,0.488451
2018-12-06,5.448256,0.000015,0.366695,0.485774
2018-12-07,5.399663,0.000015,0.358014,0.465451
2018-12-08,5.348048,0.000015,0.350813,0.495650
2018-12-09,5.297503,0.000015,0.342516,0.458383
2018-12-10,5.248902,0.000015,0.335331,0.386429
2018-12-11,5.197310,0.000015,0.390051,0.468576
2018-12-12,5.153354,0.000015,0.495395,0.462050
2018-12-13,5.106302,0.000015,1.161335,0.457830
2018-12-14,5.059817,0.000015,2.548345,0.457234
2018-12-15,5.013935,0.000015,0.967956,0.464358
2018-12-16,4.965743,0.000015,0.285122,0.454013
2018-12-17,4.924685,0.000015,0.279616,0.452456
2018-12-18,4.880388,0.000015,2.136663,0.465428
2018-12-19,4.837286,0.000015,1.546308,0.464866
2018-12-20,4.794831,0.000015,1.205728,0.453283
2018-12-21,4.749683,0.000015,0.431535,0.445507
2018-12-22,4.711733,0.000014,0.250042,0.458857
2018-12-23,4.671044,0.000014,0.242431,0.443593
2018-12-24,4.630972,0.000015,0.242387,0.448534
2018-12-25,4.591629,0.000015,0.239340,0.464125
2018-12-26,4.549555,0.000015,0.225827,0.359649
2018-12-27,4.514274,0.000015,0.230786,0.430511
2018-12-28,4.476613,0.000015,0.223230,0.445734
2018-12-29,4.439959,0.000015,0.216334,0.461705
2018-12-30,4.404097,0.000015,0.213424,0.355946
2018-12-31,4.368439,0.000015,0.215207,0.460198
2019-01-01,4.234963,0.000001,0.207173,0.457154
2019-01-02,4.203921,0.000001,0.220424,0.450910
2019-01-03,4.170636,0.000127,4.048640,0.438198
2019-01-04,4.139317,0.000025,0.602240,0.455356
2019-01-05,4.109063,0.000012,0.214341,0.448540
2019-01-06,4.076467,0.000000,0.187542,0.358400
2019-01-07,4.049301,0.000000,0.183415,0.459283
2019-01-08,4.019701,0.000000,0.225449,0.443924
2019-01-09,3.990786,0.000000,0.971902,0.442254
2019-01-10,3.962350,0.000029,0.174662,0.437032
2019-01-11,3.931517,0.003616,0.169663,0.436210
2019-01-12,3.906768,0.000103,0.166539,0.432533
2019-01-13,3.879579,0.000000,0.166366,0.434553
2019-01-14,3.852196,0.000000,0.161916,0.431774
2019-01-15,3.824778,0.000000,0.158731,0.430396
2019-01-16,3.794682,0.000000,0.155880,0.441612
2019-01-17,3.770550,0.000000,0.148548,0.443951
2019-01-18,3.744120,0.000000,0.152046,0.340030
2019-01-19,3.717977,0.000027,0.142469,0.439496
2019-01-20,3.691797,0.000288,0.144310,0.434917
2019-01-21,3.663122,0.000005,0.138985,0.419605
2019-01-22,3.639816,0.000000,0.349786,0.340005
2019-01-23,3.614241,0.000000,0.161756,0.436370
2019-01-24,3.589162,0.000000,0.129590,0.424516
2019-01-25,3.564329,0.000000,0.126512,0.422783
2019-01-26,3.537106,0.000000,0.119381,0.325011
2019-01-27,3.515041,0.000000,0.126107,0.405629
2019-01-28,3.491033,0.000000,0.119612,0.412391
2019-01-29,3.467824,0.000000,0.114620,0.406613
2019-01-30,3.444827,0.000000,0.114756,0.316969
2019-01-31,3.421575,0.000000,0.108633,0.395844
2019-02-01,3.395807,0.000000,0.111694,0.398877
2019-02-02,3.374830,0.000000,0.108670,0.403220
2019-02-03,3.352075,0.002218,0.105744,0.414362
2019-02-04,3.329498,0.000351,0.102672,0.395750
2019-02-05,3.307503,0.000523,0.104945,0.402028
2019-02-06,3.284242,0.000530,0.097368,0.403201
2019-02-07,3.265562,0.000917,0.096876,0.405515
2019-02-08,3.244856,0.000022,0.100382,0.401518
2019-02-09,3.224461,0.000000,0.094423,0.401754
2019-02-10,3.204659,0.000000,0.092313,0.399691
2019-02-11,3.182947,0.000000,0.088550,0.396175
2019-02-12,3.165550,0.000000,0.087014,0.398353
2019-02-13,3.145840,0.000000,0.087658,0.398866
2019-02-14,3.126071,0.000000,0.086390,0.313406
2019-02-15,3.106485,0.000000,0.075745,0.385804
2019-02-16,3.085242,0.000000,0.084983,0.393900
2019-02-17,3.068675,0.000000,0.076782,0.390949
2019-02-18,3.050314,0.000000,0.077987,0.391781
2019-02-19,3.032020,0.000000,0.073494,0.395085
2019-02-20,3.013960,0.000000,0.074353,0.392930
2019-02-21,2.994028,0.000000,0.303971,0.395329
2019-02-22,2.978505,0.000000,0.237937,0.392433
2019-02-23,2.961629,0.000000,0.820538,0.386046
2019-02-24,2.945142,0.000000,0.067312,0.393898
2019-02-25,2.929173,0.000000,0.073944,0.307950
2019-02-26,2.911253,0.000000,0.189306,0.384037
2019-02-27,2.897572,0.000000,0.063862,0.386976
2019-02-28,2.881956,0.000000,0.062935,0.383947
2019-03-01,2.864355,0.000000,0.060868,0.384296
2019-03-02,2.850887,0.000000,0.058103,0.384296
2019-03-03,2.835624,0.000000,0.057550,0.383179
2019-03-04,2.820226,0.000000,0.059576,0.385280
2019-03-05,2.804774,0.000000,0.051718,0.376982
2019-03-06,2.787476,0.000000,0.053730,0.380806
2019-03-07,2.774313,0.000000,0.054099,0.383258
2019-03-08,2.759188,0.000000,0.051106,0.378144
2019-03-09,2.744313,0.000000,0.048431,1.621545
2019-03-10,2.729490,0.000000,0.050509,0.382126
2019-03-11,2.712591,0.000000,0.048097,0.387254
2019-03-12,2.699477,0.000000,0.044757,0.378985
2019-03-13,2.684819,0.000000,0.042791,0.380899
2019-03-14,2.670561,0.000000,0.045000,0.296532
2019-03-15,2.656346,0.000000,0.041431,0.381688
2019-03-16,2.640339,0.000000,0.044332,0.373634
2019-03-17,2.628039,0.000000,0.039157,0.376149
2019-03-18,2.614387,0.000000,0.040207,0.293588
2019-03-19,2.600965,0.000000,0.034219,0.375419
2019-03-20,2.587606,0.000000,0.040945,0.376637
2019-03-21,2.572235,0.000000,0.036772,0.376652
2019-03-22,2.560549,0.000000,0.034065,0.371158
2019-03-23,2.547182,0.000000,0.034132,0.379757
2019-03-24,2.533849,0.000000,0.031302,1.765564
2019-03-25,2.520489,0.000000,0.049603,0.392108
2019-03-26,2.505431,0.000000,0.033453,0.373215
2019-03-27,2.494154,0.000000,0.029848,0.371536
2019-03-28,2.481473,0.000000,0.031385,0.375883
2019-03-29,2.469095,0.000000,0.027378,0.367909
2019-03-30,2.456870,0.000000,0.028221,0.362016
2019-03-31,2.444663,0.000000,0.027780,0.366688
2019-04-01,2.430805,0.000000,0.026766,0.360239
2019-04-02,2.420528,0.000000,0.026086,1.557318
2019-04-03,2.408664,0.000000,0.091474,0.356928
2019-04-04,2.396987,0.000000,0.054710,0.359921
2019-04-05,2.385441,0.000000,0.024631,0.358085
2019-04-06,2.372219,0.000000,0.022564,0.814250
2019-04-07,2.362183,0.000000,0.024615,1.306179
2019-04-08,2.350753,0.000000,0.031796,1.556676
2019-04-09,2.339499,0.000000,0.030511,2.263671
2019-04-10,2.328370,0.000000,0.020413,2.054140
2019-04-11,2.315552,0.000000,0.024424,0.351159
2019-04-12,2.306105,0.000000,3.744913,2.165206
2019-04-13,2.295447,0.000000,8.331479,1.464632
2019-04-14,2.285230,0.000000,9.639828,2.208852
2019-04-15,2.275214,0.000000,9.765528,1.557548
2019-04-16,2.263562,0.000000,12.098368,1.310462
2019-04-17,2.255059,0.000000,8.019466,1.215962
2019-04-18,2.245112,0.000000,6.899568,1.697578
2019-04-19,2.235031,0.229703,12.151831,1.318454
2019-04-20,2.224314,0.444745,1.186988,1.873039
2019-04-21,2.217436,0.000172,0.016809,2.121181
2019-04-22,2.210499,0.000000,0.018346,0.348557
2019-04-23,2.200790,0.000000,0.058860,0.346924
2019-04-24,2.190487,0.000000,3.008950,1.494429
2019-04-25,2.184329,0.000000,5.768541,2.089315
2019-04-26,2.220411,0.000000,18.817901,0.921122
2019-04-27,2.366616,2.683714,42.932260,1.048329
2019-04-28,2.368366,4.182048,29.223672,1.105636
2019-04-29,2.277796,3.092300,22.395811,0.993498
2019-04-30,2.555176,1.687211,15.721861,1.392178
2019-05-01,2.185987,0.648015,6.573979,2.217796
2019-05-02,1.986574,0.028419,1.653118,0.357723
2019-05-03,1.994770,0.000009,3.698843,3.603581
2019-05-04,2.023343,0.000000,10.414504,2.836954
2019-05-05,2.054809,0.000000,1.849128,2.272362
2019-05-06,2.085158,0.000000,12.293200,1.144730
2019-05-07,2.123630,0.000000,10.377541,3.592012
2019-05-08,2.162585,0.000000,4.293536,0.359971
2019-05-09,2.197756,0.000000,4.370080,2.923323
2019-05-10,2.229371,0.000000,2.495407,1.761907
2019-05-11,2.256365,0.000000,4.246259,2.163388
2019-05-12,5.265139,0.000000,12.435735,2.941068
2019-05-13,3.051656,0.000000,18.607773,3.106830
2019-05-14,6.185956,0.000000,25.639844,1.739334
2019-05-15,10.649078,0.777277,26.465419,1.172451
2019-05-16,14.040333,1.003241,24.609816,3.074624
2019-05-17,17.141092,3.013311,27.779397,1.232153
2019-05-18,4.922230,3.538549,20.836399,1.300278
2019-05-19,2.832729,3.274158,19.670441,1.476607
2019-05-20,3.473372,2.328233,22.735103,1.388040
2019-05-21,4.310517,3.216897,18.117105,1.350258
2019-05-22,3.821441,3.237354,23.902375,1.089030
2019-05-23,4.643674,3.859834,19.308243,1.284292
2019-05-24,6.636682,4.185035,25.373769,10.772570
2019-05-25,9.870407,4.523069,25.691547,7.345876
2019-05-26,9.418769,3.596295,18.327418,1.577391
2019-05-27,10.905026,1.949290,9.201834,3.180023
2019-05-28,2.700024,0.802137,15.618056,1.386826
2019-05-29,4.213230,2.181659,25.621151,1.917623
2019-05-30,5.203977,2.992823,16.981393,1.900014
2019-05-31,3.485567,1.389184,11.409899,4.141448
2019-06-01,5.844748,2.525641,19.836015,1.845433
2019-06-02,4.191540,2.622750,14.787476,1.601724
2019-06-03,3.289009,4.203314,18.463803,1.800938
2019-06-04,5.202235,4.577339,21.118070,1.671690
2019-06-05,7.210100,4.913505,22.334575,8.292430
2019-06-06,7.353563,5.535674,24.128691,13.789660
2019-06-07,8.482633,6.220318,24.702188,11.619083
2019-06-08,9.560106,6.908478,22.823891,22.579974
2019-06-09,9.840056,8.123136,19.583762,28.199504
2019-06-10,15.263100,10.819989,19.201069,35.226127
2019-06-11,18.701265,13.035730,19.148665,39.585178
2019-06-12,18.308055,41.944077,21.556318,31.697132
2019-06-13,11.858489,65.213889,22.257485,37.663681
2019-06-14,8.294659,41.637645,18.935714,43.434107
2019-06-15,12.212872,45.700267,20.112145,48.148693
2019-06-16,21.461836,48.358124,22.073197,49.155105
2019-06-17,21.593648,53.465103,28.328859,83.138870
2019-06-18,17.461576,39.514617,18.881001,82.102710
2019-06-19,18.125291,36.327066,14.828019,54.811189
2019-06-20,21.851077,41.229095,14.983740,64.647247
2019-06-21,23.554416,49.691712,15.368820,58.280371
2019-06-22,22.440109,48.344194,16.540383,56.146721
2019-06-23,30.382667,71.131520,18.233886,72.293573
2019-06-24,30.054596,77.011573,22.955285,97.648746
2019-06-25,35.277573,90.000463,22.478057,114.048417
2019-06-26,31.198803,88.552106,20.253744,102.059622
2019-06-27,29.447061,67.742210,15.434553,81.480428
2019-06-28,30.976768,70.783371,18.778704,106.008711
2019-06-29,35.467451,89.642715,20.145561,116.617961
2019-06-30,32.273268,73.579583,17.369915,102.959243
2019-07-01,31.641307,56.476175,17.547828,125.298945
2019-07-02,41.932113,101.760817,18.299479,128.418401
2019-07-03,37.275692,82.127215,17.085673,136.474935
2019-07-04,43.402878,113.242624,15.389772,134.742647
2019-07-05,41.040737,95.988188,14.774998,154.878429
2019-07-06,44.327033,92.724628,18.704475,151.753504
2019-07-07,63.911285,167.666856,27.093564,209.740082
2019-07-08,68.590988,223.675915,22.150531,188.629179
2019-07-09,54.355044,100.306874,11.519692,148.169600
2019-07-10,60.385571,81.577423,10.698401,150.265926
2019-07-11,64.114991,87.359811,10.856785,146.953289
2019-07-12,64.905795,85.441554,17.341379,155.734465
2019-07-13,66.589249,112.354218,15.426665,165.262472
2019-07-14,64.497641,106.200200,14.075199,170.466083
2019-07-15,64.378913,78.269411,16.428999,172.950129
2019-07-16,64.287984,94.230982,17.925762,168.015298
2019-07-17,65.415200,87.408007,17.900487,150.042078
2019-07-18,65.076668,91.239532,12.702978,147.497854
2019-07-19,62.713832,78.544923,14.020061,139.756299
2019-07-20,64.875938,89.377718,16.509039,149.258158
2019-07-21,64.294908,115.764770,17.283045,172.803784
2019-07-22,62.329757,112.699341,15.195104,150.705415
2019-07-23,62.802889,86.273986,12.301330,65.088613
2019-07-24,64.102931,93.027406,14.619059,109.585736
2019-07-25,65.298088,87.327489,20.198874,119.871711
2019-07-26,64.113222,61.548512,8.355799,60.551709
2019-07-27,57.564690,46.393769,14.055749,72.773084
2019-07-28,75.660050,147.208970,71.357070,191.322537
2019-07-29,97.548359,254.021547,68.127286,214.557666
2019-07-30,94.056011,198.603661,16.606541,183.406223
2019-07-31,86.205293,115.186843,7.342957,141.318727
2019-08-01,85.442278,120.554897,7.964480,143.043497
2019-08-02,80.177800,125.130547,8.988340,137.823691
2019-08-03,78.771176,135.315420,11.728168,142.798561
2019-08-04,80.709288,157.315710,15.021482,164.661184
2019-08-05,74.498032,114.899925,9.526988,116.394088
2019-08-06,71.158945,111.344732,8.686205,98.055682
2019-08-07,66.095696,81.251954,9.197583,86.784288
2019-08-08,62.519098,68.896905,9.244460,80.001954
2019-08-09,58.568594,60.751713,10.894452,64.184127
2019-08-10,49.124124,61.120201,11.656204,72.181806
2019-08-11,50.976949,58.165381,12.649662,109.595583
2019-08-12,45.851462,39.127255,8.503440,75.904485
2019-08-13,44.764148,26.205135,8.537535,67.044301
2019-08-14,43.047136,21.132630,9.712836,56.321308
2019-08-15,41.822038,39.588203,8.687918,65.129426
2019-08-16,42.430917,46.185340,6.854794,33.425321
2019-08-17,40.466898,31.922671,7.268171,47.750013
2019-08-18,38.555355,28.269613,7.453329,40.375306
2019-08-19,37.655623,33.194064,7.661793,39.297322
2019-08-20,35.621647,28.320846,6.568714,34.828515
2019-08-21,32.809961,22.713131,5.968500,40.645492
2019-08-22,30.618213,14.103740,6.609959,39.905842
2019-08-23,29.553256,14.996244,7.329089,27.745182
2019-08-24,32.701940,29.956347,12.865293,56.033394
2019-08-25,31.077514,20.601691,6.166782,29.453254
2019-08-26,26.131934,12.619551,7.674988,40.097913
2019-08-27,25.936295,5.003545,7.303209,40.674150
2019-08-28,24.371143,3.477778,5.031640,28.543026
2019-08-29,23.875542,17.604514,4.241672,25.679970
2019-08-30,22.283132,17.272730,3.775162,18.753749
2019-08-31,21.765506,14.157854,4.430489,18.030009
2019-09-01,21.723509,2.307752,4.321383,33.763794
2019-09-02,21.636090,5.120216,3.979971,21.374347
2019-09-03,21.339206,3.236435,4.149471,10.680974
2019-09-04,21.274541,4.257322,3.608479,30.883628
2019-09-05,21.069152,2.806148,2.911621,18.308503
2019-09-06,20.708762,1.672248,3.132568,15.831277
2019-09-07,20.318266,2.152074,2.139681,9.019273
2019-09-08,20.457931,2.384637,1.940354,11.498668
2019-09-09,19.582245,0.435511,1.396224,0.993413
2019-09-10,18.743041,0.345086,1.292718,1.951782
2019-09-11,18.183804,0.053257,1.279336,1.273538
2019-09-12,17.743036,0.002767,1.222740,1.539388
2019-09-13,17.151305,0.000476,1.216186,2.760857
2019-09-14,16.680788,0.000476,1.222937,1.919280
2019-09-15,16.218797,0.000476,1.194424,1.775601
2019-09-16,15.791845,0.000475,1.314215,1.230621
2019-09-17,16.154437,0.000476,1.479891,1.419165
2019-09-18,15.095820,0.000522,1.163930,1.056294
2019-09-19,14.775335,0.000483,1.102452,1.547831
2019-09-20,14.962391,0.000476,1.057771,1.645511
2019-09-21,14.706547,0.000475,1.194724,0.410451
2019-09-22,14.089351,3.377870,5.566439,6.260946
2019-09-23,13.580704,9.185066,24.309065,13.897228
2019-09-24,13.220841,4.341378,13.390739,8.892555
2019-09-25,12.873002,7.512837,8.425228,14.261769
2019-09-26,12.829088,16.980539,10.794365,19.054696
2019-09-27,14.470254,0.251661,0.984190,10.442955
2019-09-28,13.023697,1.474036,0.998864,9.828658
2019-09-29,11.754896,1.741101,0.985142,9.876634
2019-09-30,11.479000,0.093991,0.915379,0.869412
2019-10-01,11.260332,0.001436,0.894010,0.531670
2019-10-02,11.101184,0.001426,0.892154,0.409038
2019-10-03,10.953388,0.001427,0.914703,0.406174
2019-10-04,10.812364,0.001427,1.678599,0.817440
2019-10-05,10.672355,0.150504,2.442824,2.660032
2019-10-06,10.545091,1.435531,7.649183,9.614399
2019-10-07,10.426327,0.728557,3.279009,6.133691
2019-10-08,10.285095,6.459326,2.740514,8.374487
2019-10-09,10.035452,0.203303,0.841538,0.607134
2019-10-10,9.717875,0.001895,0.834682,0.399441
2019-10-11,9.542979,0.001469,0.820472,0.543568
2019-10-12,9.457276,0.001428,0.824479,0.392401
2019-10-13,9.399919,0.001427,0.813678,0.312198
2019-10-14,9.360048,0.001427,0.808382,0.393825
2019-10-15,9.322938,0.001427,0.801856,0.386872
2019-10-16,9.270657,0.001426,0.798577,0.392122
2019-10-17,9.221564,0.001427,0.788688,0.660304
2019-10-18,9.159811,0.001427,0.779755,0.507138
2019-10-19,9.090996,0.001427,0.775466,0.387891
2019-10-20,9.017140,0.001452,0.765909,0.385484
2019-10-21,8.931053,0.001433,0.757886,0.383674
2019-10-22,8.850021,0.001427,0.749182,0.392213
2019-10-23,8.758419,0.001427,0.740885,0.379092
2019-10-24,8.665680,0.001427,0.733205,0.376847
2019-10-25,8.569829,0.001427,0.723275,0.382071
2019-10-26,8.464381,0.001426,0.714455,0.377241
2019-10-27,8.367784,0.001427,0.702727,0.383399
2019-10-28,8.263847,0.001427,0.696406,0.386790
2019-10-29,8.161192,0.001427,0.681660,0.381665
2019-10-30,8.057599,0.001427,0.673741,0.382583
2019-10-31,7.952781,0.001427,0.663295,0.381150
2019-11-01,7.841857,0.001426,0.648860,0.377064
2019-11-02,7.742101,0.001427,0.647208,0.377708
2019-11-03,7.639948,0.001427,0.633249,0.378871
2019-11-04,7.538900,0.001427,0.625990,0.377609
2019-11-05,7.437945,0.001427,0.613774,0.372697
2019-11-06,7.331710,0.001426,0.609434,0.374348
2019-11-07,7.236061,0.001427,0.593881,0.372658
2019-11-08,7.137136,0.001427,0.586428,0.372514
2019-11-09,7.038441,0.001427,0.577361,0.376639
2019-11-10,6.941120,0.001427,0.799015,0.358353
2019-11-11,6.845249,0.001426,0.719112,0.390678
2019-11-12,6.764936,0.001427,0.544000,0.361337
2019-11-13,6.683689,0.001427,0.527247,0.283854
2019-11-14,6.603377,0.001427,0.524791,0.377041
2019-11-15,6.522748,0.001427,0.508983,0.367724
2019-11-16,6.439946,0.001426,0.504347,0.366054
2019-11-17,6.367947,0.001427,0.488645,0.361783
2019-11-18,6.291370,0.001427,0.479283,0.366268
2019-11-19,6.215243,0.001427,0.472048,0.361325
2019-11-20,6.142364,0.001427,0.460397,0.365914
2019-11-21,6.066895,0.001426,0.518997,0.354857
2019-11-22,6.001981,0.001427,0.859956,0.359095
2019-11-23,5.933908,0.001427,0.439432,0.272733
2019-11-24,5.866475,0.001427,0.418554,0.360371
2019-11-25,5.799861,0.001427,0.419383,0.352151
2019-11-26,5.730712,0.001426,0.410993,0.347539
2019-11-27,5.670845,0.001427,0.399104,0.351725
2019-11-28,5.608157,0.001427,0.391208,0.345773
2019-11-29,5.546166,0.001427,0.384053,0.346268
2019-11-30,5.484958,0.001427,0.373503,0.346899
2019-12-01,5.420369,0.001426,0.362792,0.347222
2019-12-02,5.363953,0.001427,2.315798,0.257057
2019-12-03,5.305143,0.001427,0.755521,0.348912
2019-12-04,5.247067,0.001427,0.344283,0.341955
2019-12-05,5.191579,0.001433,0.335340,0.342236
2019-12-06,5.136143,0.001426,0.325043,0.337559
2019-12-07,5.089991,0.001427,0.321963,0.344053
2019-12-08,5.040601,0.001427,0.313249,0.334409
2019-12-09,4.991428,0.001427,0.305476,0.261912
2019-12-10,4.943822,0.001427,0.301752,0.338859
2019-12-11,4.894119,0.001426,0.289865,0.339575
2019-12-12,4.851881,0.001427,0.286812,0.339556
2019-12-13,4.806240,0.001427,0.277350,0.335732
2019-12-14,4.760712,0.001427,0.271106,0.332135
2019-12-15,4.716005,0.001427,0.264681,0.331783
2019-12-16,4.668837,0.001426,0.255589,0.334604
2019-12-17,4.629108,0.001427,0.252062,0.336100
2019-12-18,4.586563,0.001427,0.242850,0.324950
2019-12-19,4.543907,0.001427,0.239064,0.329733
2019-12-20,4.501864,0.001628,0.229343,0.326172
2019-12-21,4.457265,0.001525,0.223436,0.329430
2019-12-22,4.419210,0.001427,0.222193,0.326611
2019-12-23,4.378982,0.001427,0.212728,0.323161
2019-12-24,4.339062,0.001427,0.207580,0.321719
2019-12-25,4.300818,0.001427,0.201358,0.326595
2019-12-26,4.262083,0.001426,0.201320,0.245225
2019-12-27,4.229520,0.001427,0.184617,0.317472
2019-12-28,4.193706,0.001427,0.188973,0.334960
2019-12-29,4.158080,0.001427,0.181758,0.326192
2019-12-30,4.123007,0.001427,0.173395,0.248869
2019-12-31,4.089028,0.001427,0.172749,0.329269

