time,MAR_land,MAR_ice,RACMO_land,RACMO_ice
2015-01-01,1.032048,0.000000,0.219715,0.031137
2015-01-02,1.024081,0.000000,0.216465,0.031345
2015-01-03,1.015295,0.000000,0.215029,0.030862
2015-01-04,1.006491,0.000000,0.212155,0.031099
2015-01-05,0.997699,0.000000,0.208919,0.030716
2015-01-06,0.988480,0.000000,0.207294,0.031015
2015-01-07,0.980807,0.000000,0.204601,0.030495
2015-01-08,0.972517,0.000000,0.202433,0.030981
2015-01-09,0.964254,0.000000,0.199741,0.030502
2015-01-10,0.956199,0.000000,0.197055,0.030496
2015-01-11,0.947823,0.000000,0.194874,0.031211
2015-01-12,0.940740,0.000000,0.194139,0.030578
2015-01-13,0.932991,0.000000,0.189502,0.031040
2015-01-14,0.925229,0.000000,0.188388,0.030317
2015-01-15,0.917474,0.000000,0.186252,0.031112
2015-01-16,0.909363,0.000000,0.184817,0.030244
2015-01-17,0.902656,0.000000,0.182459,0.031204
2015-01-18,0.895144,0.000000,0.208159,0.031319
2015-01-19,0.887611,0.000000,0.186086,0.030234
2015-01-20,0.880385,0.000000,0.175974,0.030751
2015-01-21,0.872981,0.000000,0.173282,0.030633
2015-01-22,0.866866,0.000000,0.171663,0.030659
2015-01-23,0.859989,0.000000,0.170032,0.030654
2015-01-24,0.853051,0.000000,0.168420,0.030511
2015-01-25,0.846340,0.000000,0.166239,0.030173
2015-01-26,0.839149,0.000000,0.163553,0.030137
2015-01-27,0.833159,0.000000,0.162485,0.029667
2015-01-28,0.826674,0.000000,0.160305,0.029152
2015-01-29,0.820340,0.000000,0.158686,0.029668
2015-01-30,0.814027,0.000000,0.156517,0.029233
2015-01-31,0.807701,0.000000,0.155443,0.029107
2015-02-01,0.800842,0.000000,0.153825,0.029116
2015-02-02,0.795233,0.000000,0.150576,0.029213
2015-02-03,0.789244,0.000000,0.150589,0.029190
2015-02-04,0.783193,0.000000,0.148441,0.029124
2015-02-05,0.777120,0.000000,0.146238,0.029096
2015-02-06,0.770489,0.000000,0.147326,0.029026
2015-02-07,0.764863,0.000000,0.201613,0.044580
2015-02-08,0.758670,0.000000,0.142977,0.029099
2015-02-09,0.752623,0.000000,0.139230,0.028749
2015-02-10,0.747158,0.000000,0.139223,0.029007
2015-02-11,0.741426,0.000000,0.137599,0.029164
2015-02-12,0.736645,0.000000,0.136504,0.028900
2015-02-13,0.731428,0.000000,0.134357,0.028818
2015-02-14,0.726610,0.000000,0.132737,0.028587
2015-02-15,0.722342,0.000000,0.131664,0.029013
2015-02-16,0.717635,0.000000,0.130563,0.029027
2015-02-17,0.713932,0.000000,0.128939,0.028523
2015-02-18,0.709806,0.000000,0.126804,0.028775
2015-02-19,0.705765,0.000000,0.127313,0.028785
2015-02-20,0.701706,0.000000,0.124078,0.028320
2015-02-21,0.697162,0.000000,0.123004,0.028366
2015-02-22,0.693529,0.000000,0.123003,0.028756
2015-02-23,0.689435,0.000000,0.120829,0.027906
2015-02-24,0.685351,0.000000,0.119211,0.027812
2015-02-25,0.681260,0.000000,0.118137,0.028934
2015-02-26,0.676644,0.000000,0.118123,0.027713
2015-02-27,0.672905,0.000000,0.114901,0.027937
2015-02-28,0.668834,0.000000,0.114887,0.027750
2015-03-01,0.664581,0.000000,0.113270,0.027041
2015-03-02,0.661226,0.000000,0.112168,0.026812
2015-03-03,0.657381,0.000000,0.110572,0.026280
2015-03-04,0.653507,0.000000,0.109470,0.026624
2015-03-05,0.649789,0.000000,0.109469,0.027254
2015-03-06,0.645725,0.000000,0.106779,0.026535
2015-03-07,0.642564,0.000000,0.106227,0.026917
2015-03-08,0.638938,0.000000,0.105671,0.026873
2015-03-09,0.635312,0.000000,0.104052,0.026107
2015-03-10,0.631697,0.000000,0.102467,0.026891
2015-03-11,0.627642,0.000000,0.102428,0.026873
2015-03-12,0.624426,0.000000,0.101354,0.026517
2015-03-13,0.620776,0.000000,0.100293,0.026423
2015-03-14,0.617133,0.000000,0.097567,0.024041
2015-03-15,0.613455,0.000000,0.098668,0.026992
2015-03-16,0.609372,0.000000,0.097003,0.026391
2015-03-17,0.606099,0.000000,0.096487,0.026407
2015-03-18,0.602421,0.000000,0.094318,0.026482
2015-03-19,0.598762,0.000000,0.095929,0.026411
2015-03-20,0.595113,0.000000,0.092694,0.026793
2015-03-21,0.591109,0.000000,0.091626,0.026532
2015-03-22,0.588080,0.000000,0.092136,0.026353
2015-03-23,0.584669,0.000000,0.090002,0.026411
2015-03-24,0.581258,0.000000,0.089451,0.026264
2015-03-25,0.577794,0.000000,0.089444,0.026240
2015-03-26,0.573964,0.000000,0.087826,0.026246
2015-03-27,0.571054,0.000000,0.086202,0.026276
2015-03-28,0.567758,0.000000,0.087269,0.026221
2015-03-29,0.564398,0.000000,0.084591,0.025833
2015-03-30,0.561038,0.000000,0.084570,0.026607
2015-03-31,0.557774,0.000000,0.084583,0.025885
2015-04-01,0.554287,0.000000,0.082959,0.026220
2015-04-02,0.551680,0.000000,0.082402,0.026178
2015-04-03,0.548646,0.000000,0.080778,0.025864
2015-04-04,0.545683,0.000000,0.080783,0.026131
2015-04-05,0.542810,0.000000,0.080785,0.026190
2015-04-06,0.539726,0.000000,0.079152,0.026209
2015-04-07,0.537426,0.000000,0.077542,0.025678
2015-04-08,0.534758,0.000000,0.077535,0.026168
2015-04-09,0.532122,0.000000,0.075911,0.025823
2015-04-10,0.529455,0.000000,0.076985,0.026625
2015-04-11,0.526347,0.000000,0.076984,0.025680
2015-04-12,0.523977,0.000000,0.073735,0.025725
2015-04-13,0.521244,0.000000,0.074881,0.026087
2015-04-14,0.518531,0.000000,0.162623,0.238505
2015-04-15,0.515703,0.000000,0.115357,0.226624
2015-04-16,0.512484,0.000000,0.084854,0.026140
2015-04-17,0.510082,0.000000,0.070499,0.025623
2015-04-18,0.507442,0.000000,0.074377,0.026138
2015-04-19,0.504758,0.000000,0.081103,0.036489
2015-04-20,0.502054,0.000000,0.071401,0.026085
2015-04-21,0.499039,0.000000,0.069178,0.025655
2015-04-22,0.496864,0.000000,0.070739,0.278432
2015-04-23,0.494379,0.000000,0.098671,0.245368
2015-04-24,0.491835,0.000000,0.068249,0.063230
2015-04-25,0.489299,0.000000,0.066693,0.035276
2015-04-26,0.486661,0.000000,0.066726,0.025603
2015-04-27,0.484807,0.000000,0.066726,0.025566
2015-04-28,0.482604,0.000000,0.081985,0.025613
2015-04-29,0.480407,0.000000,0.310066,0.025694
2015-04-30,0.478228,0.000000,0.208583,0.025637
2015-05-01,0.475897,0.000000,0.105614,0.025611
2015-05-02,0.474260,0.000000,0.062899,0.025549
2015-05-03,0.472334,0.000000,0.067093,0.025281
2015-05-04,0.470486,0.000000,0.481965,0.054439
2015-05-05,0.468651,0.000000,0.269762,0.094924
2015-05-06,0.466455,0.000000,0.354750,0.159062
2015-05-07,0.464904,0.000000,0.533438,0.242444
2015-05-08,0.463014,0.000000,0.355195,0.217892
2015-05-09,0.461176,0.000000,0.914545,0.225269
2015-05-10,0.459352,0.000000,1.152913,0.138493
2015-05-11,0.457218,0.000000,0.150340,0.031724
2015-05-12,0.455706,0.000000,0.074327,0.094506
2015-05-13,0.453849,0.000000,0.082436,0.070118
2015-05-14,0.451996,0.000000,0.094761,0.219771
2015-05-15,0.450177,0.000000,0.297611,0.243052
2015-05-16,0.448004,0.000000,0.493978,0.096259
2015-05-17,0.446795,0.000000,0.530704,0.077554
2015-05-18,0.445183,0.000000,1.289962,0.075973
2015-05-19,0.443689,0.000000,0.113746,0.049663
2015-05-20,0.443230,0.000000,0.374682,0.176263
2015-05-21,0.440842,0.000000,0.785746,0.080299
2015-05-22,0.440937,0.000000,0.177773,0.101426
2015-05-23,0.439904,0.000000,0.447708,0.116524
2015-05-24,0.441386,0.000000,0.388966,0.068178
2015-05-25,0.444208,0.000000,0.540506,0.097782
2015-05-26,0.430231,0.000000,0.933936,0.073233
2015-05-27,0.409799,0.000000,0.735304,0.065419
2015-05-28,0.385099,0.000000,1.152558,0.083537
2015-05-29,0.362222,0.000000,0.698012,0.203212
2015-05-30,0.349065,0.000000,0.376322,0.115140
2015-05-31,0.344747,0.000000,0.574789,0.165781
2015-06-01,0.346082,0.000000,0.421572,0.183483
2015-06-02,0.353257,0.000000,0.580785,0.098546
2015-06-03,0.364999,0.145102,0.667869,0.082254
2015-06-04,0.364740,0.330460,0.889736,0.082881
2015-06-05,0.359011,0.418185,1.292897,0.081134
2015-06-06,0.354025,0.490598,1.432657,0.072594
2015-06-07,0.360004,1.018598,1.839938,0.130533
2015-06-08,0.363855,0.800782,1.433223,0.115981
2015-06-09,0.400972,1.092831,1.662218,0.205008
2015-06-10,0.468985,0.906263,2.026812,0.177280
2015-06-11,0.587242,0.596220,2.697958,0.171241
2015-06-12,0.757079,1.142075,2.731895,0.172459
2015-06-13,0.919035,0.959939,3.355417,0.122515
2015-06-14,1.143555,1.042007,4.827479,0.175429
2015-06-15,1.413213,1.142523,5.170224,0.184588
2015-06-16,1.778475,3.015646,5.406268,0.139508
2015-06-17,2.304206,1.596592,5.979255,0.146537
2015-06-18,3.412310,1.622022,7.419254,0.169038
2015-06-19,4.518426,2.121170,7.878818,0.221673
2015-06-20,5.901065,1.303904,7.527632,0.194502
2015-06-21,7.580508,1.423487,7.797532,0.198812
2015-06-22,8.928869,1.547716,7.662643,0.214106
2015-06-23,10.141082,1.593943,7.855358,0.253157
2015-06-24,11.456576,1.576142,7.976959,1.949979
2015-06-25,13.498046,1.528850,7.784433,2.103673
2015-06-26,14.330417,1.842061,7.842142,2.100189
2015-06-27,16.004117,2.690732,8.700857,2.570397
2015-06-28,17.036280,2.442639,8.175239,2.268218
2015-06-29,18.939856,2.558918,7.843826,2.451395
2015-06-30,19.358927,1.523286,7.311503,2.315569
2015-07-01,20.357804,1.890715,7.327566,2.447690
2015-07-02,19.548172,2.721048,7.485651,2.678827
2015-07-03,18.218002,2.528098,7.122075,2.323020
2015-07-04,16.785878,3.027926,6.773014,2.068615
2015-07-05,15.763613,4.518359,7.462989,3.167559
2015-07-06,14.740842,4.741220,8.873404,3.398735
2015-07-07,13.736315,4.942082,6.609914,3.043300
2015-07-08,12.644275,2.196326,6.532542,2.788839
2015-07-09,11.609535,2.064383,6.377763,3.023229
2015-07-10,10.688546,2.410075,5.673514,1.671013
2015-07-11,9.951671,2.467753,5.938286,2.953879
2015-07-12,9.289776,1.838099,6.217930,2.330025
2015-07-13,8.703169,1.891910,5.897548,2.129511
2015-07-14,8.128924,2.185071,6.519296,2.829633
2015-07-15,7.631402,2.122726,6.377750,2.776516
2015-07-16,7.223003,2.364939,6.310417,2.887836
2015-07-17,6.852210,3.683135,5.911260,2.377323
2015-07-18,6.509329,2.301853,5.410720,2.545042
2015-07-19,6.186890,2.110635,5.271510,2.492529
2015-07-20,5.880019,2.144932,4.830326,2.661010
2015-07-21,5.603436,1.840410,4.771384,2.223409
2015-07-22,5.367990,1.841069,4.352180,2.508541
2015-07-23,5.150587,1.537248,4.332029,2.474820
2015-07-24,4.955463,1.167431,3.505156,2.157091
2015-07-25,4.767624,1.201893,3.794057,2.287914
2015-07-26,4.581639,1.934732,3.634287,2.404239
2015-07-27,4.408417,2.231964,3.720775,2.551873
2015-07-28,4.245480,3.267030,3.475587,2.762019
2015-07-29,4.104983,1.574418,3.178319,2.238189
2015-07-30,3.972310,1.614488,3.201640,2.185811
2015-07-31,3.843819,1.575753,3.098311,2.054037
2015-08-01,3.719199,1.736811,3.130264,2.046793
2015-08-02,3.604568,3.365027,3.145021,2.212069
2015-08-03,3.500297,2.786716,2.390582,1.766110
2015-08-04,3.401784,1.739419,3.223319,2.336334
2015-08-05,3.306650,1.710855,3.108385,2.105698
2015-08-06,3.212196,1.638054,2.909545,1.917917
2015-08-07,3.125839,1.565531,2.318214,1.643149
2015-08-08,3.042404,1.934930,2.777388,2.125590
2015-08-09,2.968145,3.447778,2.864929,2.760254
2015-08-10,2.895931,5.102590,0.606764,2.813620
2015-08-11,2.823469,2.748980,0.462238,2.844852
2015-08-12,2.784572,3.464456,0.570796,2.508411
2015-08-13,2.694411,3.652886,0.426440,2.024393
2015-08-14,2.638670,2.266404,0.406562,1.854629
2015-08-15,2.571341,1.917526,2.275859,1.765273
2015-08-16,2.502534,2.056603,3.885176,1.703928
2015-08-17,2.441395,1.246464,2.353951,1.687670
2015-08-18,2.384737,1.107714,1.254952,1.468216
2015-08-19,2.329878,1.596114,0.717206,1.813709
2015-08-20,2.276762,1.652130,0.488422,1.900101
2015-08-21,2.223748,1.403627,0.399564,1.494283
2015-08-22,2.178543,2.205079,0.360888,1.947168
2015-08-23,2.137409,2.003219,0.336937,2.118387
2015-08-24,2.097349,2.172589,0.321290,1.588563
2015-08-25,2.058834,1.369000,0.304662,1.294316
2015-08-26,2.019662,2.078456,0.292325,1.241459
2015-08-27,1.984516,1.355857,0.283139,1.216172
2015-08-28,1.948934,0.572677,0.272656,0.911977
2015-08-29,1.914091,1.724426,0.282059,2.532621
2015-08-30,1.880637,2.367556,0.371417,2.220315
2015-08-31,1.846360,2.529104,0.388957,2.040224
2015-09-01,2.224893,0.616253,0.436922,1.241708
2015-09-02,1.839285,3.309449,1.123821,2.539802
2015-09-03,2.128327,0.921460,0.972408,1.915016
2015-09-04,1.685687,4.138593,1.580000,2.479719
2015-09-05,1.569373,1.177856,1.091659,2.262003
2015-09-06,1.513312,5.061234,2.373629,4.275514
2015-09-07,1.423478,4.881731,2.898995,3.746519
2015-09-08,1.292391,1.759288,1.529571,1.273944
2015-09-09,1.359270,1.570401,0.819065,0.314131
2015-09-10,1.503923,1.411870,0.683418,0.417975
2015-09-11,1.663448,1.565650,0.834246,0.390181
2015-09-12,1.813624,2.281360,0.964957,0.608080
2015-09-13,1.952837,0.553925,1.073098,0.192888
2015-09-14,2.057626,0.560528,1.152820,0.245306
2015-09-15,2.140838,0.706485,1.205192,0.211414
2015-09-16,2.210924,0.224108,1.229445,0.195158
2015-09-17,2.270280,0.457709,1.279446,0.585796
2015-09-18,2.316565,0.675414,1.311461,0.743036
2015-09-19,2.445329,0.474482,1.239566,0.888047
2015-09-20,2.425803,0.205983,1.178491,0.290737
2015-09-21,2.386951,0.347629,1.203711,0.335572
2015-09-22,2.506292,1.304790,1.148323,0.990648
2015-09-23,2.364228,0.476220,1.064275,0.369743
2015-09-24,2.337621,0.721730,1.030685,0.195180
2015-09-25,2.316362,0.334513,0.985693,0.380771
2015-09-26,2.346838,0.368707,0.943757,0.223745
2015-09-27,2.289969,0.162022,0.902929,0.072240
2015-09-28,2.287198,0.149728,0.903257,0.161171
2015-09-29,2.775097,0.023989,0.834846,0.028054
2015-09-30,2.260729,0.000046,0.806284,0.028579
2015-10-01,2.247350,0.000000,0.752858,0.027572
2015-10-02,2.226444,0.000000,0.713577,0.028066
2015-10-03,2.203587,0.000000,0.682453,0.027068
2015-10-04,2.185756,0.000000,0.657468,0.030500
2015-10-05,2.169601,0.000000,0.626597,0.030090
2015-10-06,2.152183,0.000000,0.602228,0.045961
2015-10-07,2.196669,0.117076,0.582955,0.087456
2015-10-08,2.119359,0.018331,0.558819,0.025751
2015-10-09,2.100938,0.000039,0.560944,0.027460
2015-10-10,2.088322,0.000000,0.593963,0.028066
2015-10-11,2.065392,0.390797,0.777526,0.069098
2015-10-12,2.096556,1.604760,0.594723,0.069565
2015-10-13,2.000446,0.123272,0.481736,0.026565
2015-10-14,1.860573,0.000109,0.472053,0.058199
2015-10-15,1.815597,0.303423,0.601198,0.067572
2015-10-16,2.079863,0.030683,0.482649,0.076084
2015-10-17,1.740866,0.003434,0.447421,0.026486
2015-10-18,1.780767,0.000006,0.433380,0.026865
2015-10-19,1.867194,0.000000,0.432899,0.025908
2015-10-20,1.966540,0.000000,0.431562,0.025477
2015-10-21,2.057202,0.000000,0.432212,0.024105
2015-10-22,2.144374,0.000000,0.431414,0.025845
2015-10-23,2.222115,0.000000,0.430995,0.025488
2015-10-24,2.284921,0.000000,0.427851,0.024123
2015-10-25,2.332769,0.000000,0.427272,0.025316
2015-10-26,2.366912,0.000000,0.510448,0.025995
2015-10-27,2.393568,0.000000,0.467789,0.026259
2015-10-28,2.409331,0.000000,0.420045,0.025865
2015-10-29,2.417036,0.000000,0.555418,0.034619
2015-10-30,2.418440,0.000000,0.512724,0.040821
2015-10-31,2.414565,0.000000,0.452022,0.025786
2015-11-01,2.405861,0.000000,0.446830,0.023165
2015-11-02,2.392956,0.000000,0.439278,0.024714
2015-11-03,2.374301,0.000000,0.441057,0.024782
2015-11-04,2.354104,0.000000,0.445569,0.023493
2015-11-05,2.331434,0.000000,0.454546,0.022981
2015-11-06,2.305312,0.000000,0.476884,0.030262
2015-11-07,2.282475,0.000000,0.458339,0.023001
2015-11-08,2.256965,0.000000,0.461549,0.023039
2015-11-09,2.230256,0.000000,0.464454,0.025075
2015-11-10,2.202562,0.000000,0.462612,0.022977
2015-11-11,2.174519,0.000000,0.464343,0.023062
2015-11-12,2.151730,0.000000,0.460728,0.024683
2015-11-13,2.127226,0.000000,0.459602,0.022744
2015-11-14,2.102695,0.000000,0.457407,0.022633
2015-11-15,2.077829,0.000000,0.454473,0.022622
2015-11-16,2.050525,0.000000,0.451734,0.022626
2015-11-17,2.026034,0.000000,0.449022,0.024674
2015-11-18,2.000734,0.000000,0.446271,0.022498
2015-11-19,1.975545,0.000000,0.443525,0.035914
2015-11-20,1.949919,0.000000,0.583537,0.023745
2015-11-21,1.923050,0.000000,0.436994,0.022535
2015-11-22,1.899128,0.000000,0.439632,0.022621
2015-11-23,1.873017,0.000000,0.431162,0.024083
2015-11-24,1.846968,0.000000,0.427854,0.022631
2015-11-25,1.821571,0.000000,0.425374,0.022540
2015-11-26,1.795413,0.000000,0.420222,0.022523
2015-11-27,1.771839,0.000000,0.418942,0.022194
2015-11-28,1.747442,0.000000,0.414384,0.023687
2015-11-29,1.722641,0.000000,0.411480,0.022115
2015-11-30,1.697837,0.000000,0.406385,0.022121
2015-12-01,1.672654,0.000000,0.404025,0.023782
2015-12-02,1.649635,0.000000,0.401456,0.021683
2015-12-03,1.625998,0.000000,0.394730,0.022126
2015-12-04,1.605431,0.000000,0.393445,0.023648
2015-12-05,1.585419,0.000000,0.389258,0.021734
2015-12-06,1.564877,0.000000,0.383259,0.023601
2015-12-07,1.548431,0.000000,0.380174,0.020870
2015-12-08,1.531112,0.000000,0.376497,0.022056
2015-12-09,1.514426,0.000000,0.381985,0.022079
2015-12-10,1.498151,0.000000,0.366862,0.021642
2015-12-11,1.481567,0.000000,0.362159,0.022111
2015-12-12,1.467031,0.000000,0.358477,0.022058
2015-12-13,1.451533,0.000000,0.353984,0.021620
2015-12-14,1.436150,0.000000,0.350314,0.023137
2015-12-15,1.420592,0.000000,0.346266,0.021659
2015-12-16,1.404223,0.000000,0.340890,0.021981
2015-12-17,1.389987,0.000000,0.341036,0.021661
2015-12-18,1.374895,0.000000,0.332504,0.021586
2015-12-19,1.359844,0.000000,0.328312,0.023099
2015-12-20,1.344762,0.000000,0.324120,0.021604
2015-12-21,1.328985,0.000000,0.321211,0.021151
2015-12-22,1.315167,0.000000,0.316508,0.021148
2015-12-23,1.300484,0.000000,0.311425,0.022714
2015-12-24,1.286401,0.000000,0.308340,0.021534
2015-12-25,1.272604,0.000000,0.305209,0.021666
2015-12-26,1.258038,0.000000,0.300494,0.020540
2015-12-27,1.245434,0.000000,0.296169,0.020824
2015-12-28,1.231900,0.000000,0.293489,0.022013
2015-12-29,1.218264,0.000000,0.287806,0.020963
2015-12-30,1.204920,0.000000,0.286147,0.022460
2015-12-31,1.191642,0.000000,0.279455,0.020629
2016-01-01,1.177575,0.000000,0.276729,0.020545
2016-01-02,1.165335,0.000000,0.273827,0.022444
2016-01-03,1.152359,0.000000,0.270185,0.020541
2016-01-04,1.139534,0.000000,0.265653,0.020577
2016-01-05,1.127062,0.000000,0.263635,0.022445
2016-01-06,1.113755,0.000000,0.258795,0.020338
2016-01-07,1.103156,0.000000,0.469509,0.020382
2016-01-08,1.092576,0.000000,0.282953,0.020270
2016-01-09,1.082145,0.000000,0.248591,0.021637
2016-01-10,1.072723,0.000000,0.245899,0.020144
2016-01-11,1.062931,0.000000,0.241707,0.020226
2016-01-12,1.054835,0.000000,0.239350,0.021505
2016-01-13,1.046237,0.000000,0.236447,0.020147
2016-01-14,1.037773,0.000000,0.231732,0.020211
2016-01-15,1.029515,0.000000,0.231928,0.020098
2016-01-16,1.020635,0.000000,0.227893,0.021778
2016-01-17,1.013191,0.000000,0.223964,0.020632
2016-01-18,1.004922,0.000000,0.221031,0.020144
2016-01-19,0.996620,0.000000,0.260230,0.019366
2016-01-20,0.988268,0.000000,0.604812,0.020106
2016-01-21,0.979331,0.000000,0.586152,0.023233
2016-01-22,0.972107,0.000000,0.342868,0.022828
2016-01-23,0.965158,0.000000,0.210912,0.020144
2016-01-24,0.956972,0.000000,0.210197,0.019695
2016-01-25,0.948567,0.000000,0.208366,0.020991
2016-01-26,0.939886,0.000000,0.208733,0.019694
2016-01-27,0.932661,0.000000,0.208216,0.019666
2016-01-28,0.924875,0.000000,0.207301,0.021111
2016-01-29,0.917184,0.000000,0.207511,0.019703
2016-01-30,0.909506,0.000000,0.206588,0.020812
2016-01-31,0.901927,0.000000,0.205528,0.021106
2016-02-01,0.894015,0.000000,0.205339,0.019713
2016-02-02,0.887512,0.000000,0.204606,0.021042
2016-02-03,0.880505,0.000000,0.209219,0.020768
2016-02-04,0.873676,0.000000,0.202800,0.020163
2016-02-05,0.866829,0.000000,0.202617,0.021047
2016-02-06,0.859481,0.000000,0.199192,0.019752
2016-02-07,0.853569,0.000000,0.201145,0.019187
2016-02-08,0.847026,0.000000,0.196841,0.021007
2016-02-09,0.840773,0.000000,0.197176,0.019643
2016-02-10,0.834499,0.000000,0.195368,0.019704
2016-02-11,0.827685,0.000000,0.194812,0.020507
2016-02-12,0.821984,0.000000,0.193346,0.019666
2016-02-13,0.815834,0.000000,0.192460,0.019630
2016-02-14,0.809830,0.000000,0.189927,0.021447
2016-02-15,0.803951,0.000000,0.189921,0.021048
2016-02-16,0.797598,0.000000,0.187025,0.018367
2016-02-17,0.792434,0.000000,0.187013,0.019216
2016-02-18,0.786747,0.000000,0.187013,0.020647
2016-02-19,0.781008,0.000000,0.184446,0.020502
2016-02-20,0.775238,0.000000,0.182298,0.018505
2016-02-21,0.768868,0.000000,0.182310,0.020446
2016-02-22,0.763533,0.000000,0.182298,0.018446
2016-02-23,0.757669,0.000000,0.179221,0.018742
2016-02-24,0.751702,0.000000,0.180497,0.018810
2016-02-25,0.745775,0.000000,0.176312,0.020168
2016-02-26,0.739875,0.000000,0.176305,0.018721
2016-02-27,0.735228,0.000000,0.173955,0.020022
2016-02-28,0.730359,0.000000,0.217077,0.018818
2016-02-29,0.726014,0.000000,0.187426,0.018721
2016-03-01,0.721337,0.000000,0.171047,0.017704
2016-03-02,0.717835,0.000000,0.169239,0.018716
2016-03-03,0.713886,0.000000,0.168645,0.018409
2016-03-04,0.709983,0.000000,0.167723,0.021357
2016-03-05,0.706155,0.000000,0.165712,0.018930
2016-03-06,0.701793,0.000000,0.162920,0.018507
2016-03-07,0.698389,0.000000,0.163423,0.018902
2016-03-08,0.694482,0.000000,0.161629,0.018944
2016-03-09,0.690603,0.000000,0.160555,0.018514
2016-03-10,0.686653,0.000000,0.162727,0.019236
2016-03-11,0.682250,0.000000,0.157660,0.018615
2016-03-12,0.678798,0.000000,0.157647,0.018410
2016-03-13,0.674830,0.000000,0.155295,0.018907
2016-03-14,0.670806,0.000000,0.154739,0.018912
2016-03-15,0.666777,0.000000,0.153678,0.018881
2016-03-16,0.662430,0.000000,0.151837,0.018484
2016-03-17,0.658999,0.000000,0.416694,0.032527
2016-03-18,0.655205,0.000000,0.206049,0.018444
2016-03-19,0.651535,0.000000,0.148620,0.018470
2016-03-20,0.647875,0.000000,0.149357,0.019353
2016-03-21,0.643821,0.000000,0.161712,0.018422
2016-03-22,0.640654,0.000000,0.146014,0.019814
2016-03-23,0.637029,0.000000,0.149372,0.018081
2016-03-24,0.633401,0.000000,0.145363,0.018410
2016-03-25,0.629776,0.000000,0.141352,0.017977
2016-03-26,0.625676,0.000000,0.142085,0.018434
2016-03-27,0.622466,0.000000,0.139728,0.018004
2016-03-28,0.618802,0.000000,0.139728,0.017996
2016-03-29,0.615172,0.000000,0.139177,0.018372
2016-03-30,0.611500,0.000000,0.140309,0.017978
2016-03-31,0.607803,0.000000,0.138437,0.017933
2016-04-01,0.603701,0.000000,0.135752,0.018199
2016-04-02,0.600404,0.000000,0.135758,0.017921
2016-04-03,0.596712,0.000000,0.137718,0.017949
2016-04-04,0.593037,0.000000,0.164389,0.018052
2016-04-05,0.589415,0.000000,0.203444,0.020538
2016-04-06,0.585533,0.000000,0.146268,0.019587
2016-04-07,0.582566,0.000000,0.162320,0.020333
2016-04-08,0.579246,0.000000,0.166998,0.022766
2016-04-09,0.576021,0.000000,0.130262,0.024945
2016-04-10,0.572746,0.000000,0.252811,0.174300
2016-04-11,0.569099,0.000000,0.401724,0.061202
2016-04-12,0.566180,0.000000,0.671176,0.052694
2016-04-13,0.562802,0.000000,0.611772,0.056671
2016-04-14,0.559415,0.000000,0.580174,0.056884
2016-04-15,0.556114,0.000000,0.714800,0.049441
2016-04-16,0.552471,0.000000,0.364837,0.082202
2016-04-17,0.549849,0.000000,0.143654,0.025206
2016-04-18,0.546971,0.000000,0.140055,0.019748
2016-04-19,0.544207,0.000000,0.294545,0.126991
2016-04-20,0.541612,0.000000,0.146332,0.019660
2016-04-21,0.538671,0.000000,0.538851,0.081311
2016-04-22,0.536455,0.000000,0.890371,0.052964
2016-04-23,0.533764,0.000000,0.990022,0.055330
2016-04-24,0.531623,0.000000,0.905346,0.052961
2016-04-25,0.529518,0.000000,1.226572,0.050983
2016-04-26,0.526034,0.000000,1.148423,0.056259
2016-04-27,0.521708,0.000000,0.696757,0.200610
2016-04-28,0.522540,0.000000,0.229336,0.055401
2016-04-29,0.523740,0.000000,0.298443,0.019132
2016-04-30,0.520828,0.000000,0.269411,0.060420
2016-05-01,0.513479,0.000000,0.341519,0.167366
2016-05-02,0.510213,0.000000,0.483142,0.099237
2016-05-03,0.507396,0.000000,0.380156,0.078894
2016-05-04,0.498319,0.000000,0.396914,0.077515
2016-05-05,0.484200,0.000000,0.434021,0.074258
2016-05-06,0.467489,0.000000,0.572959,0.067192
2016-05-07,0.453985,0.045499,1.008570,0.061443
2016-05-08,0.441866,0.291152,1.037663,0.052877
2016-05-09,0.426734,0.289292,1.223075,0.057189
2016-05-10,0.413338,0.716277,1.227289,0.043360
2016-05-11,0.396811,0.980585,1.589466,0.039967
2016-05-12,0.384704,0.970021,1.367281,0.042946
2016-05-13,0.400616,0.734242,1.703990,0.043339
2016-05-14,0.458531,0.834061,2.127285,0.041668
2016-05-15,0.544394,1.074313,2.883032,0.037156
2016-05-16,0.642313,0.753050,1.584989,0.283170
2016-05-17,0.789930,0.583400,2.353639,0.073740
2016-05-18,0.981990,0.564235,2.591139,0.065090
2016-05-19,1.187494,1.009138,2.530580,0.089302
2016-05-20,1.383221,0.812817,2.426149,0.046194
2016-05-21,1.649128,0.871596,2.281777,0.073333
2016-05-22,1.932006,0.790792,2.285922,0.066999
2016-05-23,2.301587,0.806316,2.607785,0.101149
2016-05-24,2.687204,0.685851,2.725300,0.103114
2016-05-25,3.125244,0.917756,3.111777,0.103521
2016-05-26,3.557480,1.044150,3.175150,0.072058
2016-05-27,3.994222,0.593753,3.216027,0.104497
2016-05-28,4.602227,0.463535,3.471474,0.101536
2016-05-29,5.183203,0.481441,3.760238,0.090866
2016-05-30,5.690019,0.563240,3.571154,0.174560
2016-05-31,6.089633,0.877849,4.072567,0.229978
2016-06-01,6.344277,0.833611,4.525850,0.097047
2016-06-02,6.650299,1.138133,6.100380,0.176529
2016-06-03,6.948201,3.239733,9.274342,0.203461
2016-06-04,8.137166,2.114311,7.251523,0.179976
2016-06-05,10.680534,1.292346,6.782533,0.148299
2016-06-06,12.936640,1.616660,6.303504,0.150053
2016-06-07,14.287304,1.774335,6.972671,0.161150
2016-06-08,15.589718,2.002761,7.447650,0.189849
2016-06-09,17.030218,6.369903,14.881228,0.494279
2016-06-10,25.251332,7.652960,21.861704,4.647961
2016-06-11,43.477801,3.141543,16.680976,2.901555
2016-06-12,47.758731,3.636243,15.887322,3.946369
2016-06-13,48.344662,2.526742,10.953462,3.047655
2016-06-14,47.687687,1.632482,8.806895,2.558349
2016-06-15,43.534797,1.511658,7.475746,2.324273
2016-06-16,38.811548,1.163164,6.859985,2.017267
2016-06-17,35.151065,1.408988,5.853383,1.461075
2016-06-18,31.384436,4.500773,7.770566,3.630138
2016-06-19,34.724572,6.224634,8.813174,4.261714
2016-06-20,48.671982,3.323623,5.737675,3.572355
2016-06-21,50.443555,1.995548,5.403547,3.057023
2016-06-22,44.869898,2.424840,6.410271,3.359382
2016-06-23,38.913145,2.256076,5.056706,4.104581
2016-06-24,34.818443,1.796316,4.680389,3.088082
2016-06-25,31.365299,1.773872,4.581525,2.905951
2016-06-26,28.904966,1.860841,4.436323,3.454955
2016-06-27,26.452793,2.336634,4.437488,3.075803
2016-06-28,25.529201,1.923173,4.296320,1.999663
2016-06-29,23.369991,1.798610,4.238217,3.102065
2016-06-30,20.978586,1.923936,3.901640,3.147182
2016-07-01,18.943694,1.635803,3.772215,2.843048
2016-07-02,17.234958,2.238513,4.133082,2.808641
2016-07-03,15.718603,1.914443,3.697468,3.352527
2016-07-04,14.493516,1.907150,3.791989,2.699877
2016-07-05,13.391949,3.365009,4.001177,2.299781
2016-07-06,12.486872,4.766035,6.250984,3.989913
2016-07-07,11.969539,2.997722,5.317449,3.138777
2016-07-08,11.552886,2.118124,5.614931,3.077107
2016-07-09,10.985985,2.392142,5.239041,2.662097
2016-07-10,10.363560,1.782851,5.631243,2.675481
2016-07-11,9.849107,1.765887,5.391198,2.646609
2016-07-12,9.451112,1.567595,5.113828,2.732357
2016-07-13,8.976953,2.471655,5.086495,2.241033
2016-07-14,8.675014,3.555708,5.172956,2.252785
2016-07-15,8.214858,4.401141,5.368886,2.411204
2016-07-16,7.694825,4.058432,6.524270,3.533815
2016-07-17,7.249716,2.972834,6.475243,3.239980
2016-07-18,6.842102,2.276348,5.929752,2.895566
2016-07-19,6.487988,2.135162,6.026349,3.033910
2016-07-20,6.161640,1.827742,6.261075,2.707287
2016-07-21,5.859454,1.829317,7.225776,2.657024
2016-07-22,5.626354,3.810092,7.789082,3.568215
2016-07-23,5.372408,4.693491,7.886727,3.465319
2016-07-24,5.177307,3.408229,8.034492,3.216005
2016-07-25,4.963577,4.013629,7.912464,2.816992
2016-07-26,4.746401,2.036338,7.594759,2.788521
2016-07-27,4.554651,1.921904,7.456273,2.728169
2016-07-28,4.373997,2.594686,7.416656,2.703172
2016-07-29,4.208276,2.540022,7.466361,2.478501
2016-07-30,4.056719,2.221051,7.246952,2.240127
2016-07-31,3.912394,3.229115,7.200162,2.119060
2016-08-01,3.777935,2.318783,7.078167,2.306723
2016-08-02,3.658639,2.271940,6.861798,2.320071
2016-08-03,3.540588,1.866855,6.701526,2.206087
2016-08-04,3.432054,2.523731,6.133438,2.152414
2016-08-05,3.329523,1.942364,5.987039,2.059752
2016-08-06,3.228560,2.568093,5.940835,2.074496
2016-08-07,3.142747,2.079951,5.921859,2.205822
2016-08-08,3.059115,2.346588,5.357122,1.732166
2016-08-09,2.970706,3.309318,5.062660,2.233529
2016-08-10,2.910778,3.843586,4.467833,1.969834
2016-08-11,2.852205,2.488750,4.287440,2.605017
2016-08-12,2.772301,1.887881,4.006106,1.678838
2016-08-13,2.683934,2.380742,4.002782,1.813416
2016-08-14,2.607090,4.597019,5.234259,4.763504
2016-08-15,2.548485,6.131584,4.565149,3.269150
2016-08-16,2.485957,2.506419,3.669457,1.500743
2016-08-17,2.392268,3.020346,3.670066,1.784324
2016-08-18,2.312799,3.423503,3.721924,1.883064
2016-08-19,2.251975,3.294820,3.501574,2.221244
2016-08-20,2.206343,1.704772,3.742516,2.356504
2016-08-21,2.168152,1.195891,4.414371,1.653512
2016-08-22,2.135789,2.286862,4.894787,1.743510
2016-08-23,2.105228,1.716066,4.138772,1.941405
2016-08-24,2.078376,1.460893,2.646735,1.630213
2016-08-25,2.054477,2.216488,1.549934,1.451581
2016-08-26,2.030360,2.717217,1.266341,1.411030
2016-08-27,2.010300,2.909527,1.238853,1.978649
2016-08-28,1.988964,1.467900,1.244314,1.267056
2016-08-29,1.966918,1.693099,1.249447,1.057047
2016-08-30,1.944580,1.915628,1.264196,1.263051
2016-08-31,1.921798,1.557533,1.257802,1.112409
2016-09-01,1.897987,1.761713,1.260221,0.876777
2016-09-02,1.876848,1.030065,1.256219,0.920181
2016-09-03,1.853888,1.974130,1.252424,1.034495
2016-09-04,2.067690,3.000965,1.309762,1.674013
2016-09-05,1.819932,1.061960,1.226542,1.389379
2016-09-06,1.798216,2.279880,1.212212,1.054706
2016-09-07,1.781114,2.423046,1.188309,1.071925
2016-09-08,1.743826,0.936863,1.160406,1.341948
2016-09-09,1.706303,1.744377,1.133482,1.438819
2016-09-10,1.672322,3.185221,1.104725,1.516074
2016-09-11,1.642278,2.036885,1.070837,1.004280
2016-09-12,1.617959,1.194941,1.036551,0.434267
2016-09-13,1.592313,2.860928,1.190971,2.462195
2016-09-14,1.624481,6.607785,1.237905,4.736132
2016-09-15,1.515001,2.488058,0.981127,1.398209
2016-09-16,1.403618,0.694607,0.957419,1.071095
2016-09-17,1.384242,0.500947,0.974855,0.216769
2016-09-18,1.407253,1.585980,1.004874,0.398891
2016-09-19,1.426880,1.017752,0.972075,1.066240
2016-09-20,1.445967,0.366329,0.923529,0.244727
2016-09-21,2.042270,0.425439,0.899626,0.065388
2016-09-22,1.517985,0.001383,0.859834,0.130748
2016-09-23,1.523792,0.000000,0.833969,0.161465
2016-09-24,1.553942,0.160065,0.810028,0.093948
2016-09-25,1.599268,0.028885,0.777958,0.085633
2016-09-26,1.646474,0.000014,0.745867,0.128423
2016-09-27,1.693540,0.000000,0.716860,0.214615
2016-09-28,1.733834,0.000000,0.686198,0.033726
2016-09-29,1.768950,0.000000,0.660293,0.039398
2016-09-30,1.798603,0.000000,0.630434,0.124602
2016-10-01,1.821937,0.000000,0.612120,0.030564
2016-10-02,1.858516,0.000000,0.610099,0.033482
2016-10-03,1.852725,0.739274,0.759384,0.217872
2016-10-04,2.109866,2.667576,0.965854,3.405401
2016-10-05,1.645496,2.146736,0.659890,2.511420
2016-10-06,1.940845,1.612510,0.594697,1.317560
2016-10-07,1.805551,3.374855,0.696224,1.774132
2016-10-08,2.048052,4.218400,0.650781,2.068124
2016-10-09,2.419356,0.258815,0.549829,0.104158
2016-10-10,3.063131,0.878917,0.659911,0.310370
2016-10-11,3.495735,0.527708,0.561601,0.399805
2016-10-12,3.936185,0.155889,0.560042,0.212471
2016-10-13,4.228193,0.046928,0.559157,0.070136
2016-10-14,4.477481,0.057308,0.570825,0.203478
2016-10-15,4.852065,0.199381,0.628154,0.083664
2016-10-16,4.777290,0.280987,0.669717,0.126110
2016-10-17,4.821222,0.042815,0.579519,0.164839
2016-10-18,4.794495,0.000084,0.571536,0.036701
2016-10-19,5.743304,0.000000,0.570731,0.034263
2016-10-20,4.687110,0.000000,0.550777,0.030415
2016-10-21,4.628800,0.000000,0.569026,0.037415
2016-10-22,4.543134,0.000000,0.541435,0.030807
2016-10-23,4.459603,0.000000,0.534826,0.029882
2016-10-24,4.370125,0.000000,0.527845,0.029661
2016-10-25,4.275908,0.000000,0.519797,0.029829
2016-10-26,4.176071,0.000000,0.509170,0.029394
2016-10-27,4.082278,0.000000,0.499092,0.029389
2016-10-28,3.993079,0.000000,0.487758,0.029057
2016-10-29,3.905126,0.000000,0.476770,0.029375
2016-10-30,3.815128,0.000000,0.464885,0.028983
2016-10-31,3.725009,0.000000,0.569335,0.039294
2016-11-01,3.634828,0.000000,0.617750,0.042226
2016-11-02,3.556444,0.000000,0.429939,0.028444
2016-11-03,3.474385,0.000000,0.425313,0.028503
2016-11-04,3.391952,0.000000,0.473915,0.028457
2016-11-05,3.312268,0.000000,0.677609,0.044180
2016-11-06,3.233047,0.000000,0.419139,0.028643
2016-11-07,3.159151,0.000000,0.384896,0.029059
2016-11-08,3.084010,0.000000,0.377234,0.028428
2016-11-09,3.013611,0.000000,0.373323,0.028391
2016-11-10,2.950816,0.000000,0.365660,0.027912
2016-11-11,2.887490,0.000000,0.359582,0.028193
2016-11-12,2.829212,0.000000,0.357681,0.028008
2016-11-13,2.769975,0.000000,0.353686,0.028265
2016-11-14,2.712023,0.000000,0.355859,0.027858
2016-11-15,2.655991,0.000000,0.339980,0.027920
2016-11-16,2.599680,0.000000,0.335359,0.027826
2016-11-17,2.548609,0.000000,0.330451,0.027378
2016-11-18,2.496575,0.000000,0.330043,0.027882
2016-11-19,2.448745,0.000000,0.319849,0.027406
2016-11-20,2.404883,0.000000,0.317474,0.027807
2016-11-21,2.359460,0.000000,0.326025,0.027395
2016-11-22,2.317929,0.000000,0.359581,0.027821
2016-11-23,2.276164,0.000000,0.470952,0.030076
2016-11-24,2.235279,0.000000,0.301015,0.025347
2016-11-25,2.194690,0.000000,0.292349,0.024562
2016-11-26,2.156639,0.000000,0.354293,0.027270
2016-11-27,2.123783,0.000000,0.449016,0.027094
2016-11-28,2.089648,0.000000,0.286106,0.027287
2016-11-29,2.056486,0.000000,0.279587,0.024229
2016-11-30,2.023694,0.000000,0.276642,0.027097
2016-12-01,1.990810,0.000000,0.273194,0.026776
2016-12-02,1.961003,0.000000,0.271728,0.026778
2016-12-03,1.930363,0.000000,0.266826,0.024257
2016-12-04,1.900956,0.000000,0.265570,0.026212
2016-12-05,1.871807,0.000000,0.591890,0.028506
2016-12-06,1.842307,0.000975,1.864248,0.032007
2016-12-07,1.840195,0.549954,1.294051,0.038180
2016-12-08,1.808504,0.002311,0.451040,0.026709
2016-12-09,1.746034,0.000000,0.287126,0.025621
2016-12-10,1.693499,0.000000,0.358447,0.025662
2016-12-11,1.689059,0.000000,0.336513,0.025234
2016-12-12,1.709836,0.000000,0.350182,0.025422
2016-12-13,1.605938,0.000000,0.347991,0.025401
2016-12-14,1.589599,0.000000,0.361390,0.025546
2016-12-15,1.576289,0.000000,0.372698,0.024830
2016-12-16,1.564222,0.000000,0.378873,0.023122
2016-12-17,1.556345,0.000000,0.389706,0.024865
2016-12-18,1.548399,0.000000,0.390811,0.025451
2016-12-19,1.540997,0.000000,0.395312,0.025011
2016-12-20,1.534246,0.000000,0.395511,0.025328
2016-12-21,1.526619,0.000000,0.396436,0.025015
2016-12-22,1.521424,0.000000,0.394786,0.025223
2016-12-23,1.515100,0.000000,0.395168,0.024826
2016-12-24,1.508439,0.000000,0.392123,0.025244
2016-12-25,1.501443,0.000000,0.390846,0.024824
2016-12-26,1.493094,0.000000,0.386512,0.025164
2016-12-27,1.486308,0.000000,0.384502,0.024817
2016-12-28,1.478108,0.000000,0.380901,0.025214
2016-12-29,1.469539,0.000000,0.378333,0.024734
2016-12-30,1.460576,0.000000,0.374739,0.024842
2016-12-31,1.451539,0.000000,0.370037,0.024695
2017-01-01,1.446956,0.000000,0.491145,0.026588
2017-01-02,1.438325,0.000000,0.380856,0.024821
2017-01-03,1.428513,0.000000,0.361511,0.024580
2017-01-04,1.418208,0.000000,0.355578,0.025255
2017-01-05,1.407684,0.000000,0.354276,0.024791
2017-01-06,1.396137,0.000000,0.348513,0.024778
2017-01-07,1.386291,0.000000,0.347222,0.024347
2017-01-08,1.375603,0.000000,0.340936,0.024820
2017-01-09,1.365024,0.000000,0.338375,0.025023
2017-01-10,1.354339,0.000000,0.334393,0.024705
2017-01-11,1.342346,0.000000,0.330799,0.024722
2017-01-12,1.331801,0.000000,0.326266,0.024648
2017-01-13,1.320228,0.000000,0.324472,0.024184
2017-01-14,1.308540,0.000000,0.319219,0.024664
2017-01-15,1.296851,0.000000,0.316731,0.022967
2017-01-16,1.284584,0.000000,0.312709,0.022088
2017-01-17,1.274269,0.000000,0.307339,0.022941
2017-01-18,1.262787,0.000000,0.304759,0.023046
2017-01-19,1.251110,0.000000,0.301006,0.022474
2017-01-20,1.239641,0.000000,0.297364,0.022905
2017-01-21,1.227285,0.000000,0.293946,0.022521
2017-01-22,1.216520,0.000000,0.288916,0.022841
2017-01-23,1.205100,0.000000,0.294360,0.022445
2017-01-24,1.193935,0.000000,0.283524,0.022807
2017-01-25,1.182571,0.000000,0.278425,0.022376
2017-01-26,1.170287,0.000000,0.273899,0.022810
2017-01-27,1.160502,0.000000,0.272837,0.022724
2017-01-28,1.150784,0.000000,0.265778,0.022097
2017-01-29,1.141169,0.000000,0.262529,0.021874
2017-01-30,1.131657,0.000000,0.262554,0.022711
2017-01-31,1.122033,0.000000,0.254591,0.023696
2017-02-01,1.111483,0.000000,0.253523,0.022408
2017-02-02,1.102406,0.000000,0.250621,0.022776
2017-02-03,1.092643,0.000000,0.247196,0.022336
2017-02-04,1.082815,0.000000,0.244294,0.022019
2017-02-05,1.073235,0.000000,0.241111,0.022744
2017-02-06,1.062932,0.000000,0.237299,0.022351
2017-02-07,1.054145,0.000000,0.236053,0.022373
2017-02-08,1.045630,0.000000,0.232602,0.023684
2017-02-09,1.037333,0.000000,0.228287,0.022771
2017-02-10,1.029144,0.000000,0.225385,0.022345
2017-02-11,1.020371,0.000000,0.224318,0.021954
2017-02-12,1.013161,0.000000,0.222141,0.022725
2017-02-13,1.005425,0.000000,0.215305,0.023667
2017-02-14,0.997757,0.000000,0.216325,0.022598
2017-02-15,0.990013,0.000000,0.213535,0.023410
2017-02-16,0.981653,0.000000,0.207353,0.021689
2017-02-17,0.974753,0.000000,0.209191,0.021867
2017-02-18,0.967053,0.000000,0.204350,0.022530
2017-02-19,0.959275,0.000000,0.202165,0.023310
2017-02-20,0.951456,0.000000,0.199996,0.022193
2017-02-21,0.942918,0.000000,0.196014,0.022260
2017-02-22,0.935803,0.000000,0.195686,0.022188
2017-02-23,0.928387,0.000000,0.192778,0.021734
2017-02-24,0.921236,0.000000,0.190092,0.022262
2017-02-25,0.914133,0.000000,0.188467,0.021754
2017-02-26,0.906464,0.000000,0.186849,0.022126
2017-02-27,0.900094,0.000000,0.183614,0.021839
2017-02-28,0.893039,0.000000,0.189078,0.022137
2017-03-01,0.885329,0.000000,0.180371,0.021723
2017-03-02,0.878808,0.000000,0.177685,0.022214
2017-03-03,0.871679,0.000000,0.176067,0.021312
2017-03-04,0.864844,0.000000,0.175516,0.020843
2017-03-05,0.858059,0.000000,0.171751,0.021783
2017-03-06,0.850940,0.000000,0.169588,0.020675
2017-03-07,0.845098,0.000000,0.168508,0.020152
2017-03-08,0.838846,0.000000,0.166345,0.019646
2017-03-09,0.832755,0.000000,0.166352,0.020699
2017-03-10,0.826505,0.000000,0.163103,0.019778
2017-03-11,0.819644,0.000000,0.160417,0.020152
2017-03-12,0.814149,0.000000,0.165281,0.019589
2017-03-13,0.808064,0.000000,0.158792,0.020221
2017-03-14,0.802038,0.000000,0.155563,0.020098
2017-03-15,0.795925,0.000000,0.153939,0.020148
2017-03-16,0.789209,0.000000,0.154489,0.019631
2017-03-17,0.783689,0.000000,0.150138,0.019786
2017-03-18,0.777728,0.000000,0.149634,0.020004
2017-03-19,0.771937,0.000000,0.148010,0.019700
2017-03-20,0.766163,0.000000,0.147453,0.019618
2017-03-21,0.760277,0.000000,0.144773,0.020109
2017-03-22,0.755777,0.000000,0.143149,0.026625
2017-03-23,0.750763,0.000000,0.154990,0.020082
2017-03-24,0.745764,0.000000,0.140974,0.019592
2017-03-25,0.740802,0.000000,0.138846,0.019639
2017-03-26,0.735227,0.000000,0.138288,0.020098
2017-03-27,0.730652,0.000000,0.135597,0.019581
2017-03-28,0.725784,0.000000,0.135065,0.021741
2017-03-29,0.720820,0.000000,0.133427,0.019617
2017-03-30,0.715949,0.000000,0.134167,0.019605
2017-03-31,0.711610,0.000000,0.129675,0.019609
2017-04-01,0.706905,0.000000,0.129675,0.019599
2017-04-02,0.703272,0.000000,0.128561,0.019607
2017-04-03,0.699257,0.000000,0.126955,0.042169
2017-04-04,0.695250,0.000000,0.124257,0.020022
2017-04-05,0.691271,0.000000,0.125875,0.019270
2017-04-06,0.686907,0.000000,0.122101,0.019527
2017-04-07,0.683491,0.000000,0.121565,0.019968
2017-04-08,0.679539,0.000000,0.121033,0.019620
2017-04-09,0.675630,0.000000,0.119409,0.021379
2017-04-10,0.671819,0.000000,0.133082,0.019651
2017-04-11,0.667543,0.000000,0.154935,0.031203
2017-04-12,0.664242,0.000000,0.199196,0.019557
2017-04-13,0.660452,0.000000,0.113468,0.020913
2017-04-14,0.656636,0.000000,0.115602,0.019520
2017-04-15,0.652858,0.000000,0.111124,0.019557
2017-04-16,0.648709,0.000000,0.112400,0.020708
2017-04-17,0.645379,0.000000,0.119824,0.019498
2017-04-18,0.641561,0.000000,0.108613,0.020876
2017-04-19,0.637910,0.000000,0.108608,0.019549
2017-04-20,0.634289,0.000000,0.108056,0.019044
2017-04-21,0.630282,0.000000,0.185776,0.019480
2017-04-22,0.627162,0.000000,0.107090,0.111727
2017-04-23,0.623567,0.000000,0.109882,0.163838
2017-04-24,0.619981,0.000000,0.164900,0.058193
2017-04-25,0.616414,0.000000,0.418762,0.078442
2017-04-26,0.612396,0.000000,0.176125,0.097055
2017-04-27,0.609204,0.000000,0.100504,0.019476
2017-04-28,0.605601,0.000000,0.100510,0.018991
2017-04-29,0.602002,0.000000,0.174069,0.100452
2017-04-30,0.598433,0.000000,0.121673,0.056589
2017-05-01,0.594579,0.000000,0.182993,0.076815
2017-05-02,0.610430,0.000000,0.545786,0.086148
2017-05-03,0.944221,0.000000,1.905733,0.047038
2017-05-04,1.026335,0.000000,2.116131,0.044630
2017-05-05,1.099124,0.000000,2.548849,0.038373
2017-05-06,0.855602,0.000000,1.311192,0.061019
2017-05-07,0.714608,0.178896,0.702624,0.079910
2017-05-08,0.675616,0.381607,0.881987,0.053344
2017-05-09,0.775984,0.955463,1.874597,0.053100
2017-05-10,0.718114,0.804794,0.761322,0.089486
2017-05-11,0.509230,0.305197,0.894110,0.067393
2017-05-12,0.450198,0.052676,0.403504,0.042286
2017-05-13,0.489932,0.000025,0.507614,0.052191
2017-05-14,0.707451,0.004815,1.139786,0.079018
2017-05-15,0.970052,1.070812,1.520221,0.094737
2017-05-16,0.787004,0.732453,1.327220,0.076463
2017-05-17,0.818903,0.778629,1.818190,0.065057
2017-05-18,0.878232,0.680330,1.986757,0.085024
2017-05-19,1.135043,1.435871,2.373799,0.241581
2017-05-20,1.153357,1.190612,2.540393,0.198263
2017-05-21,1.309665,1.033355,2.695927,0.189559
2017-05-22,1.778836,1.545300,2.681371,0.138683
2017-05-23,2.100482,1.200971,2.925163,0.128467
2017-05-24,2.937046,0.597608,3.086528,0.102128
2017-05-25,2.839221,0.839116,2.987451,0.104361
2017-05-26,3.426718,1.006562,2.640850,0.339181
2017-05-27,4.003916,0.623444,2.123083,0.086647
2017-05-28,4.692009,0.947314,2.385344,0.190768
2017-05-29,5.270987,0.938469,2.670031,0.126173
2017-05-30,5.866403,0.927258,2.860029,0.118427
2017-05-31,6.547579,0.364397,2.538971,0.129302
2017-06-01,7.344066,0.548117,2.957609,0.233401
2017-06-02,8.043472,1.133135,3.214491,0.224349
2017-06-03,8.239744,1.637811,3.420264,0.168107
2017-06-04,8.648991,1.383603,3.251421,0.135844
2017-06-05,9.728999,0.966202,3.524846,0.158784
2017-06-06,11.066919,1.247518,3.640599,0.205137
2017-06-07,12.014506,1.212346,3.859555,0.184618
2017-06-08,12.797844,1.226348,3.477431,0.180380
2017-06-09,13.673194,1.137324,3.781927,0.173702
2017-06-10,14.901676,0.933203,3.788519,0.181781
2017-06-11,15.627786,1.113867,3.959003,0.186327
2017-06-12,15.631966,1.210798,3.988259,0.187460
2017-06-13,15.277929,1.457461,3.862407,0.179283
2017-06-14,14.793741,2.076496,4.563996,0.199473
2017-06-15,15.236213,2.258623,5.124159,0.255711
2017-06-16,15.300320,3.232369,5.435866,0.237787
2017-06-17,16.719385,1.729852,5.199173,0.184015
2017-06-18,16.673941,1.734035,5.480681,0.172911
2017-06-19,15.757931,2.385653,5.929590,1.294540
2017-06-20,14.691990,2.243453,6.203157,2.119720
2017-06-21,13.724011,2.613871,6.431522,1.954786
2017-06-22,12.780319,2.786777,6.806717,2.297575
2017-06-23,12.014779,2.625551,7.035678,2.373414
2017-06-24,11.369951,2.539484,7.376629,2.499867
2017-06-25,10.689681,2.444040,7.590263,2.516774
2017-06-26,10.070357,1.665416,6.937109,2.226372
2017-06-27,9.602126,1.935514,7.777643,2.878093
2017-06-28,9.241508,2.139259,7.682001,2.569907
2017-06-29,8.830257,1.978563,7.533053,2.314963
2017-06-30,8.692838,1.763865,7.367512,2.174835
2017-07-01,8.288477,2.126461,7.595785,2.476546
2017-07-02,7.789692,2.725850,8.446141,3.307374
2017-07-03,7.311229,1.790196,7.433491,2.352674
2017-07-04,6.857596,2.175455,6.252993,1.327200
2017-07-05,6.605325,2.910426,6.297455,2.427428
2017-07-06,6.083643,3.552535,5.140234,1.430988
2017-07-07,5.756032,4.387339,5.756515,2.415660
2017-07-08,5.523552,2.764338,5.278903,2.790791
2017-07-09,5.357243,2.697251,5.667007,2.819784
2017-07-10,5.202665,1.907722,5.456462,2.398808
2017-07-11,5.058079,2.083933,4.310927,1.395954
2017-07-12,4.904452,2.739345,5.629115,2.955171
2017-07-13,4.747563,2.838366,5.902373,2.227703
2017-07-14,4.681173,4.115284,5.555476,2.973622
2017-07-15,4.328309,2.736469,4.424987,2.847698
2017-07-16,4.128989,2.688965,4.911567,3.205114
2017-07-17,4.057561,1.921031,4.727733,2.386733
2017-07-18,4.018409,1.951924,5.049669,2.352449
2017-07-19,3.984501,1.583867,5.257432,3.040442
2017-07-20,3.966618,1.697211,5.539724,3.124408
2017-07-21,3.910456,1.977014,6.214495,2.706942
2017-07-22,3.839138,2.418734,5.871602,2.860168
2017-07-23,3.772056,2.703643,6.101056,3.206442
2017-07-24,3.712800,5.277389,7.839769,2.968715
2017-07-25,3.706651,3.883424,5.466799,2.647378
2017-07-26,3.545127,7.130560,9.521393,6.361370
2017-07-27,3.392413,6.959447,5.050756,3.604532
2017-07-28,3.299742,3.409806,5.092585,2.757419
2017-07-29,3.311572,2.707393,5.305703,2.754068
2017-07-30,3.355111,2.335995,5.386657,2.574434
2017-07-31,3.394142,3.184091,4.924984,2.380908
2017-08-01,3.416838,2.079731,4.307534,2.161203
2017-08-02,3.428499,1.983667,3.602936,2.167733
2017-08-03,3.422869,2.234711,2.987161,2.285013
2017-08-04,3.404715,1.559695,2.494003,1.960847
2017-08-05,3.378067,1.454896,2.111322,2.688537
2017-08-06,3.340626,1.080973,1.818267,2.217810
2017-08-07,3.300422,1.279373,1.599638,2.644819
2017-08-08,3.252221,1.875272,1.391959,2.416014
2017-08-09,3.198373,2.329646,1.256637,1.798898
2017-08-10,3.140973,2.215149,1.114450,2.359767
2017-08-11,3.079910,1.969591,1.010511,2.138468
2017-08-12,3.022365,1.458363,0.923358,1.970426
2017-08-13,2.960890,1.573810,0.850315,1.878416
2017-08-14,2.905542,2.014174,0.784631,2.015889
2017-08-15,2.852907,1.561141,0.731397,1.632853
2017-08-16,2.797952,1.938019,0.683506,1.703556
2017-08-17,2.746603,1.686562,0.642240,1.646862
2017-08-18,2.693418,2.135077,0.610322,1.348567
2017-08-19,2.640380,1.405765,0.576122,1.591924
2017-08-20,2.587740,1.239814,0.546760,1.680910
2017-08-21,2.537550,1.492633,0.529963,1.652843
2017-08-22,2.484876,2.784600,0.626364,2.301308
2017-08-23,2.463530,3.457196,0.536364,2.432559
2017-08-24,2.421055,2.051185,0.482083,1.623608
2017-08-25,2.361795,1.417457,0.453972,1.181726
2017-08-26,2.300867,1.546140,0.432496,1.796409
2017-08-27,2.250089,1.872003,0.446661,1.755183
2017-08-28,2.201101,1.763153,0.404768,1.843242
2017-08-29,2.146182,2.259492,0.398491,1.553186
2017-08-30,2.096052,3.849433,0.389649,2.587898
2017-08-31,2.052365,4.396394,0.380852,2.143434
2017-09-01,2.013495,2.908660,0.375427,1.711715
2017-09-02,1.981749,1.952994,0.373104,1.555945
2017-09-03,1.952054,1.885540,0.367280,1.160204
2017-09-04,1.923817,1.565267,0.360560,0.562966
2017-09-05,1.896994,0.839570,0.360359,0.617190
2017-09-06,1.870250,0.924673,0.355104,1.152051
2017-09-07,1.847304,0.950053,0.350191,1.185965
2017-09-08,1.823654,0.987477,0.357428,1.453339
2017-09-09,1.800172,2.183125,0.359926,1.311925
2017-09-10,1.782420,0.785827,0.342986,0.685977
2017-09-11,2.614901,1.704015,0.358028,0.759385
2017-09-12,1.773429,3.050930,0.341990,1.134379
2017-09-13,1.729900,0.706156,0.333556,0.268085
2017-09-14,1.661257,2.070182,0.645647,2.676992
2017-09-15,1.641574,4.434123,0.731056,2.463995
2017-09-16,1.514951,0.786980,0.358068,0.773119
2017-09-17,1.459102,1.119877,0.371839,0.553997
2017-09-18,1.451315,1.417431,0.344169,0.747224
2017-09-19,1.466566,0.895254,0.329860,0.250015
2017-09-20,1.492091,0.868412,0.332123,0.249359
2017-09-21,1.522625,0.733199,0.324757,0.199694
2017-09-22,1.557888,0.552930,0.325882,0.193823
2017-09-23,1.630209,0.264233,0.324140,0.137511
2017-09-24,2.458337,0.183985,0.324048,0.099045
2017-09-25,2.558291,0.310845,0.331123,0.030293
2017-09-26,1.708296,4.784093,0.544287,0.891159
2017-09-27,1.685615,0.635787,0.352689,0.047045
2017-09-28,1.528770,0.135935,0.350776,0.140259
2017-09-29,1.582735,0.164787,0.311596,0.097934
2017-09-30,1.672206,0.038233,0.322738,0.119801
2017-10-01,1.764993,0.001937,0.310246,0.030310
2017-10-02,1.867133,0.350756,0.349892,0.051088
2017-10-03,2.213733,0.228425,0.313931,0.029818
2017-10-04,1.996880,0.026516,0.309102,0.044835
2017-10-05,2.030576,0.018086,0.334835,0.036512
2017-10-06,2.427026,0.172098,0.414487,0.070847
2017-10-07,2.209926,0.465523,0.341708,0.141422
2017-10-08,2.384253,0.002038,0.331756,0.028920
2017-10-09,2.159667,0.000000,0.310598,0.033663
2017-10-10,2.166870,0.000000,0.300383,0.029165
2017-10-11,2.306953,0.000000,0.313460,0.033501
2017-10-12,2.235558,0.000000,0.381106,0.029332
2017-10-13,3.027271,0.108579,0.331082,0.040851
2017-10-14,2.312851,0.016544,0.295033,0.031399
2017-10-15,2.313852,0.000036,0.295598,0.026447
2017-10-16,2.345308,0.018317,0.341269,0.044507
2017-10-17,2.491015,0.640443,0.336563,0.086249
2017-10-18,2.382890,0.021175,0.291467,0.035415
2017-10-19,2.347559,0.000038,0.292572,0.025772
2017-10-20,2.350862,0.000000,0.287871,0.034236
2017-10-21,2.374738,0.000000,0.314539,0.026332
2017-10-22,2.409351,0.000000,0.299364,0.025913
2017-10-23,2.442068,0.000000,0.288598,0.026021
2017-10-24,2.593367,0.102806,0.343422,0.094806
2017-10-25,2.495300,0.001159,0.283545,0.025879
2017-10-26,2.509310,0.380587,0.580709,0.096151
2017-10-27,2.538580,4.978164,0.690579,0.350245
2017-10-28,2.524768,0.703798,0.289034,0.031523
2017-10-29,2.523320,0.049425,0.285070,0.030609
2017-10-30,2.518391,0.000058,0.291297,0.069377
2017-10-31,2.508552,0.000012,0.279217,0.028130
2017-11-01,2.566859,0.000033,0.282819,0.028511
2017-11-02,2.927133,0.000000,0.279205,0.025737
2017-11-03,2.458429,0.000000,0.274872,0.025838
2017-11-04,2.435218,0.000000,0.277550,0.026660
2017-11-05,2.408880,0.000000,0.278293,0.026158
2017-11-06,2.379820,0.000000,0.275902,0.026345
2017-11-07,2.353191,0.000000,0.279995,0.025737
2017-11-08,2.323710,0.000000,0.272818,0.026254
2017-11-09,2.292762,0.000000,0.271017,0.025838
2017-11-10,2.260966,0.000000,0.269767,0.026198
2017-11-11,2.226961,0.000000,0.268818,0.025900
2017-11-12,2.198307,0.000000,0.268084,0.024894
2017-11-13,2.168184,0.000000,0.263194,0.025869
2017-11-14,2.137756,0.000000,0.264295,0.025864
2017-11-15,2.106971,0.000000,0.261727,0.024104
2017-11-16,2.074978,0.000000,0.261362,0.025664
2017-11-17,2.046004,0.000000,0.258787,0.024564
2017-11-18,2.015010,0.000000,0.256811,0.025790
2017-11-19,1.984412,0.000000,0.254277,0.025402
2017-11-20,1.953988,0.000000,0.252804,0.024856
2017-11-21,1.922315,0.000000,0.250787,0.025324
2017-11-22,1.894342,0.000000,0.248810,0.025319
2017-11-23,1.865033,0.000000,0.246787,0.025215
2017-11-24,1.835710,0.000000,0.244804,0.024906
2017-11-25,1.807594,0.000000,0.638937,0.026530
2017-11-26,1.778401,0.000000,0.260517,0.024485
2017-11-27,1.751925,0.000000,0.256712,0.024117
2017-11-28,1.724652,0.000000,0.690928,0.030459
2017-11-29,1.699030,0.000000,0.829594,0.036991
2017-11-30,1.673441,0.000000,0.365961,0.035428
2017-12-01,1.645397,0.000000,0.259440,0.023855
2017-12-02,1.621963,0.000000,0.248650,0.024231
2017-12-03,1.599149,0.000000,0.254282,0.023793
2017-12-04,1.577103,0.000000,0.259211,0.024149
2017-12-05,1.557725,0.000000,0.265685,0.023796
2017-12-06,1.539018,0.000000,0.269003,0.022152
2017-12-07,1.523161,0.000000,0.273656,0.023807
2017-12-08,1.506420,0.000000,0.286450,0.023326
2017-12-09,1.489533,0.000000,0.439358,0.023749
2017-12-10,1.472957,0.000000,0.325686,0.023293
2017-12-11,1.455487,0.000000,0.302268,0.023374
2017-12-12,1.440147,0.000000,0.301666,0.023707
2017-12-13,1.423732,0.000000,0.300231,0.023312
2017-12-14,1.407413,0.000000,0.305352,0.023286
2017-12-15,1.391259,0.000000,0.311165,0.023281
2017-12-16,1.374443,0.000000,0.321304,0.023296
2017-12-17,1.359627,0.000000,0.318794,0.023314
2017-12-18,1.344282,0.000000,0.324774,0.023230
2017-12-19,1.329452,0.000000,0.323886,0.023297
2017-12-20,1.314912,0.000000,0.325145,0.023301
2017-12-21,1.299799,0.000000,0.326218,0.023132
2017-12-22,1.286561,0.000000,0.325860,0.023218
2017-12-23,1.272361,0.000000,0.325126,0.023116
2017-12-24,1.258509,0.000000,0.325473,0.023212
2017-12-25,1.244681,0.000000,0.324189,0.024291
2017-12-26,1.230069,0.000000,0.322906,0.023159
2017-12-27,1.217050,0.000000,0.323281,0.022347
2017-12-28,1.203281,0.000000,0.320566,0.022710
2017-12-29,1.189713,0.000000,0.316533,0.022692
2017-12-30,1.176290,0.000000,0.315498,0.022664
2017-12-31,1.163013,0.000000,0.315431,0.022742
2018-01-01,1.157820,0.000000,0.312897,0.023109
2018-01-02,1.145640,0.000000,0.310552,0.022695
2018-01-03,1.132963,0.000000,0.309994,0.023086
2018-01-04,1.121579,0.000000,0.306183,0.022694
2018-01-05,1.110587,0.000000,0.305807,0.023010
2018-01-06,1.098769,0.000000,0.302722,0.022588
2018-01-07,1.089458,0.000000,0.301405,0.022796
2018-01-08,1.080102,0.000000,0.299086,0.021761
2018-01-09,1.070855,0.000000,0.297985,0.022535
2018-01-10,1.061692,0.000000,0.362037,0.021581
2018-01-11,1.051970,0.000000,0.293065,0.022924
2018-01-12,1.043839,0.000000,0.290674,0.022462
2018-01-13,1.035111,0.000000,0.287987,0.022448
2018-01-14,1.026405,0.000000,0.287220,0.022880
2018-01-15,1.017660,0.000000,0.283245,0.022473
2018-01-16,1.008195,0.000000,0.281960,0.022388
2018-01-17,1.000196,0.000000,0.280126,0.022456
2018-01-18,0.991737,0.000000,0.277950,0.022476
2018-01-19,0.983393,0.000000,0.274315,0.022405
2018-01-20,0.975133,0.000000,0.273764,0.022464
2018-01-21,0.966543,0.000000,0.270123,0.022407
2018-01-22,0.959475,0.000000,0.267737,0.022471
2018-01-23,0.951681,0.000000,0.265051,0.022359
2018-01-24,0.943919,0.000000,0.263544,0.021563
2018-01-25,0.936131,0.000000,0.260308,0.021564
2018-01-26,0.927666,0.000000,0.258473,0.024132
2018-01-27,0.920559,0.000000,0.256115,0.021138
2018-01-28,0.912973,0.000000,0.254463,0.021580
2018-01-29,0.905556,0.000000,0.250311,0.021556
2018-01-30,0.898259,0.000000,0.250271,0.021577
2018-01-31,0.891015,0.000000,0.246301,0.021096
2018-02-01,0.883354,0.000000,0.246110,0.021573
2018-02-02,0.876907,0.000000,0.242848,0.021573
2018-02-03,0.869781,0.000000,0.240451,0.021501
2018-02-04,0.862806,0.000000,0.237220,0.021548
2018-02-05,0.856024,0.000000,0.236480,0.021212
2018-02-06,0.848551,0.000000,0.232806,0.020716
2018-02-07,0.842299,0.000000,0.230683,0.041492
2018-02-08,0.835714,0.000000,0.229562,0.021158
2018-02-09,0.829314,0.000000,0.227000,0.020370
2018-02-10,0.823096,0.000000,0.223759,0.021473
2018-02-11,0.816227,0.000000,0.221923,0.020348
2018-02-12,0.810583,0.000000,0.220305,0.021144
2018-02-13,0.804536,0.000000,0.217731,0.021513
2018-02-14,0.798489,0.000000,0.214495,0.021099
2018-02-15,0.792463,0.000000,0.212472,0.020292
2018-02-16,0.785844,0.000000,0.211370,0.021446
2018-02-17,0.780274,0.000000,0.207952,0.020328
2018-02-18,0.774195,0.000000,0.205560,0.021062
2018-02-19,0.768031,0.000000,0.205566,0.021549
2018-02-20,0.761856,0.000000,0.199045,0.019936
2018-02-21,0.755253,0.000000,0.201556,0.021397
2018-02-22,0.750182,0.000000,0.195041,0.021123
2018-02-23,0.744955,0.000000,0.193940,0.020291
2018-02-24,0.739715,0.000000,0.193206,0.021053
2018-02-25,0.734833,0.000000,0.189970,0.022050
2018-02-26,0.729994,0.000000,0.188458,0.020609
2018-02-27,0.726104,0.000000,0.185234,0.019926
2018-02-28,0.721724,0.000000,0.183099,0.023406
2018-03-01,0.716923,0.000000,0.183058,0.021005
2018-03-02,0.713183,0.000000,0.179962,0.020144
2018-03-03,0.708934,0.000000,0.176327,0.020995
2018-03-04,0.704724,0.000000,0.174708,0.020130
2018-03-05,0.700610,0.000000,0.173601,0.019733
2018-03-06,0.696006,0.000000,0.170510,0.021043
2018-03-07,0.692376,0.000000,0.169415,0.020896
2018-03-08,0.688235,0.000000,0.167602,0.020150
2018-03-09,0.684021,0.000000,0.163640,0.020900
2018-03-10,0.679832,0.000000,0.164149,0.019806
2018-03-11,0.675238,0.000000,0.160180,0.020926
2018-03-12,0.671641,0.000000,0.158890,0.020161
2018-03-13,0.667732,0.000000,0.157266,0.020501
2018-03-14,0.663883,0.000000,0.155988,0.020892
2018-03-15,0.659997,0.000000,0.152898,0.020119
2018-03-16,0.655775,0.000000,0.151462,0.019754
2018-03-17,0.652549,0.000000,0.151599,0.022646
2018-03-18,0.648777,0.000000,0.172155,0.029171
2018-03-19,0.645154,0.000000,0.209519,0.038606
2018-03-20,0.641569,0.000000,0.144192,0.029089
2018-03-21,0.637452,0.000000,0.150052,0.020666
2018-03-22,0.634315,0.000000,0.140943,0.019856
2018-03-23,0.630791,0.000000,0.137694,0.020541
2018-03-24,0.627176,0.000000,0.137302,0.020652
2018-03-25,0.623579,0.000000,0.135860,0.020584
2018-03-26,0.619526,0.000000,0.134059,0.021474
2018-03-27,0.616233,0.000000,0.132952,0.020601
2018-03-28,0.612555,0.000000,0.133298,0.020208
2018-03-29,0.608918,0.000000,0.130695,0.020550
2018-03-30,0.605296,0.000000,0.128913,0.019792
2018-03-31,0.601668,0.000000,0.127865,0.020559
2018-04-01,0.597639,0.000000,0.125404,0.020535
2018-04-02,0.594465,0.000000,0.123717,0.019732
2018-04-03,0.590961,0.000000,0.122161,0.599547
2018-04-04,0.587532,0.000000,0.121365,0.019257
2018-04-05,0.584028,0.000000,0.119241,0.018863
2018-04-06,0.580184,0.000000,0.118300,0.020580
2018-04-07,0.577345,0.000000,0.141928,0.018372
2018-04-08,0.574041,0.000000,0.116833,0.017942
2018-04-09,0.570701,0.000000,0.113931,0.017611
2018-04-10,0.567359,0.000000,0.112864,0.017957
2018-04-11,0.563665,0.000000,0.139881,0.017094
2018-04-12,0.560790,0.000000,0.110903,0.020214
2018-04-13,0.557561,0.000000,0.111205,0.019267
2018-04-14,0.554293,0.000000,0.107605,0.017250
2018-04-15,0.551057,0.000000,0.107780,0.017828
2018-04-16,0.547525,0.000000,0.710760,0.069257
2018-04-17,0.544771,0.000000,2.172316,0.031075
2018-04-18,0.541785,0.000000,0.963716,0.043880
2018-04-19,0.539959,0.000000,0.913963,0.052404
2018-04-20,0.534807,0.000000,1.135753,0.042997
2018-04-21,0.536930,0.142553,1.069341,0.052259
2018-04-22,0.547784,0.478380,0.403789,0.053838
2018-04-23,0.541741,0.101489,0.116314,0.074743
2018-04-24,0.509834,0.171434,0.139562,0.045020
2018-04-25,0.490750,0.087445,0.132158,0.051530
2018-04-26,0.475876,0.084983,0.144827,0.077719
2018-04-27,0.467250,0.176920,0.366109,0.113476
2018-04-28,0.463006,0.038382,0.328383,0.098827
2018-04-29,0.458831,0.000017,0.268405,0.145753
2018-04-30,0.457336,0.000000,0.270789,0.123215
2018-05-01,0.458551,0.000000,0.187053,0.017786
2018-05-02,0.462162,0.000000,0.196431,0.016546
2018-05-03,0.466545,0.000000,0.216026,0.031398
2018-05-04,0.472899,0.000000,0.264524,0.218082
2018-05-05,0.480238,0.000000,0.406205,0.120463
2018-05-06,0.487675,0.000000,0.379709,0.114905
2018-05-07,0.496008,0.000000,0.618735,0.085222
2018-05-08,0.504107,0.000000,0.317591,0.016973
2018-05-09,0.511886,0.000000,0.344916,0.017796
2018-05-10,0.519551,0.000000,0.606593,0.054229
2018-05-11,0.527753,0.000000,1.049496,0.157314
2018-05-12,0.537211,0.000000,0.489817,0.020179
2018-05-13,0.545977,0.000000,0.733744,0.090180
2018-05-14,0.554055,0.000000,0.536905,0.146478
2018-05-15,0.560398,0.000000,0.561785,0.141995
2018-05-16,0.567214,0.000000,0.627017,0.101868
2018-05-17,0.574241,0.000000,0.580324,0.039589
2018-05-18,0.583004,0.000000,0.560923,0.037288
2018-05-19,0.591480,0.000000,0.565984,0.214805
2018-05-20,0.597394,0.000000,0.565431,0.089814
2018-05-21,0.602612,0.000000,0.562718,0.057488
2018-05-22,0.608047,0.000000,0.926990,0.132881
2018-05-23,0.620885,0.275105,0.870866,0.063141
2018-05-24,0.641416,0.300799,0.903126,0.065262
2018-05-25,0.627734,0.054842,0.554281,0.032377
2018-05-26,0.654173,0.314939,1.087938,0.083642
2018-05-27,0.651588,0.857524,0.901184,0.058211
2018-05-28,0.623160,0.408786,0.951673,0.067432
2018-05-29,0.603732,0.747188,1.102211,0.050450
2018-05-30,0.592251,0.631550,1.029972,0.064113
2018-05-31,0.581950,1.021178,1.948191,0.062759
2018-06-01,0.581365,0.681339,2.742752,0.067213
2018-06-02,0.605486,1.352789,3.075711,0.085265
2018-06-03,0.658420,1.217749,4.131589,0.191897
2018-06-04,0.788561,1.678818,3.153702,0.250190
2018-06-05,0.972807,2.521915,7.864223,0.326737
2018-06-06,1.301309,3.586962,6.969395,0.395948
2018-06-07,2.494304,1.581924,5.281944,0.226566
2018-06-08,3.769607,1.361639,5.068597,0.187965
2018-06-09,4.870754,1.649471,5.143962,0.222256
2018-06-10,5.799714,1.415517,4.473067,0.197981
2018-06-11,6.822252,1.241390,4.635628,0.262427
2018-06-12,7.815053,1.658980,3.657691,0.229700
2018-06-13,8.911522,1.363582,3.748405,0.268102
2018-06-14,10.291877,1.249846,3.393666,0.128708
2018-06-15,11.499935,1.487457,3.533850,0.254727
2018-06-16,12.425957,1.142287,3.475924,0.238039
2018-06-17,13.557101,1.169127,3.520973,0.194638
2018-06-18,14.368762,1.246582,3.783262,0.204745
2018-06-19,14.939325,1.398582,3.745058,0.204464
2018-06-20,15.265728,1.183188,3.496006,0.268821
2018-06-21,15.556614,2.148018,4.098731,0.258708
2018-06-22,16.327984,0.980547,3.464443,0.201771
2018-06-23,17.966989,1.711432,3.474570,0.216215
2018-06-24,18.307176,1.212372,3.299277,0.155873
2018-06-25,18.878346,1.638484,3.530797,0.255057
2018-06-26,19.031190,1.681183,3.688233,2.161737
2018-06-27,19.457692,1.364766,4.039743,1.723981
2018-06-28,19.908478,2.208407,4.523954,1.781959
2018-06-29,20.506656,2.185833,3.764685,2.497027
2018-06-30,22.552099,1.453438,3.681015,1.232281
2018-07-01,23.778821,1.617585,3.751512,1.435707
2018-07-02,24.170651,1.630273,3.703716,2.021691
2018-07-03,25.651807,1.551049,3.818359,2.264048
2018-07-04,25.180563,1.182795,3.299349,0.596664
2018-07-05,25.395424,2.396003,4.642329,1.942593
2018-07-06,24.626671,2.655798,3.862935,2.685352
2018-07-07,24.833387,1.602615,3.803384,1.516845
2018-07-08,24.546529,2.274884,3.858457,1.731677
2018-07-09,24.211558,1.564198,3.450122,2.378833
2018-07-10,23.238234,1.305475,3.285515,1.301118
2018-07-11,22.817604,1.825887,4.007385,2.955224
2018-07-12,21.225850,2.843071,4.071577,3.050978
2018-07-13,19.462516,3.979509,3.863356,2.442809
2018-07-14,18.146483,3.730156,4.254945,2.670789
2018-07-15,17.070380,5.471001,5.151553,3.018681
2018-07-16,15.835986,2.776544,4.994030,2.297272
2018-07-17,14.735304,4.372467,6.010091,4.347636
2018-07-18,13.495752,3.963362,6.292747,4.455803
2018-07-19,12.414625,2.198397,5.444456,2.484626
2018-07-20,11.421560,2.429705,5.432544,3.066965
2018-07-21,10.519282,2.325451,5.259024,2.300206
2018-07-22,9.797578,2.100041,5.295551,2.697315
2018-07-23,9.172962,2.456934,4.981461,2.442191
2018-07-24,8.589873,2.245791,5.190028,2.289592
2018-07-25,8.101421,5.400936,7.072546,3.717025
2018-07-26,7.622572,2.388538,4.942193,2.133013
2018-07-27,7.190281,1.643920,5.549549,2.317508
2018-07-28,6.843465,1.965809,5.394213,2.515011
2018-07-29,6.537138,3.601226,5.689637,2.787009
2018-07-30,6.250153,6.701669,8.384375,4.485368
2018-07-31,6.016790,3.902500,6.279834,3.184699
2018-08-01,5.822278,2.750526,5.794639,2.950518
2018-08-02,5.629539,3.123775,6.311074,2.874161
2018-08-03,5.429366,2.040152,5.937752,2.251544
2018-08-04,5.270726,1.874238,5.589226,2.315150
2018-08-05,5.076707,1.937159,5.482652,2.234920
2018-08-06,4.902677,2.197426,5.671424,2.293858
2018-08-07,4.726973,2.250970,5.570160,2.117396
2018-08-08,4.551236,2.404083,5.800464,2.454675
2018-08-09,4.387730,2.324113,5.250113,2.235004
2018-08-10,4.244032,3.473258,5.351419,2.068491
2018-08-11,4.104002,2.298193,5.446687,2.059988
2018-08-12,3.973093,4.482688,5.995015,3.658915
2018-08-13,3.849297,6.613159,8.191004,5.314077
2018-08-14,3.757395,6.926482,10.206960,6.204075
2018-08-15,3.622616,3.091432,6.533482,1.991476
2018-08-16,3.446135,3.223895,7.119712,2.149966
2018-08-17,3.349277,2.747909,5.738113,1.903805
2018-08-18,3.205577,1.761686,5.440006,1.949417
2018-08-19,3.115553,2.136749,5.443990,1.721600
2018-08-20,3.061197,1.979324,5.624121,1.718101
2018-08-21,3.022127,1.535906,5.490382,1.918055
2018-08-22,2.997823,1.461788,5.133118,1.762492
2018-08-23,2.972721,1.703448,4.826908,1.658678
2018-08-24,2.945055,1.349405,3.873218,1.110843
2018-08-25,2.923977,2.051006,3.841577,1.659076
2018-08-26,2.882077,1.672329,3.284032,0.923269
2018-08-27,2.861781,2.294804,2.951469,1.246957
2018-08-28,2.829366,0.869905,2.925209,1.039280
2018-08-29,2.779679,1.066953,2.921227,0.853474
2018-08-30,3.253925,2.993018,2.940451,2.275122
2018-08-31,2.574748,2.116285,2.166687,1.008600
2018-09-01,2.453057,1.686907,2.007650,0.749954
2018-09-02,2.448317,0.828109,2.082577,0.810693
2018-09-03,2.486709,1.345349,1.941268,1.462990
2018-09-04,2.526815,0.797858,2.111137,1.165512
2018-09-05,2.588164,3.463329,3.194690,1.455760
2018-09-06,2.409231,3.293443,3.687065,2.539164
2018-09-07,2.316731,2.118867,2.237588,1.636482
2018-09-08,2.655768,0.886179,1.763002,1.296360
2018-09-09,2.927900,1.569266,1.872366,0.998880
2018-09-10,3.237168,0.774151,1.786270,0.267086
2018-09-11,3.477410,0.514704,1.782705,0.249588
2018-09-12,3.654600,0.592990,1.845810,0.288721
2018-09-13,3.775069,0.481704,1.942848,0.237547
2018-09-14,3.849187,1.107217,1.750037,0.194765
2018-09-15,3.906735,1.122808,1.867199,0.983729
2018-09-16,3.920696,0.888103,1.651597,0.697689
2018-09-17,4.180079,1.265171,1.737061,0.621913
2018-09-18,3.912120,3.460743,1.796509,0.507374
2018-09-19,3.629551,0.694469,1.422239,0.394046
2018-09-20,3.549661,0.252332,1.413156,0.083451
2018-09-21,3.625962,0.213550,1.331245,0.047482
2018-09-22,3.777914,0.099669,1.232902,0.036608
2018-09-23,4.101863,2.973127,2.131695,0.107280
2018-09-24,3.672991,0.632787,1.014519,0.074824
2018-09-25,3.737069,0.123472,0.983280,0.029770
2018-09-26,4.016152,0.109945,0.964334,0.030222
2018-09-27,4.319224,0.015446,1.022829,0.057993
2018-09-28,6.060962,0.071662,1.162049,0.202382
2018-09-29,4.714971,0.030710,0.914042,0.056066
2018-09-30,4.917121,0.193764,1.175819,0.130830
2018-10-01,4.769951,0.020278,0.895110,0.034124
2018-10-02,4.731884,0.000044,0.866022,0.032716
2018-10-03,4.683585,0.000000,0.849926,0.032689
2018-10-04,4.636421,0.000000,0.831854,0.032583
2018-10-05,4.585151,0.000000,0.888993,0.032758
2018-10-06,4.524610,0.000000,1.267597,0.029667
2018-10-07,4.462451,0.000000,0.824534,0.027945
2018-10-08,4.387794,0.000000,0.764950,0.028784
2018-10-09,4.306997,0.000000,0.751733,0.029248
2018-10-10,4.221458,0.000000,0.734729,0.027845
2018-10-11,4.135779,0.000000,0.719872,0.028808
2018-10-12,4.052069,0.000000,1.520734,0.053042
2018-10-13,3.961397,0.000000,0.900465,0.027846
2018-10-14,3.868116,0.000000,0.674901,0.027372
2018-10-15,3.771071,0.000000,0.662973,0.028784
2018-10-16,3.673992,0.000000,0.652989,0.026948
2018-10-17,3.584503,0.000000,0.638246,0.027951
2018-10-18,3.493407,0.000000,0.624251,0.027835
2018-10-19,3.407170,0.000000,0.618552,0.028306
2018-10-20,3.328317,0.000000,0.598013,0.028217
2018-10-21,3.248791,0.000000,0.583632,0.027341
2018-10-22,3.175128,0.000000,0.610870,0.027898
2018-10-23,3.101896,0.000000,0.564529,0.027300
2018-10-24,3.035783,0.000000,0.555974,0.027819
2018-10-25,2.971738,0.000000,0.548103,0.028677
2018-10-26,2.906953,0.000000,0.553931,0.030133
2018-10-27,2.847847,0.000000,0.746891,0.027828
2018-10-28,2.789417,0.000000,0.517891,0.026938
2018-10-29,2.731999,0.000000,0.509281,0.026828
2018-10-30,2.676166,0.000000,0.501775,0.027575
2018-10-31,2.621319,0.000000,0.493153,0.027634
2018-11-01,2.565084,0.000000,0.485659,0.026787
2018-11-02,2.514165,0.000000,0.477051,0.027717
2018-11-03,2.462338,0.000000,0.468448,0.026294
2018-11-04,2.410779,0.000000,0.459827,0.026301
2018-11-05,2.362793,0.000000,0.453388,0.027339
2018-11-06,2.317587,0.000000,0.447474,0.027659
2018-11-07,2.275601,0.000000,0.438835,0.026242
2018-11-08,2.233839,0.000000,0.497291,0.027330
2018-11-09,2.197048,0.000000,1.013474,0.042986
2018-11-10,2.162961,0.000000,0.433915,0.026746
2018-11-11,2.135825,0.000000,0.408103,0.027256
2018-11-12,2.192378,0.000000,0.411996,0.026811
2018-11-13,2.060035,0.000000,0.396804,0.025430
2018-11-14,2.026464,0.000000,0.393029,0.026298
2018-11-15,1.994139,0.000000,0.386021,0.025386
2018-11-16,1.961621,0.000000,0.380622,0.026591
2018-11-17,1.933071,0.000000,1.221770,0.035872
2018-11-18,1.903957,0.000000,0.446653,0.025994
2018-11-19,1.875187,0.000000,0.768787,0.027153
2018-11-20,1.933052,0.000000,2.572591,0.039140
2018-11-21,1.819160,0.000000,0.395446,0.025350
2018-11-22,1.792999,0.000000,0.429570,0.025967
2018-11-23,1.766223,0.000000,0.474216,0.025405
2018-11-24,1.739839,0.000000,0.496610,0.025794
2018-11-25,1.713430,0.000000,0.516235,0.026258
2018-11-26,1.686687,0.000000,0.501071,0.024736
2018-11-27,1.662975,0.000000,0.486793,0.026070
2018-11-28,1.639206,0.000000,0.491834,0.025716
2018-11-29,1.618094,0.000000,0.492450,0.025078
2018-11-30,1.597413,0.000000,0.490863,0.025614
2018-12-01,1.575664,0.000000,0.489787,0.025615
2018-12-02,1.558159,0.000000,0.486563,0.025615
2018-12-03,1.540637,0.000000,0.484901,0.025107
2018-12-04,1.523647,0.000000,0.480563,0.025104
2018-12-05,1.506853,0.000000,0.477809,0.026920
2018-12-06,1.489806,0.000000,0.472369,0.025588
2018-12-07,1.474877,0.000000,0.468513,0.025055
2018-12-08,1.458994,0.000000,0.464107,0.024783
2018-12-09,1.443184,0.000000,0.457559,0.027215
2018-12-10,1.427440,0.000000,0.453153,0.029589
2018-12-11,1.410861,0.000000,0.457618,0.026428
2018-12-12,1.396341,0.000000,0.495934,0.027162
2018-12-13,1.380883,0.000000,0.611962,0.025138
2018-12-14,1.365481,0.000000,0.476167,0.026466
2018-12-15,1.350087,0.000000,0.544053,0.026154
2018-12-16,1.333937,0.000000,0.416233,0.025109
2018-12-17,1.319767,0.000000,0.411087,0.026415
2018-12-18,1.305109,0.000000,0.402693,0.025492
2018-12-19,1.290835,0.000000,0.400146,0.026128
2018-12-20,1.276619,0.000000,0.458765,0.025014
2018-12-21,1.261600,0.000000,0.385664,0.026507
2018-12-22,1.248698,0.000000,0.379843,0.026088
2018-12-23,1.234986,0.000000,0.563306,0.026572
2018-12-24,1.268026,0.000000,0.824733,0.027524
2018-12-25,1.208006,0.000000,0.398644,0.026047
2018-12-26,1.193780,0.000000,0.359868,0.026056
2018-12-27,1.181375,0.000000,0.357666,0.024973
2018-12-28,1.168154,0.000000,0.358735,0.027003
2018-12-29,1.154972,0.000000,0.349987,0.024947
2018-12-30,1.142189,0.000000,0.343435,0.025187
2018-12-31,1.129594,0.000000,0.342321,0.025040
2019-01-01,1.117493,0.000000,0.339036,0.026830
2019-01-02,1.107046,0.000000,0.337909,0.024252
2019-01-03,1.096364,0.000000,0.332412,0.026632
2019-01-04,1.085979,0.000000,0.336173,0.024120
2019-01-05,1.076720,0.000000,0.326329,0.026349
2019-01-06,1.066789,0.000000,0.321482,0.023863
2019-01-07,1.058434,0.000000,0.318153,0.024745
2019-01-08,1.049712,0.000000,0.365887,0.025963
2019-01-09,1.041220,0.000000,0.315590,0.025931
2019-01-10,1.032980,0.000000,0.309351,0.023821
2019-01-11,1.024067,0.000000,0.305517,0.025269
2019-01-12,1.016534,0.000000,0.302234,0.023674
2019-01-13,1.008170,0.000000,0.299474,0.022413
2019-01-14,0.999841,0.000000,0.296702,0.024774
2019-01-15,0.991539,0.000000,0.292359,0.023832
2019-01-16,0.982664,0.000000,0.289410,0.025287
2019-01-17,0.975362,0.000000,0.286316,0.023751
2019-01-18,0.967418,0.000000,0.285201,0.026591
2019-01-19,0.959654,0.000000,0.279750,0.024662
2019-01-20,0.951948,0.000000,0.279681,0.023865
2019-01-21,0.943598,0.000000,0.274285,0.023851
2019-01-22,0.936571,0.000000,0.273115,0.024819
2019-01-23,0.928904,0.000000,0.268752,0.045179
2019-01-24,0.921251,0.000000,0.266550,0.023922
2019-01-25,0.913542,0.000000,0.263300,0.023790
2019-01-26,0.905288,0.000000,0.259997,0.023810
2019-01-27,0.898574,0.000000,0.256734,0.026360
2019-01-28,0.891365,0.000000,0.256654,0.023073
2019-01-29,0.884289,0.000000,0.250181,0.023898
2019-01-30,0.877392,0.000000,0.250100,0.023770
2019-01-31,0.870387,0.000000,0.246851,0.023806
2019-02-01,0.862781,0.000000,0.243569,0.023900
2019-02-02,0.856667,0.000000,0.242643,0.023346
2019-02-03,0.849970,0.000000,0.237893,0.023375
2019-02-04,0.843566,0.000000,0.236111,0.024737
2019-02-05,0.837087,0.000000,0.233168,0.023790
2019-02-06,0.829995,0.000000,0.230777,0.024782
2019-02-07,0.824074,0.000000,0.227154,0.022969
2019-02-08,0.817718,0.000000,0.226261,0.023724
2019-02-09,0.811528,0.000000,0.223313,0.024242
2019-02-10,0.805472,0.000000,0.220588,0.024038
2019-02-11,0.798995,0.000000,0.217854,0.023278
2019-02-12,0.793643,0.000000,0.215674,0.023360
2019-02-13,0.787714,0.000000,0.212220,0.023271
2019-02-14,0.781758,0.000000,0.210772,0.023763
2019-02-15,0.775813,0.000000,0.208557,0.022978
2019-02-16,0.769281,0.000000,0.207442,0.023676
2019-02-17,0.763782,0.000000,0.204415,0.025907
2019-02-18,0.757750,0.000000,0.203643,0.023288
2019-02-19,0.751650,0.000000,0.199299,0.023280
2019-02-20,0.745597,0.000000,0.198184,0.024242
2019-02-21,0.739540,0.000000,0.355021,0.023248
2019-02-22,0.734818,0.000000,0.191477,0.023345
2019-02-23,0.729965,0.000000,0.193452,0.023264
2019-02-24,0.725578,0.000000,0.188926,0.023286
2019-02-25,0.721212,0.000000,0.187636,0.023729
2019-02-26,0.716514,0.000000,0.186370,0.023733
2019-02-27,0.712995,0.000000,0.183461,0.023247
2019-02-28,0.709008,0.000000,0.185082,0.023289
2019-03-01,0.704597,0.000000,0.181456,0.023350
2019-03-02,0.701129,0.000000,0.178219,0.023350
2019-03-03,0.697143,0.000000,0.176150,0.025354
2019-03-04,0.693162,0.000000,0.174380,0.022876
2019-03-05,0.689199,0.000000,0.171499,0.026236
2019-03-06,0.684737,0.000000,0.170174,0.022967
2019-03-07,0.681257,0.000000,0.168733,0.023209
2019-03-08,0.677285,0.000000,0.167841,0.025422
2019-03-09,0.673289,0.000000,0.166551,0.023256
2019-03-10,0.669249,0.000000,0.163303,0.022822
2019-03-11,0.664732,0.000000,0.162200,0.023256
2019-03-12,0.661262,0.000000,0.162188,0.023267
2019-03-13,0.657354,0.000000,0.157333,0.022821
2019-03-14,0.653592,0.000000,0.158354,0.022776
2019-03-15,0.649917,0.000000,0.156220,0.025252
2019-03-16,0.645745,0.000000,0.152971,0.022734
2019-03-17,0.642538,0.000000,0.155105,0.023564
2019-03-18,0.638901,0.000000,0.151857,0.022870
2019-03-19,0.635306,0.000000,0.148620,0.022819
2019-03-20,0.631712,0.000000,0.147505,0.022767
2019-03-21,0.627670,0.000000,0.148574,0.022784
2019-03-22,0.624489,0.000000,0.145881,0.025176
2019-03-23,0.620892,0.000000,0.144774,0.022756
2019-03-24,0.617262,0.000000,0.142075,0.028951
2019-03-25,0.613651,0.000000,0.142598,0.022643
2019-03-26,0.609580,0.000000,0.139900,0.025147
2019-03-27,0.606343,0.000000,0.139343,0.023117
2019-03-28,0.602699,0.000000,0.137168,0.022722
2019-03-29,0.599018,0.000000,0.137161,0.022248
2019-03-30,0.595363,0.000000,0.134993,0.024617
2019-03-31,0.591725,0.000000,0.133362,0.022617
2019-04-01,0.587695,0.000000,0.132811,0.022694
2019-04-02,0.584581,0.000000,0.131750,0.028356
2019-04-03,0.581190,0.000000,0.134831,0.025156
2019-04-04,0.577857,0.000000,0.127938,0.022271
2019-04-05,0.574621,0.000000,0.128999,0.024511
2019-04-06,0.570910,0.000000,0.148466,0.048669
2019-04-07,0.568005,0.000000,0.472491,0.077376
2019-04-08,0.564668,0.000000,0.371979,0.049131
2019-04-09,0.561307,0.000000,0.141281,0.033100
2019-04-10,0.557933,0.000000,0.177344,0.040489
2019-04-11,0.556132,0.000000,0.378909,0.067985
2019-04-12,0.876852,0.000000,1.163869,0.072117
2019-04-13,0.798289,0.000000,0.625795,0.164115
2019-04-14,1.114106,0.000000,1.086114,0.060301
2019-04-15,0.882402,0.000000,0.237943,0.100642
2019-04-16,0.689404,0.000000,0.238571,0.102241
2019-04-17,0.532423,0.000000,0.142442,0.038635
2019-04-18,0.529498,0.000000,0.182119,0.022938
2019-04-19,0.646049,0.000000,0.374169,0.154441
2019-04-20,0.606278,0.000000,0.292341,0.123918
2019-04-21,0.587252,0.000000,0.184054,0.187271
2019-04-22,0.522288,0.000000,0.183675,0.020711
2019-04-23,0.525234,0.000000,0.190803,0.020421
2019-04-24,0.541658,0.000000,0.201703,0.041683
2019-04-25,0.517303,0.000000,0.202293,0.020779
2019-04-26,0.519428,0.000000,0.246683,0.054468
2019-04-27,0.796110,0.000000,0.764397,0.070503
2019-04-28,1.018631,0.000000,1.804609,0.040810
2019-04-29,1.093876,0.202447,2.321815,0.047235
2019-04-30,1.086687,1.722217,1.752824,0.047825
2019-05-01,0.952340,1.225726,2.303180,0.062974
2019-05-02,0.907290,1.635599,1.316658,0.121676
2019-05-03,0.509218,0.008520,0.636742,0.022102
2019-05-04,1.221066,0.676496,1.794652,0.088631
2019-05-05,1.108330,2.210358,2.885540,0.153518
2019-05-06,1.079499,2.238101,4.939274,0.229358
2019-05-07,0.833725,0.771723,2.257915,0.122590
2019-05-08,1.106785,0.538485,2.243193,0.140236
2019-05-09,1.527983,0.550289,2.522031,0.212020
2019-05-10,1.715764,0.287500,2.276225,0.106968
2019-05-11,2.072005,0.414217,2.287696,0.198342
2019-05-12,2.375448,0.081516,1.976812,0.052199
2019-05-13,2.539746,0.000038,1.942020,0.059445
2019-05-14,3.241187,0.402086,3.231580,0.118442
2019-05-15,3.404993,1.256749,3.497745,0.328718
2019-05-16,3.367929,1.525720,2.727458,0.237985
2019-05-17,3.347846,1.230728,2.576431,0.154201
2019-05-18,3.697531,1.069189,3.198426,0.243555
2019-05-19,4.457132,1.248523,3.018369,0.304916
2019-05-20,5.100685,1.016237,2.928363,0.155157
2019-05-21,6.099778,1.131802,3.204867,0.148933
2019-05-22,7.137142,1.354395,3.585131,0.166801
2019-05-23,8.017030,1.802376,5.211916,0.189100
2019-05-24,8.976999,1.208391,3.748092,0.408720
2019-05-25,10.935481,1.430624,3.864870,0.362440
2019-05-26,12.341173,1.974586,5.074865,0.234561
2019-05-27,14.008550,1.143407,4.005535,0.212865
2019-05-28,15.549069,1.233344,4.049236,0.147660
2019-05-29,16.697635,1.127441,4.164166,0.174076
2019-05-30,17.395825,0.977387,4.122155,0.167299
2019-05-31,17.833239,0.996131,4.031259,0.184175
2019-06-01,17.898498,0.896770,3.818680,0.119210
2019-06-02,17.893201,0.982520,4.006578,0.160717
2019-06-03,17.649996,1.057367,4.115642,0.170649
2019-06-04,17.406165,1.199503,4.131789,0.207985
2019-06-05,17.236253,1.005934,4.474028,0.193244
2019-06-06,17.369999,1.137349,3.673099,0.106646
2019-06-07,17.400828,1.623395,4.266496,0.163333
2019-06-08,17.370581,1.064814,4.032779,0.196733
2019-06-09,18.041680,1.801252,4.110174,0.300769
2019-06-10,18.224660,1.404296,5.071157,0.206975
2019-06-11,18.686200,3.932629,7.298947,0.344656
2019-06-12,21.874862,2.087060,10.110465,0.481874
2019-06-13,25.690744,2.369231,7.105367,0.398937
2019-06-14,27.568071,1.986786,6.770676,0.284860
2019-06-15,28.471364,1.973856,6.390959,0.240633
2019-06-16,28.847413,1.894608,6.447402,0.247887
2019-06-17,28.743358,2.282456,6.491306,0.264384
2019-06-18,28.464838,1.924179,5.943243,0.230965
2019-06-19,28.896277,1.886581,6.026352,0.339816
2019-06-20,28.435054,1.843291,5.746771,0.982125
2019-06-21,27.934466,1.563812,5.665349,2.041679
2019-06-22,27.457156,1.495338,5.570910,2.296018
2019-06-23,26.525113,1.597373,5.694846,2.151097
2019-06-24,25.445295,1.752167,5.869805,2.077322
2019-06-25,26.093220,2.883394,6.500979,3.184899
2019-06-26,25.644672,3.007511,6.492186,2.917896
2019-06-27,26.544669,2.282807,6.739123,2.742722
2019-06-28,26.471495,2.063294,6.638213,2.565445
2019-06-29,25.632285,1.795420,6.619845,2.537027
2019-06-30,24.631369,1.687539,6.720291,2.439234
2019-07-01,23.398567,1.432959,7.130242,2.646096
2019-07-02,22.559732,2.420590,7.290868,2.239272
2019-07-03,21.906935,2.045211,6.707180,2.609499
2019-07-04,21.134061,1.904196,6.768338,2.452544
2019-07-05,19.511915,2.252647,7.037779,2.627176
2019-07-06,17.803642,1.979622,7.110640,2.602237
2019-07-07,16.333017,2.987372,6.524164,2.674795
2019-07-08,15.023224,3.876982,5.826912,2.058070
2019-07-09,14.058937,3.631358,6.149540,2.703781
2019-07-10,13.324126,2.074974,5.813905,2.508804
2019-07-11,12.589789,2.211635,5.509268,2.783981
2019-07-12,11.789798,1.887363,5.169981,2.353832
2019-07-13,11.025089,1.970027,5.132495,2.545882
2019-07-14,10.397817,2.791498,5.527499,2.808816
2019-07-15,9.850265,4.699827,4.597441,1.849528
2019-07-16,9.676771,3.425308,5.128306,3.075751
2019-07-17,9.564420,2.805889,4.882090,2.730945
2019-07-18,9.534426,2.547967,4.969153,2.930853
2019-07-19,9.240244,2.334999,4.708095,2.764228
2019-07-20,8.644544,2.009697,4.980033,2.827205
2019-07-21,7.987742,1.992815,4.940844,2.994923
2019-07-22,7.405800,2.556483,4.905312,2.785975
2019-07-23,6.903714,1.986016,4.918785,2.425621
2019-07-24,6.476409,1.964341,4.707062,2.478103
2019-07-25,6.135064,2.239646,4.588043,2.715404
2019-07-26,5.826979,1.864099,4.767096,2.043355
2019-07-27,5.560547,2.607247,4.710162,2.838889
2019-07-28,5.319562,2.421786,5.056096,2.138536
2019-07-29,5.096914,4.363031,6.305977,3.491870
2019-07-30,4.883584,5.097712,5.710611,2.846170
2019-07-31,4.719080,6.737207,8.072662,3.556897
2019-08-01,4.599680,6.228182,7.201542,3.688351
2019-08-02,4.477689,3.275156,6.122508,2.921410
2019-08-03,4.335789,2.629971,5.858825,2.675114
2019-08-04,4.230503,1.930632,5.564451,2.229915
2019-08-05,4.073107,2.325234,5.550971,2.446450
2019-08-06,3.931207,2.167581,5.222689,2.357214
2019-08-07,3.791223,2.543871,5.310607,2.374864
2019-08-08,3.656372,2.139911,5.027096,2.176047
2019-08-09,3.530972,1.839191,5.394156,2.194142
2019-08-10,3.413326,1.974892,5.185631,2.484041
2019-08-11,3.303215,1.416670,4.705356,1.971329
2019-08-12,3.211075,1.673753,5.101115,2.068822
2019-08-13,3.134853,5.266508,6.575560,3.128164
2019-08-14,3.087096,2.114761,5.551277,2.439148
2019-08-15,2.963798,2.007846,5.288305,1.975307
2019-08-16,2.846358,2.435103,5.215505,1.654437
2019-08-17,2.754507,2.020326,5.171417,1.769452
2019-08-18,2.684954,2.515227,4.724106,1.143254
2019-08-19,2.627434,2.699053,4.828934,1.595437
2019-08-20,2.576964,2.592785,4.936498,2.207370
2019-08-21,2.527673,1.502965,4.374328,1.388294
2019-08-22,2.484249,1.192269,4.177135,1.307891
2019-08-23,2.442574,1.239607,4.494447,1.198449
2019-08-24,2.407520,1.640999,4.643984,1.120326
2019-08-25,2.364736,3.780652,5.203587,2.668684
2019-08-26,2.332523,2.306068,4.017103,1.779692
2019-08-27,2.295051,1.367088,4.095879,1.802508
2019-08-28,2.254574,1.618218,4.008137,1.822875
2019-08-29,2.217310,1.142791,3.680288,0.955939
2019-08-30,2.183866,0.746289,4.004365,0.885990
2019-08-31,2.150774,0.960547,3.820697,1.009997
2019-09-01,2.116789,1.489954,3.770070,1.240812
2019-09-02,2.085963,1.904256,3.606282,1.274382
2019-09-03,2.054202,1.293039,3.953326,1.288122
2019-09-04,2.023930,1.770189,3.984388,1.620924
2019-09-05,1.993223,1.182919,3.480695,0.978689
2019-09-06,1.960913,2.092008,4.956823,2.027349
2019-09-07,1.944562,2.116685,4.277722,2.001373
2019-09-08,1.925216,1.929773,3.077811,0.828025
2019-09-09,1.887393,1.078156,3.681630,0.995372
2019-09-10,1.852393,1.865769,3.050778,0.912319
2019-09-11,1.812940,0.565736,2.909057,0.328811
2019-09-12,1.780134,0.375456,2.714107,0.322088
2019-09-13,1.748443,0.351942,2.650845,0.374743
2019-09-14,1.720365,0.773525,3.031810,0.254188
2019-09-15,1.694320,0.518820,2.506894,0.401611
2019-09-16,1.668807,0.333231,2.846602,0.295190
2019-09-17,1.647101,0.121345,2.316386,0.142550
2019-09-18,2.772613,0.257312,2.607984,0.141239
2019-09-19,1.952504,1.343075,2.489082,0.233187
2019-09-20,1.597123,2.170258,2.972155,0.313904
2019-09-21,1.579970,1.315674,3.005807,0.923736
2019-09-22,1.549639,2.842359,5.065810,2.297051
2019-09-23,1.535619,3.311904,4.354327,2.503097
2019-09-24,1.504610,2.805013,5.024665,2.310450
2019-09-25,1.467557,1.704197,3.271423,1.378060
2019-09-26,1.435771,1.034573,2.643703,0.268959
2019-09-27,1.414982,3.282048,3.535608,0.629838
2019-09-28,1.403140,4.047140,6.299692,3.701035
2019-09-29,1.399045,1.479178,3.260310,0.829322
2019-09-30,1.387087,0.596622,3.241547,0.539401
2019-10-01,1.382469,0.676764,4.206506,0.538431
2019-10-02,1.381987,1.561462,4.867679,0.237524
2019-10-03,1.345622,2.752419,4.863564,0.854246
2019-10-04,1.213349,2.759577,7.346401,1.985640
2019-10-05,1.281822,4.241554,8.767751,2.602099
2019-10-06,1.819005,4.748947,8.550493,2.987364
2019-10-07,3.195050,1.127898,5.950810,0.900819
2019-10-08,4.587141,0.230311,5.567666,0.316234
2019-10-09,5.540006,0.951897,4.804850,0.179334
2019-10-10,6.131433,0.378984,3.694956,0.068688
2019-10-11,6.345357,0.040494,3.174064,0.073793
2019-10-12,6.421888,0.000075,2.541754,0.047482
2019-10-13,6.432120,0.000000,2.240339,0.041587
2019-10-14,7.171099,0.022410,1.871543,0.040612
2019-10-15,7.225931,0.008566,1.621800,0.038305
2019-10-16,6.141579,0.000023,1.429688,0.040214
2019-10-17,6.011579,0.000000,1.394480,0.048790
2019-10-18,5.805487,0.000000,1.150413,0.054854
2019-10-19,5.618618,0.153360,1.319189,0.065181
2019-10-20,5.611426,0.165866,0.971521,0.044005
2019-10-21,5.300078,0.000366,0.866691,0.038047
2019-10-22,5.114301,0.000010,0.800503,0.038068
2019-10-23,4.937471,0.000000,0.741805,0.038058
2019-10-24,4.776233,0.000000,0.691155,0.037798
2019-10-25,4.629866,0.000000,0.646287,0.037641
2019-10-26,4.488286,0.000000,0.605727,0.037565
2019-10-27,4.359452,0.000000,0.569430,0.037619
2019-10-28,4.688506,0.027190,0.811174,0.037774
2019-10-29,4.379631,0.056276,0.658921,0.037537
2019-10-30,4.040857,0.000697,0.482454,0.037107
2019-10-31,3.910774,0.000002,0.458447,0.037121
2019-11-01,3.780999,0.000000,0.438173,0.036657
2019-11-02,3.670278,0.000000,0.417376,0.037146
2019-11-03,3.571967,0.000000,0.399739,0.036658
2019-11-04,3.489243,0.000000,0.384322,0.036570
2019-11-05,3.412438,0.000000,0.460347,0.036705
2019-11-06,3.337589,0.000000,0.387996,0.036602
2019-11-07,3.272559,0.000000,0.378347,0.038335
2019-11-08,3.208337,0.000000,0.592007,0.037029
2019-11-09,3.146503,0.000000,0.344700,0.036553
2019-11-10,3.084786,0.000000,0.700433,0.056614
2019-11-11,3.025804,0.000000,0.512164,0.043971
2019-11-12,2.974853,0.000000,0.301908,0.036616
2019-11-13,2.922773,0.000000,0.501370,0.036764
2019-11-14,2.870567,0.000000,0.398809,0.037262
2019-11-15,2.818058,0.000000,0.293231,0.036115
2019-11-16,2.764852,0.000000,0.292338,0.036116
2019-11-17,2.717295,0.000000,0.325907,0.036403
2019-11-18,2.667523,0.000000,0.689231,0.035962
2019-11-19,2.617999,0.000000,0.335484,0.035962
2019-11-20,2.570841,0.000000,0.305064,0.035938
2019-11-21,2.523357,0.000000,0.323608,0.034687
2019-11-22,2.480033,0.000000,0.312561,0.035607
2019-11-23,2.435647,0.000000,0.316375,0.034820
2019-11-24,2.395368,0.000000,0.318266,0.034784
2019-11-25,2.356019,0.000000,0.317876,0.035566
2019-11-26,2.315788,0.000000,0.317438,0.034733
2019-11-27,2.278963,0.000000,0.318046,0.035138
2019-11-28,2.240310,0.000000,0.314882,0.034720
2019-11-29,2.203262,0.000000,0.313845,0.035176
2019-11-30,2.170758,0.000000,0.351526,0.035852
2019-12-01,2.137199,0.000000,0.431275,0.034981
2019-12-02,2.106725,0.000000,0.705092,0.034854
2019-12-03,2.074558,0.000000,0.301365,0.035209
2019-12-04,2.043382,0.000000,0.298349,0.034694
2019-12-05,2.012910,0.000000,0.296212,0.034610
2019-12-06,1.980845,0.000000,0.293524,0.034656
2019-12-07,1.952494,0.000000,0.291399,0.034704
2019-12-08,1.923714,0.000000,0.288921,0.034340
2019-12-09,1.895430,0.000000,0.285478,0.037711
2019-12-10,1.867867,0.000000,0.282309,0.034718
2019-12-11,1.838750,0.000000,0.281204,0.037708
2019-12-12,1.812906,0.000000,0.276945,0.034728
2019-12-13,1.786352,0.000000,0.274551,0.034219
2019-12-14,1.759714,0.000000,0.272086,0.034134
2019-12-15,1.733503,0.000000,0.269915,0.034565
2019-12-16,1.706468,0.000000,0.267234,0.034039
2019-12-17,1.682124,0.000000,0.264003,0.035587
2019-12-18,1.657635,0.000000,0.261309,0.034467
2019-12-19,1.635517,0.000000,0.257532,0.034091
2019-12-20,1.613717,0.000000,0.255907,0.034104
2019-12-21,1.591227,0.000000,0.253742,0.034244
2019-12-22,1.571253,0.000000,0.249438,0.034024
2019-12-23,1.551395,0.000000,0.248341,0.033977
2019-12-24,1.534116,0.000000,0.243479,0.034031
2019-12-25,1.517023,0.000000,0.242933,0.034021
2019-12-26,1.498805,0.000000,0.239334,0.033997
2019-12-27,1.482521,0.000000,0.235908,0.033709
2019-12-28,1.465939,0.000000,0.232670,0.033566
2019-12-29,1.449648,0.000000,0.231579,0.034559
2019-12-30,1.433615,0.000000,0.229377,0.033617
2019-12-31,1.417959,0.000000,0.227226,0.033662

