time,MAR_land,MAR_ice,RACMO_land,RACMO_ice
2015-01-01,0.000000,0.000000,0.309600,0.082953
2015-01-02,0.000000,0.000000,0.308989,0.087718
2015-01-03,0.000000,0.000000,0.305653,0.080998
2015-01-04,0.000000,0.000000,0.298290,0.086268
2015-01-05,0.000000,0.000000,0.299960,0.081790
2015-01-06,0.000000,0.000000,0.295575,0.085372
2015-01-07,0.000000,0.000000,0.291315,0.111747
2015-01-08,0.000000,0.000000,0.288625,0.084850
2015-01-09,0.000000,0.000000,0.285224,0.083354
2015-01-10,0.000000,0.000000,0.281700,0.085827
2015-01-11,0.000000,0.000000,0.281418,0.112464
2015-01-12,0.000000,0.000000,0.275866,0.083192
2015-01-13,0.000000,0.000000,0.274748,0.104922
2015-01-14,0.000000,0.000000,0.268311,0.345086
2015-01-15,0.000000,0.000000,0.271572,0.104727
2015-01-16,0.000000,0.000000,0.265051,0.084983
2015-01-17,0.000000,0.000000,0.262619,0.081794
2015-01-18,0.000000,0.000000,0.279678,0.105451
2015-01-19,0.000000,0.000000,0.256926,0.082258
2015-01-20,0.000000,0.000000,0.289250,0.080054
2015-01-21,0.000000,0.000000,0.252143,0.103426
2015-01-22,0.000000,0.000000,0.255029,0.081803
2015-01-23,0.000000,0.000000,0.246102,0.087897
2015-01-24,0.000000,0.000000,0.242701,0.148660
2015-01-25,0.000000,0.000000,0.240740,0.081841
2015-01-26,0.000000,0.000000,0.239152,0.101050
2015-01-27,0.000000,0.000000,0.235072,0.109448
2015-01-28,0.000000,0.000000,0.233417,0.098486
2015-01-29,0.000000,0.000000,0.229337,0.081415
2015-01-30,0.000000,0.000000,0.229007,0.079706
2015-01-31,0.000000,0.000000,0.224927,0.100784
2015-02-01,0.000000,0.000000,0.224504,0.110056
2015-02-02,0.000000,0.000000,0.220145,0.124922
2015-02-03,0.000000,0.000000,0.215858,0.110591
2015-02-04,0.000000,0.000000,0.220582,0.098524
2015-02-05,0.000000,0.000000,0.215457,0.087526
2015-02-06,0.000000,0.000000,0.210654,0.078957
2015-02-07,0.000000,0.000000,0.211761,0.114594
2015-02-08,0.000000,0.000000,0.342453,0.075210
2015-02-09,0.000000,0.000000,0.205472,0.097655
2015-02-10,0.000000,0.000000,0.202743,0.081444
2015-02-11,0.000000,0.000000,0.199457,0.110999
2015-02-12,0.000000,0.000000,0.199407,0.075450
2015-02-13,0.000000,0.000000,0.197215,0.096511
2015-02-14,0.000000,0.000000,0.193276,0.100624
2015-02-15,0.000000,0.000000,0.189684,0.108507
2015-02-16,0.000000,0.000000,0.189006,0.096819
2015-02-17,0.000000,0.000000,0.187723,0.080052
2015-02-18,0.000000,0.000000,0.184901,0.077220
2015-02-19,0.000000,0.000000,0.179937,0.110467
2015-02-20,0.000000,0.000000,0.179258,0.080037
2015-02-21,0.000000,0.000000,0.178555,0.097629
2015-02-22,0.000000,0.000000,0.173896,0.078878
2015-02-23,0.000000,0.000000,0.172820,0.111256
2015-02-24,0.000000,0.000000,0.169974,0.073282
2015-02-25,0.000000,0.000000,0.169511,0.100631
2015-02-26,0.000000,0.000000,0.165589,0.076452
2015-02-27,0.000000,0.000000,0.161302,0.098097
2015-02-28,0.000000,0.000000,0.164843,0.098630
2015-03-01,0.000000,0.000000,0.158993,0.075854
2015-03-02,0.000000,0.000000,0.155867,0.075854
2015-03-03,0.000000,0.000000,0.157380,0.078878
2015-03-04,0.000000,0.000000,0.151669,0.095802
2015-03-05,0.000000,0.000000,0.151456,0.090474
2015-03-06,0.000000,0.000000,0.149708,0.094618
2015-03-07,0.000000,0.000000,0.145208,0.069040
2015-03-08,0.000000,0.000000,0.145348,0.093403
2015-03-09,0.000000,0.000000,0.167795,0.065367
2015-03-10,0.000000,0.000000,0.148155,0.069907
2015-03-11,0.000000,0.000000,0.142105,0.073727
2015-03-12,0.000000,0.000000,0.139325,0.071615
2015-03-13,0.000000,0.000000,0.137930,0.077470
2015-03-14,0.000000,0.000000,0.166565,0.090890
2015-03-15,0.000000,0.000000,0.147935,0.070112
2015-03-16,0.000000,0.000000,0.131448,0.073420
2015-03-17,0.000000,0.000000,0.130512,0.071054
2015-03-18,0.000000,0.000000,0.127392,0.073318
2015-03-19,0.000000,0.000000,0.125498,0.076872
2015-03-20,0.000000,0.000000,0.129187,0.093263
2015-03-21,0.000000,0.000000,0.138160,0.074195
2015-03-22,0.000000,0.000000,0.123164,0.093306
2015-03-23,0.000000,0.000000,0.119788,0.096496
2015-03-24,0.000000,0.000000,0.119763,0.075403
2015-03-25,0.000000,0.000000,0.117314,0.073297
2015-03-26,0.000000,0.000000,0.119059,0.090730
2015-03-27,0.000000,0.000000,0.117332,0.092350
2015-03-28,0.000000,0.000000,0.115353,0.098725
2015-03-29,0.000000,0.000000,0.113722,0.089268
2015-03-30,0.000000,0.000000,0.110900,0.091015
2015-03-31,0.000000,0.000000,0.111273,0.072807
2015-04-01,0.000000,0.000000,0.109312,0.091316
2015-04-02,0.000000,0.000000,0.109312,0.071573
2015-04-03,0.000000,0.000001,0.105563,0.090587
2015-04-04,0.000000,0.000000,0.108583,0.094771
2015-04-05,0.000000,0.000000,0.104070,0.095105
2015-04-06,0.000000,0.000000,0.104859,0.067561
2015-04-07,0.000000,0.000000,0.103619,0.080938
2015-04-08,0.000000,0.000001,0.100779,0.071125
2015-04-09,0.000000,0.000001,0.099540,0.089015
2015-04-10,0.000000,0.000001,0.101591,0.071021
2015-04-11,0.000000,0.000001,0.096742,0.064899
2015-04-12,0.000000,0.000000,0.096742,0.098676
2015-04-13,0.000000,0.000000,0.102965,0.090036
2015-04-14,0.000000,0.000000,0.095087,0.069451
2015-04-15,0.000000,0.000000,0.136566,0.768652
2015-04-16,0.000000,0.000000,0.739188,0.624633
2015-04-17,0.000000,0.000000,0.149291,0.503041
2015-04-18,0.000000,0.000001,0.206760,0.504635
2015-04-19,0.411225,0.000000,1.814506,0.501806
2015-04-20,3.469966,0.000000,0.490449,0.589203
2015-04-21,0.181151,0.000000,0.086597,0.089152
2015-04-22,0.151460,0.000000,0.089021,0.314160
2015-04-23,0.123106,0.000000,0.086597,0.317973
2015-04-24,0.096554,0.000000,0.087060,0.100940
2015-04-25,0.078514,0.000000,0.085009,0.780894
2015-04-26,0.062980,0.000000,0.084636,0.067222
2015-04-27,0.056165,0.000000,0.082492,0.087280
2015-04-28,0.049101,0.000000,0.082119,0.064812
2015-04-29,0.045405,0.000000,0.082096,0.092889
2015-04-30,0.042316,0.000000,0.084000,0.097663
2015-05-01,0.042316,0.000000,0.080531,0.086586
2015-05-02,0.035439,0.000000,0.079274,0.067093
2015-05-03,0.033606,0.000000,0.128456,0.183200
2015-05-04,0.031694,0.000000,0.190531,0.086989
2015-05-05,0.033146,0.000000,0.142214,0.832988
2015-05-06,0.033221,0.000000,1.408073,1.119613
2015-05-07,0.027643,0.000000,1.294861,1.575442
2015-05-08,0.026784,0.000000,1.307561,0.863472
2015-05-09,0.026611,0.000000,1.395214,0.729224
2015-05-10,0.026400,0.000000,2.215484,0.981261
2015-05-11,0.026290,0.000000,2.451714,0.874549
2015-05-12,0.026130,0.000000,4.081136,1.365397
2015-05-13,0.026015,0.000000,0.917400,0.499465
2015-05-14,0.026152,0.000000,0.762447,0.743380
2015-05-15,1.909359,0.000000,2.327235,0.666332
2015-05-16,5.763719,0.000000,2.405910,0.466604
2015-05-17,3.377877,0.038462,2.421937,0.406601
2015-05-18,2.907117,0.062203,3.096253,0.444734
2015-05-19,0.052168,0.018301,0.191375,0.092122
2015-05-20,0.261321,0.000000,0.156585,0.760356
2015-05-21,2.408368,0.003793,0.256298,1.237139
2015-05-22,1.138278,0.006404,0.505739,0.810863
2015-05-23,5.845085,0.143163,0.790666,0.918572
2015-05-24,14.164631,0.193976,1.029849,0.581389
2015-05-25,2.264504,0.112923,0.421022,0.817969
2015-05-26,8.529500,0.082016,1.553335,0.661342
2015-05-27,14.534792,0.180015,2.301331,0.384941
2015-05-28,9.043707,0.136831,1.623270,0.388215
2015-05-29,0.660311,0.046397,0.564996,0.678421
2015-05-30,1.227695,0.002118,0.606593,0.980513
2015-05-31,2.087142,0.002100,0.777976,1.201129
2015-06-01,1.600175,0.003963,1.025928,0.765415
2015-06-02,5.118588,0.039572,2.063139,0.385273
2015-06-03,10.145686,0.101343,2.493900,0.562054
2015-06-04,13.011594,0.143915,4.216495,0.412342
2015-06-05,12.831781,0.499783,3.942575,0.220208
2015-06-06,10.883899,0.847215,4.046635,0.471770
2015-06-07,9.767526,0.887205,4.577853,0.800230
2015-06-08,19.127371,2.674441,4.823971,2.886167
2015-06-09,21.286135,3.282660,4.856380,1.963643
2015-06-10,27.154603,5.740161,5.913069,5.283377
2015-06-11,15.479210,4.899300,5.596463,2.480411
2015-06-12,13.085984,3.674793,5.357807,1.914521
2015-06-13,17.810554,4.104646,6.371130,1.538513
2015-06-14,16.383209,4.842459,7.533699,2.723474
2015-06-15,16.853645,4.642815,10.498988,3.307730
2015-06-16,24.892480,4.942390,13.051080,7.192427
2015-06-17,41.797508,10.415624,13.057131,6.664135
2015-06-18,25.031997,8.482880,8.282847,13.716711
2015-06-19,18.245033,8.360213,8.628324,8.410641
2015-06-20,25.545388,9.303929,7.921389,10.111751
2015-06-21,19.778240,8.243824,9.013372,10.700245
2015-06-22,18.656951,8.342727,8.708354,9.968047
2015-06-23,17.245727,8.845514,9.144248,8.203157
2015-06-24,19.697253,10.587128,10.203873,7.614134
2015-06-25,23.864775,13.108565,11.516274,10.237365
2015-06-26,31.835287,15.569931,12.340094,10.994753
2015-06-27,46.048079,23.094974,15.282220,10.518037
2015-06-28,44.564629,24.418197,15.815924,10.919921
2015-06-29,29.130991,19.191368,15.005377,8.161951
2015-06-30,22.539755,13.403405,15.372371,12.553054
2015-07-01,23.385726,12.167626,16.609987,14.035139
2015-07-02,25.512960,13.491672,17.079615,27.972524
2015-07-03,25.114823,13.131702,18.201851,27.833411
2015-07-04,27.287627,14.313500,16.849159,25.024881
2015-07-05,32.411268,18.107196,16.821651,30.482191
2015-07-06,14.552565,24.099623,17.177508,31.842523
2015-07-07,6.509940,21.110790,15.738000,32.627065
2015-07-08,4.193905,15.634484,14.755317,31.452234
2015-07-09,3.975291,14.970405,12.995304,32.843157
2015-07-10,4.436940,17.516711,12.885060,23.492687
2015-07-11,9.682979,18.800031,14.278840,18.978489
2015-07-12,8.784480,17.838948,24.586485,22.645517
2015-07-13,6.662246,29.676274,21.596282,33.796449
2015-07-14,3.274321,22.218630,15.250856,31.216956
2015-07-15,4.853341,17.252740,13.321754,33.868007
2015-07-16,5.627920,22.066465,13.037587,33.893402
2015-07-17,4.696735,22.626102,12.478545,33.185945
2015-07-18,3.430503,21.207074,11.951050,35.029372
2015-07-19,3.893159,23.645036,10.854666,29.445699
2015-07-20,3.324421,23.382466,10.107896,29.816576
2015-07-21,2.362257,18.363593,9.135372,27.530019
2015-07-22,2.441286,12.903992,7.728312,22.815602
2015-07-23,2.585637,10.720845,7.215406,22.163731
2015-07-24,3.388637,9.540367,6.539198,23.446110
2015-07-25,2.002066,9.448375,6.591908,23.473007
2015-07-26,2.068867,10.369838,5.955344,25.043559
2015-07-27,2.035033,11.006321,5.427793,23.357473
2015-07-28,2.588353,12.907676,5.574448,24.247966
2015-07-29,2.259187,10.964286,5.034165,21.019192
2015-07-30,1.884722,9.922408,4.785190,21.885919
2015-07-31,1.798992,10.911119,5.460579,23.877636
2015-08-01,2.404941,18.314722,5.697853,19.788028
2015-08-02,4.110810,24.158157,5.347481,27.283053
2015-08-03,2.337819,22.308693,5.285157,29.593645
2015-08-04,1.910319,16.271631,4.703252,24.706378
2015-08-05,1.896786,15.938574,4.857676,21.438061
2015-08-06,1.874326,11.992107,4.373811,12.118678
2015-08-07,2.342152,15.341670,5.322401,23.353535
2015-08-08,1.071684,11.911393,4.917810,20.732177
2015-08-09,1.081251,8.711397,4.285333,17.695217
2015-08-10,1.074359,8.598376,4.227861,16.166272
2015-08-11,1.518833,12.128027,3.892815,16.542550
2015-08-12,1.239733,17.020742,8.322077,30.929650
2015-08-13,6.312286,30.813476,8.748444,30.331993
2015-08-14,2.433256,26.828330,3.297642,14.519696
2015-08-15,1.747686,23.251202,3.741600,20.344263
2015-08-16,1.376298,18.077790,4.118324,23.720439
2015-08-17,1.853774,12.738041,3.278300,16.675999
2015-08-18,1.689545,13.865617,2.847555,20.668490
2015-08-19,1.012742,11.601475,2.633635,14.721718
2015-08-20,1.286740,14.792777,3.043681,16.960550
2015-08-21,1.026211,15.032188,2.149981,6.919342
2015-08-22,1.300171,12.518386,2.881861,21.166769
2015-08-23,1.047555,9.875957,2.323471,12.488925
2015-08-24,1.914731,17.966756,2.718178,19.738127
2015-08-25,7.045204,34.088810,5.598984,25.378042
2015-08-26,6.809281,44.617111,5.431647,28.507815
2015-08-27,4.726810,36.447220,2.522315,20.670321
2015-08-28,2.134565,14.343006,1.902552,18.325832
2015-08-29,1.229698,9.561960,1.423541,17.762273
2015-08-30,1.184075,8.449183,3.752653,20.114601
2015-08-31,2.337981,13.445227,1.930748,19.952900
2015-09-01,1.023987,13.071167,1.631804,14.870128
2015-09-02,15.807007,11.898544,4.966196,15.214969
2015-09-03,0.438660,9.930468,1.285841,12.698281
2015-09-04,9.960164,7.992037,3.760363,12.204871
2015-09-05,1.741402,12.765672,1.833993,19.562961
2015-09-06,12.272254,17.295442,6.054931,20.111649
2015-09-07,12.528293,31.199257,8.817325,29.146371
2015-09-08,25.168908,36.548434,7.697919,25.843622
2015-09-09,54.097330,67.820627,12.868416,44.398727
2015-09-10,27.878700,57.278352,7.620330,25.116434
2015-09-11,16.181892,42.840293,2.846406,10.586712
2015-09-12,0.282996,16.263067,1.016939,8.448196
2015-09-13,0.022284,8.127764,0.718518,5.940900
2015-09-14,0.011075,4.561068,1.065900,5.183235
2015-09-15,0.000000,2.924394,0.774717,6.758110
2015-09-16,0.000000,2.300985,0.720946,9.368469
2015-09-17,0.000010,1.169043,0.735964,4.308013
2015-09-18,0.000015,0.708829,1.018719,2.107283
2015-09-19,26.829393,2.670185,3.898086,7.319106
2015-09-20,19.778854,29.176064,5.461169,6.952824
2015-09-21,0.759563,14.844728,2.264570,8.745761
2015-09-22,20.341464,16.228150,4.850517,11.614490
2015-09-23,3.723555,14.835379,2.338728,9.365675
2015-09-24,3.639582,7.345203,1.806270,7.520298
2015-09-25,26.759654,4.680104,1.640529,4.424207
2015-09-26,5.429980,3.541736,1.119948,3.427459
2015-09-27,2.821891,0.127830,1.007787,1.600981
2015-09-28,2.205229,0.104208,0.851421,0.340544
2015-09-29,0.255206,0.000000,0.809684,0.324549
2015-09-30,0.105056,0.000000,0.772516,0.689164
2015-10-01,0.025066,0.000000,0.775964,0.466479
2015-10-02,0.000000,0.000000,0.779573,0.177866
2015-10-03,0.000000,0.000000,0.781678,0.177379
2015-10-04,0.000000,0.000000,0.803587,0.177764
2015-10-05,0.000000,0.000000,0.831862,0.176536
2015-10-06,4.967550,0.040805,1.246532,0.862132
2015-10-07,10.773504,0.215922,1.444038,3.889265
2015-10-08,3.910707,0.206802,1.322457,0.607785
2015-10-09,0.495806,0.015694,0.773920,0.170075
2015-10-10,0.286119,0.000000,0.772297,0.163138
2015-10-11,0.246657,0.000000,0.772639,0.346515
2015-10-12,0.204048,0.000000,0.762222,0.208596
2015-10-13,0.183055,0.000000,0.755241,0.172003
2015-10-14,0.123697,0.000000,0.751176,0.328057
2015-10-15,0.029737,0.000000,0.824173,0.297938
2015-10-16,0.000000,0.000000,2.082409,0.199955
2015-10-17,18.756310,0.812207,3.646350,1.641054
2015-10-18,0.874982,0.131188,0.746368,0.155723
2015-10-19,0.188604,0.000000,0.720602,0.155633
2015-10-20,0.125523,0.000000,0.715610,0.153645
2015-10-21,0.027842,0.000000,0.709765,0.153137
2015-10-22,0.007682,0.000000,0.704194,0.152341
2015-10-23,0.001751,0.000000,0.699606,0.154683
2015-10-24,0.000000,0.000000,0.691942,0.154517
2015-10-25,0.000000,0.000000,0.687634,0.152907
2015-10-26,0.000000,0.000000,0.679877,0.153499
2015-10-27,0.000000,0.000000,0.675922,0.151456
2015-10-28,0.289903,0.000000,1.844749,0.244903
2015-10-29,20.149710,0.256173,4.941769,2.695917
2015-10-30,18.742884,3.522997,1.762218,1.564020
2015-10-31,0.006324,0.117356,0.647447,0.162420
2015-11-01,0.000852,0.000000,0.651466,0.150293
2015-11-02,0.003830,0.000000,0.641247,0.151958
2015-11-03,0.005054,0.000000,0.633617,0.150864
2015-11-04,0.004815,0.000000,0.623749,0.148532
2015-11-05,0.002825,0.000000,0.624676,0.152381
2015-11-06,0.000000,0.000000,0.621326,0.150145
2015-11-07,0.000000,0.000000,1.400101,0.151553
2015-11-08,0.000000,0.000000,0.607745,0.149974
2015-11-09,0.000000,0.000000,0.604031,0.152469
2015-11-10,0.000000,0.000000,0.598331,0.147202
2015-11-11,0.000000,0.000000,0.596160,0.158236
2015-11-12,0.000000,0.000000,0.592373,0.151396
2015-11-13,0.000000,0.000000,0.586913,0.145552
2015-11-14,0.000000,0.000000,0.578934,0.166084
2015-11-15,0.000000,0.000000,0.577204,0.150835
2015-11-16,0.000000,0.000000,0.573136,0.147106
2015-11-17,0.000001,0.000000,0.566725,0.146788
2015-11-18,0.000017,0.000000,0.563664,0.147110
2015-11-19,0.000000,0.000000,0.557851,0.147622
2015-11-20,0.000000,0.000000,0.554443,0.166060
2015-11-21,0.000000,0.000000,0.546749,0.153887
2015-11-22,0.000398,0.000000,3.218070,0.143671
2015-11-23,0.000000,0.000000,0.541366,0.145259
2015-11-24,0.000000,0.000000,0.529741,0.146089
2015-11-25,0.000000,0.000000,0.527287,0.143894
2015-11-26,0.000000,0.000000,0.521131,0.145448
2015-11-27,0.000000,0.000000,0.514016,0.142376
2015-11-28,0.000000,0.000000,0.508771,0.144732
2015-11-29,0.000000,0.000000,0.504081,0.143901
2015-11-30,0.000000,0.000000,0.496387,0.140794
2015-12-01,0.000000,0.000000,0.495776,0.190842
2015-12-02,0.000000,0.000000,0.483745,0.138492
2015-12-03,0.000000,0.000000,0.476100,0.138203
2015-12-04,0.000000,0.000000,0.477516,0.148192
2015-12-05,0.000000,0.000000,0.467538,0.136800
2015-12-06,0.000000,0.000000,0.465131,0.145816
2015-12-07,0.000000,0.000000,0.455484,0.146766
2015-12-08,0.000000,0.000000,0.452124,0.132216
2015-12-09,0.000000,0.000000,0.445431,0.142712
2015-12-10,0.000000,0.000000,0.439301,0.136838
2015-12-11,0.000000,0.000000,0.434426,0.139741
2015-12-12,0.000000,0.000000,0.429919,0.146486
2015-12-13,0.000000,0.000000,0.423167,0.142299
2015-12-14,0.000000,0.000000,0.418898,0.135859
2015-12-15,0.000000,0.000000,0.412809,0.134276
2015-12-16,0.000000,0.000000,0.405238,0.144315
2015-12-17,0.000000,0.000000,0.401060,0.144433
2015-12-18,0.000000,0.000000,0.394464,0.131017
2015-12-19,0.000000,0.000000,0.388333,0.143568
2015-12-20,0.000000,0.000000,0.382996,0.134703
2015-12-21,0.000000,0.000000,0.379911,0.140766
2015-12-22,0.000000,0.000000,0.373200,0.144703
2015-12-23,0.000000,0.000000,0.369633,0.128725
2015-12-24,0.000000,0.000000,0.359755,0.130868
2015-12-25,0.000000,0.000000,0.356675,0.138219
2015-12-26,0.000000,0.000000,0.350934,0.130223
2015-12-27,0.000000,0.000000,0.349049,0.137000
2015-12-28,0.000000,0.000000,0.341354,0.142138
2015-12-29,0.000000,0.000000,0.338538,0.134874
2015-12-30,0.000000,0.000000,0.330564,0.138755
2015-12-31,0.000000,0.000000,0.330014,0.139813
2016-01-01,0.000000,0.000000,0.326882,0.138592
2016-01-02,0.000000,0.000000,0.316529,0.133868
2016-01-03,0.000000,0.000000,0.313825,0.141236
2016-01-04,0.000000,0.000000,0.310581,0.133209
2016-01-05,0.000000,0.000000,0.303589,0.138659
2016-01-06,0.000000,0.000000,0.299419,0.137294
2016-01-07,0.000000,0.000000,0.298600,0.132844
2016-01-08,0.000000,0.000000,0.294240,0.138974
2016-01-09,0.000000,0.000000,0.290135,0.126059
2016-01-10,0.000000,0.000000,0.287992,0.134649
2016-01-11,0.000000,0.000000,0.282374,0.123390
2016-01-12,0.000000,0.000000,0.277476,0.133314
2016-01-13,0.000000,0.000000,0.275845,0.122632
2016-01-14,0.000000,0.000000,0.269953,0.134923
2016-01-15,0.000000,0.000000,0.269567,0.129646
2016-01-16,0.000000,0.000000,0.259139,0.135142
2016-01-17,0.000000,0.000000,0.257781,0.126162
2016-01-18,0.000000,0.000000,0.250368,0.132518
2016-01-19,0.000000,0.000000,0.406340,0.129276
2016-01-20,0.000000,0.000000,0.768008,0.139540
2016-01-21,0.000000,0.000000,1.583773,0.130451
2016-01-22,0.000000,0.000000,1.705616,0.143754
2016-01-23,0.000000,0.000000,1.476221,0.127864
2016-01-24,0.000000,0.000000,0.325969,0.121868
2016-01-25,0.000000,0.000000,0.277083,0.132815
2016-01-26,0.000000,0.000000,0.222564,0.138469
2016-01-27,0.000000,0.000000,0.216010,0.129428
2016-01-28,0.000000,0.000000,0.212304,0.123159
2016-01-29,0.000000,0.000000,0.208224,0.130101
2016-01-30,0.000000,0.000000,0.205775,0.123983
2016-01-31,0.000000,0.000000,0.204187,0.126184
2016-02-01,0.000000,0.000000,0.200438,0.121778
2016-02-02,0.000000,0.000000,0.197683,0.131006
2016-02-03,0.000000,0.000000,0.192652,0.119624
2016-02-04,0.000000,0.000000,0.191766,0.130338
2016-02-05,0.000000,0.000000,0.188242,0.122450
2016-02-06,0.000000,0.000000,0.182747,0.119951
2016-02-07,0.000000,0.000000,0.181738,0.133097
2016-02-08,0.000000,0.000000,0.181670,0.125267
2016-02-09,0.000000,0.000000,0.174257,0.122685
2016-02-10,0.000000,0.000000,0.174257,0.124948
2016-02-11,0.000000,0.000000,0.170178,0.120402
2016-02-12,0.000000,0.000000,0.167355,0.128647
2016-02-13,0.000000,0.000000,0.164162,0.118703
2016-02-14,0.000000,0.000000,0.159900,0.127239
2016-02-15,0.000000,0.000000,0.155887,0.119640
2016-02-16,0.000000,0.000000,0.157260,0.132637
2016-02-17,0.000000,0.000000,0.150458,0.116180
2016-02-18,0.000000,0.000000,0.149847,0.122754
2016-02-19,0.000000,0.000000,0.143095,0.130788
2016-02-20,0.000000,0.000000,0.144813,0.121115
2016-02-21,0.000000,0.000000,0.139173,0.118566
2016-02-22,0.000000,0.000000,0.139238,0.128061
2016-02-23,0.000000,0.000000,0.137583,0.123621
2016-02-24,0.000000,0.000000,0.130831,0.116830
2016-02-25,0.000000,0.000000,0.131079,0.113963
2016-02-26,0.000000,0.000000,0.126446,0.120138
2016-02-27,0.000000,0.000000,0.125717,0.114440
2016-02-28,0.000000,0.000000,0.123623,0.119262
2016-02-29,0.000000,0.000000,0.119519,0.114325
2016-03-01,0.000000,0.000000,0.117956,0.114068
2016-03-02,0.000000,0.000000,0.117956,0.114068
2016-03-03,0.000000,0.000000,0.113669,0.117292
2016-03-04,0.000000,0.000000,0.110169,0.115182
2016-03-05,0.000000,0.000000,0.111427,0.113055
2016-03-06,0.000000,0.000000,0.109982,0.112909
2016-03-07,0.000000,0.000000,0.105694,0.136920
2016-03-08,0.000000,0.000000,0.199611,0.106652
2016-03-09,0.000000,0.000000,0.115791,0.111959
2016-03-10,0.000000,0.000000,0.118163,0.105723
2016-03-11,0.000000,0.000000,0.103192,0.107873
2016-03-12,0.000000,0.000000,0.111526,0.114483
2016-03-13,0.000000,0.000000,0.137078,0.105367
2016-03-14,0.000000,0.000000,0.105731,0.111015
2016-03-15,0.000000,0.000000,0.092802,0.104849
2016-03-16,0.000000,0.000000,0.104732,0.105771
2016-03-17,0.000000,0.000000,3.094632,0.378307
2016-03-18,0.000000,0.000000,3.381246,0.338154
2016-03-19,0.000000,0.000000,0.425846,0.108675
2016-03-20,0.000000,0.000000,0.289505,0.108215
2016-03-21,0.000000,0.000000,0.093613,0.133223
2016-03-22,0.000000,0.000000,0.126034,0.110563
2016-03-23,0.000000,0.000000,0.086846,0.114111
2016-03-24,0.000000,0.000000,0.084336,0.104500
2016-03-25,0.000000,0.000000,0.083867,0.110274
2016-03-26,0.000000,0.000000,0.082279,0.102532
2016-03-27,0.000000,0.000000,0.082584,0.102074
2016-03-28,0.000000,0.000000,0.078903,0.110490
2016-03-29,0.000000,0.000000,0.082254,0.101989
2016-03-30,0.000000,0.000000,0.076453,0.112752
2016-03-31,0.000000,0.000000,0.078547,0.101039
2016-04-01,0.000000,0.000000,0.076429,0.101648
2016-04-02,0.000000,0.000000,0.074866,0.112402
2016-04-03,0.000000,0.000000,0.132069,0.101212
2016-04-04,0.000000,0.000000,0.224401,0.630313
2016-04-05,0.000000,0.000000,0.101506,0.098872
2016-04-06,0.000000,0.000000,0.164045,0.113460
2016-04-07,0.000000,0.000000,0.074865,0.100955
2016-04-08,0.000000,0.000000,0.069942,0.684530
2016-04-09,0.000000,0.000000,0.215886,0.603640
2016-04-10,0.000000,0.000000,0.829847,0.823524
2016-04-11,0.000000,0.000000,2.013450,0.428309
2016-04-12,0.133875,0.000000,3.709086,0.321964
2016-04-13,1.747237,0.000000,3.138318,0.419061
2016-04-14,1.203934,0.000000,3.120994,0.587033
2016-04-15,0.701608,0.000000,3.512556,0.508165
2016-04-16,0.020305,0.000000,0.809186,0.467370
2016-04-17,0.017976,0.000000,0.255349,0.112310
2016-04-18,0.012236,0.000000,0.266736,0.100833
2016-04-19,0.011415,0.000000,0.062810,0.754965
2016-04-20,0.006318,0.000000,0.919006,0.110189
2016-04-21,0.004350,0.000000,1.159824,0.694929
2016-04-22,0.000334,0.000000,3.024578,0.948897
2016-04-23,0.840328,0.000000,6.021876,0.542487
2016-04-24,4.925442,0.000000,4.320421,0.414756
2016-04-25,2.656569,0.000000,2.204135,0.649460
2016-04-26,3.799263,0.000000,4.342769,0.530349
2016-04-27,0.516576,0.000000,2.974918,0.868058
2016-04-28,0.545705,0.000000,3.631056,0.806135
2016-04-29,0.439399,0.000000,4.496164,0.870504
2016-04-30,1.014055,0.000000,3.449568,0.924840
2016-05-01,5.161683,0.000000,4.031334,0.669000
2016-05-02,9.692408,0.000000,5.755382,0.691363
2016-05-03,3.726160,0.000000,5.241951,0.817233
2016-05-04,5.654407,0.000000,6.807444,0.672529
2016-05-05,6.503703,0.000000,7.325474,0.785932
2016-05-06,6.888711,0.039327,7.173115,0.693750
2016-05-07,1.303153,0.000000,6.989359,0.890178
2016-05-08,0.458275,0.000000,7.058419,0.891678
2016-05-09,5.129469,0.000000,9.673689,0.436401
2016-05-10,11.009323,0.182400,9.479080,0.250253
2016-05-11,10.448803,0.343401,8.489152,0.302232
2016-05-12,7.208167,0.176287,8.161746,0.302830
2016-05-13,7.539800,0.230711,7.038982,0.325471
2016-05-14,15.151057,1.830004,9.603568,0.282045
2016-05-15,25.329441,5.043386,8.094069,0.397792
2016-05-16,6.053573,2.961543,3.745710,0.407586
2016-05-17,7.130698,1.487704,3.038803,0.412118
2016-05-18,1.949988,0.508217,1.508916,0.558038
2016-05-19,4.714445,0.462520,1.984710,0.444074
2016-05-20,5.217459,0.606831,2.355842,0.335101
2016-05-21,2.766921,0.441871,0.739229,0.471566
2016-05-22,0.893620,0.195059,0.615586,0.481000
2016-05-23,1.627750,0.175403,0.615260,0.930883
2016-05-24,26.065309,2.506722,2.320351,0.678059
2016-05-25,14.440416,5.198693,0.994208,0.609438
2016-05-26,7.301286,2.891456,0.580938,2.368448
2016-05-27,1.440366,1.081592,0.424086,0.851025
2016-05-28,7.095184,1.014382,0.708221,1.750843
2016-05-29,5.217170,1.148435,0.780486,2.540969
2016-05-30,4.577395,1.093609,0.790271,2.087296
2016-05-31,2.618363,0.444667,0.670610,1.906748
2016-06-01,4.673875,0.635316,1.245122,3.056564
2016-06-02,23.321613,4.123251,6.277160,1.898137
2016-06-03,24.304712,10.343195,2.715460,3.978123
2016-06-04,18.544025,9.317818,1.951727,5.459261
2016-06-05,16.000189,7.274515,2.046899,6.647311
2016-06-06,16.883895,7.410781,2.002917,7.763512
2016-06-07,22.481976,8.904634,2.089174,6.465246
2016-06-08,20.339950,9.602125,2.763846,8.491172
2016-06-09,33.576514,14.356749,5.433407,9.550225
2016-06-10,49.527599,22.735331,6.049622,6.525777
2016-06-11,52.192161,33.867650,5.058742,18.024422
2016-06-12,4.647108,26.928743,3.191301,20.335835
2016-06-13,3.890011,16.817708,3.544248,29.912259
2016-06-14,3.791323,13.009989,4.199793,25.184582
2016-06-15,2.920139,10.267940,4.223475,17.626634
2016-06-16,5.332480,15.176686,4.219847,30.622369
2016-06-17,3.059421,16.544601,5.110942,33.214635
2016-06-18,4.452098,23.081913,9.318898,37.305273
2016-06-19,5.227681,32.547355,9.982453,40.541453
2016-06-20,4.494171,32.536012,6.507266,35.242467
2016-06-21,4.260912,38.488142,5.830631,33.837695
2016-06-22,3.590778,28.186805,6.856278,35.423382
2016-06-23,4.840775,21.249376,7.182620,32.625311
2016-06-24,4.642086,20.431481,6.549338,37.939958
2016-06-25,2.750888,20.902360,6.480585,34.595443
2016-06-26,4.167183,27.812957,7.771238,32.480681
2016-06-27,18.709562,57.425667,13.293799,37.877770
2016-06-28,3.673089,48.367933,5.772378,41.925548
2016-06-29,3.095259,29.697002,4.470403,24.347081
2016-06-30,4.660693,30.328262,4.419668,28.335212
2016-07-01,2.880749,28.939476,4.132725,34.275569
2016-07-02,2.655471,22.590452,4.262613,34.850425
2016-07-03,2.371471,19.347070,4.203167,31.658738
2016-07-04,2.239527,17.011235,4.172324,30.583117
2016-07-05,2.465131,17.101217,4.112316,30.447782
2016-07-06,2.536157,17.563496,4.319850,30.408346
2016-07-07,2.143175,15.214592,4.098431,31.185691
2016-07-08,3.217425,16.281165,4.321994,31.644207
2016-07-09,5.730085,24.423539,4.387477,33.235911
2016-07-10,0.008890,25.572064,4.416158,31.861560
2016-07-11,0.004004,21.212293,3.858879,23.971681
2016-07-12,0.004079,19.057256,4.829374,35.534036
2016-07-13,0.005232,17.713611,5.152947,27.782434
2016-07-14,0.018748,23.391642,5.009737,25.355589
2016-07-15,0.001224,36.393902,4.458803,37.996420
2016-07-16,0.003788,45.077700,2.806677,33.141438
2016-07-17,0.011341,29.860074,2.455499,30.713901
2016-07-18,0.014712,24.061452,3.004223,31.499409
2016-07-19,0.007660,22.651039,3.351760,32.736087
2016-07-20,0.007376,19.118168,2.880078,31.341443
2016-07-21,0.005580,23.542954,3.128401,30.303427
2016-07-22,0.001854,31.988373,3.904501,32.356539
2016-07-23,0.001814,36.077906,3.220567,25.447529
2016-07-24,0.164155,36.811889,3.686057,28.551861
2016-07-25,0.010009,33.114349,3.806857,30.372419
2016-07-26,0.013292,23.296724,3.614265,30.999128
2016-07-27,0.003311,21.230587,3.350127,28.036019
2016-07-28,0.008006,21.674631,3.431791,28.488488
2016-07-29,0.061205,18.585763,3.331911,23.785416
2016-07-30,0.092780,16.683787,3.591615,22.522668
2016-07-31,0.243250,17.690614,3.398744,24.218840
2016-08-01,0.042824,19.626083,2.942408,21.824941
2016-08-02,0.001578,18.009433,3.274562,21.522974
2016-08-03,0.001601,13.327836,3.196385,20.329019
2016-08-04,0.004289,12.922277,3.081787,20.839739
2016-08-05,0.008947,16.926120,3.055736,22.536557
2016-08-06,0.001880,19.902883,3.270955,24.286726
2016-08-07,0.004137,18.294956,3.222929,23.581420
2016-08-08,0.004715,28.149178,3.162552,20.536366
2016-08-09,0.000087,20.330639,3.100069,19.629268
2016-08-10,0.004141,17.777493,3.345944,21.698083
2016-08-11,0.000633,33.135421,3.169581,17.188727
2016-08-12,0.002981,32.265259,2.883650,24.548619
2016-08-13,0.008799,23.289611,2.743505,20.611287
2016-08-14,0.978097,21.539791,3.693505,23.958138
2016-08-15,0.954889,46.573343,9.267012,38.842762
2016-08-16,17.773772,56.268706,10.790850,45.791721
2016-08-17,8.990142,55.500845,6.779589,27.511803
2016-08-18,3.631437,33.130176,5.458171,21.350983
2016-08-19,0.015003,16.021969,1.361750,21.794743
2016-08-20,0.014503,13.286850,1.723711,21.244371
2016-08-21,0.002908,14.113157,2.375540,24.961305
2016-08-22,0.001296,16.634272,1.459952,19.689473
2016-08-23,0.001602,18.095031,1.282457,15.352530
2016-08-24,0.010800,16.480772,1.718394,17.412693
2016-08-25,0.007474,15.622872,2.294997,20.432004
2016-08-26,1.289990,26.673681,2.145168,17.936226
2016-08-27,0.120394,19.650123,1.737206,10.866908
2016-08-28,0.018191,10.612918,1.625839,15.743872
2016-08-29,0.000304,10.705128,1.521394,10.059241
2016-08-30,0.155210,19.815430,2.474298,17.225110
2016-08-31,0.145510,13.842699,1.463263,8.133901
2016-09-01,0.019009,12.843634,1.499919,8.642164
2016-09-02,0.001474,10.997477,1.225368,11.685614
2016-09-03,0.002526,8.613538,0.995159,11.261621
2016-09-04,0.003124,7.570795,1.500318,12.678047
2016-09-05,0.002833,8.004172,1.002033,11.972247
2016-09-06,0.000634,5.077717,1.127668,10.621057
2016-09-07,0.000287,4.396942,1.302938,9.272951
2016-09-08,7.264322,18.789598,5.428379,9.252197
2016-09-09,12.987968,31.442008,3.949233,16.546396
2016-09-10,8.746345,30.098568,4.225051,21.932588
2016-09-11,0.000001,15.219600,0.614118,5.703372
2016-09-12,0.000002,10.309782,0.494153,4.100091
2016-09-13,0.001129,6.427952,0.606923,9.973849
2016-09-14,0.000512,8.687830,1.408272,1.796276
2016-09-15,3.120699,18.861246,4.734970,17.450990
2016-09-16,2.170560,26.918344,4.817366,19.906941
2016-09-17,4.738932,13.346715,1.282511,9.263539
2016-09-18,0.013449,4.426691,0.710602,3.316686
2016-09-19,0.300110,3.015727,0.821995,4.331871
2016-09-20,2.113055,2.869720,0.724146,4.069132
2016-09-21,0.257477,0.901853,0.318566,4.609646
2016-09-22,0.159909,0.339282,0.315165,0.776678
2016-09-23,0.184147,4.661555,0.442008,5.228493
2016-09-24,2.687860,11.555944,0.525058,3.685839
2016-09-25,0.000000,3.463131,0.294769,4.368312
2016-09-26,0.000000,0.810663,0.292297,5.321599
2016-09-27,0.000006,0.732683,0.288242,3.109290
2016-09-28,0.000186,0.450166,0.282136,0.617231
2016-09-29,0.193871,0.391434,0.295337,0.234829
2016-09-30,1.073700,0.427703,0.275514,2.196863
2016-10-01,0.490670,0.108197,0.278007,0.145605
2016-10-02,0.096237,0.000007,0.618397,1.533714
2016-10-03,46.566350,4.091192,5.239429,4.017339
2016-10-04,42.194376,23.808131,4.378245,5.688252
2016-10-05,52.017438,19.490966,5.470421,7.450563
2016-10-06,25.621853,24.595423,6.033422,9.342694
2016-10-07,17.997806,26.303017,8.610297,14.666464
2016-10-08,34.183251,30.918585,4.711597,12.203079
2016-10-09,30.245497,34.303709,2.527205,6.002948
2016-10-10,0.148191,8.331964,1.673168,3.698488
2016-10-11,12.919985,2.940267,1.949494,4.762901
2016-10-12,4.291382,7.082903,1.313485,3.845483
2016-10-13,15.721843,10.482746,1.433269,1.280544
2016-10-14,0.732691,2.975470,0.486442,0.787877
2016-10-15,0.048295,0.379070,0.777349,0.460240
2016-10-16,5.990585,0.937508,3.153997,4.451948
2016-10-17,0.043643,0.700738,0.782820,3.117798
2016-10-18,0.933977,0.095448,0.452227,0.260303
2016-10-19,26.708611,1.378749,4.943674,5.273324
2016-10-20,24.774677,10.963848,1.658368,3.784963
2016-10-21,20.089173,2.331369,2.083484,2.935826
2016-10-22,6.164560,3.113327,0.651090,0.666748
2016-10-23,6.562868,0.871861,0.587432,0.210386
2016-10-24,0.433807,0.176528,0.623154,0.153648
2016-10-25,0.090322,0.008991,0.655064,0.153235
2016-10-26,1.923526,0.021930,0.697881,0.152632
2016-10-27,0.007201,0.001052,0.716141,0.152946
2016-10-28,0.023121,0.000000,0.737589,0.133456
2016-10-29,0.638680,0.000000,0.805253,0.151577
2016-10-30,0.315360,0.000000,1.447220,0.151984
2016-10-31,0.029714,0.000000,0.782128,0.269449
2016-11-01,0.029031,0.000000,0.849967,0.190444
2016-11-02,0.028929,0.000000,0.894617,0.153118
2016-11-03,0.565230,0.000000,0.863164,0.136945
2016-11-04,0.006889,0.000000,0.806521,0.147973
2016-11-05,0.001147,0.000000,1.256540,0.186542
2016-11-06,3.915691,0.045444,2.498503,0.203383
2016-11-07,0.160788,0.010960,0.860594,0.151624
2016-11-08,0.000000,0.000000,0.804264,0.150854
2016-11-09,0.000000,0.000000,0.807284,0.133772
2016-11-10,0.000000,0.000000,0.809797,0.133409
2016-11-11,0.000000,0.000000,0.806761,0.151194
2016-11-12,0.000000,0.000000,0.803885,0.127549
2016-11-13,0.000000,0.000000,0.806231,0.149394
2016-11-14,0.000000,0.000000,0.802713,0.149978
2016-11-15,0.000000,0.000000,0.803464,0.263392
2016-11-16,0.000000,0.000000,0.800838,0.153775
2016-11-17,0.000000,0.000000,0.799115,0.150353
2016-11-18,0.000000,0.000000,0.794950,0.150818
2016-11-19,0.000000,0.000000,0.791042,0.150397
2016-11-20,0.000000,0.000000,0.792347,0.142166
2016-11-21,0.000000,0.000000,0.786321,0.147943
2016-11-22,0.000000,0.000000,0.783158,0.155836
2016-11-23,0.000000,0.000000,0.776989,0.156506
2016-11-24,0.000000,0.000000,0.776266,0.137992
2016-11-25,0.000000,0.000000,0.770196,0.132252
2016-11-26,0.000000,0.000000,0.765983,0.156370
2016-11-27,0.000000,0.000000,0.774732,0.152273
2016-11-28,0.857229,0.000000,0.762415,0.371557
2016-11-29,0.000000,0.000000,0.756745,0.138243
2016-11-30,0.000000,0.000000,0.742154,0.127690
2016-12-01,0.000000,0.000000,0.744558,0.160104
2016-12-02,0.000000,0.000000,0.736594,0.129750
2016-12-03,0.000000,0.000000,0.732245,0.134009
2016-12-04,0.000000,0.000000,0.725688,0.126622
2016-12-05,0.000000,0.000000,0.869323,0.140726
2016-12-06,0.000000,0.000000,0.817250,0.146608
2016-12-07,0.000000,0.000000,0.713252,0.139867
2016-12-08,0.000000,0.000000,0.704519,0.134412
2016-12-09,0.000000,0.000000,0.698782,0.141269
2016-12-10,0.000000,0.000000,0.699895,0.134502
2016-12-11,0.000000,0.000000,0.702069,0.125492
2016-12-12,0.000000,0.000000,0.681133,0.140682
2016-12-13,0.000000,0.000000,0.679441,0.134535
2016-12-14,0.000000,0.000000,0.678834,0.141869
2016-12-15,0.000000,0.000000,0.664253,0.140090
2016-12-16,0.000000,0.000000,0.660491,0.141760
2016-12-17,0.000000,0.000000,0.652722,0.139654
2016-12-18,0.000000,0.000000,0.645609,0.151987
2016-12-19,0.000000,0.000000,0.642332,0.120846
2016-12-20,0.000000,0.000000,0.635528,0.144018
2016-12-21,0.000000,0.000000,0.633322,0.130125
2016-12-22,0.000000,0.000000,0.622274,0.136793
2016-12-23,0.000000,0.000000,0.615046,0.148838
2016-12-24,0.000000,0.000000,0.610563,0.131048
2016-12-25,0.000000,0.000000,0.605800,0.140941
2016-12-26,0.000000,0.000000,0.599412,0.134447
2016-12-27,0.000000,0.000000,0.594160,0.125771
2016-12-28,0.000000,0.000000,0.655182,0.148802
2016-12-29,0.000000,0.000000,0.636953,0.132541
2016-12-30,0.000000,0.000000,0.574943,0.139319
2016-12-31,0.000000,0.000000,0.570650,0.133489
2017-01-01,0.000000,0.000000,0.565100,0.133149
2017-01-02,0.000000,0.000000,0.559152,0.137337
2017-01-03,0.000000,0.000000,0.556422,0.120866
2017-01-04,0.000000,0.000000,0.545162,0.138571
2017-01-05,0.000000,0.000000,0.545596,0.134015
2017-01-06,0.000000,0.000000,0.537718,0.132306
2017-01-07,0.000000,0.000000,0.531587,0.138281
2017-01-08,0.000000,0.000000,0.527342,0.123765
2017-01-09,0.000000,0.000000,0.517995,0.135102
2017-01-10,0.000000,0.000000,0.514471,0.132785
2017-01-11,0.000000,0.000000,0.510086,0.135542
2017-01-12,0.000000,0.000000,0.504468,0.133956
2017-01-13,0.000000,0.000000,0.498893,0.133118
2017-01-14,0.000000,0.000000,0.493624,0.131897
2017-01-15,0.000000,0.000000,0.492643,0.118369
2017-01-16,0.000000,0.000000,0.481459,0.130279
2017-01-17,0.000000,0.000000,0.480187,0.183192
2017-01-18,0.000000,0.000000,0.470970,0.140183
2017-01-19,0.000000,0.000000,0.469648,0.133326
2017-01-20,0.000000,0.000000,0.462435,0.147083
2017-01-21,0.000000,0.000000,0.467047,0.132030
2017-01-22,0.000000,0.000000,0.453406,0.131430
2017-01-23,0.000000,0.000000,0.582571,0.130337
2017-01-24,0.000000,0.000000,0.770300,0.129772
2017-01-25,0.000000,0.000000,0.437272,0.121931
2017-01-26,0.000000,0.000000,0.434452,0.131521
2017-01-27,0.000000,0.000000,0.427039,0.129892
2017-01-28,0.000000,0.000000,0.423545,0.111926
2017-01-29,0.000000,0.000000,0.420455,0.143620
2017-01-30,0.000000,0.000000,0.413617,0.140723
2017-01-31,0.000000,0.000000,0.412345,0.131843
2017-02-01,0.000000,0.000000,0.404914,0.127406
2017-02-02,0.000000,0.000000,0.402069,0.132314
2017-02-03,0.000000,0.000000,0.403238,0.128161
2017-02-04,0.000000,0.000000,0.395544,0.131969
2017-02-05,0.000000,0.000000,0.390694,0.125174
2017-02-06,0.000000,0.000000,0.385357,0.127461
2017-02-07,0.000000,0.000000,0.398466,0.129396
2017-02-08,0.000000,0.000000,0.443876,0.117021
2017-02-09,0.000000,0.000000,0.380647,0.126933
2017-02-10,0.000000,0.000000,0.368850,0.129623
2017-02-11,0.000000,0.000000,0.376896,0.129597
2017-02-12,0.000000,0.000000,0.795023,0.140698
2017-02-13,0.000000,0.000000,0.359224,0.128794
2017-02-14,0.000000,0.000000,0.363584,0.127387
2017-02-15,0.000000,0.000000,0.350855,0.122657
2017-02-16,0.000000,0.000000,0.347495,0.125979
2017-02-17,0.000000,0.000000,0.340742,0.118562
2017-02-18,0.000000,0.000000,0.340827,0.190955
2017-02-19,0.000000,0.000000,0.338312,0.112924
2017-02-20,0.000000,0.000000,0.332718,0.216236
2017-02-21,0.000000,0.000000,0.330153,0.132495
2017-02-22,0.000000,0.000000,0.325354,0.118688
2017-02-23,0.000000,0.000000,0.322790,0.121813
2017-02-24,0.000000,0.000000,0.322790,0.126260
2017-02-25,0.000000,0.000000,0.317427,0.138374
2017-02-26,0.000000,0.000000,0.314765,0.123466
2017-02-27,0.000000,0.000000,0.311504,0.107954
2017-02-28,0.000000,0.000000,0.307267,0.133321
2017-03-01,0.000000,0.000000,0.305679,0.121977
2017-03-02,0.000000,0.000000,0.302576,0.122333
2017-03-03,0.000000,0.000000,0.300036,0.122610
2017-03-04,0.000000,0.000000,0.298291,0.117884
2017-03-05,0.000000,0.000000,0.294323,0.119027
2017-03-06,0.000000,0.000000,0.292648,0.118064
2017-03-07,0.000000,0.000000,0.288662,0.097677
2017-03-08,0.000000,0.000000,0.288569,0.137196
2017-03-09,0.000000,0.000000,0.280459,0.115113
2017-03-10,0.000000,0.000000,0.281641,0.105897
2017-03-11,0.000000,0.000000,0.280502,0.119301
2017-03-12,0.000000,0.000000,0.275843,0.117372
2017-03-13,0.000000,0.000000,0.273046,0.131519
2017-03-14,0.000000,0.000000,0.271458,0.119205
2017-03-15,0.000000,0.000000,0.270779,0.118620
2017-03-16,0.000000,0.000000,0.265866,0.108997
2017-03-17,0.000000,0.000000,0.262457,0.129509
2017-03-18,0.000000,0.000000,0.262372,0.101561
2017-03-19,0.000000,0.000000,0.257524,0.130675
2017-03-20,0.000000,0.000000,0.256863,0.150518
2017-03-21,0.000000,0.000000,0.255444,0.121047
2017-03-22,0.000000,0.000000,0.252717,0.511316
2017-03-23,0.000000,0.000000,0.262166,0.109745
2017-03-24,0.000000,0.000000,0.247819,0.127710
2017-03-25,0.000000,0.000000,0.245261,0.121093
2017-03-26,0.000000,0.000000,0.242134,0.116620
2017-03-27,0.000000,0.000000,0.242812,0.108659
2017-03-28,0.000000,0.000000,0.238427,0.129925
2017-03-29,0.000000,0.000000,0.237170,0.114689
2017-03-30,0.000000,0.000000,0.233420,0.118537
2017-03-31,0.000000,0.000000,0.233090,0.108642
2017-04-01,0.000000,0.000000,0.230666,0.126079
2017-04-02,0.000000,0.000000,0.227753,0.109144
2017-04-03,0.000000,0.000000,0.228126,0.115171
2017-04-04,0.000000,0.000000,0.222880,0.129343
2017-04-05,0.000000,0.000000,0.219992,0.113885
2017-04-06,0.000000,0.000000,0.222506,0.106706
2017-04-07,0.000000,0.000000,0.219107,0.129419
2017-04-08,0.000000,0.000000,0.218311,0.106845
2017-04-09,0.000000,0.000000,0.215143,0.778013
2017-04-10,0.000000,0.000000,0.212579,0.851159
2017-04-11,0.000000,0.000000,0.211832,0.128626
2017-04-12,0.000000,0.000000,0.211967,0.111115
2017-04-13,0.000000,0.000000,0.206007,0.127832
2017-04-14,0.000000,0.000000,0.206538,0.114005
2017-04-15,0.000000,0.000000,0.204444,0.122986
2017-04-16,0.000000,0.000000,0.204114,0.114991
2017-04-17,0.000000,0.000000,0.199107,0.111547
2017-04-18,0.000000,0.000000,0.200738,0.467712
2017-04-19,0.000000,0.000000,0.200105,0.122683
2017-04-20,0.000000,0.000000,0.196285,0.115283
2017-04-21,0.000000,0.000000,0.195070,0.109350
2017-04-22,0.000000,0.000000,0.191321,0.110536
2017-04-23,0.000000,0.000000,0.192273,0.959412
2017-04-24,0.000000,0.000000,0.203123,0.799551
2017-04-25,0.000000,0.000000,1.090928,0.613698
2017-04-26,0.000000,0.000000,2.976122,0.429905
2017-04-27,0.000000,0.000000,0.221520,0.102103
2017-04-28,0.000000,0.000000,0.191670,0.110365
2017-04-29,2.194780,0.000000,0.206346,0.110332
2017-04-30,1.637406,0.000000,0.406253,1.029664
2017-05-01,6.001025,0.019171,0.636757,0.812569
2017-05-02,9.526827,0.226782,2.001168,0.620834
2017-05-03,15.445636,0.527514,20.384723,0.284674
2017-05-04,27.138520,0.674264,9.142072,0.319868
2017-05-05,22.622972,0.751135,3.310505,0.377259
2017-05-06,17.199098,1.722540,2.774895,1.795298
2017-05-07,17.964883,2.526876,3.863205,1.517926
2017-05-08,14.053262,2.467588,2.734308,0.900947
2017-05-09,27.429594,5.566803,5.454454,3.268191
2017-05-10,1.655543,2.586853,1.463304,2.827444
2017-05-11,0.954471,0.015722,1.688666,1.274530
2017-05-12,0.868921,0.000000,0.591927,1.063629
2017-05-13,0.765696,0.000000,0.708620,1.031143
2017-05-14,4.068595,0.013302,1.395560,0.937073
2017-05-15,16.476806,1.219027,2.115990,1.219719
2017-05-16,20.410928,3.014455,2.568402,4.972035
2017-05-17,13.539653,3.175774,2.321486,3.541388
2017-05-18,13.588262,3.236762,2.588641,2.401020
2017-05-19,18.594825,4.630059,6.664832,3.516282
2017-05-20,31.600824,10.819560,5.129819,6.444170
2017-05-21,38.425781,12.966059,5.461222,6.018884
2017-05-22,15.864580,6.946265,4.631689,7.486106
2017-05-23,17.703894,4.066998,5.708512,7.709058
2017-05-24,16.040758,4.203683,5.627776,7.233872
2017-05-25,11.564922,2.909561,6.163673,13.034012
2017-05-26,3.801324,1.060543,5.269498,12.967524
2017-05-27,3.370230,0.293956,4.838588,16.842641
2017-05-28,8.697496,0.646189,4.826537,10.765981
2017-05-29,10.353846,1.501765,5.338466,22.586416
2017-05-30,7.326607,0.871664,5.098981,13.646570
2017-05-31,1.262845,0.107800,4.591763,5.696891
2017-06-01,2.378430,0.043810,4.720102,17.274212
2017-06-02,15.429075,1.200613,5.389688,23.184702
2017-06-03,22.356780,3.008719,6.043782,17.464323
2017-06-04,27.582258,5.778649,6.863214,11.493613
2017-06-05,19.487210,8.025726,7.392284,18.893862
2017-06-06,13.985025,5.787673,5.916377,15.219063
2017-06-07,20.747285,8.094007,7.749290,16.405935
2017-06-08,15.603857,8.784714,7.336862,14.974995
2017-06-09,14.682136,8.362759,7.115209,12.040603
2017-06-10,12.381815,7.275973,7.511160,11.524477
2017-06-11,15.208855,8.101860,8.200991,11.680449
2017-06-12,15.340120,8.920487,8.699971,8.950783
2017-06-13,19.670523,9.937575,9.362483,7.921889
2017-06-14,21.483293,11.202514,10.346377,8.940490
2017-06-15,25.632571,13.394441,13.063598,12.730217
2017-06-16,19.665159,10.721008,12.105693,22.105957
2017-06-17,32.850623,15.439379,17.144483,26.035386
2017-06-18,15.984786,12.906258,13.182556,27.799922
2017-06-19,24.539274,11.533498,13.460979,24.925717
2017-06-20,57.931532,20.547202,16.932043,28.027141
2017-06-21,65.695247,26.610551,19.284533,26.327800
2017-06-22,45.058331,23.284006,19.108766,24.658962
2017-06-23,30.994520,18.261694,15.445387,26.036351
2017-06-24,19.927497,13.314894,16.426990,33.747005
2017-06-25,17.012476,11.517139,15.375121,30.213213
2017-06-26,17.161153,11.836999,15.183460,31.143696
2017-06-27,16.805311,11.838004,14.960550,29.404212
2017-06-28,17.227342,11.923786,15.669542,29.516258
2017-06-29,16.069965,10.917702,15.218043,27.361652
2017-06-30,23.096067,10.425954,14.618882,25.114957
2017-07-01,27.208616,15.883115,14.485996,29.522126
2017-07-02,14.533248,11.625840,12.259713,17.292904
2017-07-03,13.843275,7.505691,12.971238,26.674371
2017-07-04,14.464332,5.701303,11.937416,26.270043
2017-07-05,0.545928,4.514073,10.104947,20.207680
2017-07-06,6.315308,15.920012,12.827562,35.543329
2017-07-07,4.270056,27.145017,12.198719,39.378705
2017-07-08,4.099042,19.020220,9.996838,33.122459
2017-07-09,3.703480,15.582541,9.983552,31.461278
2017-07-10,3.608703,14.505431,8.919407,30.445284
2017-07-11,3.127794,13.255337,8.395189,29.771835
2017-07-12,3.152158,12.609222,8.035483,28.708772
2017-07-13,3.239970,12.728381,7.889504,29.429681
2017-07-14,28.433888,20.344600,7.431886,21.313278
2017-07-15,7.852272,41.185168,9.133067,35.506243
2017-07-16,4.294221,23.014800,6.049248,24.255049
2017-07-17,8.159486,22.828905,6.229773,21.480286
2017-07-18,7.686131,28.946443,9.353570,30.434580
2017-07-19,4.523364,38.726616,5.573504,22.862923
2017-07-20,3.500726,24.255493,6.184538,31.284649
2017-07-21,2.887818,19.624736,5.346548,30.609427
2017-07-22,16.706358,40.463662,5.405466,21.774308
2017-07-23,4.285248,31.956682,4.903516,27.894273
2017-07-24,4.156553,29.291447,9.261797,33.781674
2017-07-25,38.580212,60.406963,16.087243,54.580031
2017-07-26,5.548996,57.888103,4.594525,35.715597
2017-07-27,3.262907,36.753340,3.412580,30.008854
2017-07-28,3.482949,25.372522,3.798703,30.086052
2017-07-29,3.071754,26.408223,4.273699,33.109384
2017-07-30,2.794086,25.210358,3.732485,30.392202
2017-07-31,2.534759,18.121242,3.569344,28.059749
2017-08-01,2.378767,14.540439,3.544161,25.255103
2017-08-02,2.743269,15.266160,3.780511,26.972580
2017-08-03,2.395136,15.955610,3.444990,24.528428
2017-08-04,1.730239,13.317602,3.224775,22.360075
2017-08-05,1.964269,13.787149,2.943715,21.181257
2017-08-06,4.533850,18.871773,3.236040,21.016849
2017-08-07,1.335839,13.094166,3.705642,21.894275
2017-08-08,3.908361,16.034635,3.748307,26.923808
2017-08-09,1.418506,12.151821,3.131859,19.017306
2017-08-10,1.527694,11.490909,3.152565,19.260941
2017-08-11,2.203515,14.416570,3.096238,20.513852
2017-08-12,1.670115,14.168184,3.084905,21.894108
2017-08-13,1.276689,11.979602,3.219576,21.609383
2017-08-14,1.694365,11.991321,2.881550,22.254343
2017-08-15,1.300003,11.362181,2.838810,17.758001
2017-08-16,1.091450,10.302146,3.112234,20.428513
2017-08-17,0.471601,9.167115,2.549841,11.042388
2017-08-18,0.897758,9.268280,2.806768,18.422939
2017-08-19,1.177408,8.910054,2.610184,18.938510
2017-08-20,5.018427,7.753893,3.463927,13.112449
2017-08-21,1.260398,7.504956,2.567455,15.177681
2017-08-22,1.933960,11.321601,2.774992,23.114120
2017-08-23,1.739519,12.371359,2.112433,20.418532
2017-08-24,1.617368,11.854621,2.506122,18.336435
2017-08-25,22.674435,33.745104,4.049657,13.312539
2017-08-26,4.308946,39.919527,2.718858,14.524909
2017-08-27,2.318477,28.870680,3.612567,16.327790
2017-08-28,1.576066,19.537581,1.665433,17.993464
2017-08-29,0.948483,11.276824,1.721622,14.985467
2017-08-30,1.335589,11.723341,1.539602,13.361469
2017-08-31,2.546245,15.002981,1.878048,15.005846
2017-09-01,3.080526,32.406183,2.693721,20.892076
2017-09-02,0.700126,13.199669,1.325060,9.312587
2017-09-03,0.807401,11.379893,2.105103,8.164672
2017-09-04,9.639284,15.502534,7.211937,24.654595
2017-09-05,1.182945,16.875008,3.200107,17.236077
2017-09-06,1.072011,6.598805,2.396548,14.436401
2017-09-07,0.886619,4.352470,1.292315,10.819451
2017-09-08,0.466386,4.222957,1.093829,2.533424
2017-09-09,0.590634,5.424550,1.718674,9.020364
2017-09-10,0.874931,3.787817,1.230599,5.842306
2017-09-11,5.292308,2.508780,1.038646,4.051455
2017-09-12,2.338175,4.943444,1.006494,7.407913
2017-09-13,0.174867,2.683543,0.500701,6.076874
2017-09-14,0.759448,2.136153,0.854373,4.364812
2017-09-15,21.901480,11.915091,9.389176,18.551496
2017-09-16,20.527758,36.247917,6.914369,22.672313
2017-09-17,1.536953,24.249078,2.562294,12.447118
2017-09-18,0.489515,8.469138,0.782996,5.328489
2017-09-19,8.073894,12.320325,3.647549,9.166025
2017-09-20,2.421918,6.870885,1.039340,7.835821
2017-09-21,6.533413,18.270190,4.666176,13.883166
2017-09-22,1.921928,12.622549,1.483305,6.391163
2017-09-23,8.127786,8.490125,1.314452,7.560625
2017-09-24,31.393991,26.274723,5.862504,12.765099
2017-09-25,0.922778,15.579028,2.761109,10.894224
2017-09-26,19.459145,14.131443,5.907757,15.176218
2017-09-27,9.233014,16.223922,1.365578,6.323679
2017-09-28,0.225811,3.562243,0.489557,3.669647
2017-09-29,0.149534,0.574305,0.406964,4.024245
2017-09-30,0.146319,0.091730,0.394768,1.855099
2017-10-01,6.017782,1.729880,1.894308,0.865590
2017-10-02,6.935053,5.237349,0.782759,3.083069
2017-10-03,4.670791,3.365808,0.630010,3.118367
2017-10-04,0.037778,0.971660,0.394505,1.080712
2017-10-05,0.099816,0.182203,0.414158,1.393591
2017-10-06,0.011304,0.081355,0.455449,0.821218
2017-10-07,0.522903,0.278264,0.559609,1.000805
2017-10-08,1.735092,3.950772,2.058037,2.848993
2017-10-09,7.127476,9.061621,2.203516,3.433702
2017-10-10,1.011513,7.866993,1.036061,3.053566
2017-10-11,17.690038,10.118662,1.204620,2.524747
2017-10-12,0.000492,5.042164,0.383981,0.153801
2017-10-13,0.000000,0.833536,0.386329,0.153114
2017-10-14,0.000000,0.155439,0.380084,0.157892
2017-10-15,0.001842,0.021194,0.387582,0.151932
2017-10-16,0.147519,0.002990,0.407589,0.343573
2017-10-17,9.884852,0.306375,0.652804,0.839795
2017-10-18,1.261445,0.205639,0.913590,2.235182
2017-10-19,16.494394,0.569281,1.495511,1.857418
2017-10-20,16.605821,1.679897,3.738303,3.954986
2017-10-21,2.731034,0.938652,0.489574,0.674387
2017-10-22,0.808880,0.008709,0.399334,0.143956
2017-10-23,5.714737,0.033023,1.228765,0.248249
2017-10-24,0.566059,0.065238,0.418167,0.384690
2017-10-25,0.436181,0.000000,0.426935,0.146562
2017-10-26,14.288429,0.260253,1.969504,0.350752
2017-10-27,7.366211,2.331538,0.561905,0.310341
2017-10-28,0.451031,0.178700,0.452911,0.146153
2017-10-29,0.375988,0.011938,0.461745,0.283557
2017-10-30,0.326732,0.001609,0.466925,0.146060
2017-10-31,0.252698,0.000224,0.474429,0.202107
2017-11-01,0.197659,0.000105,0.481446,0.193856
2017-11-02,0.069050,0.000077,0.482718,0.145947
2017-11-03,0.017206,0.000016,0.489535,0.144738
2017-11-04,0.008787,0.000000,0.491089,0.146581
2017-11-05,0.000440,0.000000,0.492992,0.143708
2017-11-06,0.000000,0.000000,0.495721,0.139551
2017-11-07,0.000000,0.000000,0.497285,0.142811
2017-11-08,0.000000,0.000000,0.497242,0.143017
2017-11-09,0.000000,0.000000,0.498359,0.143121
2017-11-10,0.000000,0.000000,0.496563,0.136885
2017-11-11,0.000000,0.000000,0.500385,0.142372
2017-11-12,0.000000,0.000000,0.499824,0.139671
2017-11-13,0.000000,0.000000,0.500105,0.143611
2017-11-14,0.000000,0.000000,0.499732,0.142843
2017-11-15,0.000000,0.000000,0.498913,0.137103
2017-11-16,0.000000,0.000000,0.497308,0.139613
2017-11-17,0.000000,0.000000,0.496820,0.137098
2017-11-18,0.000000,0.000000,0.497283,0.135786
2017-11-19,0.000000,0.000000,0.494395,0.137022
2017-11-20,0.000000,0.000000,0.494858,0.132468
2017-11-21,0.000000,0.000000,0.491573,0.136717
2017-11-22,0.000000,0.000000,0.493692,0.133987
2017-11-23,0.000000,0.000000,0.487892,0.136459
2017-11-24,0.000000,0.000000,0.487934,0.133482
2017-11-25,0.000000,0.000000,0.488819,0.133320
2017-11-26,0.000000,0.000000,0.483324,0.136239
2017-11-27,0.000000,0.000000,0.482688,0.132468
2017-11-28,0.000000,0.000000,0.481827,0.142600
2017-11-29,0.000000,0.000000,1.219219,0.139747
2017-11-30,5.534689,0.027169,2.810396,0.136613
2017-12-01,0.011508,0.005387,0.755553,0.134405
2017-12-02,0.000000,0.000000,0.472874,0.133383
2017-12-03,0.000000,0.000000,0.469540,0.131791
2017-12-04,0.000000,0.000000,0.467627,0.131109
2017-12-05,0.000000,0.000000,0.465857,0.131119
2017-12-06,0.000000,0.000000,0.463896,0.133534
2017-12-07,0.000000,0.000000,0.460611,0.130658
2017-12-08,0.000000,0.000000,0.458650,0.129908
2017-12-09,0.000000,0.000000,0.454570,0.133418
2017-12-10,0.000000,0.000000,0.455670,0.122144
2017-12-11,0.000000,0.000000,0.447511,0.133645
2017-12-12,0.000000,0.000000,0.446501,0.128798
2017-12-13,0.000000,0.000000,0.446476,0.129895
2017-12-14,0.000000,0.000000,0.442239,0.130127
2017-12-15,0.000000,0.000000,0.439136,0.515459
2017-12-16,0.000000,0.000000,0.442054,0.130911
2017-12-17,0.000000,0.000000,0.431656,0.127780
2017-12-18,0.000000,0.000000,0.440401,0.128514
2017-12-19,0.000000,0.000000,0.429974,0.127853
2017-12-20,0.000000,0.000000,0.423562,0.141650
2017-12-21,0.000000,0.000000,0.419881,0.127790
2017-12-22,0.000000,0.000000,0.417083,0.126406
2017-12-23,0.000000,0.000000,0.415776,0.127307
2017-12-24,0.000000,0.000000,0.410555,0.125196
2017-12-25,0.000000,0.000000,0.408411,0.126923
2017-12-26,0.000000,0.000000,0.406518,0.124190
2017-12-27,0.000000,0.000000,0.400277,0.122713
2017-12-28,0.000000,0.000000,0.400319,0.125432
2017-12-29,0.000000,0.000000,0.394700,0.122151
2017-12-30,0.000000,0.000000,0.391299,0.122785
2017-12-31,0.000000,0.000000,0.390968,0.124524
2018-01-01,0.000000,0.000000,0.384091,0.123424
2018-01-02,0.000000,0.000000,0.384091,0.123780
2018-01-03,0.000000,0.000000,0.381973,0.119293
2018-01-04,0.000000,0.000000,0.373813,0.123279
2018-01-05,0.000000,0.000000,0.375113,0.121734
2018-01-06,0.000000,0.000000,0.368567,0.124660
2018-01-07,0.000000,0.000000,0.364487,0.121101
2018-01-08,0.000000,0.000000,0.364462,0.121203
2018-01-09,0.000000,0.000000,0.362083,0.120501
2018-01-10,0.000000,0.000000,0.387574,0.110624
2018-01-11,0.000000,0.000000,0.359969,0.117868
2018-01-12,0.000000,0.000000,0.510922,0.119178
2018-01-13,0.000000,0.000000,0.349494,0.120099
2018-01-14,0.000000,0.000000,0.345666,0.117753
2018-01-15,0.000000,0.000000,0.341195,0.116787
2018-01-16,0.000000,0.000000,0.336834,0.115968
2018-01-17,0.000000,0.000000,0.334318,0.117097
2018-01-18,0.000000,0.000000,0.332640,0.115563
2018-01-19,0.000000,0.000000,0.327789,0.116074
2018-01-20,0.000000,0.000000,0.324175,0.116982
2018-01-21,0.000000,0.000000,0.324107,0.115116
2018-01-22,0.000000,0.000000,0.317579,0.117571
2018-01-23,0.000000,0.000000,0.317273,0.113204
2018-01-24,0.000000,0.000000,0.313566,0.115992
2018-01-25,0.000000,0.000000,0.311075,0.113717
2018-01-26,0.000000,0.000000,0.307063,0.115432
2018-01-27,0.000000,0.000000,0.303662,0.116055
2018-01-28,0.000000,0.000000,0.347897,0.110992
2018-01-29,0.000000,0.000000,0.298650,0.106814
2018-01-30,0.000000,0.000000,0.296479,0.106684
2018-01-31,0.000000,0.000000,0.294336,0.105337
2018-02-01,0.000000,0.000000,0.290629,0.105067
2018-02-02,0.000000,0.000000,0.291884,0.106672
2018-02-03,0.000000,0.000000,0.284125,0.105070
2018-02-04,0.000000,0.000000,0.285963,0.107735
2018-02-05,0.000000,0.000000,0.280046,0.116565
2018-02-06,0.000000,0.000000,0.277664,0.107427
2018-02-07,0.000000,0.000000,0.275107,0.102728
2018-02-08,0.000000,0.000000,0.272418,0.109085
2018-02-09,0.000000,0.000000,0.269157,0.096292
2018-02-10,0.000000,0.000000,0.269480,0.103864
2018-02-11,0.000000,0.000000,0.271793,0.104324
2018-02-12,0.000000,0.000000,0.263001,0.103876
2018-02-13,0.000000,0.000000,0.273390,0.105854
2018-02-14,0.000000,0.000000,0.256870,0.849537
2018-02-15,0.000000,0.000000,0.260950,0.099832
2018-02-16,0.000000,0.000000,0.275925,0.103379
2018-02-17,0.000000,0.000000,0.251228,0.112098
2018-02-18,0.000000,0.000000,0.248223,0.102220
2018-02-19,0.000000,0.000000,0.249362,0.102634
2018-02-20,0.000000,0.000000,0.269673,0.110786
2018-02-21,0.000000,0.000000,0.244584,0.097394
2018-02-22,0.000000,0.000000,0.235591,0.095489
2018-02-23,0.000000,0.000000,0.241528,0.096970
2018-02-24,0.000000,0.000000,0.532769,0.099541
2018-02-25,0.000000,0.000000,0.236119,0.131066
2018-02-26,0.000000,0.000000,0.240952,0.089258
2018-02-27,0.000000,0.000000,0.229012,0.103968
2018-02-28,0.000000,0.000000,0.227704,0.121154
2018-03-01,0.000000,0.000000,0.225909,0.095174
2018-03-02,0.000000,0.000000,0.222533,0.104548
2018-03-03,0.000000,0.000000,0.222533,0.097803
2018-03-04,0.000000,0.000000,0.218496,0.097436
2018-03-05,0.000000,0.000000,0.220291,0.095031
2018-03-06,0.000000,0.000000,0.214234,0.096536
2018-03-07,0.000000,0.000000,0.214441,0.105827
2018-03-08,0.000000,0.000000,0.212017,0.087792
2018-03-09,0.000000,0.000000,0.211992,0.094204
2018-03-10,0.000000,0.000000,0.207912,0.093902
2018-03-11,0.000000,0.000000,0.204934,0.093146
2018-03-12,0.000000,0.000000,0.205488,0.094797
2018-03-13,0.000000,0.000000,0.204273,0.102926
2018-03-14,0.000000,0.000000,0.201781,0.094942
2018-03-15,0.000000,0.000000,0.200151,0.095765
2018-03-16,0.000000,0.000000,0.196329,0.097301
2018-03-17,0.000000,0.000000,0.330205,0.099193
2018-03-18,0.000000,0.000000,0.472772,0.256610
2018-03-19,0.000000,0.000000,0.379245,0.327104
2018-03-20,0.000000,0.000000,0.368147,0.258905
2018-03-21,0.000000,0.000000,0.236117,0.089635
2018-03-22,0.000000,0.000000,0.190639,0.116685
2018-03-23,0.000000,0.000000,0.184625,0.093688
2018-03-24,0.000000,0.000000,0.183877,0.094089
2018-03-25,0.000000,0.000000,0.182901,0.093052
2018-03-26,0.000000,0.000000,0.181734,0.104420
2018-03-27,0.000000,0.000000,0.185370,0.092577
2018-03-28,0.000000,0.000000,0.176795,0.092361
2018-03-29,0.000000,0.000000,0.176464,0.093796
2018-03-30,0.000000,0.000000,0.176439,0.092858
2018-03-31,0.000000,0.000000,0.174346,0.116800
2018-04-01,0.000000,0.000000,0.172783,0.091813
2018-04-02,0.000000,0.000000,0.172733,0.099340
2018-04-03,0.000000,0.000000,0.168190,0.094167
2018-04-04,0.000000,0.000000,0.169051,0.092956
2018-04-05,0.000000,0.000000,0.164509,0.102646
2018-04-06,0.000000,0.000000,0.168746,0.091484
2018-04-07,0.000000,0.000000,0.164484,0.093231
2018-04-08,0.000000,0.000000,0.224115,0.091164
2018-04-09,0.000000,0.000000,0.217026,0.104537
2018-04-10,0.000000,0.000000,0.160870,0.099899
2018-04-11,0.000000,0.000000,0.296018,0.090209
2018-04-12,0.000000,0.000000,0.392527,0.455137
2018-04-13,0.000000,0.000000,0.378664,0.406236
2018-04-14,0.000000,0.000000,0.766034,0.456275
2018-04-15,0.000000,0.000000,0.285046,0.769615
2018-04-16,0.000000,0.000000,4.067059,0.220149
2018-04-17,4.022723,0.000000,5.443535,0.289655
2018-04-18,10.457046,0.147870,3.154631,0.347764
2018-04-19,4.990820,0.159567,3.826232,0.355072
2018-04-20,2.765619,0.131671,1.294433,0.556348
2018-04-21,0.374190,0.024792,1.212332,0.682728
2018-04-22,0.082317,0.000000,0.830607,0.087119
2018-04-23,0.066509,0.000000,1.484445,1.003616
2018-04-24,0.054420,0.000000,1.062333,0.535490
2018-04-25,0.048600,0.000000,0.883011,0.158937
2018-04-26,0.047931,0.000000,0.298087,0.413982
2018-04-27,0.039905,0.000000,0.379044,0.389594
2018-04-28,0.033346,0.000000,0.361369,0.580592
2018-04-29,0.026878,0.000000,0.460609,0.972567
2018-04-30,0.020450,0.000000,0.352836,0.651166
2018-05-01,0.015059,0.000000,0.441036,0.089533
2018-05-02,0.013088,0.000000,0.334113,0.229921
2018-05-03,0.008860,0.000000,0.476441,0.090107
2018-05-04,0.014969,0.000000,0.562614,0.088188
2018-05-05,0.006568,0.000000,0.615251,0.101027
2018-05-06,0.004988,0.000000,0.463675,0.707430
2018-05-07,0.003931,0.000000,0.493840,0.605817
2018-05-08,0.005510,0.000000,0.661848,0.093379
2018-05-09,0.005056,0.000000,0.496299,0.093912
2018-05-10,0.001578,0.000000,0.501078,0.764082
2018-05-11,0.001223,0.000000,0.490699,0.734794
2018-05-12,0.000828,0.000000,1.124065,0.443823
2018-05-13,0.000475,0.000000,0.694081,0.863672
2018-05-14,5.052886,0.000000,1.337724,0.587833
2018-05-15,0.637401,0.000000,0.205836,1.350679
2018-05-16,0.012628,0.000000,0.201802,1.058048
2018-05-17,10.886944,0.098250,0.622966,0.445155
2018-05-18,0.905601,0.130840,0.182069,1.493884
2018-05-19,0.011509,0.005701,0.179507,0.723927
2018-05-20,0.647633,0.000000,0.327990,0.930247
2018-05-21,1.830893,0.006035,0.292977,0.539712
2018-05-22,3.483004,0.029302,0.204281,0.694470
2018-05-23,8.950854,0.356982,0.803508,0.669032
2018-05-24,2.256488,0.201695,0.276483,1.006217
2018-05-25,0.701846,0.065110,0.486368,0.896756
2018-05-26,8.057036,0.159473,0.253508,0.891698
2018-05-27,11.432180,0.236873,0.516804,0.867032
2018-05-28,5.265951,0.116236,0.401796,0.801048
2018-05-29,15.936878,0.174262,1.435328,3.365186
2018-05-30,27.269316,0.460208,2.134524,4.436501
2018-05-31,14.268282,0.299187,2.608444,3.084929
2018-06-01,12.147756,0.236050,3.295266,2.649406
2018-06-02,15.719336,0.937559,4.960357,4.093145
2018-06-03,22.452167,2.826065,4.697813,2.297208
2018-06-04,19.369251,3.567726,5.628170,2.793333
2018-06-05,19.634148,3.801331,4.825269,2.916084
2018-06-06,24.562165,6.179261,6.678651,3.039756
2018-06-07,32.778653,10.649011,7.313849,3.183996
2018-06-08,19.401614,7.323605,4.128934,1.991007
2018-06-09,18.010797,4.699383,3.244571,1.259918
2018-06-10,29.777714,6.740264,5.400217,9.180530
2018-06-11,27.114682,6.395302,4.475601,10.471353
2018-06-12,18.177360,5.231336,5.110365,9.494201
2018-06-13,16.738179,4.389540,4.838194,4.962576
2018-06-14,20.685309,4.830067,5.593518,10.873321
2018-06-15,15.958206,4.583289,6.649644,7.312043
2018-06-16,16.992284,4.264999,6.044895,4.055129
2018-06-17,19.850656,4.686424,6.827866,8.179508
2018-06-18,13.615788,4.737841,7.436692,8.023087
2018-06-19,14.923152,5.717651,7.979477,7.728149
2018-06-20,14.314725,7.125223,9.860872,8.342532
2018-06-21,33.883130,10.788871,9.210610,9.354816
2018-06-22,26.343323,16.165812,10.102113,16.697878
2018-06-23,32.385718,14.751021,11.139168,12.323283
2018-06-24,26.407678,16.561037,8.173868,11.236645
2018-06-25,19.995990,12.081837,9.072703,13.935230
2018-06-26,17.926648,10.617672,9.279486,9.099875
2018-06-27,18.539131,11.142651,9.931591,12.561687
2018-06-28,28.159180,9.940986,10.600878,17.554132
2018-06-29,30.637303,18.013088,9.462053,15.618381
2018-06-30,17.968092,12.097238,8.435219,24.119750
2018-07-01,35.853287,14.403785,10.405673,17.892308
2018-07-02,42.672810,24.138657,12.082678,24.168198
2018-07-03,20.209573,13.702743,8.654692,29.443828
2018-07-04,13.218575,8.903130,8.821023,23.888675
2018-07-05,15.875855,8.486144,9.615656,26.491346
2018-07-06,17.647410,10.609458,10.378847,26.102803
2018-07-07,19.081850,11.583439,9.536952,26.168265
2018-07-08,33.124216,13.738013,11.963902,17.972970
2018-07-09,29.295458,20.448375,10.519995,34.139745
2018-07-10,15.712458,11.594522,9.337384,28.642447
2018-07-11,18.126727,10.678332,10.230377,34.258481
2018-07-12,20.060631,12.359960,11.150542,32.705119
2018-07-13,30.779116,14.306370,11.079476,33.262531
2018-07-14,26.355566,15.996158,10.431038,33.293060
2018-07-15,36.139122,19.407539,10.825196,34.459425
2018-07-16,19.399172,15.847168,10.853977,32.096919
2018-07-17,17.740461,14.940336,10.847618,31.097876
2018-07-18,20.776278,14.593787,10.203488,28.699293
2018-07-19,12.511078,12.040959,9.714262,28.223546
2018-07-20,27.600390,15.672895,10.500073,28.982207
2018-07-21,13.370663,15.675704,10.685810,28.764266
2018-07-22,3.588669,15.904272,11.711460,28.684362
2018-07-23,3.154289,13.703676,11.570345,27.495215
2018-07-24,2.858654,12.890407,10.736581,21.612288
2018-07-25,2.688667,14.572649,9.885106,25.542637
2018-07-26,2.729778,12.783527,8.888505,23.629310
2018-07-27,3.451971,12.731643,8.418023,23.846700
2018-07-28,3.240593,14.326494,7.863818,22.008411
2018-07-29,11.386913,47.202099,16.615798,47.821388
2018-07-30,12.143674,70.950227,10.570414,31.068220
2018-07-31,7.572299,61.540117,8.433001,25.085382
2018-08-01,3.801662,37.314334,6.612312,30.494750
2018-08-02,2.672322,21.143597,5.747193,23.955921
2018-08-03,2.746401,16.565924,5.447691,22.357196
2018-08-04,2.104853,13.996682,5.362022,22.404822
2018-08-05,2.364753,12.815823,5.094784,20.770081
2018-08-06,1.974081,12.386035,5.134363,20.245914
2018-08-07,1.557734,11.844520,4.672454,20.423194
2018-08-08,1.883992,14.387027,5.047809,22.018697
2018-08-09,1.296543,12.445835,5.290180,20.799910
2018-08-10,1.829016,14.434512,4.640922,17.901255
2018-08-11,11.239326,34.236575,5.327451,18.590605
2018-08-12,13.153246,49.108129,4.969802,26.457215
2018-08-13,15.738344,49.187436,4.790217,14.516341
2018-08-14,3.745460,42.073649,4.834340,23.010281
2018-08-15,1.898358,28.735169,3.721358,21.440939
2018-08-16,1.300289,12.842105,3.983759,16.094148
2018-08-17,1.483937,10.786699,3.409329,22.063186
2018-08-18,1.442788,11.732311,3.507359,16.772580
2018-08-19,0.964492,10.516354,3.525824,16.786895
2018-08-20,1.373148,9.812412,2.796250,13.405427
2018-08-21,0.698585,8.739503,2.701160,7.014497
2018-08-22,3.165712,14.575126,3.292697,17.261953
2018-08-23,0.910118,10.297908,2.513474,9.073034
2018-08-24,0.184466,6.241558,2.171562,2.010866
2018-08-25,0.124302,4.646421,2.845846,10.601841
2018-08-26,0.176551,3.375354,2.559658,4.622707
2018-08-27,0.256973,8.468054,1.982847,6.763022
2018-08-28,0.100656,6.914771,2.128217,7.523359
2018-08-29,0.129533,5.773281,2.715436,8.413305
2018-08-30,34.855353,6.943709,5.386242,10.264849
2018-08-31,18.192427,18.546690,5.494873,18.917904
2018-09-01,3.106041,22.831665,1.980914,14.570499
2018-09-02,0.355887,11.844295,1.664209,11.072070
2018-09-03,0.008350,4.953636,1.837533,13.783533
2018-09-04,0.216854,7.374093,1.454766,10.685265
2018-09-05,0.319680,8.038894,2.566092,10.168794
2018-09-06,16.955781,15.674635,5.520019,9.735840
2018-09-07,65.496330,48.208301,13.938476,34.061633
2018-09-08,47.386660,69.667665,11.231347,38.776789
2018-09-09,19.421004,40.665239,7.339904,19.156053
2018-09-10,11.504916,30.114102,3.780094,15.256095
2018-09-11,8.064270,15.107479,3.894898,11.614730
2018-09-12,8.726502,17.818682,3.330028,13.959975
2018-09-13,2.017487,15.858969,2.661992,12.398001
2018-09-14,0.256023,4.563700,0.928945,5.863338
2018-09-15,2.093716,3.669708,0.966287,5.126835
2018-09-16,0.342617,5.182262,1.207115,6.926656
2018-09-17,3.779437,9.289298,2.331868,8.333610
2018-09-18,0.000050,7.530122,0.732996,6.152451
2018-09-19,0.000062,2.406410,0.727953,0.771348
2018-09-20,0.070127,0.603930,0.723919,0.545767
2018-09-21,0.001322,0.176397,0.719628,0.348595
2018-09-22,0.001555,0.180346,0.715220,1.963065
2018-09-23,0.000115,0.104226,0.712162,1.609492
2018-09-24,0.017817,0.016157,0.724914,0.257276
2018-09-25,0.000216,0.004863,0.737856,0.169015
2018-09-26,0.000150,0.003306,0.694728,0.166576
2018-09-27,0.003894,0.002413,0.703759,0.533210
2018-09-28,3.495406,0.000090,0.689891,0.164236
2018-09-29,1.107782,0.000000,0.673557,1.042998
2018-09-30,0.000241,0.000000,0.679103,0.595282
2018-10-01,1.458860,0.000000,0.660416,0.165201
2018-10-02,0.203984,0.000000,0.659673,0.161716
2018-10-03,1.255633,0.000000,0.646645,0.163399
2018-10-04,0.743895,0.000000,0.639053,0.156070
2018-10-05,0.000311,0.000000,0.632377,0.411202
2018-10-06,0.005877,0.000000,0.625466,0.158581
2018-10-07,0.012642,0.000000,0.618740,0.157539
2018-10-08,0.000001,0.000000,0.609269,0.157209
2018-10-09,0.000017,0.000000,0.605285,0.155280
2018-10-10,0.000010,0.000000,0.592005,0.161569
2018-10-11,0.005538,0.000000,0.690862,0.168973
2018-10-12,1.043750,0.001577,0.875203,1.041341
2018-10-13,0.000000,0.000000,0.576833,0.155657
2018-10-14,0.000000,0.000000,0.566988,0.155467
2018-10-15,0.000000,0.000000,0.561993,0.156691
2018-10-16,0.000000,0.000000,0.557037,0.154884
2018-10-17,0.000000,0.000000,0.545938,0.154401
2018-10-18,0.000000,0.000000,0.727756,0.157687
2018-10-19,0.000000,0.000000,0.617428,0.151503
2018-10-20,0.000000,0.000000,0.531416,0.156870
2018-10-21,0.000000,0.000000,0.521191,0.149486
2018-10-22,0.000000,0.000000,0.514381,0.297205
2018-10-23,0.000000,0.000000,0.508195,0.154594
2018-10-24,0.000000,0.000000,0.502617,0.158264
2018-10-25,0.000000,0.000000,0.493594,0.157681
2018-10-26,0.000000,0.000000,0.488781,0.255281
2018-10-27,0.000000,0.000000,0.487944,0.147937
2018-10-28,0.000000,0.000000,0.476273,0.160191
2018-10-29,0.000000,0.000000,0.468164,0.149650
2018-10-30,0.000000,0.000000,0.467027,0.159888
2018-10-31,0.000000,0.000000,0.457149,0.156609
2018-11-01,0.000000,0.000000,0.453317,0.159344
2018-11-02,0.000000,0.000000,0.445293,0.159344
2018-11-03,0.000000,0.000000,0.440627,0.157611
2018-11-04,0.000000,0.000000,0.432603,0.161414
2018-11-05,0.000000,0.000000,0.430361,0.146673
2018-11-06,0.000000,0.000000,0.425507,0.154065
2018-11-07,0.000000,0.000000,0.425041,0.157953
2018-11-08,1.935948,0.000000,0.682424,0.186943
2018-11-09,2.966802,0.028627,0.505066,0.191410
2018-11-10,0.000000,0.000000,0.414821,0.155800
2018-11-11,1.216117,0.000000,0.639745,0.151204
2018-11-12,0.000000,0.000000,0.393315,0.154358
2018-11-13,0.000000,0.000000,0.386879,0.153221
2018-11-14,0.000000,0.000000,0.381211,0.151051
2018-11-15,0.000000,0.000000,0.377803,0.151367
2018-11-16,0.000000,0.000000,0.371762,0.149488
2018-11-17,1.972031,0.000000,3.080800,0.387549
2018-11-18,9.018784,0.151947,1.935124,0.459981
2018-11-19,1.666668,0.004035,0.920891,0.152599
2018-11-20,13.681978,0.248583,2.787232,0.723066
2018-11-21,7.629646,0.315291,0.422338,0.141307
2018-11-22,0.055952,0.000000,0.348201,0.146811
2018-11-23,0.005667,0.000000,0.343983,0.144224
2018-11-24,0.000000,0.000000,0.344093,0.145243
2018-11-25,0.000008,0.000000,0.338666,0.144178
2018-11-26,0.000025,0.000000,0.335863,0.143543
2018-11-27,0.000089,0.000000,0.334186,0.146219
2018-11-28,0.000023,0.000000,0.331919,0.142150
2018-11-29,0.000000,0.000000,0.327724,0.141983
2018-11-30,0.000001,0.000000,0.324879,0.140515
2018-12-01,0.000002,0.000000,0.320799,0.139522
2018-12-02,0.000042,0.000000,0.319442,0.141497
2018-12-03,0.000014,0.000000,0.314080,0.139738
2018-12-04,0.000007,0.000000,0.312722,0.140581
2018-12-05,0.000134,0.000000,0.303569,0.138611
2018-12-06,0.000010,0.000000,0.303817,0.140626
2018-12-07,0.000004,0.000000,0.298039,0.138356
2018-12-08,0.000001,0.000000,0.295822,0.139318
2018-12-09,0.000005,0.000000,0.288895,0.136690
2018-12-10,0.000097,0.000000,0.288331,0.138700
2018-12-11,0.000000,0.000000,0.328470,0.146424
2018-12-12,0.000000,0.000000,0.390132,0.139634
2018-12-13,1.231806,0.000038,1.097591,0.146112
2018-12-14,3.248031,0.024387,0.519454,0.134696
2018-12-15,0.274216,0.000105,0.293558,0.141035
2018-12-16,0.000000,0.000000,0.268915,0.137137
2018-12-17,0.000000,0.000000,0.281218,0.139537
2018-12-18,0.000000,0.000000,0.257064,0.136970
2018-12-19,0.000000,0.000000,0.257872,0.137481
2018-12-20,0.000000,0.000000,0.250162,0.138074
2018-12-21,0.000000,0.000000,0.251950,0.136940
2018-12-22,0.000000,0.000000,0.245709,0.135752
2018-12-23,0.000000,0.000000,0.246256,0.138236
2018-12-24,0.000000,0.000000,0.261139,0.136803
2018-12-25,0.000000,0.000000,0.260464,0.132371
2018-12-26,0.000000,0.000000,0.298994,0.135049
2018-12-27,0.000000,0.000000,0.245538,0.139016
2018-12-28,0.000000,0.000000,0.245638,0.135727
2018-12-29,0.000000,0.000000,0.231168,0.130670
2018-12-30,0.000000,0.000000,0.223670,0.136776
2018-12-31,0.000000,0.000000,0.221337,0.136054
2019-01-01,0.000000,0.000000,0.261214,0.134306
2019-01-02,0.000000,0.000000,0.429562,0.526783
2019-01-03,3.010487,0.012391,3.541937,0.119510
2019-01-04,0.000000,0.000000,0.805076,0.112655
2019-01-05,0.250095,0.000038,0.251649,0.112297
2019-01-06,0.000000,0.000000,0.207762,0.113472
2019-01-07,0.000000,0.000089,0.207151,0.105305
2019-01-08,0.000000,0.000083,0.233604,0.112903
2019-01-09,0.000000,0.000083,0.267021,0.122477
2019-01-10,0.000000,0.000083,0.198551,0.109173
2019-01-11,0.000000,0.000083,0.198153,0.111962
2019-01-12,0.000000,0.000083,0.196285,0.111559
2019-01-13,0.000000,0.000083,0.193700,0.109368
2019-01-14,0.000000,0.000083,0.189315,0.110281
2019-01-15,0.000000,0.000083,0.189315,0.108806
2019-01-16,0.000000,0.000084,0.187379,0.111955
2019-01-17,0.000000,0.000083,0.184489,0.109459
2019-01-18,0.000000,0.000083,0.183717,0.109224
2019-01-19,0.000000,0.000083,0.180385,0.109642
2019-01-20,0.000000,0.000083,0.179773,0.116598
2019-01-21,0.000000,0.000083,0.178281,0.110410
2019-01-22,0.000000,0.000083,0.175072,0.111973
2019-01-23,0.000000,0.000083,0.178512,0.106684
2019-01-24,0.000000,0.000032,0.170122,0.108888
2019-01-25,0.000000,0.000000,0.170122,0.112598
2019-01-26,0.000000,0.000006,0.168764,0.103959
2019-01-27,0.000000,0.000081,0.162573,0.111625
2019-01-28,0.000000,0.000000,0.164477,0.108743
2019-01-29,0.000000,0.000000,0.161216,0.106931
2019-01-30,0.000000,0.000083,0.160605,0.118402
2019-01-31,0.000000,0.000083,0.157344,0.108944
2019-02-01,0.000000,0.000083,0.156458,0.106063
2019-02-02,0.000000,0.000083,0.153262,0.110092
2019-02-03,0.000000,0.000083,0.154098,0.104895
2019-02-04,0.000000,0.000083,0.149513,0.107391
2019-02-05,0.000000,0.000083,0.148106,0.106141
2019-02-06,0.000000,0.000082,0.144151,0.109843
2019-02-07,0.000000,0.000082,0.147427,0.105831
2019-02-08,0.000000,0.000082,0.142396,0.105889
2019-02-09,0.000000,0.000082,0.142022,0.105477
2019-02-10,0.000000,0.000082,0.139225,0.105647
2019-02-11,0.000000,0.000082,0.137239,0.108059
2019-02-12,0.000000,0.000082,0.137570,0.102940
2019-02-13,0.000000,0.000082,0.132481,0.107945
2019-02-14,0.000000,0.000082,0.132395,0.107778
2019-02-15,0.000000,0.000082,0.132431,0.102358
2019-02-16,0.000000,0.000082,0.125188,0.106875
2019-02-17,0.000000,0.000082,0.127960,0.105403
2019-02-18,0.000000,0.000082,0.124484,0.106715
2019-02-19,0.000000,0.000082,0.123177,0.105184
2019-02-20,0.000000,0.000000,0.123575,0.108219
2019-02-21,0.000000,0.000081,0.449903,0.104393
2019-02-22,0.000000,0.000073,0.423585,0.101353
2019-02-23,0.000000,0.000005,0.216168,0.099749
2019-02-24,0.000000,0.000000,0.115156,0.101435
2019-02-25,0.000000,0.000000,0.146106,0.100817
2019-02-26,0.000000,0.000000,0.326249,0.098560
2019-02-27,0.000000,0.000000,0.129224,0.107123
2019-02-28,0.000000,0.000000,0.113262,0.097218
2019-03-01,0.000000,0.000000,0.108279,0.097373
2019-03-02,0.000000,0.000000,0.105103,0.106994
2019-03-03,0.000000,0.000000,0.105969,0.101741
2019-03-04,0.000000,0.000000,0.105920,0.100351
2019-03-05,0.000000,0.000082,0.104357,0.097166
2019-03-06,0.000000,0.000082,0.099839,0.099463
2019-03-07,0.000000,0.000082,0.102213,0.099887
2019-03-08,0.000000,0.000082,0.099441,0.098296
2019-03-09,0.000000,0.000082,0.097480,0.094899
2019-03-10,0.000000,0.000082,0.097760,0.098090
2019-03-11,0.000000,0.000082,0.095031,0.098379
2019-03-12,0.000000,0.000082,0.097107,0.096559
2019-03-13,0.000000,0.000082,0.091299,0.102937
2019-03-14,0.000000,0.000082,0.095451,0.100940
2019-03-15,0.000000,0.000082,0.090553,0.099468
2019-03-16,0.000000,0.000082,0.090553,0.104432
2019-03-17,0.000000,0.000082,0.090553,0.098794
2019-03-18,0.000000,0.000082,0.085705,0.094766
2019-03-19,0.000000,0.000082,0.088038,0.098239
2019-03-20,0.000000,0.000083,0.085655,0.095326
2019-03-21,0.000000,0.000082,0.087427,0.096021
2019-03-22,0.000000,0.000081,0.086028,0.094968
2019-03-23,0.000000,0.000081,0.083140,0.595646
2019-03-24,0.000000,0.000000,0.082834,0.092994
2019-03-25,0.000000,0.000000,0.089273,0.094817
2019-03-26,0.000000,0.000000,0.080716,0.095485
2019-03-27,0.000000,0.000081,0.080360,0.092042
2019-03-28,0.000000,0.000081,0.080385,0.094944
2019-03-29,0.000000,0.000000,0.079103,0.094269
2019-03-30,0.000000,0.000000,0.077936,0.092982
2019-03-31,0.000000,0.000000,0.076679,0.093120
2019-04-01,0.000000,0.000000,0.076654,0.094909
2019-04-02,0.000000,0.000000,0.074229,0.399982
2019-04-03,0.000000,0.000068,0.111796,0.094775
2019-04-04,0.000000,0.000000,0.128030,0.091371
2019-04-05,0.000000,0.000000,0.074205,0.094002
2019-04-06,0.000000,0.000000,0.080477,0.459157
2019-04-07,0.000000,0.000000,0.073292,0.091772
2019-04-08,0.000000,0.000000,0.070217,0.478670
2019-04-09,0.000000,0.000000,0.147149,0.511116
2019-04-10,0.000000,0.000000,0.536436,0.505768
2019-04-11,12.756778,0.189762,3.609615,0.349516
2019-04-12,14.732113,0.493848,7.237325,0.249732
2019-04-13,44.131446,1.087533,11.613260,0.205584
2019-04-14,46.681694,5.695226,6.702013,0.304234
2019-04-15,28.285677,4.381652,2.329462,0.532735
2019-04-16,17.334897,2.477263,3.143405,2.659720
2019-04-17,14.174867,2.542115,2.194026,1.618163
2019-04-18,2.830575,0.117593,1.292059,1.383419
2019-04-19,17.582437,0.848728,2.851493,2.050096
2019-04-20,8.710828,2.382563,2.311766,2.023563
2019-04-21,0.503275,0.398832,0.285720,0.575971
2019-04-22,0.162321,0.047430,0.254169,0.092490
2019-04-23,0.130373,0.014728,0.343257,0.087789
2019-04-24,0.139420,0.000838,0.595450,0.093294
2019-04-25,26.425605,0.442632,5.959639,1.621082
2019-04-26,36.935568,5.620181,12.816596,6.566089
2019-04-27,53.088305,17.831280,13.287347,4.735746
2019-04-28,30.131150,12.139143,13.896877,4.125270
2019-04-29,40.843339,15.694599,16.837370,11.289873
2019-04-30,32.406530,11.154353,6.085931,7.844200
2019-05-01,18.465476,10.709988,4.846381,8.998279
2019-05-02,0.076821,2.767919,0.481609,0.764871
2019-05-03,0.072485,0.147030,2.744751,0.761921
2019-05-04,5.185400,0.563555,4.959794,4.454011
2019-05-05,6.031155,1.270697,4.519839,4.718886
2019-05-06,7.349854,2.112743,5.560277,4.628644
2019-05-07,11.402508,3.258166,5.472378,6.719940
2019-05-08,0.991974,2.022655,4.784884,1.133313
2019-05-09,0.067991,0.140222,1.694625,0.552257
2019-05-10,0.513631,0.093926,1.684191,0.528241
2019-05-11,1.107199,0.225126,3.581102,0.617515
2019-05-12,0.071458,0.198002,4.409203,0.691540
2019-05-13,0.069022,0.103178,2.515950,0.084106
2019-05-14,10.996999,0.616310,9.629933,15.337705
2019-05-15,48.196128,12.639419,11.934800,15.562862
2019-05-16,23.439905,10.505317,9.537477,10.845442
2019-05-17,28.622354,10.289906,7.613944,11.931997
2019-05-18,21.456289,8.278577,7.097031,12.670139
2019-05-19,32.771946,7.075864,6.751896,14.386693
2019-05-20,12.090860,6.288731,4.684048,19.863900
2019-05-21,8.458548,2.333305,4.832520,14.966589
2019-05-22,12.428526,3.593084,6.234079,13.354550
2019-05-23,13.167053,4.217245,5.425523,8.700758
2019-05-24,10.362748,3.780288,5.800071,9.125520
2019-05-25,12.662494,4.321033,6.696270,10.721980
2019-05-26,13.044526,5.288834,6.766063,8.108444
2019-05-27,15.321413,4.966600,6.043366,3.506838
2019-05-28,15.956709,2.441028,6.330079,3.318078
2019-05-29,4.308447,2.923695,8.690523,10.670063
2019-05-30,3.064027,4.360658,8.746058,9.116863
2019-05-31,1.186917,3.142240,6.493065,5.284038
2019-06-01,0.229700,2.077183,6.672186,10.597930
2019-06-02,2.148516,2.871307,6.766979,8.998045
2019-06-03,4.021677,4.821564,7.013784,8.031977
2019-06-04,5.296973,7.127364,7.838041,10.266203
2019-06-05,6.347024,8.774289,7.827592,10.753215
2019-06-06,8.249069,9.197385,6.770890,9.949501
2019-06-07,4.790479,10.528119,7.300424,9.061016
2019-06-08,2.987780,10.267947,6.985008,9.656971
2019-06-09,2.889306,10.446400,6.849741,9.038787
2019-06-10,2.892599,10.274049,7.140844,13.720479
2019-06-11,2.864256,11.028098,8.128896,17.474357
2019-06-12,8.112350,22.535464,7.074622,31.474791
2019-06-13,8.183001,30.317416,7.397606,36.584696
2019-06-14,5.631535,29.894690,6.385876,29.125540
2019-06-15,4.598164,21.675467,6.649428,30.220796
2019-06-16,6.186943,20.017571,7.464383,35.414228
2019-06-17,3.751737,23.738791,7.361545,36.144618
2019-06-18,3.074334,20.408715,7.695240,35.776792
2019-06-19,3.263633,16.927418,7.199392,34.330536
2019-06-20,2.861834,14.690115,7.432448,34.160023
2019-06-21,3.238819,16.130414,6.864295,31.750900
2019-06-22,3.316653,19.771610,7.447331,33.299222
2019-06-23,3.644943,22.844715,7.712209,33.573005
2019-06-24,4.168389,24.278797,8.075083,32.534810
2019-06-25,5.348231,35.569817,8.096947,40.949912
2019-06-26,3.132067,28.210325,8.046552,37.156878
2019-06-27,6.425821,25.035527,6.394034,21.644706
2019-06-28,7.013121,37.953264,5.404773,33.454458
2019-06-29,8.298801,45.313651,5.937958,34.399991
2019-06-30,33.023453,46.805964,7.473357,26.462114
2019-07-01,7.110553,31.873857,5.167038,34.240255
2019-07-02,20.616241,21.569734,5.448151,25.937845
2019-07-03,60.140823,60.914381,11.922208,46.153271
2019-07-04,4.192732,51.668633,3.661509,38.317534
2019-07-05,3.050292,26.657072,2.904589,35.041907
2019-07-06,2.836457,23.044675,3.180349,35.235898
2019-07-07,2.769994,21.878770,3.052355,33.116760
2019-07-08,3.070491,19.533660,3.666219,31.520612
2019-07-09,2.578827,17.720222,3.767159,30.926475
2019-07-10,2.674654,13.314673,3.393512,31.057827
2019-07-11,2.355143,16.190353,3.561035,31.157160
2019-07-12,1.916831,15.690009,3.774815,31.249187
2019-07-13,3.057524,18.552641,4.505072,34.146326
2019-07-14,2.415270,20.633808,4.699611,32.800355
2019-07-15,6.089279,34.229578,5.851769,34.484356
2019-07-16,5.211427,52.701644,3.757081,31.400357
2019-07-17,3.499806,37.543914,3.333752,32.347894
2019-07-18,2.447406,27.732462,3.615350,30.713780
2019-07-19,2.451750,18.618878,3.456950,30.512019
2019-07-20,2.745811,18.481885,4.907758,32.547171
2019-07-21,2.614677,18.611054,3.678248,32.251821
2019-07-22,2.766293,19.412389,3.685041,30.858851
2019-07-23,3.088334,26.787377,3.488353,26.671537
2019-07-24,2.997667,30.234467,3.459520,27.747786
2019-07-25,4.323263,22.417710,3.649415,21.598871
2019-07-26,6.573705,29.561885,5.217516,23.268210
2019-07-27,12.349898,30.858601,3.989714,28.368691
2019-07-28,34.161712,56.387134,9.047484,38.115425
2019-07-29,21.831118,69.810126,8.615223,39.466431
2019-07-30,6.301722,94.090344,19.739575,80.520500
2019-07-31,0.958514,93.010969,6.096147,46.805984
2019-08-01,0.009637,57.848259,1.870167,28.888602
2019-08-02,0.013730,28.079034,1.979139,27.424329
2019-08-03,0.008715,21.447436,2.400422,28.887747
2019-08-04,0.007778,26.427703,2.496497,27.980664
2019-08-05,0.003372,19.553324,2.403428,25.179258
2019-08-06,0.007746,18.151326,3.286185,22.944669
2019-08-07,0.004095,16.989137,2.726380,24.420974
2019-08-08,0.005556,14.139737,2.703141,22.996256
2019-08-09,0.005276,13.669653,2.401649,20.136282
2019-08-10,0.005321,11.811307,2.561780,19.411767
2019-08-11,0.191924,12.187606,2.771672,26.410001
2019-08-12,0.004867,14.663652,2.069591,20.222732
2019-08-13,0.007497,12.970347,1.985030,17.211897
2019-08-14,0.002173,11.275332,2.072638,18.773667
2019-08-15,0.052430,11.915670,2.472402,19.265596
2019-08-16,0.000013,16.379590,2.319311,22.750181
2019-08-17,0.000398,13.607859,1.969655,16.191128
2019-08-18,0.005912,12.734444,1.889726,14.738201
2019-08-19,0.009890,13.693299,2.049094,12.322293
2019-08-20,0.001448,12.716655,1.723114,11.667912
2019-08-21,0.000042,13.514603,1.655753,11.508567
2019-08-22,0.002506,14.211467,1.650887,11.058888
2019-08-23,10.403854,19.507864,2.678078,10.608022
2019-08-24,7.134942,31.389210,3.465012,19.395131
2019-08-25,0.355274,29.554156,6.553920,28.770228
2019-08-26,0.001051,24.594016,1.779478,19.187585
2019-08-27,0.000383,10.443433,1.383776,17.142143
2019-08-28,0.003276,7.238144,1.407638,19.655005
2019-08-29,0.000506,7.960780,1.148799,12.658335
2019-08-30,0.000011,7.383536,0.977125,8.067126
2019-08-31,0.000046,6.397770,0.976349,8.214285
2019-09-01,0.000427,6.532559,0.000000,0.000000
2019-09-02,0.000115,4.667084,0.000000,0.000000
2019-09-03,0.002369,5.093239,0.000000,0.000000
2019-09-04,0.000856,7.201552,0.000000,0.000000
2019-09-05,2.270178,10.259576,0.000000,0.000000
2019-09-06,4.055555,9.891665,0.000000,0.000000
2019-09-07,16.613153,18.708597,0.000000,0.000000
2019-09-08,7.311191,24.743400,0.000000,0.000000
2019-09-09,0.012170,19.702660,0.000000,0.000000
2019-09-10,0.000433,8.062753,0.000000,0.000000
2019-09-11,0.016382,4.202637,0.000000,0.000000
2019-09-12,0.112490,2.822250,0.000000,0.000000
2019-09-13,0.000359,0.979172,0.000000,0.000000
2019-09-14,0.000181,0.213988,0.000000,0.000000
2019-09-15,0.002032,0.029867,0.000000,0.000000
2019-09-16,0.000078,0.005962,0.000000,0.000000
2019-09-17,0.000214,0.052553,0.000000,0.000000
2019-09-18,0.000167,0.050874,0.000000,0.000000
2019-09-19,1.299994,0.065574,0.000000,0.000000
2019-09-20,3.801989,0.812245,0.000000,0.000000
2019-09-21,1.459951,3.396044,0.000000,0.000000
2019-09-22,12.806071,26.653370,0.000000,0.000000
2019-09-23,6.605056,37.919237,0.000000,0.000000
2019-09-24,5.160850,28.005961,0.000000,0.000000
2019-09-25,1.310051,22.990645,0.000000,0.000000
2019-09-26,5.569992,18.386561,0.000000,0.000000
2019-09-27,0.500442,23.579559,0.000000,0.000000
2019-09-28,0.000000,7.911368,0.000000,0.000000
2019-09-29,0.000000,3.389908,0.000000,0.000000
2019-09-30,0.000072,2.514603,0.000000,0.000000
2019-10-01,0.000411,1.540812,0.000000,0.000000
2019-10-02,0.007808,0.277075,0.000000,0.000000
2019-10-03,46.554106,2.715831,0.000000,0.000000
2019-10-04,65.885575,24.196043,0.000000,0.000000
2019-10-05,57.891536,20.657186,0.000000,0.000000
2019-10-06,14.402152,14.740721,0.000000,0.000000
2019-10-07,1.020816,9.979292,0.000000,0.000000
2019-10-08,2.758249,6.600565,0.000000,0.000000
2019-10-09,1.044272,8.750435,0.000000,0.000000
2019-10-10,0.055124,1.623702,0.000000,0.000000
2019-10-11,0.037423,0.220891,0.000000,0.000000
2019-10-12,0.198694,0.024134,0.000000,0.000000
2019-10-13,0.027753,0.000204,0.000000,0.000000
2019-10-14,0.013870,0.000000,0.000000,0.000000
2019-10-15,0.000531,0.000000,0.000000,0.000000
2019-10-16,0.000111,0.000000,0.000000,0.000000
2019-10-17,0.000045,0.000000,0.000000,0.000000
2019-10-18,0.000004,0.000000,0.000000,0.000000
2019-10-19,0.000006,0.000000,0.000000,0.000000
2019-10-20,0.006774,0.000000,0.000000,0.000000
2019-10-21,0.001092,0.000000,0.000000,0.000000
2019-10-22,0.000362,0.000000,0.000000,0.000000
2019-10-23,0.000741,0.000000,0.000000,0.000000
2019-10-24,0.001055,0.000000,0.000000,0.000000
2019-10-25,0.000002,0.000000,0.000000,0.000000
2019-10-26,0.000008,0.000000,0.000000,0.000000
2019-10-27,0.000021,0.000000,0.000000,0.000000
2019-10-28,0.000725,0.000000,0.000000,0.000000
2019-10-29,0.000980,0.000000,0.000000,0.000000
2019-10-30,0.000297,0.000000,0.000000,0.000000
2019-10-31,0.000054,0.000000,0.000000,0.000000
2019-11-01,0.001243,0.000000,0.000000,0.000000
2019-11-02,0.000677,0.000000,0.000000,0.000000
2019-11-03,0.004188,0.000000,0.000000,0.000000
2019-11-04,0.000046,0.000000,0.000000,0.000000
2019-11-05,0.004765,0.000000,0.000000,0.000000
2019-11-06,0.000313,0.000000,0.000000,0.000000
2019-11-07,0.006827,0.000000,0.000000,0.000000
2019-11-08,0.002315,0.000000,0.000000,0.000000
2019-11-09,0.000638,0.000000,0.000000,0.000000
2019-11-10,0.044445,0.000000,0.000000,0.000000
2019-11-11,0.104755,0.000000,0.000000,0.000000
2019-11-12,0.000000,0.000000,0.000000,0.000000
2019-11-13,0.000000,0.000000,0.000000,0.000000
2019-11-14,0.000000,0.000000,0.000000,0.000000
2019-11-15,0.000000,0.000000,0.000000,0.000000
2019-11-16,0.000000,0.000000,0.000000,0.000000
2019-11-17,0.000000,0.000000,0.000000,0.000000
2019-11-18,0.000000,0.000000,0.000000,0.000000
2019-11-19,0.000000,0.000000,0.000000,0.000000
2019-11-20,0.000000,0.000000,0.000000,0.000000
2019-11-21,0.000000,0.000000,0.000000,0.000000
2019-11-22,0.000000,0.000000,0.000000,0.000000
2019-11-23,0.000000,0.000000,0.000000,0.000000
2019-11-24,0.000000,0.000000,0.000000,0.000000
2019-11-25,0.000000,0.000000,0.000000,0.000000
2019-11-26,0.000000,0.000000,0.000000,0.000000
2019-11-27,0.000000,0.000000,0.000000,0.000000
2019-11-28,0.000000,0.000000,0.000000,0.000000
2019-11-29,0.000000,0.000000,0.000000,0.000000
2019-11-30,0.000000,0.000000,0.000000,0.000000
2019-12-01,0.000000,0.000000,0.000000,0.000000
2019-12-02,0.000000,0.000000,0.000000,0.000000
2019-12-03,0.000000,0.000000,0.000000,0.000000
2019-12-04,0.000000,0.000000,0.000000,0.000000
2019-12-05,0.000000,0.000000,0.000000,0.000000
2019-12-06,0.000000,0.000000,0.000000,0.000000
2019-12-07,0.000000,0.000000,0.000000,0.000000
2019-12-08,0.000000,0.000000,0.000000,0.000000
2019-12-09,0.000000,0.000000,0.000000,0.000000
2019-12-10,0.000000,0.000000,0.000000,0.000000
2019-12-11,0.000000,0.000000,0.000000,0.000000
2019-12-12,0.000000,0.000000,0.000000,0.000000
2019-12-13,0.000000,0.000000,0.000000,0.000000
2019-12-14,0.000000,0.000000,0.000000,0.000000
2019-12-15,0.000000,0.000000,0.000000,0.000000
2019-12-16,0.000000,0.000000,0.000000,0.000000
2019-12-17,0.000000,0.000000,0.000000,0.000000
2019-12-18,0.000000,0.000000,0.000000,0.000000
2019-12-19,0.000000,0.000000,0.000000,0.000000
2019-12-20,0.000000,0.000000,0.000000,0.000000
2019-12-21,0.000000,0.000000,0.000000,0.000000
2019-12-22,0.000000,0.000000,0.000000,0.000000
2019-12-23,0.000000,0.000000,0.000000,0.000000
2019-12-24,0.000000,0.000000,0.000000,0.000000
2019-12-25,0.000000,0.000000,0.000000,0.000000
2019-12-26,0.000000,0.000000,0.000000,0.000000
2019-12-27,0.000000,0.000000,0.000000,0.000000
2019-12-28,0.000000,0.000000,0.000000,0.000000
2019-12-29,0.000000,0.000000,0.000000,0.000000
2019-12-30,0.000000,0.000000,0.000000,0.000000
2019-12-31,0.000000,0.000000,0.000000,0.000000

