time,MAR_land,MAR_ice,RACMO_land,RACMO_ice
2015-01-01,22.302892,0.020687,8.372944,7.671955
2015-01-02,22.207328,0.020695,8.319422,7.526246
2015-01-03,22.095974,0.020695,8.242431,7.638271
2015-01-04,21.985509,0.020695,8.154855,7.681294
2015-01-05,21.876314,0.020695,8.090078,7.632463
2015-01-06,21.754427,0.020680,8.037008,7.563678
2015-01-07,21.665509,0.020695,7.957890,7.570059
2015-01-08,21.562832,0.020695,7.886691,7.547253
2015-01-09,21.460155,0.020830,7.823095,7.510791
2015-01-10,21.358584,0.020713,7.719901,7.522185
2015-01-11,21.242920,0.020680,7.642390,7.472746
2015-01-12,21.157480,0.020695,7.581227,7.471272
2015-01-13,21.058054,0.020695,7.497173,7.455685
2015-01-14,20.958453,0.020695,7.443493,7.864180
2015-01-15,20.858787,0.020695,7.385172,7.367590
2015-01-16,20.746002,0.020680,7.290626,7.459129
2015-01-17,20.662544,0.020695,7.216633,7.435552
2015-01-18,20.565508,0.020695,7.178900,7.446203
2015-01-19,20.469296,0.020695,8.945066,7.459323
2015-01-20,20.373121,0.020695,7.030428,7.410433
2015-01-21,20.263933,0.022354,6.928116,7.443997
2015-01-22,20.185492,0.089142,6.874148,7.404472
2015-01-23,20.093561,0.026186,6.796938,7.389607
2015-01-24,20.001403,0.020698,6.730162,9.740322
2015-01-25,19.909100,0.020697,6.676549,7.390431
2015-01-26,19.803195,0.020680,6.604435,7.741705
2015-01-27,19.725293,0.020695,6.547678,7.321558
2015-01-28,19.634902,0.020695,6.461316,7.341535
2015-01-29,19.545386,0.020695,6.412530,7.329149
2015-01-30,19.455179,0.020695,6.337934,7.316285
2015-01-31,19.364729,0.020695,6.264618,7.284459
2015-02-01,19.261137,0.020680,6.222628,7.280866
2015-02-02,19.186045,0.020695,6.137490,7.266269
2015-02-03,19.098868,0.020695,9.064278,7.744622
2015-02-04,19.011750,0.020695,6.127102,7.178579
2015-02-05,18.924882,0.020695,6.305909,7.230869
2015-02-06,18.825518,0.020145,5.969157,7.203093
2015-02-07,18.753705,0.020971,7.096496,7.255497
2015-02-08,18.669462,0.022547,23.423341,7.191643
2015-02-09,18.586002,0.020750,5.727722,9.089195
2015-02-10,18.502347,0.020695,5.651531,7.188805
2015-02-11,18.406510,0.020680,5.576292,7.132156
2015-02-12,18.336744,0.021219,5.531006,7.176952
2015-02-13,18.254307,0.023029,5.475307,7.425988
2015-02-14,18.172391,0.019754,5.419484,7.106172
2015-02-15,18.090819,0.019606,5.337146,7.085266
2015-02-16,17.997076,0.038953,5.294719,7.093437
2015-02-17,17.929018,0.019759,5.230590,7.057310
2015-02-18,17.848589,0.020092,5.158695,7.113759
2015-02-19,17.768438,0.020277,5.135172,7.047992
2015-02-20,17.688194,0.020391,5.054843,7.116646
2015-02-21,17.596240,0.021578,4.970542,7.042271
2015-02-22,17.530398,0.020944,4.912969,7.001059
2015-02-23,17.453300,0.019994,4.861371,7.408812
2015-02-24,17.376871,0.020941,4.822801,7.002275
2015-02-25,17.300726,0.019662,4.720676,6.951247
2015-02-26,17.212879,0.019639,4.668382,6.924895
2015-02-27,17.149842,0.019652,4.634127,7.906647
2015-02-28,17.075281,0.019683,4.580005,6.993271
2015-03-01,16.990953,0.020410,4.516317,6.929989
2015-03-02,16.931797,0.020005,4.454966,6.925065
2015-03-03,16.861086,0.020767,4.400261,6.943139
2015-03-04,16.791067,0.021222,4.485175,6.934024
2015-03-05,16.720990,0.021085,4.303837,6.856428
2015-03-06,16.639297,0.021837,5.494742,6.925246
2015-03-07,16.581479,0.020696,4.652139,6.902360
2015-03-08,16.512925,0.022058,4.126631,6.788506
2015-03-09,16.444107,0.022359,4.213841,6.947383
2015-03-10,16.375359,0.023625,4.184497,6.863739
2015-03-11,16.295917,0.020699,3.998821,6.831439
2015-03-12,16.238803,0.020695,3.960176,6.882631
2015-03-13,16.170259,0.020695,3.947173,7.080939
2015-03-14,16.102630,0.020695,4.981431,6.923972
2015-03-15,16.035946,0.020695,4.180995,6.772227
2015-03-16,15.958470,0.020680,3.788811,6.718666
2015-03-17,15.903411,0.020695,3.751740,6.719790
2015-03-18,15.837854,0.020695,3.701050,6.785818
2015-03-19,16.325662,0.020695,3.680474,6.702439
2015-03-20,15.709040,0.020695,5.919420,6.763440
2015-03-21,15.634481,0.020680,4.486087,6.723060
2015-03-22,15.582458,0.020695,3.543936,6.756805
2015-03-23,15.520782,0.020695,3.515737,6.666122
2015-03-24,15.459660,0.020695,3.465166,6.738304
2015-03-25,15.398177,0.020695,3.436901,6.716881
2015-03-26,15.325946,0.020680,3.471541,6.675704
2015-03-27,15.274900,0.020695,3.357710,6.722355
2015-03-28,15.213435,0.020695,3.336986,6.645869
2015-03-29,15.152309,0.020695,3.284259,6.927633
2015-03-30,15.091035,0.020695,3.267603,6.587416
2015-03-31,15.029614,0.020695,3.221839,6.657347
2015-04-01,14.958127,8.226958,3.250725,6.612275
2015-04-02,14.907939,0.083888,3.184598,6.672642
2015-04-03,14.847705,0.021130,3.171289,6.650383
2015-04-04,15.820565,0.020695,3.097634,6.548903
2015-04-05,15.901159,0.020695,4.106570,6.997921
2015-04-06,14.660844,0.020680,4.559964,6.604689
2015-04-07,16.433390,0.020695,3.083542,6.647415
2015-04-08,14.555299,0.020695,2.975854,6.565880
2015-04-09,14.497796,0.020695,2.988841,6.575585
2015-04-10,14.441041,0.020695,2.913815,7.253491
2015-04-11,15.054198,0.020680,2.895920,6.527751
2015-04-12,14.327693,0.020695,2.853442,7.244609
2015-04-13,14.271566,0.020695,7.205155,6.555552
2015-04-14,14.215471,0.020695,3.021840,11.549797
2015-04-15,14.159731,0.020695,9.168658,8.542792
2015-04-16,14.095277,0.020680,35.766672,11.080708
2015-04-17,14.655629,0.020695,9.876961,8.595489
2015-04-18,15.879671,0.056645,27.044291,11.368172
2015-04-19,36.658974,0.195969,121.206243,22.064197
2015-04-20,24.376571,2.651801,24.324023,16.853423
2015-04-21,17.249430,0.640678,2.891304,6.483555
2015-04-22,13.811647,0.476832,2.586320,13.009485
2015-04-23,13.740154,0.476566,2.576522,9.493965
2015-04-24,13.672226,0.476121,2.572930,12.318103
2015-04-25,13.609251,0.475479,2.527751,6.392812
2015-04-26,13.539322,0.481502,2.549709,6.434919
2015-04-27,14.240018,0.480319,2.515347,6.434987
2015-04-28,13.435724,0.476472,3.038411,6.339551
2015-04-29,13.382138,0.082749,9.288901,6.465031
2015-04-30,13.329834,0.021803,6.488328,6.375662
2015-05-01,15.293222,0.023912,3.570909,6.401561
2015-05-02,13.229957,0.023850,2.453191,6.368957
2015-05-03,13.182405,0.020709,5.330841,9.232733
2015-05-04,13.135748,0.020694,6.181998,10.837132
2015-05-05,13.089955,0.020694,4.907151,12.775915
2015-05-06,13.036119,0.020680,28.228614,17.227518
2015-05-07,13.001333,0.020695,21.206963,15.991022
2015-05-08,12.958307,0.020695,22.817912,18.396716
2015-05-09,12.915872,0.020695,25.935245,12.524152
2015-05-10,15.915409,0.020762,40.494802,9.011688
2015-05-11,16.458219,0.021398,53.346939,11.160727
2015-05-12,12.792385,0.020699,108.694543,14.722539
2015-05-13,12.753358,0.021580,79.185338,14.285835
2015-05-14,14.788924,0.027848,95.406560,15.353465
2015-05-15,19.722468,0.026260,61.468370,27.649602
2015-05-16,33.200397,0.357425,74.968050,113.629824
2015-05-17,42.185797,1.266701,81.484264,21.654651
2015-05-18,33.218382,11.114188,141.725713,22.347174
2015-05-19,16.441430,1.692044,48.919450,18.453796
2015-05-20,24.361223,0.625227,24.320401,14.532663
2015-05-21,34.460483,8.407972,33.306160,23.331619
2015-05-22,35.465727,8.991636,30.931309,26.656161
2015-05-23,75.935975,34.440214,43.240718,43.666318
2015-05-24,48.062215,38.846869,44.058176,28.843075
2015-05-25,50.591137,32.805898,56.781855,86.903365
2015-05-26,43.428913,24.734023,57.729750,51.087381
2015-05-27,58.990993,48.813979,75.018161,52.646226
2015-05-28,55.332406,29.996324,56.777074,53.027129
2015-05-29,22.897866,5.540693,32.004451,32.143886
2015-05-30,29.358991,5.757997,75.450618,94.612864
2015-05-31,92.035089,45.628241,79.384887,118.920819
2015-06-01,61.234315,43.402333,52.342642,60.610083
2015-06-02,64.403218,56.268959,88.290616,77.470748
2015-06-03,85.492467,65.418401,116.698360,87.319982
2015-06-04,46.330179,77.048195,161.930077,95.653125
2015-06-05,51.845211,79.660061,140.970028,91.648362
2015-06-06,79.553978,95.952444,149.821706,75.924015
2015-06-07,56.469714,51.879727,117.088461,94.441294
2015-06-08,65.747079,101.014288,109.691151,218.782114
2015-06-09,36.679855,141.947006,124.558150,142.101124
2015-06-10,53.453699,217.566257,130.632513,181.816621
2015-06-11,42.356698,148.061642,130.433452,192.538665
2015-06-12,40.165484,149.251156,144.196982,175.126134
2015-06-13,53.242607,233.907409,160.873632,168.870726
2015-06-14,36.496643,245.887459,179.975095,209.022442
2015-06-15,41.293699,222.453470,288.296092,219.881038
2015-06-16,47.290464,394.977660,284.375079,270.848641
2015-06-17,68.074388,530.240635,218.211088,249.654457
2015-06-18,56.360933,462.933553,268.421883,355.367892
2015-06-19,68.065430,611.771141,359.152673,442.205906
2015-06-20,78.442495,717.005204,343.041060,410.645419
2015-06-21,82.780593,781.327446,339.450949,453.440969
2015-06-22,92.458376,813.203509,356.358260,463.274371
2015-06-23,96.364835,786.659514,366.784785,504.358402
2015-06-24,114.522042,865.421528,388.723167,536.857328
2015-06-25,113.104252,1003.021773,418.276095,552.904946
2015-06-26,104.869346,1057.752841,416.572118,617.937200
2015-06-27,108.487289,1291.254491,462.892903,759.783406
2015-06-28,114.758263,1301.782137,449.719024,804.020680
2015-06-29,124.679898,1194.677640,429.547085,806.653520
2015-06-30,127.664296,1099.835719,417.215356,738.176708
2015-07-01,130.868114,1110.351647,438.426060,747.123647
2015-07-02,147.481185,1177.606123,433.612655,882.459853
2015-07-03,147.429295,1192.171758,447.387138,901.554481
2015-07-04,158.435262,1212.110594,412.124381,913.516470
2015-07-05,184.274454,1561.104937,483.180472,1087.942249
2015-07-06,149.860195,1736.190595,475.953466,1187.250030
2015-07-07,150.816577,1642.993431,424.185753,1188.569624
2015-07-08,145.499639,1642.095371,405.785768,1136.024188
2015-07-09,143.632010,1503.957950,390.397797,1101.901736
2015-07-10,134.200261,1113.182234,313.540904,812.529275
2015-07-11,141.066952,1224.317280,311.866834,927.147755
2015-07-12,138.965754,953.896161,276.893360,790.317106
2015-07-13,151.306092,1610.672101,298.055069,1074.506557
2015-07-14,154.513985,1516.696017,324.876885,1233.764098
2015-07-15,165.448384,2133.474040,304.251458,1387.318758
2015-07-16,160.868215,1872.714487,314.275839,1404.784918
2015-07-17,165.504961,1890.394989,322.569216,1451.370452
2015-07-18,167.748746,1888.303743,331.528065,1724.506174
2015-07-19,167.872415,1707.764013,310.717267,1425.758496
2015-07-20,168.433008,1587.380704,310.063701,1457.468389
2015-07-21,175.672258,1555.669089,286.460709,1350.502701
2015-07-22,168.081245,1406.300401,289.716710,1278.248308
2015-07-23,166.833573,1291.449617,296.743986,1237.983929
2015-07-24,173.394535,892.166425,257.563908,826.449793
2015-07-25,164.843606,722.617662,239.488573,1094.370564
2015-07-26,153.040512,784.951694,247.373882,1291.552113
2015-07-27,147.511921,687.640387,252.626169,996.225958
2015-07-28,146.049011,817.415391,258.509506,1272.103207
2015-07-29,141.735088,683.267018,240.892406,1167.165346
2015-07-30,134.045048,709.192185,231.650002,971.793295
2015-07-31,130.673430,711.329973,219.172192,1032.258082
2015-08-01,129.786395,885.262513,229.288109,1201.796887
2015-08-02,139.237094,1349.614134,226.915590,1317.044930
2015-08-03,143.849325,1477.770041,227.864773,1507.513622
2015-08-04,143.732967,1229.988036,217.620013,1365.767072
2015-08-05,138.248829,1084.250368,223.235680,1177.345475
2015-08-06,133.229336,1130.276999,186.786373,880.354863
2015-08-07,123.288440,880.688727,186.481756,1003.726261
2015-08-08,119.179890,723.016170,177.168923,1027.583343
2015-08-09,116.240445,734.413193,182.848061,990.552089
2015-08-10,116.677657,636.141577,168.029579,872.673275
2015-08-11,112.609475,582.768952,152.253949,741.541565
2015-08-12,101.631970,611.008738,172.313170,871.395978
2015-08-13,104.751939,989.543654,173.166060,1098.737189
2015-08-14,101.204564,740.164728,153.713836,799.617301
2015-08-15,97.132452,596.303352,161.162427,734.244538
2015-08-16,97.284824,590.062975,146.430112,726.741846
2015-08-17,96.826811,572.494424,130.257770,593.972857
2015-08-18,93.091588,528.314876,126.525894,617.280474
2015-08-19,91.528564,528.899906,125.027437,603.126551
2015-08-20,89.553773,542.908001,121.033080,564.139142
2015-08-21,84.314623,508.899865,111.388140,423.966465
2015-08-22,83.762498,578.061483,125.099303,725.104588
2015-08-23,81.403888,521.593147,112.316220,436.422312
2015-08-24,80.933171,537.653284,113.479397,635.720146
2015-08-25,95.664350,999.453892,110.023752,448.119279
2015-08-26,102.645183,1288.152137,120.303481,831.319878
2015-08-27,101.910080,1271.320742,119.157981,937.324804
2015-08-28,71.857890,429.884664,102.069667,437.976469
2015-08-29,77.390248,645.153578,108.534055,761.397896
2015-08-30,86.814356,959.755372,139.444942,790.104195
2015-08-31,89.824487,851.835556,106.275434,800.559497
2015-09-01,71.365486,357.189756,100.681557,577.791311
2015-09-02,70.807104,363.577206,102.650624,509.245615
2015-09-03,66.859344,199.133784,70.901955,424.884991
2015-09-04,72.202575,552.833077,130.014184,480.414713
2015-09-05,67.702869,471.781922,58.111266,582.973945
2015-09-06,79.137152,918.392898,272.922772,878.869468
2015-09-07,111.605087,3068.929409,452.545897,1183.002568
2015-09-08,65.520702,1373.222921,153.290537,453.534499
2015-09-09,75.956500,2497.049426,264.423688,998.285551
2015-09-10,63.727396,1081.530777,90.968956,591.334668
2015-09-11,60.531446,613.603453,79.428290,292.684454
2015-09-12,59.247280,99.766592,41.402815,311.648707
2015-09-13,62.090355,48.669791,41.072986,239.054773
2015-09-14,63.802210,43.197783,40.931355,265.896659
2015-09-15,65.291716,56.310363,39.982013,264.523062
2015-09-16,66.292118,37.109032,38.616494,262.681219
2015-09-17,67.010555,16.065453,45.691632,271.110080
2015-09-18,67.365029,18.854139,47.997210,238.071710
2015-09-19,79.608913,450.459286,131.490591,218.695320
2015-09-20,78.210541,1322.927716,113.309514,357.035894
2015-09-21,69.295266,84.649282,43.879884,190.992244
2015-09-22,67.989995,172.345280,62.579728,180.477414
2015-09-23,68.956727,37.195762,31.706925,157.004172
2015-09-24,68.298982,9.123514,49.488961,94.351242
2015-09-25,74.001377,69.720274,77.382965,161.738781
2015-09-26,72.578652,76.354878,70.663251,94.705669
2015-09-27,80.370495,45.146377,52.576840,77.946195
2015-09-28,73.554619,4.722904,34.375347,31.694701
2015-09-29,73.317256,0.154222,31.085130,19.312963
2015-09-30,72.955185,0.190840,29.437809,17.917911
2015-10-01,72.067636,0.035532,29.016966,11.614126
2015-10-02,72.235614,0.041043,28.493470,11.374324
2015-10-03,72.231558,0.154116,28.012863,11.689031
2015-10-04,72.111154,0.572418,27.509910,11.374047
2015-10-05,76.824875,0.868070,30.158251,11.839376
2015-10-06,86.999978,0.253470,35.360061,23.409066
2015-10-07,73.706422,0.310756,40.141101,36.304603
2015-10-08,79.912488,0.979519,26.509438,15.669828
2015-10-09,71.211037,0.148335,24.971701,11.145825
2015-10-10,70.018300,0.133207,24.600887,11.143190
2015-10-11,68.473455,0.212018,25.732386,13.147399
2015-10-12,67.734995,0.031563,25.521665,15.778424
2015-10-13,69.402999,0.032216,23.681692,11.645520
2015-10-14,66.172476,0.056042,22.786026,13.694701
2015-10-15,65.433619,0.055292,25.034474,17.371210
2015-10-16,68.735483,0.152359,46.665020,13.034497
2015-10-17,68.420122,181.595182,78.118664,87.973722
2015-10-18,63.705215,7.431611,21.423512,10.902688
2015-10-19,61.622936,0.138565,21.043321,10.871555
2015-10-20,60.311074,0.081484,20.787161,10.830813
2015-10-21,59.464033,0.062896,20.535522,10.797780
2015-10-22,58.987181,0.182982,20.302152,10.835968
2015-10-23,58.634373,0.174546,20.044625,10.775867
2015-10-24,58.370271,0.149028,19.803417,10.710123
2015-10-25,58.144607,0.166034,19.570817,12.616379
2015-10-26,57.889510,0.190234,19.508690,10.723423
2015-10-27,57.706480,0.064911,19.601422,12.523178
2015-10-28,68.243861,1.987809,76.448402,24.327070
2015-10-29,95.184640,22.773785,105.623319,13.704802
2015-10-30,76.858921,59.601179,35.023797,11.905089
2015-10-31,56.561408,1.445271,18.302250,10.469160
2015-11-01,55.583118,0.110425,18.216788,10.502760
2015-11-02,55.014784,0.031259,18.136728,10.474554
2015-11-03,54.667123,0.039305,18.050315,10.437172
2015-11-04,54.458994,0.023124,17.951092,10.376593
2015-11-05,54.781665,0.019700,21.704481,10.347497
2015-11-06,55.423065,0.074227,28.930261,10.357884
2015-11-07,54.083007,0.128359,17.690525,10.329569
2015-11-08,53.952796,0.122363,17.468889,10.249520
2015-11-09,53.804826,0.134821,17.326556,10.257589
2015-11-10,53.638452,0.017282,17.203188,10.268451
2015-11-11,53.409037,0.013834,17.038195,10.116631
2015-11-12,53.226752,0.013683,16.915381,10.177440
2015-11-13,52.976764,0.013683,16.749994,10.071731
2015-11-14,52.699386,0.013684,16.597814,10.091353
2015-11-15,52.398083,0.013684,16.439404,11.942652
2015-11-16,52.039564,0.013673,16.295010,10.081296
2015-11-17,51.732375,0.013682,16.131061,10.066616
2015-11-18,51.366341,0.013683,15.968661,10.030202
2015-11-19,50.987040,0.013685,15.792820,9.975131
2015-11-20,51.527126,0.013686,16.107505,10.153906
2015-11-21,62.734218,0.013673,22.313631,10.337452
2015-11-22,49.803953,0.013682,32.819932,9.991182
2015-11-23,49.400273,0.013683,16.116823,9.920827
2015-11-24,48.982242,0.013685,14.968035,9.927544
2015-11-25,48.563210,0.013685,14.819562,9.902025
2015-11-26,48.111184,0.013673,14.629712,9.843179
2015-11-27,47.729124,0.013682,14.477642,13.631168
2015-11-28,47.312175,0.013683,14.302616,9.786374
2015-11-29,46.895680,0.013685,14.141040,9.781948
2015-11-30,46.480855,0.013688,13.991938,9.766540
2015-12-01,46.034677,0.013673,13.814797,9.715754
2015-12-02,45.657128,0.013682,13.662877,9.666425
2015-12-03,45.253144,0.013683,13.489687,9.762479
2015-12-04,44.851860,0.013697,13.329527,9.566149
2015-12-05,44.451349,0.013735,13.179122,9.643421
2015-12-06,44.019828,0.013705,13.015931,15.575430
2015-12-07,43.654343,0.013682,12.883591,9.590004
2015-12-08,43.260333,0.013694,14.645215,9.577655
2015-12-09,42.868077,0.013736,13.530094,9.491413
2015-12-10,42.480711,0.013717,12.394926,9.546841
2015-12-11,42.070664,0.013704,12.238105,9.503726
2015-12-12,41.722548,0.013713,12.085688,9.496062
2015-12-13,41.347851,0.013687,11.940348,9.451299
2015-12-14,40.977971,0.013684,11.777222,9.397605
2015-12-15,40.612896,0.013688,11.622871,9.332673
2015-12-16,40.222991,0.013425,11.814012,9.425257
2015-12-17,39.895354,0.013248,12.121959,9.339299
2015-12-18,39.545545,0.013248,11.161057,13.691813
2015-12-19,39.202591,0.013249,11.037189,9.301605
2015-12-20,38.866442,0.013249,10.894879,9.275843
2015-12-21,38.509948,0.013238,10.733512,9.221313
2015-12-22,38.214962,0.013202,10.605268,9.202289
2015-12-23,37.897610,0.265689,10.482781,9.142661
2015-12-24,37.581044,0.676340,10.339414,9.223183
2015-12-25,37.268402,0.609687,10.197242,9.112435
2015-12-26,36.936817,0.231384,10.129745,9.138956
2015-12-27,36.659361,0.115458,9.967812,9.117231
2015-12-28,36.357743,0.018503,10.281462,9.049179
2015-12-29,36.058687,0.013394,9.785367,9.050261
2015-12-30,35.761071,0.013172,9.546521,8.908660
2015-12-31,35.465301,0.013167,9.420480,9.021692
2016-01-01,33.697420,0.123895,9.420712,8.991286
2016-01-02,33.446706,0.326146,9.166083,8.914995
2016-01-03,33.174566,0.227917,9.097815,8.942816
2016-01-04,32.905903,0.114180,10.949688,8.890244
2016-01-05,32.640923,0.081088,10.520753,8.821656
2016-01-06,32.359649,0.206361,8.738072,8.889251
2016-01-07,32.126403,0.222557,12.115250,8.802269
2016-01-08,31.877627,0.045953,8.462264,8.754650
2016-01-09,31.637332,0.102074,8.364829,8.786768
2016-01-10,31.400567,0.080365,8.261564,8.774291
2016-01-11,31.143057,0.085465,8.134558,8.713813
2016-01-12,30.933553,0.072080,8.043482,8.766060
2016-01-13,30.703397,0.026352,7.940052,8.662573
2016-01-14,30.475434,0.109211,7.827540,8.771192
2016-01-15,30.249793,0.137029,7.708520,8.688883
2016-01-16,30.005872,0.173588,7.612941,8.662068
2016-01-17,29.805679,0.278758,7.479937,8.687438
2016-01-18,29.588700,0.272860,7.357093,8.731643
2016-01-19,29.373152,0.234873,17.451429,8.605267
2016-01-20,29.162037,0.240733,53.401429,8.640482
2016-01-21,30.384455,0.029238,37.946955,8.559284
2016-01-22,35.531459,0.365144,11.861677,8.667237
2016-01-23,28.550204,0.277199,6.934958,8.546917
2016-01-24,31.224295,0.272753,10.008584,8.547338
2016-01-25,32.676313,0.113307,8.625332,8.571010
2016-01-26,27.962902,0.194219,7.196600,8.532976
2016-01-27,27.792993,0.244582,6.493660,8.506592
2016-01-28,27.605219,0.237443,6.371628,8.498615
2016-01-29,27.420260,0.114592,6.288187,8.469849
2016-01-30,27.238063,0.199925,6.187946,8.495962
2016-01-31,27.057534,0.622533,6.136632,9.077063
2016-02-01,26.860421,0.218596,6.047624,8.435294
2016-02-02,26.702598,0.469050,5.957741,8.395442
2016-02-03,26.527908,0.115944,5.864615,8.440813
2016-02-04,26.356669,0.110932,5.815507,8.451829
2016-02-05,26.187357,0.262436,5.713228,8.417718
2016-02-06,26.000551,0.144829,5.645913,8.384835
2016-02-07,25.850965,0.262184,5.569642,8.455981
2016-02-08,25.685867,0.161196,5.474971,8.335076
2016-02-09,25.523603,0.250364,5.419621,8.390979
2016-02-10,25.363381,0.188600,5.328146,8.377570
2016-02-11,25.188433,0.091634,5.349945,8.350574
2016-02-12,25.048603,0.325471,5.190955,8.359349
2016-02-13,24.891989,0.183039,5.108308,8.255380
2016-02-14,24.737777,0.103211,5.047840,8.287313
2016-02-15,24.584780,0.027732,5.671309,8.279160
2016-02-16,24.416228,0.030686,5.020815,8.206534
2016-02-17,24.284478,0.208768,4.821428,8.222825
2016-02-18,24.137150,0.358384,4.779724,8.137838
2016-02-19,23.991345,0.332287,4.686632,8.139265
2016-02-20,23.846143,0.293729,4.612875,8.597411
2016-02-21,23.685102,0.254380,4.572652,8.074044
2016-02-22,23.558558,0.251225,4.493244,8.050326
2016-02-23,23.417551,0.431671,4.460767,8.087658
2016-02-24,23.279274,0.230278,4.476223,8.096402
2016-02-25,23.141770,0.222344,5.263863,8.109089
2016-02-26,22.988675,0.023871,4.250292,8.000088
2016-02-27,22.869326,0.209905,4.251115,8.089801
2016-02-28,22.737536,0.517975,7.056962,7.978208
2016-02-29,22.607448,0.240306,4.161697,7.986050
2016-03-01,22.464029,0.344817,4.039388,7.949551
2016-03-02,22.355000,0.427794,3.999978,7.998718
2016-03-03,22.231739,0.406224,3.941262,7.902541
2016-03-04,22.109146,0.296722,3.894929,9.635505
2016-03-05,21.986462,0.583223,4.271409,9.630957
2016-03-06,21.849425,0.370540,3.799936,7.895297
2016-03-07,21.744550,0.440122,3.760587,7.825270
2016-03-08,21.624971,0.190368,3.735758,7.834851
2016-03-09,21.505461,0.236928,5.820338,7.876027
2016-03-10,21.388071,0.051797,9.007519,7.887520
2016-03-11,21.257346,0.026940,3.746097,7.818937
2016-03-12,21.156859,0.031656,3.629997,7.827888
2016-03-13,21.043733,0.033088,3.692284,7.863500
2016-03-14,20.933536,0.021088,3.511596,7.775186
2016-03-15,20.824702,0.018162,3.413942,7.771058
2016-03-16,20.701754,0.015908,5.870955,7.769781
2016-03-17,20.608579,0.015662,43.282714,12.249980
2016-03-18,20.502450,0.517951,76.314709,12.127352
2016-03-19,20.390616,7.517475,7.826849,7.696743
2016-03-20,20.464452,0.044018,3.801343,7.753461
2016-03-21,20.192074,0.041059,4.264036,7.685783
2016-03-22,20.467104,0.182885,3.242354,7.649496
2016-03-23,20.413206,0.019496,3.236189,7.670879
2016-03-24,19.900061,0.020477,3.583101,7.661268
2016-03-25,21.077386,0.016424,3.078477,7.654009
2016-03-26,19.677169,0.016796,3.097946,7.639585
2016-03-27,20.182586,0.016428,3.021505,7.635859
2016-03-28,19.486178,0.016185,2.985485,7.626517
2016-03-29,19.779046,0.016914,2.953783,7.554842
2016-03-30,19.287930,0.017055,2.925189,7.579904
2016-03-31,19.190692,0.016449,2.923575,7.592147
2016-04-01,19.081568,0.022007,3.877911,7.552003
2016-04-02,19.000807,0.023575,6.482322,10.540974
2016-04-03,18.907639,0.021759,8.106960,7.517770
2016-04-04,19.343375,0.026340,4.180637,7.544366
2016-04-05,18.722399,0.021483,11.171704,7.999869
2016-04-06,19.888411,0.017906,9.171467,7.325422
2016-04-07,18.578315,0.019452,11.960780,7.440522
2016-04-08,18.484749,0.017800,21.436206,15.371871
2016-04-09,18.601223,0.017359,5.898251,7.496592
2016-04-10,18.662767,0.104414,28.480337,31.015143
2016-04-11,23.173132,8.515764,46.241791,27.262599
2016-04-12,47.066884,51.519659,86.509005,18.815057
2016-04-13,55.101400,75.065304,75.446390,25.520882
2016-04-14,26.675220,46.678674,70.815084,26.232071
2016-04-15,31.937406,72.768392,123.304098,20.480896
2016-04-16,18.972243,10.510495,16.607880,18.279360
2016-04-17,20.482482,0.241947,11.606432,11.154456
2016-04-18,23.017336,0.046253,7.026815,7.303308
2016-04-19,20.314109,0.059282,10.398845,12.686052
2016-04-20,21.232548,0.020815,8.457220,7.278036
2016-04-21,17.468884,0.012979,7.594671,13.986173
2016-04-22,19.559085,5.463847,43.304839,32.875832
2016-04-23,46.269449,89.216579,94.169035,48.654436
2016-04-24,48.550735,89.102137,87.226948,27.684411
2016-04-25,22.012828,77.910289,84.615627,27.682324
2016-04-26,27.739500,90.299215,140.221018,24.178057
2016-04-27,28.086891,77.891597,91.958406,24.287015
2016-04-28,28.021816,38.805862,83.148440,33.427201
2016-04-29,25.363926,35.431556,110.371209,34.487955
2016-04-30,29.695698,28.643400,109.739271,20.548465
2016-05-01,59.407348,56.379999,112.022521,28.529792
2016-05-02,62.684607,51.278751,118.587766,22.583185
2016-05-03,50.853018,48.629348,114.588675,26.217608
2016-05-04,46.437585,57.829234,146.709844,27.346373
2016-05-05,44.577250,63.549482,155.456655,30.403141
2016-05-06,64.298975,65.493307,149.743225,31.275544
2016-05-07,48.947558,52.241271,144.028519,32.120305
2016-05-08,53.181595,51.692662,165.326514,38.615945
2016-05-09,64.940015,112.617382,238.238061,80.188987
2016-05-10,64.430266,163.416228,167.842892,112.365074
2016-05-11,87.005723,495.359025,229.956242,140.157243
2016-05-12,60.192385,383.226824,194.383268,151.058824
2016-05-13,55.479447,418.681006,209.780232,163.943169
2016-05-14,50.282227,535.586231,233.539405,171.466755
2016-05-15,52.615493,858.660151,264.701288,183.435623
2016-05-16,40.153924,363.939458,174.113010,113.703667
2016-05-17,21.022542,235.451657,201.538625,165.291819
2016-05-18,20.749904,170.256342,188.534813,173.419869
2016-05-19,21.040830,172.967281,191.765460,113.107095
2016-05-20,23.202608,224.072605,220.732542,177.249074
2016-05-21,46.363917,171.514525,164.602916,156.840973
2016-05-22,49.110169,65.274228,90.817178,216.773487
2016-05-23,27.755023,89.222784,97.459191,259.550989
2016-05-24,54.959928,159.258644,123.027081,282.508711
2016-05-25,44.426480,180.252001,84.639994,250.805456
2016-05-26,32.971618,39.750587,58.629355,219.240277
2016-05-27,22.173914,57.419619,67.392425,270.181300
2016-05-28,22.478994,90.844659,72.964658,241.969342
2016-05-29,84.130647,64.052712,75.971686,170.265703
2016-05-30,34.894585,68.019101,87.199866,248.441250
2016-05-31,67.700627,26.128906,91.415517,234.317011
2016-06-01,30.569697,56.997123,120.123653,327.338504
2016-06-02,30.294744,342.745349,351.352265,214.568333
2016-06-03,53.316945,913.374310,250.737227,476.791321
2016-06-04,64.764217,861.015407,197.853089,435.047692
2016-06-05,64.557202,728.576004,176.457105,312.096011
2016-06-06,79.918766,778.585007,203.580896,506.559232
2016-06-07,86.848243,842.745921,221.274986,441.933905
2016-06-08,97.960411,906.923916,243.961778,469.911915
2016-06-09,106.953398,1184.974142,253.580528,442.617405
2016-06-10,138.617139,1424.946310,257.000876,415.171612
2016-06-11,188.068152,1967.566669,301.280919,539.320308
2016-06-12,131.591616,1380.869660,302.012369,712.748381
2016-06-13,152.255758,1406.463181,303.988847,772.255912
2016-06-14,153.227860,1392.853365,291.766059,801.243199
2016-06-15,83.082679,892.212306,208.310935,391.922061
2016-06-16,71.798176,550.916019,229.539215,726.862916
2016-06-17,55.682195,514.389756,250.771235,704.020140
2016-06-18,91.719952,1105.426005,259.896970,869.706557
2016-06-19,106.160099,1464.856209,260.420980,905.112807
2016-06-20,104.937130,1607.079965,293.266841,1188.254705
2016-06-21,114.394706,1648.499194,278.924450,1308.861989
2016-06-22,124.650380,1905.881812,281.998148,1336.725282
2016-06-23,140.666663,1637.914436,201.550964,849.198474
2016-06-24,163.173156,2288.040544,217.686157,1754.457706
2016-06-25,114.287485,2015.259590,232.103055,1559.853584
2016-06-26,109.140739,1945.748331,225.443529,1345.354102
2016-06-27,108.567952,1789.195963,224.607410,1599.193445
2016-06-28,128.185711,2316.506897,210.035202,1778.294707
2016-06-29,110.935563,1798.176983,218.481207,1457.651934
2016-06-30,104.411401,1945.811069,254.257059,1896.931792
2016-07-01,100.378393,1980.461297,202.694104,2050.284190
2016-07-02,86.988120,1777.328811,191.972298,1907.672483
2016-07-03,98.544829,1782.743837,188.361962,1923.906657
2016-07-04,104.047103,1787.705315,181.112455,1909.076820
2016-07-05,89.025856,1740.948221,187.488123,1867.334233
2016-07-06,88.272944,1751.044469,185.885894,2080.489898
2016-07-07,90.438071,1762.719762,175.685123,2048.052989
2016-07-08,97.009712,1797.000019,173.350978,2041.196563
2016-07-09,77.673296,1678.443256,173.391115,1941.432274
2016-07-10,68.323647,1777.828204,164.140864,1969.599121
2016-07-11,70.239186,1728.502952,161.104843,1929.181082
2016-07-12,79.331901,2231.342410,179.373937,2217.150705
2016-07-13,62.281820,1531.369816,202.413453,1796.494107
2016-07-14,64.327153,1566.199706,169.845317,1830.000680
2016-07-15,81.343239,2112.543972,173.960521,2328.522862
2016-07-16,68.511340,2142.560006,152.355126,2177.838294
2016-07-17,58.027994,1927.554542,145.145555,2045.927207
2016-07-18,55.929168,1812.818012,149.039583,1944.032470
2016-07-19,57.004820,1849.743535,143.392487,1917.186112
2016-07-20,55.095675,1916.856143,146.047384,2053.520325
2016-07-21,68.975680,2524.822183,154.037125,2217.845033
2016-07-22,63.025081,2325.123602,158.071152,2220.088695
2016-07-23,66.669199,2419.785589,158.004024,2242.801008
2016-07-24,70.844581,2390.422765,149.006680,2024.081052
2016-07-25,68.670988,2357.371063,149.209329,2050.759747
2016-07-26,67.430903,2211.777176,149.951776,2075.384919
2016-07-27,68.161802,2329.236756,146.054004,2042.630507
2016-07-28,65.049998,2342.227665,142.961624,1991.878322
2016-07-29,63.798388,2138.654108,139.947716,1820.626363
2016-07-30,50.486783,1551.682299,126.168198,1399.295821
2016-07-31,47.223570,1313.108949,116.780386,956.749371
2016-08-01,37.910599,1038.030259,113.650786,1098.471171
2016-08-02,35.003301,837.294095,111.006344,1129.680207
2016-08-03,34.420189,843.708471,111.162327,1126.320916
2016-08-04,35.187924,906.181739,111.539962,1178.534730
2016-08-05,35.380228,1009.582734,112.397489,1227.944985
2016-08-06,42.039877,1224.641749,121.137537,1430.967368
2016-08-07,46.882748,1664.090922,129.285982,1582.182866
2016-08-08,40.923650,1506.349539,121.829608,1558.293744
2016-08-09,38.988107,875.280494,105.205983,800.242597
2016-08-10,50.572957,1534.161916,119.042309,1421.273339
2016-08-11,50.516983,1435.888702,107.018807,1260.501130
2016-08-12,45.455309,1579.342537,98.476904,943.620458
2016-08-13,33.651127,946.568620,102.074682,1008.257980
2016-08-14,29.231330,677.180420,107.464691,1013.343201
2016-08-15,53.406650,3298.390500,168.969158,1499.158888
2016-08-16,48.100887,2834.788161,174.709728,1756.999326
2016-08-17,43.509495,2381.251835,170.553442,1357.596239
2016-08-18,41.821702,1002.056953,106.976024,802.886500
2016-08-19,32.687402,849.274546,81.908759,1109.799601
2016-08-20,26.967678,716.831536,77.890237,1065.525205
2016-08-21,31.594589,838.847411,92.245358,1216.865257
2016-08-22,41.392309,1279.373384,82.451395,1244.068235
2016-08-23,35.115275,1087.995141,74.582485,1108.082565
2016-08-24,39.889754,1058.394959,72.481199,940.071134
2016-08-25,39.015219,1137.126220,94.068986,1091.947560
2016-08-26,32.691448,1009.675187,80.090070,833.890929
2016-08-27,36.760551,548.025809,59.257923,411.847521
2016-08-28,24.025746,402.614071,54.808112,605.654469
2016-08-29,22.848664,282.841000,47.148725,539.841949
2016-08-30,22.912194,357.094904,59.584012,479.077997
2016-08-31,22.557757,326.969632,45.160156,528.936573
2016-09-01,22.351814,342.665384,45.200865,484.018431
2016-09-02,22.223512,304.831454,41.928761,449.273972
2016-09-03,24.868610,159.295996,36.876137,306.651176
2016-09-04,23.781873,53.892974,54.022046,416.156343
2016-09-05,27.845262,118.948434,30.587260,360.920639
2016-09-06,21.562629,104.179457,36.580775,336.746058
2016-09-07,21.602237,111.517730,54.978470,322.086690
2016-09-08,30.192439,246.430862,53.884233,345.510736
2016-09-09,21.141174,174.673677,48.445515,351.088323
2016-09-10,21.024437,217.560890,61.433199,405.455445
2016-09-11,20.878169,158.920616,30.529372,344.200785
2016-09-12,20.756883,299.893536,30.404851,268.487422
2016-09-13,20.622058,110.784537,35.207454,314.112189
2016-09-14,20.497876,141.636384,32.735728,158.291201
2016-09-15,22.739482,384.497228,50.224514,189.997161
2016-09-16,37.416428,450.420876,62.455765,250.465064
2016-09-17,33.497836,88.604140,25.401669,170.190196
2016-09-18,20.207068,30.169872,24.183858,65.168856
2016-09-19,23.545290,73.141930,24.165185,127.505652
2016-09-20,34.843766,10.899250,15.287877,31.205652
2016-09-21,22.502744,1.746113,10.495232,36.771732
2016-09-22,20.250335,0.482532,10.266441,34.104605
2016-09-23,21.511121,2.197896,10.203312,50.486974
2016-09-24,19.642134,3.561379,10.145557,50.423408
2016-09-25,19.016989,1.600950,9.852737,44.949024
2016-09-26,18.882433,0.741131,9.690919,30.352117
2016-09-27,18.782479,0.495732,9.568534,38.282045
2016-09-28,18.676360,0.497676,9.462873,18.487232
2016-09-29,18.578085,0.356521,9.342014,14.383566
2016-09-30,26.655444,0.622736,9.174804,19.072330
2016-10-01,31.598981,0.479795,9.476334,9.433374
2016-10-02,28.819610,0.431161,24.508146,11.829699
2016-10-03,21.449132,66.247302,125.983770,107.248976
2016-10-04,23.906644,207.520320,70.167061,118.344999
2016-10-05,19.533067,130.409017,101.480089,133.785425
2016-10-06,18.903825,259.008801,121.353633,114.172690
2016-10-07,23.685724,169.706788,136.333089,174.076004
2016-10-08,18.364597,180.331824,97.008226,126.758005
2016-10-09,19.806568,147.336637,24.061584,50.083094
2016-10-10,17.715580,10.625568,23.611041,39.945777
2016-10-11,19.813098,30.661161,43.897080,64.635543
2016-10-12,17.714825,34.702080,27.513070,56.643463
2016-10-13,27.419447,67.372183,28.202590,43.671849
2016-10-14,19.080921,8.520569,15.187822,64.047129
2016-10-15,17.755126,0.191067,37.663199,72.036828
2016-10-16,19.043012,15.749485,59.778547,102.005482
2016-10-17,16.747042,2.166437,30.888766,23.978042
2016-10-18,19.151120,0.274143,18.040215,25.725958
2016-10-19,31.167580,48.550952,109.440410,109.150978
2016-10-20,17.645934,51.816256,44.620090,73.207666
2016-10-21,20.683844,6.541261,56.971243,14.991071
2016-10-22,17.795328,13.823848,25.115457,14.109886
2016-10-23,20.322181,0.654001,20.531629,9.600577
2016-10-24,17.509630,0.584243,20.345292,9.086131
2016-10-25,17.865045,0.210760,20.394013,8.945644
2016-10-26,18.272700,0.268478,20.678358,9.073007
2016-10-27,20.127013,0.237707,20.927584,9.000978
2016-10-28,19.209868,0.162844,20.869240,9.022394
2016-10-29,19.638733,0.266658,20.848645,9.266449
2016-10-30,20.020058,0.191625,20.600437,9.012231
2016-10-31,20.367563,0.178518,20.343741,9.637143
2016-11-01,20.670910,0.161725,24.182179,9.802530
2016-11-02,20.985566,0.171973,22.193522,9.923412
2016-11-03,21.258086,0.193935,19.595244,9.117402
2016-11-04,21.481107,0.102526,19.784661,8.905062
2016-11-05,21.671516,0.131503,23.028665,10.986541
2016-11-06,21.817350,0.156721,47.655582,52.612711
2016-11-07,21.989010,0.139734,19.169148,10.579451
2016-11-08,22.122904,0.158710,18.587625,8.864317
2016-11-09,22.211739,0.185882,18.655621,8.977507
2016-11-10,22.275971,1.162579,18.617400,8.997699
2016-11-11,22.307849,1.416045,18.616116,8.911905
2016-11-12,22.359763,1.478510,18.657877,8.760013
2016-11-13,22.386471,0.614569,18.770748,8.817256
2016-11-14,22.404072,0.181552,18.908683,8.824730
2016-11-15,22.417598,0.162078,18.925613,8.816951
2016-11-16,22.407972,0.067005,18.799411,8.759508
2016-11-17,22.419535,0.110229,18.585764,8.800779
2016-11-18,22.407578,0.127736,18.346686,8.718687
2016-11-19,22.387682,0.055787,18.102204,8.758197
2016-11-20,22.359861,0.051877,17.840019,8.756234
2016-11-21,22.311599,0.044265,17.604932,8.768549
2016-11-22,22.290647,0.078174,17.382689,8.688725
2016-11-23,22.250061,0.075350,17.174825,8.938401
2016-11-24,22.204280,0.055090,16.885708,8.675369
2016-11-25,22.152587,0.070730,16.658717,8.718036
2016-11-26,22.079569,0.055571,16.551744,8.642316
2016-11-27,22.031314,0.136989,19.049276,8.638696
2016-11-28,22.749780,0.236111,16.804118,8.688797
2016-11-29,21.899162,0.615533,15.753194,8.657064
2016-11-30,21.829376,0.746726,15.567645,8.640410
2016-12-01,21.738597,0.697166,15.360630,8.575218
2016-12-02,21.673223,0.604177,15.180157,8.576903
2016-12-03,21.589135,0.647109,14.956253,8.517475
2016-12-04,21.505486,0.606314,15.153012,8.617906
2016-12-05,21.423296,0.421675,25.696004,8.537222
2016-12-06,21.325302,0.117245,27.295783,8.574422
2016-12-07,21.254508,0.098193,19.246458,8.591284
2016-12-08,21.168191,0.145643,14.122316,8.488936
2016-12-09,21.081378,0.117509,13.916616,8.456281
2016-12-10,20.995446,0.117686,15.649217,8.468881
2016-12-11,20.896847,0.203386,21.194761,8.467680
2016-12-12,20.826869,0.217607,13.586818,8.415925
2016-12-13,20.740347,0.229075,13.483131,8.404131
2016-12-14,20.652598,0.192997,14.357150,8.381254
2016-12-15,20.564224,0.234139,13.163742,8.348109
2016-12-16,20.462042,0.257538,12.935495,8.337067
2016-12-17,20.389177,0.220063,12.917758,8.308465
2016-12-18,20.301209,0.185177,12.798522,8.418744
2016-12-19,20.212028,0.093219,12.575463,8.320581
2016-12-20,20.121712,0.149137,12.458733,8.300661
2016-12-21,20.016547,0.329602,12.349832,8.276097
2016-12-22,19.939120,0.463791,12.217766,8.283175
2016-12-23,19.848932,0.376129,12.129356,8.958218
2016-12-24,19.758231,0.156268,12.019456,8.250945
2016-12-25,19.666944,0.104681,11.890848,8.238128
2016-12-26,19.562603,0.129589,11.799200,8.228807
2016-12-27,19.485370,0.145872,11.717955,8.199161
2016-12-28,19.394335,0.131560,11.574442,8.228261
2016-12-29,19.302641,0.067080,11.456020,8.216453
2016-12-30,19.210569,0.052551,11.368870,8.166492
2016-12-31,19.118621,0.084623,11.260184,8.152402
2017-01-01,19.269617,5.337992,11.927803,8.159492
2017-01-02,19.191605,0.083050,11.211971,8.189486
2017-01-03,19.099712,0.049379,10.954177,8.145892
2017-01-04,19.008217,0.260979,11.067225,8.158529
2017-01-05,18.917280,0.788513,11.143093,8.108501
2017-01-06,18.814574,0.287470,10.689655,8.075966
2017-01-07,18.740307,0.474809,10.573848,8.149345
2017-01-08,18.652201,0.063710,10.452422,8.086370
2017-01-09,18.563576,0.057896,10.363479,8.029685
2017-01-10,18.476403,0.052338,10.252323,8.039993
2017-01-11,18.376155,0.054064,10.167500,8.028660
2017-01-12,18.302221,0.313229,10.067253,7.967738
2017-01-13,18.216369,2.231710,9.974551,8.051665
2017-01-14,18.132780,2.429317,9.873623,7.987619
2017-01-15,18.050121,2.497937,9.967741,8.051145
2017-01-16,17.955254,2.467965,9.696210,7.831163
2017-01-17,17.885691,2.449571,9.592826,8.029006
2017-01-18,17.803938,2.158395,9.507224,7.943148
2017-01-19,17.723656,1.328939,9.409081,7.881767
2017-01-20,17.644213,1.311157,9.315904,7.926375
2017-01-21,17.553505,1.321236,9.230724,7.859057
2017-01-22,17.487411,1.317488,9.187529,7.846468
2017-01-23,17.409116,0.547755,11.786556,9.370161
2017-01-24,17.330815,0.788426,20.691896,7.841559
2017-01-25,17.253325,0.437887,8.977440,7.801367
2017-01-26,17.164975,0.056436,8.777917,7.800191
2017-01-27,17.101024,0.043828,8.691965,7.819107
2017-01-28,17.025566,0.052667,8.603374,7.770652
2017-01-29,16.950503,0.046742,8.516013,7.768107
2017-01-30,16.875530,0.082615,8.519998,12.885552
2017-01-31,16.800165,0.058780,8.942463,12.508436
2017-02-01,16.714042,0.043495,8.329191,7.732814
2017-02-02,16.651674,0.043089,8.219409,7.697686
2017-02-03,16.577359,0.043221,8.139602,7.717060
2017-02-04,16.502915,0.048106,9.887430,7.742917
2017-02-05,16.428546,0.225729,10.172393,7.764224
2017-02-06,16.343655,0.296534,8.326735,7.690160
2017-02-07,16.282233,0.050672,14.958678,11.444394
2017-02-08,16.210164,1.026990,12.909567,10.769086
2017-02-09,16.138301,1.525178,8.508346,7.630139
2017-02-10,16.066158,1.037036,7.807229,7.707040
2017-02-11,15.982996,0.411286,12.268453,7.669852
2017-02-12,15.922393,0.459377,25.270076,8.494613
2017-02-13,15.852298,0.130524,7.838680,7.635140
2017-02-14,15.782738,0.191135,7.708332,7.759180
2017-02-15,15.713083,0.047846,7.467318,7.558287
2017-02-16,15.632315,0.039196,7.302623,7.535316
2017-02-17,15.573461,0.037959,7.255811,7.533963
2017-02-18,15.503704,0.037697,7.187481,8.390974
2017-02-19,15.434631,0.039197,7.133120,7.530363
2017-02-20,15.367839,0.038642,7.089750,7.445222
2017-02-21,15.291801,0.039674,7.043053,7.470876
2017-02-22,15.237715,0.048515,6.993721,7.477670
2017-02-23,15.172844,0.039891,6.934316,7.525398
2017-02-24,15.107930,0.062956,6.891967,7.447778
2017-02-25,15.043669,0.042146,6.904291,7.411875
2017-02-26,14.969874,0.042961,6.825193,7.360498
2017-02-27,14.916967,0.039800,6.752726,7.399885
2017-02-28,14.854995,0.036658,6.693089,7.404770
2017-03-01,14.784643,0.039422,6.714273,7.409675
2017-03-02,14.735577,0.039792,6.853669,7.347304
2017-03-03,14.677014,0.066625,6.560634,7.375720
2017-03-04,14.618831,0.040506,6.523334,7.340350
2017-03-05,14.561764,0.052571,6.474084,7.330693
2017-03-06,14.494832,0.039565,6.432526,7.381613
2017-03-07,14.447881,0.036709,6.396029,7.381951
2017-03-08,14.390442,0.035200,6.328433,7.427498
2017-03-09,14.333325,0.038402,6.321586,7.287066
2017-03-10,14.277014,0.035869,6.256633,7.364558
2017-03-11,14.212139,0.035688,7.638581,7.313262
2017-03-12,14.168765,0.068322,6.256107,7.331821
2017-03-13,14.115867,0.062709,6.140082,7.302862
2017-03-14,14.062802,0.036619,6.087024,7.337820
2017-03-15,14.010060,0.035257,6.033792,7.256391
2017-03-16,13.947838,0.034644,6.020522,7.355593
2017-03-17,13.905073,0.050482,5.965143,7.272110
2017-03-18,13.852655,0.046041,5.944161,7.290096
2017-03-19,13.800807,0.034086,5.893027,7.337300
2017-03-20,13.749214,0.034063,5.837897,7.262919
2017-03-21,13.688455,0.034038,5.802881,7.190134
2017-03-22,13.647012,0.034061,5.775428,10.547653
2017-03-23,13.596254,0.075713,7.888614,7.370468
2017-03-24,13.545929,0.071762,5.699385,7.251768
2017-03-25,13.495877,0.077914,5.637127,7.212761
2017-03-26,13.436701,0.110395,5.608170,7.206506
2017-03-27,13.396411,0.111125,5.568545,7.217449
2017-03-28,13.346904,0.110217,5.515943,7.210954
2017-03-29,13.297839,0.041586,5.503072,7.215727
2017-03-30,13.249151,0.034657,5.441440,7.184816
2017-03-31,13.200660,0.035319,5.431357,7.135829
2017-04-01,13.143259,0.037335,5.373986,7.207202
2017-04-02,13.104428,0.036597,5.331770,7.125668
2017-04-03,13.056900,0.035279,5.499765,7.231950
2017-04-04,13.009790,0.035681,5.292498,7.129642
2017-04-05,12.962646,0.034686,5.249095,7.217913
2017-04-06,12.906803,0.035373,5.200334,7.034076
2017-04-07,12.869494,0.034868,5.144124,7.107374
2017-04-08,12.823440,0.035300,5.109030,7.091146
2017-04-09,12.777351,0.034938,5.087363,7.102428
2017-04-10,12.731613,0.036030,5.034699,7.093643
2017-04-11,12.677785,0.034648,5.023572,12.080051
2017-04-12,12.642343,0.035331,4.965948,7.035626
2017-04-13,12.598595,0.034796,4.938699,7.015556
2017-04-14,12.555165,0.034649,4.903864,7.127283
2017-04-15,12.512368,0.035179,4.885208,7.075144
2017-04-16,12.461475,0.034650,5.022143,7.004612
2017-04-17,12.428439,0.034974,5.154915,7.065594
2017-04-18,12.387222,0.053750,4.986560,7.076886
2017-04-19,12.345971,0.047949,5.000322,7.074583
2017-04-20,12.304911,0.034728,4.711092,7.008581
2017-04-21,12.255281,0.034626,4.688698,6.981554
2017-04-22,12.222768,0.034649,4.647221,12.440664
2017-04-23,12.181786,0.034647,4.613933,13.899678
2017-04-24,12.141030,0.034649,5.361697,21.694678
2017-04-25,12.100575,0.034651,31.721137,20.491524
2017-04-26,14.733142,0.038995,100.544942,19.218611
2017-04-27,13.100822,0.030873,7.094988,12.994166
2017-04-28,11.999899,0.029497,8.947360,6.941694
2017-04-29,12.473563,0.029493,14.148049,11.070278
2017-04-30,12.377320,0.029496,15.737748,16.300520
2017-05-01,19.888613,0.028594,54.111930,26.521240
2017-05-02,35.739041,20.169535,111.557121,62.946432
2017-05-03,45.194657,190.954500,422.279712,91.399505
2017-05-04,21.666321,490.289678,187.562464,231.626407
2017-05-05,19.949734,286.027715,103.396178,121.700063
2017-05-06,14.975252,384.118208,101.648104,127.632897
2017-05-07,16.873165,426.520292,114.670260,120.381164
2017-05-08,15.411457,422.288662,131.027601,97.218863
2017-05-09,19.349576,861.954217,322.713493,220.420971
2017-05-10,13.262912,81.361556,64.766444,48.742981
2017-05-11,15.683819,11.678419,75.390339,47.210744
2017-05-12,23.000987,7.210667,35.826675,15.554586
2017-05-13,24.249195,8.840312,63.551549,17.181707
2017-05-14,30.215535,33.250559,136.976213,38.045934
2017-05-15,38.497158,141.808824,122.026236,28.233626
2017-05-16,45.082784,210.461923,162.172805,68.177409
2017-05-17,43.035307,182.521010,166.264202,93.093783
2017-05-18,52.470820,229.684979,205.398158,126.919369
2017-05-19,59.627477,508.759131,252.180099,194.438441
2017-05-20,58.144257,919.071454,238.473811,253.186484
2017-05-21,58.260509,968.869915,279.200294,311.450830
2017-05-22,68.620566,750.122777,262.896566,216.871479
2017-05-23,72.625319,670.098710,265.868346,208.028292
2017-05-24,82.890488,589.025320,242.831312,247.350346
2017-05-25,91.835034,334.643403,245.446749,313.154556
2017-05-26,96.829325,279.720754,265.967181,405.404382
2017-05-27,110.384317,506.429044,295.534425,400.082346
2017-05-28,117.110085,330.640617,277.794567,342.766415
2017-05-29,117.224699,333.801260,302.260437,392.714431
2017-05-30,122.439072,214.072864,273.030344,389.221384
2017-05-31,130.223122,322.797608,324.430897,459.762595
2017-06-01,138.211987,323.972226,313.269706,378.522094
2017-06-02,143.683091,541.741414,335.871535,426.345969
2017-06-03,147.958998,605.716601,341.771297,499.501878
2017-06-04,152.585090,539.910798,341.588395,343.897906
2017-06-05,159.589650,726.959211,373.473400,536.246359
2017-06-06,162.092509,687.622881,379.832185,550.958338
2017-06-07,170.936838,845.631470,404.416279,551.011086
2017-06-08,167.188307,803.088342,376.140264,559.430682
2017-06-09,160.918781,646.019454,376.184437,562.815685
2017-06-10,164.475597,592.887679,377.967132,568.044742
2017-06-11,168.831305,665.464562,389.873204,604.855520
2017-06-12,178.779686,750.482953,392.172371,649.665133
2017-06-13,165.450292,860.430380,386.892828,676.962234
2017-06-14,165.905893,958.737128,405.266316,785.706837
2017-06-15,167.052181,1006.544517,426.391494,960.731747
2017-06-16,168.572599,848.120419,408.049582,810.133723
2017-06-17,171.128652,1147.157237,375.682343,912.237956
2017-06-18,176.976641,995.008544,388.274581,997.386119
2017-06-19,182.243161,894.291484,319.365081,822.006307
2017-06-20,174.972790,753.557044,309.072525,1015.964667
2017-06-21,171.654792,758.974958,298.798721,1157.305011
2017-06-22,175.216684,765.245504,270.887948,1112.093652
2017-06-23,178.827293,1148.479441,263.822167,1173.652472
2017-06-24,180.952904,1166.189106,270.757499,1155.472714
2017-06-25,183.104689,1156.124366,259.660692,1115.224081
2017-06-26,177.363792,1135.863548,257.696863,1105.924864
2017-06-27,177.628783,1135.046388,261.089684,1091.441638
2017-06-28,179.085274,1106.217836,266.665278,1173.181106
2017-06-29,179.420661,1129.066556,259.851889,1179.422229
2017-06-30,178.054130,1002.222052,255.452704,1109.066448
2017-07-01,172.825573,957.494478,267.042952,1237.808498
2017-07-02,198.149024,647.567712,188.713666,795.874423
2017-07-03,171.263217,288.956307,155.978545,457.593647
2017-07-04,166.532607,378.249754,172.664895,509.951900
2017-07-05,163.866306,533.321935,200.314985,648.243450
2017-07-06,163.137778,1167.619430,239.818675,1103.493773
2017-07-07,165.734235,1283.788021,200.307744,1283.815501
2017-07-08,165.592805,1187.247252,182.950039,1141.281877
2017-07-09,163.763566,1291.757913,200.118917,1348.456805
2017-07-10,162.817745,1274.585252,188.156606,1171.761207
2017-07-11,158.448805,1082.973141,182.441138,1150.525484
2017-07-12,161.560447,1083.664096,188.551031,1190.267588
2017-07-13,164.527116,1116.174232,192.808626,1262.880065
2017-07-14,135.649191,856.916011,213.506846,1211.885706
2017-07-15,151.218964,1498.218939,216.181214,1470.493761
2017-07-16,142.613552,868.256068,171.828922,738.499199
2017-07-17,133.809594,754.671203,128.666486,977.485319
2017-07-18,129.207723,878.782511,124.675113,967.999217
2017-07-19,137.082123,1154.465793,138.132648,1275.885852
2017-07-20,142.413352,1355.709078,144.170190,1095.093673
2017-07-21,139.462127,1217.045899,153.732524,1361.842495
2017-07-22,157.526973,2086.428441,159.260229,1155.667123
2017-07-23,160.422781,1979.948336,157.518494,1461.161654
2017-07-24,152.828129,1828.818034,174.022971,1529.028807
2017-07-25,223.358513,6364.138119,612.268902,2452.126247
2017-07-26,166.392915,3976.670293,240.290877,2620.836557
2017-07-27,161.710689,2231.490542,149.804696,1919.821635
2017-07-28,147.031655,1957.003470,155.556529,1800.835726
2017-07-29,147.979659,1897.528662,151.139384,1820.624066
2017-07-30,146.470318,1939.070412,158.093676,1823.432800
2017-07-31,142.753832,1879.666564,147.231316,1687.614385
2017-08-01,139.507175,1701.256931,146.261473,1552.651528
2017-08-02,139.232085,1831.919124,144.315968,1612.436617
2017-08-03,131.778485,1736.065980,142.947389,1516.577220
2017-08-04,122.608192,1372.530127,142.084956,1417.182497
2017-08-05,117.796691,1207.321837,120.232840,1250.529993
2017-08-06,127.008002,717.855858,114.415030,1164.527352
2017-08-07,105.238695,621.859963,113.582268,741.026814
2017-08-08,106.146658,796.080916,108.208666,1223.393042
2017-08-09,103.461229,684.871161,100.187032,1104.040471
2017-08-10,105.160079,654.740341,96.097429,1032.096042
2017-08-11,101.598373,776.108997,99.857189,1041.148615
2017-08-12,100.844239,820.296872,99.829626,1124.584109
2017-08-13,96.493084,727.525797,102.414091,1161.074140
2017-08-14,95.535960,718.220711,105.247718,1228.517872
2017-08-15,95.947589,780.311246,96.782492,1046.014075
2017-08-16,91.730217,728.635457,102.447491,1052.316897
2017-08-17,87.903482,716.018605,89.338285,835.535928
2017-08-18,86.290902,519.960391,72.989839,381.839261
2017-08-19,82.621085,514.746968,81.798139,562.604681
2017-08-20,116.215386,207.088950,66.376654,305.973443
2017-08-21,83.140931,141.045896,100.345163,367.667262
2017-08-22,78.702493,435.006834,96.002551,625.648887
2017-08-23,74.062697,511.340720,65.296893,837.054078
2017-08-24,75.161866,559.075450,58.077763,786.125728
2017-08-25,96.062259,1931.683008,76.711465,505.320981
2017-08-26,74.166540,1486.327943,80.061852,897.755427
2017-08-27,71.828286,969.721777,80.457423,860.728642
2017-08-28,66.732109,569.081541,50.338655,648.352297
2017-08-29,63.905656,512.148165,59.807238,677.369920
2017-08-30,64.415515,615.421847,66.754620,734.231615
2017-08-31,67.529295,1081.861052,67.065150,931.485256
2017-09-01,71.170528,1392.057202,80.432584,938.930134
2017-09-02,62.080807,357.428934,50.331478,504.359194
2017-09-03,84.355581,272.567980,46.150304,246.058988
2017-09-04,65.692091,568.565711,70.956082,347.346984
2017-09-05,62.045846,354.082298,48.094012,427.181145
2017-09-06,67.592193,215.633340,63.680765,484.855204
2017-09-07,60.423536,99.523212,35.387134,444.910554
2017-09-08,59.911745,95.456890,30.718013,365.561103
2017-09-09,61.855109,114.939904,45.896783,371.732964
2017-09-10,58.919323,58.806160,27.310800,292.219584
2017-09-11,75.406108,24.620812,41.309023,97.022216
2017-09-12,62.416604,50.473790,21.966265,189.202126
2017-09-13,58.111860,31.920860,14.339619,178.241164
2017-09-14,59.338900,62.231318,34.276421,78.296672
2017-09-15,153.233535,2171.861855,383.685802,898.204697
2017-09-16,176.018513,3261.881246,340.786674,1480.279363
2017-09-17,65.866979,1360.388012,86.067275,627.511220
2017-09-18,51.638196,88.761751,25.843045,251.674496
2017-09-19,49.392576,154.139298,22.592392,188.378088
2017-09-20,54.658576,122.564281,15.861195,237.368336
2017-09-21,53.666399,108.407401,24.514103,240.796577
2017-09-22,56.292064,40.294835,28.590545,134.790472
2017-09-23,62.056818,45.068431,22.979974,149.077050
2017-09-24,63.090182,384.786765,46.407512,139.496893
2017-09-25,68.806134,91.886396,75.429950,66.891776
2017-09-26,72.617600,146.702642,153.697661,240.326261
2017-09-27,74.539441,191.146654,23.810994,84.557373
2017-09-28,68.643146,6.872157,19.411844,37.203773
2017-09-29,67.867628,2.185757,15.337521,46.583712
2017-09-30,68.812525,2.740745,19.142010,40.786509
2017-10-01,71.437491,3.405901,15.635246,25.669809
2017-10-02,72.471518,2.073090,15.388876,65.261515
2017-10-03,73.405553,2.004291,15.027809,47.489538
2017-10-04,72.024930,1.798045,14.877707,30.431867
2017-10-05,72.424110,1.755273,15.205659,22.166257
2017-10-06,72.581833,1.358573,17.857242,45.417567
2017-10-07,74.096406,1.311213,25.338196,25.253383
2017-10-08,89.099828,6.686530,35.047961,18.932532
2017-10-09,76.838130,13.790838,20.599301,25.724746
2017-10-10,72.334677,2.385221,15.737215,16.319545
2017-10-11,77.687889,7.792588,24.649724,17.832706
2017-10-12,70.715068,1.979934,14.050802,10.385610
2017-10-13,70.815348,1.176505,13.892745,11.757847
2017-10-14,69.419191,1.357352,13.824073,9.975643
2017-10-15,71.912374,1.339019,14.324007,9.965098
2017-10-16,72.770685,1.116897,20.073554,10.819762
2017-10-17,71.215829,6.661097,48.460917,27.581856
2017-10-18,69.363962,19.285564,43.051171,41.655489
2017-10-19,69.231650,40.247055,49.871938,32.632740
2017-10-20,74.266934,33.444196,52.439618,20.773344
2017-10-21,68.200719,21.670157,20.690854,12.846574
2017-10-22,65.074502,4.522155,16.411876,9.742338
2017-10-23,66.192108,4.427349,17.063402,9.707970
2017-10-24,64.395620,4.076044,17.463654,9.695329
2017-10-25,64.137788,3.653087,17.776952,9.565795
2017-10-26,80.521594,21.339215,49.234504,16.891511
2017-10-27,67.898206,83.241183,27.411018,16.982769
2017-10-28,63.339427,2.406746,18.239420,11.415877
2017-10-29,62.911186,2.079111,18.480123,11.041809
2017-10-30,62.468350,4.705019,21.562807,9.813137
2017-10-31,62.024777,2.953455,18.293900,10.232517
2017-11-01,61.524701,1.623100,18.984816,11.903894
2017-11-02,61.090692,1.875242,18.216315,9.497684
2017-11-03,60.604463,2.844213,18.066387,9.435273
2017-11-04,60.110485,4.934086,17.970402,9.420529
2017-11-05,59.595543,4.502244,17.867511,9.408676
2017-11-06,59.028182,4.105602,17.736228,9.376300
2017-11-07,58.527751,3.977220,17.630788,9.385413
2017-11-08,57.974124,4.208168,17.477528,9.324520
2017-11-09,57.408844,4.066239,17.371751,9.312360
2017-11-10,56.840188,4.056414,17.239897,9.272632
2017-11-11,56.228162,3.774682,17.097069,9.276259
2017-11-12,55.692787,3.730371,16.991580,9.281993
2017-11-13,55.113814,3.946170,16.841659,9.245681
2017-11-14,54.526979,4.102473,16.691082,9.265843
2017-11-15,53.943065,4.358843,16.576945,9.120571
2017-11-16,53.328456,4.460081,16.439671,9.231818
2017-11-17,52.797316,1.744935,16.275876,9.082916
2017-11-18,52.235676,1.431630,16.143679,9.163225
2017-11-19,51.678694,1.244643,16.015126,9.079528
2017-11-20,51.124046,1.392635,15.883804,9.045449
2017-11-21,50.534784,1.669790,15.726524,9.018231
2017-11-22,50.027836,2.112200,15.600128,9.064613
2017-11-23,49.507787,2.256198,15.436753,9.042583
2017-11-24,48.993964,2.136446,15.308699,8.930309
2017-11-25,48.487054,2.064567,15.274867,9.011472
2017-11-26,47.952535,2.740931,15.064893,8.891629
2017-11-27,47.493983,3.782396,14.881934,9.025362
2017-11-28,47.009469,3.572320,14.776563,8.997934
2017-11-29,83.399701,6.482761,87.395755,8.985181
2017-11-30,126.024729,70.486892,133.626682,34.829931
2017-12-01,47.890187,6.942592,35.957168,18.270822
2017-12-02,45.298700,4.588301,14.230108,8.771753
2017-12-03,44.448162,4.430736,14.143852,8.802854
2017-12-04,43.724800,2.836164,14.042374,8.758472
2017-12-05,43.116553,1.419330,13.973435,8.755119
2017-12-06,42.573387,1.344886,13.882718,8.814565
2017-12-07,42.158725,1.159517,13.788896,8.730387
2017-12-08,41.766349,1.100052,13.728164,9.438614
2017-12-09,41.416676,1.201226,13.649894,8.687208
2017-12-10,41.097275,1.054198,13.543034,8.716033
2017-12-11,40.771966,0.245936,13.518275,8.684647
2017-12-12,40.523083,0.057863,13.536028,8.637951
2017-12-13,40.258659,0.031208,13.268432,8.611699
2017-12-14,40.004664,0.038903,13.180646,8.644279
2017-12-15,39.758412,0.040121,13.130842,8.641316
2017-12-16,39.493619,0.059404,13.113302,8.619983
2017-12-17,39.292460,0.089606,13.033159,9.704413
2017-12-18,39.068024,0.241444,13.478594,8.572218
2017-12-19,38.849881,0.347951,12.758612,8.633649
2017-12-20,38.632635,0.544580,12.555806,8.458454
2017-12-21,38.389053,0.285546,12.468987,8.451702
2017-12-22,38.199732,0.047975,12.359375,8.450351
2017-12-23,37.984555,0.145354,12.254604,8.446116
2017-12-24,37.767949,0.359269,12.149244,8.417014
2017-12-25,37.549547,0.339589,12.042721,8.413179
2017-12-26,37.302871,0.304287,11.952953,8.398535
2017-12-27,37.107844,0.329322,11.818598,8.351094
2017-12-28,36.885563,0.337509,11.718878,8.349250
2017-12-29,36.661379,0.358409,11.578430,8.351685
2017-12-30,36.439285,0.262935,11.523887,8.382090
2017-12-31,36.216603,0.088642,11.380097,8.276963
2018-01-01,36.111827,1.614239,11.282192,8.330232
2018-01-02,35.917348,1.573264,11.144510,8.267424
2018-01-03,35.694823,1.473447,11.042690,8.266454
2018-01-04,35.469846,1.414856,10.911838,8.232148
2018-01-05,35.245767,1.247003,10.798983,8.279316
2018-01-06,34.998545,0.282444,10.677616,8.277386
2018-01-07,34.799410,1.063497,10.594477,8.222108
2018-01-08,34.574698,0.777794,10.450985,8.250928
2018-01-09,34.350666,0.213697,13.258396,8.270136
2018-01-10,34.126227,0.254300,17.948113,8.244911
2018-01-11,33.876300,0.331443,10.287625,8.226820
2018-01-12,33.675523,0.158528,10.029049,8.225234
2018-01-13,33.454554,0.315368,9.969603,8.159259
2018-01-14,33.234896,0.204785,9.819435,8.144704
2018-01-15,33.014485,0.155400,9.722485,8.098250
2018-01-16,32.770454,0.247517,9.618401,8.179869
2018-01-17,32.572433,0.201081,9.517784,8.080233
2018-01-18,32.353104,0.169134,9.427783,8.076144
2018-01-19,32.136237,0.058985,9.330853,8.112417
2018-01-20,31.923256,0.149608,9.235843,9.530935
2018-01-21,31.690154,0.243038,9.142171,8.026834
2018-01-22,31.500839,0.262035,9.029771,8.060939
2018-01-23,31.289073,0.250056,8.959665,8.044870
2018-01-24,31.077121,0.076833,8.859220,8.040534
2018-01-25,30.867905,0.102962,8.761466,7.999383
2018-01-26,30.639949,0.183855,8.676659,8.008932
2018-01-27,30.457392,0.170241,8.581440,7.961938
2018-01-28,30.257128,0.153118,8.491171,7.957994
2018-01-29,30.059308,0.219126,8.401486,7.951639
2018-01-30,29.864928,1.099599,8.318253,7.948497
2018-01-31,29.674940,2.844590,8.230163,7.922277
2018-02-01,29.466012,2.864854,8.146289,7.979539
2018-02-02,29.299051,3.004977,8.037675,7.873177
2018-02-03,29.112211,3.094620,7.995296,8.422884
2018-02-04,28.926238,2.636176,8.107020,7.827349
2018-02-05,28.741997,2.663239,7.815650,7.784231
2018-02-06,28.541433,2.687260,7.718412,7.736532
2018-02-07,28.384805,2.600027,7.644787,7.813859
2018-02-08,28.209666,2.553266,7.579167,7.706989
2018-02-09,28.036204,2.558630,7.486315,7.723764
2018-02-10,27.863857,2.981665,7.419416,7.734434
2018-02-11,27.673346,2.781754,7.331465,7.709374
2018-02-12,27.522965,2.622500,7.244504,7.708424
2018-02-13,27.356057,2.610021,7.193993,7.675680
2018-02-14,27.192641,2.648320,7.126571,7.637463
2018-02-15,27.030916,1.852680,7.018093,7.688219
2018-02-16,26.851664,1.493424,7.416214,7.664590
2018-02-17,26.710713,1.588899,6.915664,7.587283
2018-02-18,26.552369,1.564208,7.168040,7.641756
2018-02-19,26.395996,1.664140,8.862756,7.628646
2018-02-20,26.242809,1.966415,6.746085,7.605604
2018-02-21,26.072875,2.109665,6.609543,7.527714
2018-02-22,25.940446,2.149491,6.586442,7.626588
2018-02-23,25.790431,2.245749,7.709290,7.556974
2018-02-24,25.642168,2.153970,11.171538,7.549975
2018-02-25,25.495794,1.922042,6.683734,7.566259
2018-02-26,25.332175,1.768570,6.325842,7.575201
2018-02-27,25.204285,1.706275,6.292379,7.574684
2018-02-28,25.059464,1.783282,6.133048,8.238665
2018-03-01,24.897832,0.561729,6.090484,7.489550
2018-03-02,24.771420,0.025185,6.021392,7.470904
2018-03-03,24.629564,0.002052,5.965594,7.461803
2018-03-04,24.488769,0.025873,5.910785,7.454928
2018-03-05,24.348902,0.003327,5.842251,7.430641
2018-03-06,24.194359,0.001035,5.793130,7.313322
2018-03-07,24.075432,0.001025,5.727183,7.361268
2018-03-08,23.940717,0.002464,5.669062,7.392372
2018-03-09,23.808205,0.007416,5.620408,7.338649
2018-03-10,23.677404,0.017288,5.581000,7.314547
2018-03-11,23.531280,0.005713,5.500539,7.351166
2018-03-12,23.418153,0.001411,5.448899,7.343231
2018-03-13,23.289046,0.001398,5.400723,8.394481
2018-03-14,23.161843,0.001299,5.332395,7.297124
2018-03-15,23.035092,0.001029,5.294550,7.318369
2018-03-16,22.892941,0.001024,5.220631,7.272501
2018-03-17,23.286079,0.001025,9.493878,7.299014
2018-03-18,23.712639,0.119659,48.006431,9.083856
2018-03-19,22.535520,0.054107,26.624026,10.327753
2018-03-20,22.414368,0.001735,19.282835,10.909399
2018-03-21,22.782407,0.003983,14.311683,7.260657
2018-03-22,23.394048,0.001547,4.973272,7.315095
2018-03-23,22.064085,0.003871,4.883576,7.276250
2018-03-24,21.948944,0.006548,4.914326,7.214025
2018-03-25,21.832894,0.006093,5.088484,7.234144
2018-03-26,21.702421,0.008875,5.755860,8.333128
2018-03-27,21.602950,0.009674,7.473988,7.285923
2018-03-28,21.658684,0.291360,4.859046,7.134093
2018-03-29,21.889772,0.373680,4.623529,7.120602
2018-03-30,21.268046,0.362884,4.588842,7.127858
2018-03-31,21.159714,0.216081,4.542584,7.110740
2018-04-01,21.037601,0.004362,4.508635,7.155463
2018-04-02,20.945432,0.001055,4.459665,7.123846
2018-04-03,20.839535,0.001884,4.438657,7.116662
2018-04-04,20.734199,0.002857,4.437962,7.127729
2018-04-05,21.522377,0.001261,4.359331,7.128494
2018-04-06,20.511392,0.001358,4.289234,7.027248
2018-04-07,20.423097,0.001037,4.607227,7.067896
2018-04-08,20.320627,0.006320,7.797643,7.059741
2018-04-09,20.219014,0.083254,4.570388,7.089082
2018-04-10,20.118755,0.079920,4.325025,7.070171
2018-04-11,20.006087,0.090038,7.798908,7.183254
2018-04-12,20.307017,0.026233,9.356198,12.479064
2018-04-13,20.198948,0.052076,5.946273,7.125669
2018-04-14,20.369489,0.433745,16.946902,13.261203
2018-04-15,19.645924,0.544969,4.351923,13.643477
2018-04-16,22.597021,4.312572,40.472104,25.786092
2018-04-17,22.178591,5.626326,22.355779,26.872020
2018-04-18,20.705757,5.281853,52.907125,23.109829
2018-04-19,25.284977,21.473486,49.852409,23.819148
2018-04-20,21.830628,4.765334,29.182757,29.911768
2018-04-21,21.124426,2.101354,40.505655,26.997757
2018-04-22,19.588992,0.743222,30.496519,11.871735
2018-04-23,19.722822,0.382081,27.016671,11.683234
2018-04-24,18.662032,0.377701,25.278985,11.233892
2018-04-25,19.373257,0.162250,23.273073,7.155221
2018-04-26,18.335783,0.003112,26.329026,12.791884
2018-04-27,18.227759,0.001052,11.862756,12.046066
2018-04-28,21.144036,0.007354,11.688920,11.946069
2018-04-29,18.028829,0.002524,4.022129,16.196625
2018-04-30,17.947840,0.001057,3.789849,18.439686
2018-05-01,17.863677,0.001025,5.927884,6.861587
2018-05-02,17.812080,0.030549,9.037135,8.421730
2018-05-03,17.754088,0.072452,18.410647,12.092658
2018-05-04,17.700298,0.014603,14.281651,7.138667
2018-05-05,17.650122,0.009555,6.985136,19.137807
2018-05-06,17.591232,0.009880,5.572032,17.184515
2018-05-07,17.559466,0.009409,12.945105,16.338860
2018-05-08,17.519077,0.011476,22.343313,6.747197
2018-05-09,20.070519,0.105802,20.644374,6.870388
2018-05-10,26.811039,0.050200,46.610867,31.924979
2018-05-11,34.402804,0.014912,38.660241,22.049709
2018-05-12,47.321838,0.008554,79.927566,21.750034
2018-05-13,49.563928,0.116080,126.447376,22.666052
2018-05-14,52.420759,9.184604,47.334389,26.910331
2018-05-15,23.109727,0.569168,9.558544,16.443922
2018-05-16,18.176433,0.067616,15.058478,20.341205
2018-05-17,45.043416,5.315905,76.649831,76.366713
2018-05-18,24.146039,3.113839,14.115813,16.572823
2018-05-19,17.854834,0.605564,10.081962,23.101696
2018-05-20,16.968513,0.970777,12.437273,20.418994
2018-05-21,19.726362,1.026255,13.735776,16.642239
2018-05-22,21.310285,0.905287,63.423622,23.700495
2018-05-23,58.058653,10.579224,54.870289,41.505865
2018-05-24,44.564007,12.527820,37.325243,57.617055
2018-05-25,30.205877,4.022655,42.278954,27.658621
2018-05-26,87.785830,27.753672,61.414409,66.444008
2018-05-27,86.275180,27.206799,34.531960,76.616751
2018-05-28,56.027504,11.958770,35.653406,64.968240
2018-05-29,105.170272,34.785188,77.182853,85.140472
2018-05-30,109.584459,98.639803,110.709931,144.667009
2018-05-31,77.643519,82.880685,120.782036,190.186609
2018-06-01,59.909610,70.794886,153.604128,146.410689
2018-06-02,104.916925,206.960570,228.806691,265.838239
2018-06-03,111.837496,288.681924,259.105255,256.064797
2018-06-04,43.551949,424.586065,229.935033,181.672831
2018-06-05,45.159729,435.214251,201.127297,304.831922
2018-06-06,64.733184,690.038209,321.499516,375.827685
2018-06-07,59.807426,1031.369091,280.239874,376.441079
2018-06-08,48.937205,554.485323,216.517860,399.445305
2018-06-09,57.977573,560.763678,275.362896,295.064600
2018-06-10,72.873168,826.627726,221.479069,339.777736
2018-06-11,88.261612,804.638464,225.769623,369.220304
2018-06-12,80.840559,740.557332,261.806190,480.352531
2018-06-13,79.368319,629.041850,267.888210,363.686749
2018-06-14,78.492580,434.588042,204.742159,464.170806
2018-06-15,87.772911,426.488593,267.708813,332.400212
2018-06-16,83.276755,363.295262,223.746138,196.675655
2018-06-17,84.265165,277.115101,234.983627,319.197723
2018-06-18,87.695004,248.128607,243.488577,338.225101
2018-06-19,69.337930,339.176530,276.165209,413.738158
2018-06-20,79.460648,405.280297,328.391653,461.301796
2018-06-21,117.598595,705.663629,278.376622,478.936369
2018-06-22,149.875190,841.539384,301.969514,673.538149
2018-06-23,134.587347,610.203307,265.346694,492.370788
2018-06-24,150.660646,791.800886,257.222702,472.273460
2018-06-25,138.699538,684.754609,277.772616,638.697693
2018-06-26,137.958055,739.961392,276.035231,643.833320
2018-06-27,129.734951,772.974945,288.324924,715.707620
2018-06-28,127.479866,812.581205,316.791523,624.142057
2018-06-29,135.826434,1123.817723,292.090598,754.238445
2018-06-30,135.975332,761.646310,284.388565,880.489557
2018-07-01,144.975827,751.609364,272.925554,659.028030
2018-07-02,206.316206,1776.685426,325.899789,929.068327
2018-07-03,154.706143,907.279253,245.549696,768.554378
2018-07-04,149.581500,785.724221,259.575263,846.228515
2018-07-05,175.272755,890.167742,274.967748,974.545405
2018-07-06,174.385482,1078.707240,285.311405,1102.887795
2018-07-07,179.390884,1200.361332,283.614545,1103.412201
2018-07-08,134.127736,684.271334,265.432140,691.585881
2018-07-09,160.743811,1179.909347,287.071177,1090.250057
2018-07-10,156.382209,875.824447,260.276229,954.496589
2018-07-11,186.457833,1032.615665,279.531653,1182.696305
2018-07-12,197.330226,1343.532664,331.301200,1314.640764
2018-07-13,203.065648,1563.529249,307.225434,1453.262867
2018-07-14,209.491831,1823.328320,341.943141,1738.390186
2018-07-15,214.706333,2183.030035,355.019056,1700.441328
2018-07-16,212.283777,1449.925099,293.887189,1399.918858
2018-07-17,220.391797,1748.104228,327.899582,1651.655856
2018-07-18,208.278655,1714.430381,296.052255,1673.824045
2018-07-19,178.920937,1186.049015,280.898050,1365.276271
2018-07-20,206.143276,1720.642076,268.258782,1535.320573
2018-07-21,185.339959,1349.320044,233.697714,1474.590170
2018-07-22,168.498119,1287.486610,241.971101,1741.331354
2018-07-23,160.508782,1074.074432,229.629286,1522.753526
2018-07-24,154.242227,997.672673,215.089512,1393.255898
2018-07-25,123.410078,815.222768,212.787444,1437.126872
2018-07-26,120.752839,765.608044,216.231965,1286.785473
2018-07-27,133.836309,1164.622925,225.998892,1582.663331
2018-07-28,133.305581,1288.246520,241.643540,1510.779672
2018-07-29,245.024989,2725.476750,330.262923,1775.454388
2018-07-30,184.168477,2760.794653,207.918804,1830.160935
2018-07-31,164.609520,1928.635804,228.421799,1609.113627
2018-08-01,152.637530,1964.681211,224.243033,2029.506017
2018-08-02,129.620338,1164.811040,185.124180,968.295823
2018-08-03,118.058732,1326.798175,176.293568,1802.731700
2018-08-04,113.905345,1257.029848,160.324464,1545.839443
2018-08-05,109.351509,1269.937300,157.668101,1527.011464
2018-08-06,107.533980,1357.119040,170.796085,1621.909833
2018-08-07,99.368898,1054.986436,153.056785,1511.826372
2018-08-08,100.997829,1141.559434,155.601666,1563.260053
2018-08-09,103.066260,1507.563980,186.526649,1798.376978
2018-08-10,99.239236,1323.040645,139.013323,1250.184045
2018-08-11,96.879390,1280.126579,140.281252,1501.715405
2018-08-12,100.862911,1159.170155,144.777731,1333.686142
2018-08-13,115.838544,1724.426379,142.056389,1379.363747
2018-08-14,98.597006,1271.470927,132.083825,1146.245393
2018-08-15,101.183980,1199.294828,129.946739,1141.002918
2018-08-16,88.808524,1063.721705,117.922140,787.596322
2018-08-17,78.869953,939.325061,123.817727,1210.885027
2018-08-18,72.784874,689.415446,113.831712,1007.495386
2018-08-19,71.656778,606.623487,117.215207,940.102312
2018-08-20,69.110917,476.748551,97.154964,731.935385
2018-08-21,67.445149,379.070632,93.167969,507.547357
2018-08-22,66.796475,438.152480,101.515172,728.978212
2018-08-23,65.195588,418.127396,80.689230,585.399600
2018-08-24,63.385882,262.107460,82.463973,580.091678
2018-08-25,67.741251,174.286056,77.124874,362.863666
2018-08-26,124.533224,87.408841,69.856645,320.584255
2018-08-27,66.396013,135.479088,66.429038,341.431799
2018-08-28,62.377348,83.820976,53.496213,351.559141
2018-08-29,60.196869,58.280125,61.687686,359.478729
2018-08-30,63.939326,94.813216,127.270915,214.625310
2018-08-31,66.613255,235.310319,67.098051,349.881996
2018-09-01,55.314109,102.261682,26.708866,431.427528
2018-09-02,53.505945,70.064998,30.328321,383.894425
2018-09-03,52.543023,51.797236,42.457967,224.451052
2018-09-04,51.232397,136.046927,29.650202,326.463336
2018-09-05,50.790805,63.270235,70.059386,270.316739
2018-09-06,54.664915,489.273275,152.171383,397.309972
2018-09-07,78.875537,2514.864631,278.023025,626.324890
2018-09-08,56.251206,1581.755460,258.372499,594.852331
2018-09-09,50.840620,601.378225,120.740405,391.148676
2018-09-10,49.190555,551.703472,99.044944,388.333591
2018-09-11,48.130023,218.613990,49.975836,319.649514
2018-09-12,47.781380,447.461957,65.428393,456.347433
2018-09-13,46.693862,316.145342,50.877508,298.941514
2018-09-14,52.007067,103.186632,36.662501,245.492427
2018-09-15,57.067761,70.979848,44.623192,188.123746
2018-09-16,55.047435,44.682770,31.310710,93.002255
2018-09-17,52.838801,60.147853,41.973719,82.566319
2018-09-18,52.323970,41.098095,26.050947,123.416229
2018-09-19,55.373058,9.957974,24.548186,54.121548
2018-09-20,59.177339,1.293389,24.083577,19.143774
2018-09-21,67.537150,0.450554,23.759953,11.259257
2018-09-22,66.354284,0.370047,23.847295,13.887724
2018-09-23,56.738583,0.341413,23.074685,26.087717
2018-09-24,57.599045,0.342443,23.815962,33.794147
2018-09-25,62.239265,0.252172,22.429240,14.686131
2018-09-26,59.809677,0.241449,22.103626,12.761140
2018-09-27,59.908933,0.273342,22.382472,25.320324
2018-09-28,63.055776,0.549045,23.350823,14.075064
2018-09-29,58.318963,0.317311,21.342710,15.862857
2018-09-30,58.141977,0.334097,21.420630,15.434682
2018-10-01,60.635127,0.395827,20.884804,10.595718
2018-10-02,61.724090,0.539863,20.576088,12.015183
2018-10-03,58.727443,0.286853,20.332890,10.565278
2018-10-04,63.615093,0.213692,20.036819,10.530916
2018-10-05,56.805662,0.206218,19.773568,13.433237
2018-10-06,56.436952,0.257065,20.978673,10.521732
2018-10-07,56.122675,0.385329,19.835996,10.431839
2018-10-08,55.750140,0.258078,18.953252,10.472051
2018-10-09,55.364458,0.274636,18.676845,10.363502
2018-10-10,54.972965,0.448143,18.426530,10.387461
2018-10-11,54.536259,0.603285,19.277229,10.358319
2018-10-12,59.230749,0.508934,37.742003,12.931411
2018-10-13,53.748349,0.321108,17.650053,10.303692
2018-10-14,53.326093,0.269772,17.396769,10.237722
2018-10-15,53.344894,0.195196,17.146514,10.325513
2018-10-16,52.840031,0.831805,16.929100,10.201562
2018-10-17,52.038002,0.830312,16.696552,10.206476
2018-10-18,63.251706,0.836128,19.288821,10.154999
2018-10-19,55.220721,0.796731,16.662851,10.141031
2018-10-20,51.355065,0.793796,16.531999,10.114222
2018-10-21,50.277847,0.825419,15.865992,10.057608
2018-10-22,49.878685,0.467648,15.667634,11.375005
2018-10-23,49.434566,0.322509,15.474133,10.005504
2018-10-24,48.988334,0.318718,15.285309,9.988267
2018-10-25,48.545012,1.071143,15.104360,9.961883
2018-10-26,48.066898,0.307082,14.898569,11.116990
2018-10-27,47.656468,0.396299,16.424232,9.856424
2018-10-28,47.214587,0.190227,14.713581,9.815508
2018-10-29,46.772712,0.119165,14.352869,9.907496
2018-10-30,46.338146,0.132293,14.149161,9.827350
2018-10-31,47.621634,0.071492,13.974363,9.786530
2018-11-01,45.454256,0.074919,13.787796,9.741461
2018-11-02,45.065748,0.075393,13.598658,9.737358
2018-11-03,44.647927,0.104224,13.401242,10.076024
2018-11-04,44.230939,0.108366,13.250861,9.610560
2018-11-05,43.823880,0.448169,13.068320,9.716674
2018-11-06,43.395307,0.178071,12.857946,9.620034
2018-11-07,43.027981,0.109187,13.308945,9.693038
2018-11-08,42.631714,0.087763,23.998619,9.953501
2018-11-09,46.754228,0.101102,24.028252,9.869421
2018-11-10,41.855955,0.051936,12.166394,9.578699
2018-11-11,41.459773,0.045947,12.843740,9.461360
2018-11-12,41.121028,0.062051,12.905910,9.506287
2018-11-13,40.752834,0.074469,11.971154,9.472569
2018-11-14,40.389721,0.075846,11.518432,9.551544
2018-11-15,40.031039,0.208353,11.350265,9.427642
2018-11-16,39.648840,0.074418,12.530726,9.430414
2018-11-17,49.567276,0.055987,67.492136,9.813937
2018-11-18,42.236408,1.906056,36.050831,9.462618
2018-11-19,48.556784,0.924030,88.649240,12.336403
2018-11-20,57.495384,22.331468,356.746922,72.554426
2018-11-21,38.466031,13.720834,11.246559,13.472584
2018-11-22,36.745454,0.046631,10.458773,9.227187
2018-11-23,36.203757,0.034932,10.442213,9.184651
2018-11-24,35.908813,0.045013,10.424186,9.230760
2018-11-25,35.757064,0.035263,10.392494,9.209496
2018-11-26,35.656229,0.041935,10.345171,9.556673
2018-11-27,35.651231,0.334174,10.311515,9.151781
2018-11-28,35.642162,0.897731,10.245143,9.102643
2018-11-29,35.637039,0.290833,10.196517,9.094709
2018-11-30,35.626453,0.046850,10.119283,9.111203
2018-12-01,35.583450,0.029406,10.055075,9.075550
2018-12-02,35.578517,0.020979,9.965383,9.044974
2018-12-03,35.537087,0.019136,9.877410,9.036207
2018-12-04,35.489255,0.017565,9.797347,9.031294
2018-12-05,35.436008,0.023243,9.692821,9.031278
2018-12-06,35.346561,0.019323,9.585987,9.014846
2018-12-07,35.293710,0.018322,9.487683,8.964424
2018-12-08,35.201915,0.020686,9.379677,9.042133
2018-12-09,35.099156,0.017808,9.289509,8.756365
2018-12-10,34.989610,0.017516,9.988607,9.057589
2018-12-11,35.816580,0.017486,28.480385,9.069043
2018-12-12,34.743324,0.022263,28.550799,8.939153
2018-12-13,54.440959,0.039167,72.248452,9.040410
2018-12-14,38.516067,0.013476,36.944254,8.988666
2018-12-15,35.727722,0.014519,9.664441,8.819673
2018-12-16,34.137204,0.013584,9.211601,8.843199
2018-12-17,34.003373,0.010525,11.884873,8.914312
2018-12-18,33.838725,0.010771,8.464268,8.833891
2018-12-19,33.668279,0.010520,8.400767,8.788526
2018-12-20,33.493625,0.014219,8.338278,8.841591
2018-12-21,33.291476,0.011438,8.239006,8.795039
2018-12-22,33.133884,0.009509,8.206575,8.800553
2018-12-23,32.950609,0.025894,9.699450,8.673517
2018-12-24,32.765662,0.071555,12.235872,8.748074
2018-12-25,32.580873,0.041507,12.567966,8.725640
2018-12-26,32.372475,0.050940,11.716644,8.427239
2018-12-27,32.211256,0.012586,7.910175,10.770634
2018-12-28,32.027133,0.011764,7.786471,8.867054
2018-12-29,31.841597,0.009749,7.715752,8.620168
2018-12-30,31.655974,0.009713,7.642836,9.963653
2018-12-31,31.468151,0.010675,7.564216,8.712063
2019-01-01,30.955298,0.946086,11.119394,8.872627
2019-01-02,30.792547,0.954441,14.592117,8.738487
2019-01-03,35.807911,23.672617,90.055539,10.549574
2019-01-04,31.744862,1.895392,38.192898,12.947190
2019-01-05,31.283181,0.383721,9.288638,8.715033
2019-01-06,30.159984,0.476507,7.209707,8.535345
2019-01-07,29.915638,0.520375,7.160309,8.544304
2019-01-08,30.102214,0.959122,20.739955,8.403955
2019-01-09,30.161076,0.291766,22.182518,12.498086
2019-01-10,29.169982,0.066912,7.038375,8.502731
2019-01-11,28.929571,0.207091,6.985298,8.535319
2019-01-12,28.742658,0.292608,6.962332,8.521693
2019-01-13,28.550731,0.299724,6.913521,8.460630
2019-01-14,28.370403,0.263567,6.857759,8.488247
2019-01-15,28.198853,0.077263,6.832496,8.883302
2019-01-16,28.016608,0.069017,6.770084,8.492674
2019-01-17,27.878339,0.067105,6.729859,8.423149
2019-01-18,27.724243,0.065011,6.681374,8.297922
2019-01-19,27.575064,0.085223,6.665877,8.357222
2019-01-20,27.430411,0.112491,6.586256,8.283237
2019-01-21,27.270267,0.190296,6.519925,8.424553
2019-01-22,27.151526,0.202780,6.483628,8.134163
2019-01-23,27.016003,0.178047,6.418651,8.396090
2019-01-24,26.881145,0.076281,6.370911,8.430201
2019-01-25,26.748275,0.058424,6.319858,8.078583
2019-01-26,26.598751,0.054261,6.261250,8.333828
2019-01-27,26.488384,0.057560,6.610050,8.476069
2019-01-28,26.360365,0.040546,6.153470,8.296816
2019-01-29,26.232184,0.040239,6.125464,9.068109
2019-01-30,26.104536,0.040234,6.040813,8.298357
2019-01-31,25.976566,0.040233,6.012539,8.316898
2019-02-01,25.830595,0.040205,5.957470,8.240173
2019-02-02,25.722385,0.182144,5.896923,8.268129
2019-02-03,25.598009,0.752460,5.850443,8.376420
2019-02-04,25.474321,0.691286,5.786964,8.037483
2019-02-05,25.350081,0.750557,5.730263,8.212307
2019-02-06,25.209338,0.671815,5.678556,8.031780
2019-02-07,25.105064,0.670812,5.630408,8.196942
2019-02-08,24.983372,0.670826,5.583393,8.196415
2019-02-09,24.861338,0.551368,5.512269,8.154838
2019-02-10,24.740580,0.474423,5.469072,8.159328
2019-02-11,24.601805,0.350260,5.416656,8.111949
2019-02-12,24.499034,0.188954,5.368668,8.083604
2019-02-13,24.380934,0.076805,5.291088,8.128315
2019-02-14,24.262715,0.074916,5.256671,8.044613
2019-02-15,24.144042,0.074186,5.209299,8.187228
2019-02-16,24.009455,0.100577,5.120283,8.074747
2019-02-17,23.910059,0.452684,5.114264,7.984346
2019-02-18,23.794620,0.498373,5.045431,7.997026
2019-02-19,23.680038,0.543614,5.286352,7.969432
2019-02-20,23.566305,0.449497,6.849394,7.982230
2019-02-21,23.437019,0.332717,49.851208,8.003613
2019-02-22,23.339755,0.383086,24.397552,7.916234
2019-02-23,23.521937,0.102771,4.836897,7.883236
2019-02-24,24.377205,0.054510,6.074294,12.264282
2019-02-25,23.010070,0.054230,5.266519,7.704405
2019-02-26,22.883321,0.051848,4.653218,7.869824
2019-02-27,22.788298,0.051259,4.883457,7.845102
2019-02-28,23.655540,0.042737,8.420449,7.861337
2019-03-01,22.550330,0.042880,21.241788,7.848788
2019-03-02,22.453947,0.039999,4.487115,7.838892
2019-03-03,22.341436,0.071820,4.456389,7.813141
2019-03-04,22.229481,0.044434,4.395988,7.796580
2019-03-05,22.119187,0.040008,4.370317,7.801771
2019-03-06,21.994803,0.039801,4.326497,7.514109
2019-03-07,21.902892,0.039897,4.296545,7.825267
2019-03-08,21.796355,0.063445,4.243613,7.795274
2019-03-09,21.690324,0.032690,4.211616,7.475979
2019-03-10,21.584566,0.033030,4.170913,7.766742
2019-03-11,21.464265,0.026039,4.139997,7.756891
2019-03-12,21.375201,0.026840,4.093361,7.733412
2019-03-13,21.271874,0.036883,4.047669,7.764111
2019-03-14,21.169190,0.024943,4.007029,7.860058
2019-03-15,21.066541,0.367675,3.985295,7.660735
2019-03-16,20.949419,0.322030,3.933892,7.450332
2019-03-17,20.861922,0.196106,3.924125,7.560475
2019-03-18,20.761648,0.207048,3.884677,7.657803
2019-03-19,20.663079,0.402976,3.845533,7.472196
2019-03-20,20.566589,0.216679,3.813972,7.710398
2019-03-21,20.457254,0.080333,3.760609,7.439105
2019-03-22,20.376861,0.045003,3.724812,7.690596
2019-03-23,20.282947,0.355423,3.693858,7.484100
2019-03-24,20.190208,0.493806,3.655726,11.910605
2019-03-25,20.097919,0.198390,3.719418,7.636424
2019-03-26,19.991878,0.202743,3.896144,7.538293
2019-03-27,19.915644,0.178989,3.564637,7.388602
2019-03-28,19.826969,0.171528,3.509481,7.532044
2019-03-29,19.738450,0.171436,3.481529,7.544734
2019-03-30,19.649760,0.172067,3.450447,7.474768
2019-03-31,19.561640,0.238621,3.438381,7.350324
2019-04-01,19.461707,0.749388,3.411519,7.541325
2019-04-02,19.389013,0.602931,3.379314,14.524378
2019-04-03,19.303287,0.602945,4.751035,7.734779
2019-04-04,19.327136,0.648141,3.290337,7.413308
2019-04-05,19.134184,1.059263,3.255613,7.425941
2019-04-06,19.037869,1.101469,5.241559,10.700346
2019-04-07,18.968477,1.100920,20.024864,52.225776
2019-04-08,19.107299,1.017575,24.610762,18.454625
2019-04-09,18.817848,1.010595,11.542244,15.596938
2019-04-10,19.406299,0.817902,31.501202,15.189974
2019-04-11,79.236958,0.727088,204.739970,17.747651
2019-04-12,137.452512,11.772695,353.982619,15.516873
2019-04-13,209.867525,64.475355,278.776103,44.375820
2019-04-14,170.081217,72.468847,323.229955,54.147093
2019-04-15,125.579157,42.577154,74.684293,57.767675
2019-04-16,117.213556,28.347755,32.197960,35.670960
2019-04-17,120.320979,37.640074,29.501625,25.535577
2019-04-18,18.578541,1.727697,32.770122,37.997214
2019-04-19,118.547162,27.928960,41.343158,36.073146
2019-04-20,117.250485,32.500244,41.738877,24.278374
2019-04-21,48.162122,10.428484,19.907570,16.950049
2019-04-22,31.686045,1.012423,13.052489,7.320765
2019-04-23,29.145862,0.088543,22.903400,7.063462
2019-04-24,24.393050,0.352093,52.068548,15.653539
2019-04-25,270.899753,28.257941,144.536423,89.197982
2019-04-26,344.231418,69.404565,291.898281,108.784493
2019-04-27,317.475260,86.040176,203.047226,107.372580
2019-04-28,146.208672,69.689815,116.023292,82.152804
2019-04-29,284.007483,178.345150,257.664186,157.438421
2019-04-30,176.542180,143.521721,220.397894,117.171458
2019-05-01,229.853222,234.336966,177.180114,170.726130
2019-05-02,100.204467,126.813002,106.019487,139.613228
2019-05-03,68.862325,59.358292,121.342941,169.841552
2019-05-04,98.819871,87.587352,150.803105,107.698366
2019-05-05,83.944421,140.558205,169.923031,117.596595
2019-05-06,58.988675,228.940152,202.242040,144.079950
2019-05-07,49.399073,261.467243,212.635791,169.926557
2019-05-08,39.806671,141.365964,161.530870,111.452610
2019-05-09,51.488840,50.892265,85.498521,20.230852
2019-05-10,32.015382,31.107043,93.785094,22.956798
2019-05-11,30.248206,27.851779,106.186177,17.141259
2019-05-12,30.445503,24.634821,128.795209,23.437298
2019-05-13,33.924896,37.200930,188.625505,36.085928
2019-05-14,44.667545,175.255805,263.576166,115.538778
2019-05-15,59.619946,588.641256,313.324302,151.025659
2019-05-16,52.869573,469.719255,230.192528,213.433164
2019-05-17,47.580124,482.746280,228.530512,269.172553
2019-05-18,80.220215,582.490589,277.805625,322.022865
2019-05-19,91.847112,746.083372,231.153872,411.666072
2019-05-20,95.785176,716.143461,194.142081,389.522675
2019-05-21,73.451514,438.098480,165.215931,260.165212
2019-05-22,76.774830,489.220148,211.174594,386.275073
2019-05-23,69.726819,452.693248,213.602329,410.045133
2019-05-24,77.424476,431.315987,216.178360,278.223292
2019-05-25,80.898504,445.554498,236.593281,292.893138
2019-05-26,95.316861,502.978568,247.593720,334.282993
2019-05-27,94.940896,508.104622,246.633039,302.189147
2019-05-28,79.111511,421.633182,227.086305,247.086879
2019-05-29,89.626381,419.991230,278.223587,322.491865
2019-05-30,95.928862,460.828223,306.019390,344.506833
2019-05-31,93.178118,387.533964,247.395748,223.771832
2019-06-01,107.184098,330.286755,256.518998,151.925391
2019-06-02,98.851322,392.271179,297.899148,253.847990
2019-06-03,94.014114,362.633306,278.875215,293.697209
2019-06-04,71.991031,415.853979,299.726418,377.263194
2019-06-05,75.494799,457.029757,313.335643,390.485887
2019-06-06,78.016213,503.730531,331.032163,462.805547
2019-06-07,73.682171,648.763158,356.271037,526.769837
2019-06-08,75.806915,781.917209,355.695529,544.403386
2019-06-09,82.234568,792.085310,359.794899,579.100167
2019-06-10,92.376378,798.880629,366.621119,580.245295
2019-06-11,104.289170,788.929370,381.280258,466.814069
2019-06-12,164.345903,1946.572658,388.190890,862.266137
2019-06-13,120.663949,1751.763957,357.416778,955.980266
2019-06-14,128.198405,2053.122117,371.726092,1094.241611
2019-06-15,95.330065,1689.845456,357.848036,1017.617049
2019-06-16,113.930161,2020.553065,373.888759,1310.954479
2019-06-17,115.751456,2228.251795,366.891738,1346.883467
2019-06-18,110.496268,1367.047171,341.241299,1146.668698
2019-06-19,113.893477,1584.108934,340.049222,1252.444637
2019-06-20,112.050707,1336.043846,335.852548,1214.149864
2019-06-21,120.442509,1449.673179,331.579524,1230.386744
2019-06-22,117.208556,1479.852053,319.102441,1295.054111
2019-06-23,119.849201,1626.389116,324.802706,1422.901234
2019-06-24,109.308762,1080.275124,254.560503,781.622387
2019-06-25,136.098922,2256.487870,267.495925,1809.537700
2019-06-26,126.964456,2136.266957,321.732965,1655.376457
2019-06-27,132.774141,1849.710664,272.677479,1582.638280
2019-06-28,135.235894,1728.005451,254.186683,1326.040836
2019-06-29,115.967772,1511.163183,240.081321,1267.532520
2019-06-30,96.820825,1211.124246,352.110404,1264.265260
2019-07-01,99.381977,929.359420,163.013897,903.581170
2019-07-02,86.305365,713.121099,232.760520,959.874276
2019-07-03,90.412951,2375.883921,293.121974,1663.389637
2019-07-04,107.627164,1716.638299,165.322153,1692.580239
2019-07-05,120.284599,1757.937372,154.597126,1679.467521
2019-07-06,121.899502,1650.227142,163.476319,1714.217142
2019-07-07,118.150741,1646.456164,170.920192,1746.381932
2019-07-08,120.813220,1627.376467,180.886596,1800.781118
2019-07-09,127.106787,1728.411677,190.148606,1652.567779
2019-07-10,121.119679,1597.802278,178.204130,1639.352927
2019-07-11,121.124479,1500.367882,176.278996,1716.839897
2019-07-12,125.540033,1627.481828,185.533996,1728.198960
2019-07-13,129.391399,1774.082971,191.384337,1856.078713
2019-07-14,119.256077,1590.218831,219.839678,1974.901816
2019-07-15,135.825903,1718.279677,224.489569,1817.126621
2019-07-16,141.050277,2906.916916,221.016354,2236.382428
2019-07-17,132.314902,2503.428387,211.594465,2002.623425
2019-07-18,113.910581,2191.728100,204.402128,2178.761146
2019-07-19,115.422085,2327.436148,207.105488,2211.535625
2019-07-20,119.091869,2437.836690,221.601098,2240.440195
2019-07-21,114.721647,2441.162737,202.368223,2202.150063
2019-07-22,117.266011,2498.009562,199.070821,2214.992034
2019-07-23,116.980722,2209.729909,198.641499,2036.130897
2019-07-24,98.729567,1955.850970,176.584638,1818.347173
2019-07-25,90.955344,1685.471769,182.571486,1674.806287
2019-07-26,88.971260,1433.460309,158.077998,1301.015202
2019-07-27,87.931741,1574.749888,169.358043,1865.929227
2019-07-28,124.293085,4012.585438,259.227398,2152.542157
2019-07-29,168.400793,6204.574340,218.113442,2144.886969
2019-07-30,142.107081,7532.465150,373.596518,3894.586549
2019-07-31,119.713422,5494.461471,148.927493,2674.860693
2019-08-01,92.532952,2555.025218,105.117386,2193.981050
2019-08-02,80.132669,2030.751074,101.373098,1982.112282
2019-08-03,83.449829,2120.146363,103.098437,1895.599043
2019-08-04,84.140767,2104.205550,130.970686,1940.334432
2019-08-05,83.611256,2003.808798,111.044328,1951.675801
2019-08-06,80.599537,1970.311110,109.553910,1564.384735
2019-08-07,78.464938,1675.419522,124.193887,1918.838174
2019-08-08,71.089475,1289.885318,104.785992,1269.135549
2019-08-09,74.154132,1315.950320,119.674061,1655.405192
2019-08-10,70.297363,1268.850722,108.444435,1219.003397
2019-08-11,69.255893,1225.099762,100.161860,1362.426949
2019-08-12,60.552974,993.251345,91.215723,1173.353827
2019-08-13,57.832255,798.164917,100.747638,1119.060128
2019-08-14,56.645196,705.320123,92.756847,1119.138445
2019-08-15,56.314940,619.873575,97.464162,828.156597
2019-08-16,58.402745,1023.310129,106.030464,1380.917405
2019-08-17,55.486716,760.388814,85.439062,975.312485
2019-08-18,54.661661,673.667868,82.443234,879.513846
2019-08-19,54.242333,649.202863,80.423623,810.851507
2019-08-20,53.636960,550.497422,77.602354,757.101925
2019-08-21,53.302607,556.590965,80.002265,746.059217
2019-08-22,56.959697,457.056656,75.501927,597.689526
2019-08-23,79.996929,450.036542,75.937096,654.592440
2019-08-24,53.598341,1035.077634,70.105574,614.829096
2019-08-25,49.669015,609.469674,82.103563,623.899676
2019-08-26,47.730694,409.793865,59.862789,845.160060
2019-08-27,46.308531,265.714810,43.800629,615.511730
2019-08-28,45.519254,220.909996,48.780106,594.159869
2019-08-29,44.989194,211.369762,41.035496,499.390652
2019-08-30,44.627461,174.895773,36.340023,395.742005
2019-08-31,44.352460,137.083443,35.062626,503.023161
2019-09-01,44.116656,128.292301,36.053313,513.862365
2019-09-02,43.970066,125.146185,47.615366,415.703532
2019-09-03,43.806988,145.569827,42.529904,509.239517
2019-09-04,43.666235,233.480829,57.529482,373.614824
2019-09-05,43.472460,259.990722,74.630713,404.264568
2019-09-06,50.082641,102.138580,50.622536,264.016105
2019-09-07,49.405478,839.889250,77.001850,286.537554
2019-09-08,45.275579,326.557461,23.617798,341.602851
2019-09-09,46.380770,135.718960,43.221432,213.775199
2019-09-10,42.874049,109.694795,27.209430,267.465985
2019-09-11,51.188296,48.719634,16.842625,201.721542
2019-09-12,52.927497,15.863781,19.924249,79.624649
2019-09-13,44.546382,1.903055,15.433768,78.545050
2019-09-14,43.949784,0.865516,15.137237,35.092062
2019-09-15,40.995747,1.276173,14.845945,30.975351
2019-09-16,40.893723,1.391652,14.606497,50.234952
2019-09-17,40.851787,0.883950,14.973795,36.428455
2019-09-18,41.061381,0.927877,16.208451,72.393170
2019-09-19,58.847624,14.433625,18.170849,87.872028
2019-09-20,46.520140,46.688218,16.138142,104.597076
2019-09-21,48.423948,166.555565,26.770701,50.745686
2019-09-22,45.680462,1354.448969,312.052154,456.405591
2019-09-23,43.999177,1656.170243,363.511279,733.973534
2019-09-24,42.414283,696.709104,91.054310,372.095342
2019-09-25,41.268825,233.814967,16.856417,306.791225
2019-09-26,41.209534,261.117990,53.814616,199.395524
2019-09-27,41.466990,450.672851,73.166672,404.529403
2019-09-28,41.559155,78.674931,14.590865,218.846801
2019-09-29,41.789195,36.844473,13.935293,183.626816
2019-09-30,42.048715,21.967810,13.776768,148.467011
2019-10-01,42.275374,7.766104,13.759252,113.103326
2019-10-02,42.532634,1.117485,29.681198,125.376525
2019-10-03,45.076344,73.923996,90.273916,160.573073
2019-10-04,46.262011,261.600806,157.350601,194.977529
2019-10-05,44.836495,168.539069,126.155692,150.204226
2019-10-06,45.079176,219.052704,127.399805,123.653132
2019-10-07,43.482619,32.216068,19.155124,55.526751
2019-10-08,42.534980,2.649994,15.864640,41.385230
2019-10-09,42.419666,6.641394,21.069353,58.781817
2019-10-10,42.396093,1.231590,15.849868,12.115106
2019-10-11,42.376923,0.533143,16.045665,12.356401
2019-10-12,43.416476,0.613471,16.192285,11.527578
2019-10-13,42.796271,0.563851,16.276140,11.469285
2019-10-14,49.213602,0.351482,17.606598,11.441535
2019-10-15,42.420739,0.369638,16.294490,11.484938
2019-10-16,42.353356,0.308380,16.269716,11.396214
2019-10-17,42.316187,0.301587,16.192603,12.977223
2019-10-18,42.225784,0.142912,16.108920,12.458482
2019-10-19,42.118631,0.084039,16.132934,11.333994
2019-10-20,42.174725,0.071309,16.824822,11.267363
2019-10-21,41.815125,0.078453,15.756931,11.235108
2019-10-22,41.684516,0.139600,15.623853,11.234517
2019-10-23,41.512059,0.071801,15.463942,11.202448
2019-10-24,41.324569,0.051350,15.328470,11.176274
2019-10-25,41.121964,0.192132,15.165052,11.160979
2019-10-26,40.878406,0.178697,15.017594,11.157994
2019-10-27,40.687483,0.315288,14.836571,11.085730
2019-10-28,40.458040,0.196281,14.672935,11.037600
2019-10-29,40.220580,0.286643,14.512765,11.078362
2019-10-30,39.980791,0.161920,14.354498,11.030289
2019-10-31,39.731574,0.453794,14.174714,10.952829
2019-11-01,39.445562,0.570332,14.006510,10.963824
2019-11-02,39.214415,0.172107,13.855181,10.993172
2019-11-03,38.954581,0.103314,13.687487,10.920726
2019-11-04,38.694559,0.228761,13.519578,10.911474
2019-11-05,38.431189,0.317944,13.373908,10.895296
2019-11-06,38.139389,0.155751,13.200691,10.871502
2019-11-07,37.893644,0.273154,13.378683,10.861796
2019-11-08,37.973843,0.153072,15.623329,10.774202
2019-11-09,37.342123,0.188041,13.294518,10.765812
2019-11-10,37.066910,0.099030,26.485203,10.762381
2019-11-11,37.509128,0.027005,40.228714,10.909793
2019-11-12,36.520737,0.032488,19.202874,10.730299
2019-11-13,36.254054,0.059148,12.343782,10.574149
2019-11-14,35.983022,0.142288,16.093950,11.094392
2019-11-15,35.716894,0.522840,15.937818,11.259584
2019-11-16,35.428694,0.523628,11.695697,10.526388
2019-11-17,35.195224,0.412236,11.579629,10.507795
2019-11-18,34.940211,0.341612,12.639004,10.497336
2019-11-19,34.687997,0.783322,17.301216,10.480136
2019-11-20,34.435746,2.222995,12.674994,10.409535
2019-11-21,34.162877,2.309447,11.069207,10.415830
2019-11-22,33.939796,2.367916,10.938976,11.805470
2019-11-23,33.691900,2.151930,10.816830,10.032936
2019-11-24,33.443477,1.114446,10.710212,10.284100
2019-11-25,33.196016,0.487630,10.577716,10.399287
2019-11-26,32.927023,0.349518,10.451459,10.301001
2019-11-27,32.705463,0.368440,10.326438,10.300363
2019-11-28,32.462242,0.382552,10.184833,10.284556
2019-11-29,32.220316,0.422767,10.061206,10.225138
2019-11-30,31.979229,0.497705,9.932792,10.315223
2019-12-01,31.719128,0.561383,14.189864,10.335916
2019-12-02,31.498018,0.431034,46.576712,20.216933
2019-12-03,31.278052,0.372362,13.577659,10.926878
2019-12-04,31.088348,0.341559,9.461250,10.176298
2019-12-05,30.858046,0.321731,9.284144,10.185342
2019-12-06,30.593797,0.320335,9.150834,10.115134
2019-12-07,30.369711,0.323565,9.043333,10.138950
2019-12-08,30.126467,0.346482,8.905900,10.393928
2019-12-09,29.887567,0.225419,8.783588,10.085320
2019-12-10,29.654372,0.057716,8.669160,9.773573
2019-12-11,29.407106,0.055383,8.528586,10.273429
2019-12-12,29.204687,0.090272,8.453198,9.974142
2019-12-13,28.986438,0.112979,8.321870,9.738245
2019-12-14,28.772979,0.426515,8.184202,9.969565
2019-12-15,28.564197,0.228969,8.064919,9.961798
2019-12-16,28.338520,0.134231,7.961856,9.966891
2019-12-17,28.156973,0.129832,7.824183,9.955826
2019-12-18,27.959787,0.426989,7.700002,9.899507
2019-12-19,27.764824,0.214313,7.588430,9.904808
2019-12-20,27.573184,0.143475,7.460969,9.890106
2019-12-21,27.367335,0.258592,7.329390,9.851692
2019-12-22,27.205977,0.138166,7.230320,9.850790
2019-12-23,27.029830,0.062266,7.111232,10.218149
2019-12-24,26.854276,0.269177,6.974439,9.766223
2019-12-25,26.680455,0.263737,6.863946,9.502312
2019-12-26,26.490813,0.105180,6.715954,9.713696
2019-12-27,26.340993,0.070549,6.614941,9.520683
2019-12-28,26.177081,0.091963,6.498002,9.839898
2019-12-29,26.014972,0.069143,6.427526,9.668403
2019-12-30,25.854548,0.081776,6.261353,9.441464
2019-12-31,25.696597,0.067446,6.171695,9.409394

